,month,MER,MSSHF,RH,SD,tp
0,01,-7.186377549426466e-06,5.464709561255669,62.6901256937955,0.010292715281568547,61.434043169021606
2,03,-1.408509512223264e-05,7.08405715679866,62.090667984242096,0.00040960040271923105,107.00708317756653
3,04,-2.191347909663616e-05,-15.59233038906521,62.41300571294825,3.557954761717054e-05,65.13916850090027
4,05,-2.839083756912113e-05,-16.16055940262989,64.02205650719006,4.408267492889076e-05,98.91896796226501
6,07,-3.0671342559486147e-05,-22.637875941122733,53.00265082314577,0.0,36.31914162635803
7,08,-2.8487004876296853e-05,-12.56110269165039,50.14281140049425,0.0,84.36125612258911
8,09,-2.3132900744369383e-05,-4.023202255249023,42.3501046719922,0.0,43.01969242095947
9,10,-1.6345863611966567e-05,2.642213581372333,56.92965585534547,5.061999700402701e-05,56.921231508255005
11,12,-1.207531024335357e-05,24.691616260159407,64.98245628347064,0.00017524099221793556,131.76934385299683
13,02,-7.359469057738698e-06,6.865867059466484,53.581606617508264,0.00011199214540678879,60.54261493682861
14,03,-1.4070489600584629e-05,-6.186828353717764,55.02083505403355,6.114121534491099e-05,70.78502440452576
15,04,-2.282624180893941e-05,-17.872287172783746,48.97103869282801,0.0,41.5899133682251
16,05,-2.9285246377967465e-05,-30.998830406271004,47.47244699586335,0.0,23.549720764160156
18,07,-3.1905643976779664e-05,-14.025872309859079,48.67037434149174,0.0,142.42091464996338
19,08,-3.1051088017916934e-05,-11.540256553403795,47.008779259716306,0.0,67.59736728668213
20,09,-2.365392635981859e-05,-3.0327022542317708,42.946886476458445,0.0,42.64728355407715
22,11,-1.4279194747299093e-05,14.235161112806532,54.54851769668525,0.0015326325999365914,72.95901393890381
23,12,-7.873070872231058e-06,26.063403682913826,61.380955716897084,0.0016069860227646364,73.57332229614258
24,01,-7.860688640385075e-06,20.899533713063885,47.875411116570554,0.0019344636983768915,93.3958797454834
25,02,-8.991757432514056e-06,2.888394768487839,50.11619150138895,0.0005664595067501069,42.9824595451355
26,03,-1.2076194787720939e-05,11.89821663673975,73.37905685201383,0.0001724853964262111,133.0828936100006
27,04,-2.2320882245185202e-05,-19.334173597547743,50.02077896680037,1.5786700778537326e-06,35.788278102874756
28,05,-3.0310256707952082e-05,-17.47440350473055,59.34436809112436,9.34754648516255e-08,102.75372743606567
29,06,-3.0904296795920855e-05,-15.787571440294057,51.69619375912348,0.0,69.78700375556946
30,07,-3.173775886429094e-05,-20.80200322239373,49.75860673643311,0.0,54.99441409111023
31,08,-2.8741253340065727e-05,-19.03508228654759,42.77699926753197,0.0,37.25814604759216
32,09,-2.269007780640903e-05,-3.5648343312581385,46.85175361700852,0.0,61.64737391471863
33,10,-2.174942796122078e-05,9.781940688922843,60.93410625634399,0.0,150.74281787872314
34,11,-1.4328458308167076e-05,19.586548003133142,54.57233108670976,2.2300614251030816e-06,79.1025390625
35,12,-7.687594037497059e-06,8.885675470167591,67.75924336626196,0.012596724167946844,63.80108118057251
36,01,-5.276928763964617e-06,11.574925520045783,58.01885871766587,0.0001972472347239012,43.573694705963135
37,02,-7.864293709969517e-06,5.468580898829869,51.56958197040644,2.739869412921724e-07,18.835744380950928
38,03,-1.6001877676116956e-05,1.792558938959594,55.95160838729334,3.8041683935349995e-06,72.00946402549744
39,04,-2.3437909088230905e-05,-21.874123499891493,46.11000325809585,2.168152067396376e-08,35.43097186088562
40,05,-2.9170486620455693e-05,-20.4214844770534,47.92201473479629,0.0,53.242250204086304
41,06,-3.17826830204164e-05,-27.949367026435006,48.16991035015053,0.0,93.72558498382568
43,08,-3.1963929242763654e-05,-15.790871219429917,46.55304641459066,0.0,88.86780834197998
44,09,-2.1331834113273846e-05,-6.238656323920356,43.43915766518911,0.0,59.11188769340515
45,10,-1.6551261839878706e-05,3.491510892150223,54.79260846710333,0.0,104.26913022994995
46,11,-1.519573135911843e-05,20.401449884033198,56.70156626680825,5.0221549140082464e-08,70.76487922668457
47,12,-1.0313162028783104e-05,17.753608460457098,55.75187243828721,4.658237964876236e-05,83.42955470085144
48,01,-1.1369238679367056e-05,31.70380508160335,51.86229076744793,0.00012911142713280135,104.55150389671326
49,02,-1.1685804688698098e-05,2.732715975443522,46.129101684696614,0.00031034646715436665,42.88707685470581
50,03,-1.3839232150540515e-05,-0.5926843497983868,57.115805566785156,2.071826688704952e-05,81.02017283439636
51,04,-2.090864053300013e-05,-10.60586452026367,65.75529212030038,1.1234845055474176e-05,105.42021083831787
52,05,-2.6606813441591635e-05,-11.409518621957432,66.050863289825,0.0,118.89742398262024
53,06,-3.6603149109497395e-05,-25.008415187242296,46.266101067479454,0.0,40.00491166114807
54,07,-3.282222612492611e-05,-33.091220865229126,44.1499227373741,0.0,22.25583553314209
55,08,-2.6941880611302234e-05,-27.08358682743196,31.77761535606461,0.0,31.294189929962158
56,09,-2.725831751290065e-05,0.9693071214463977,44.86737590899468,0.0,117.23978233337402
57,10,-2.1395454446465794e-05,12.186390243366201,47.91972020449689,0.0,59.156498670578
58,11,-9.367185011372688e-06,10.117007967122396,41.05919099200301,3.5537613762749565e-08,59.34060025215149
59,12,-8.522425015388596e-06,21.808005747805364,57.410435429080856,2.6479295504990444e-05,63.89762902259827
60,01,-1.1848107099418698e-05,28.771229348787696,56.9102486772409,0.0017296655524161556,127.76513147354126
63,04,-2.3066575134180317e-05,-21.124448284233942,53.13685258980724,5.596658653683133e-05,21.789991855621338
64,05,-2.301351515928619e-05,-21.276121071107926,61.30564291210714,3.1990530670330086e-06,106.87018704414368
65,06,-3.0384449369921637e-05,-25.249517172580298,53.14751710217263,0.0,54.762237310409546
66,07,-3.052118788760435e-05,-16.333257173927887,51.58020934386151,0.0,95.44521999359131
67,08,-2.8069958612225798e-05,-17.017802792784988,42.472240740586344,0.0,27.303098917007446
68,09,-2.2138291550658728e-05,-0.809648367987739,66.94727416271104,0.0,147.5589587688446
71,12,-7.343828446024142e-06,12.754345215500043,59.86620702467682,1.1825137240912326e-05,57.75411510467529
72,01,-6.201572312694294e-06,7.789162023728894,59.71689801232405,0.006257890532093664,62.144726276397705
74,03,-1.1304150707112197e-05,-2.56875498781922,68.34861116093205,0.0002458149412626861,66.12149095535278
75,04,-2.3272295822324753e-05,-10.486857863362628,59.37646033687326,3.632929590013292e-07,78.5594162940979
76,05,-2.800802443084893e-05,-16.149492612120927,55.7763452255995,0.0,63.01261830329895
77,06,-3.090711121482552e-05,-17.990251360066733,61.34983533646531,0.0,126.5044174194336
78,07,-3.447742918110781e-05,-15.274860501197074,50.75858460182529,0.0,100.84526371955872
79,08,-3.3271033724499884e-05,-4.3656862228557625,49.79625837316948,0.0,104.17502427101135
81,10,-1.5745955748394817e-05,1.4800897167574978,41.847355274659336,0.0,36.53095197677612
82,11,-1.5779393952086846e-05,2.730464919026692,53.6031213278585,0.0001320727745691935,73.80068945884705
87,04,-1.9242588071877733e-05,-14.953707265557181,61.57429541588492,7.426198323567707e-06,64.68825125694275
88,05,-3.1224375424332516e-05,-18.680161248648037,54.14751819698144,0.0,49.02557110786438
89,06,-3.5890827366468634e-05,-24.274000357055662,43.53411597645681,0.0,56.932453870773315
90,07,-3.000731417455182e-05,-30.125119514383297,48.19723509739805,0.0,53.75952363014221
91,08,-3.1366839325049225e-05,-20.726613564768147,49.22354232249208,0.0,85.93903732299805
92,09,-2.1116000810717296e-05,-5.870355172729491,52.886519872754164,0.0,48.16365933418274
93,10,-1.7202233669146365e-05,6.4104873591597356,48.62927366667281,0.0,94.80732774734497
95,12,-1.128779906788603e-05,28.043287035542146,58.52688881322774,0.00037468132152352284,125.43024492263794
96,01,-8.849628261046861e-06,-8.473066081057311,52.03738375666833,0.0005335850459273144,40.21212434768677
97,02,-5.771432554432804e-06,6.824847212655203,67.52644709656069,0.00025317513942718504,35.931448459625244
98,03,-1.3287096029671374e-05,-5.803373095440609,55.151999684815046,7.337508534872401e-05,77.72802114486694
99,04,-2.2575659647211267e-05,-11.442104777696397,52.015024873095086,1.2648238076104058e-07,33.60578918457031
100,05,-2.791426425801057e-05,-28.103053294192083,60.924986691195485,0.0,69.35014915466309
101,06,-2.8837502824555686e-05,-20.989433822292757,61.5306473079814,0.0,96.28858280181885
102,07,-3.379324687933062e-05,-20.07741719498173,55.40260847481861,0.0,134.5398542881012
103,08,-3.0242934917310693e-05,-13.572054321945357,50.633880177582476,0.0,87.18918299674988
104,09,-2.5696148892024614e-05,-3.969099077690972,51.22118268649578,0.0,66.9906599521637
105,10,-1.9746457593286597e-05,13.28605210072507,59.41998880579267,0.0,102.30783081054688
108,01,-9.400724827868036e-06,23.76198229324177,64.8158600401199,0.0002939996052813786,138.66146302223206
111,04,-2.4692344382775542e-05,-22.74501348402235,55.09817502149212,0.0,27.742077589035034
112,05,-3.182606770285695e-05,-15.882362545546664,52.83810746537357,0.0,71.89129495620728
113,06,-2.7714982728361462e-05,-28.63852083367242,47.29024293223089,0.0,31.23433208465576
114,07,-3.385038605679304e-05,-9.511822006717805,59.07058047961163,0.0,151.79068851470947
117,10,-1.6347254436593455e-05,7.273599919801116,47.520342997120274,0.0,79.42021083831787
118,11,-1.0307503538792339e-05,7.8851572241889105,46.36847800110711,7.3817332585652676e-06,43.99460577964783
119,12,-7.866494279115095e-06,20.208327730240367,52.71666673100892,0.0,61.15853786468506
121,02,-1.1993180484209699e-05,15.243881237211681,52.799659086113884,4.026403029759725e-06,59.8443021774292
122,03,-1.7582771425163286e-05,5.919001820882161,61.97907953674307,1.3147951454244634e-06,101.1904981136322
124,05,-3.2913617601255e-05,-32.404015432706444,43.15242019264416,0.0,14.875389337539673
125,06,-3.3498540398290464e-05,-35.047065074327264,55.710710440916486,0.0,67.16671657562256
126,07,-3.3625666249610085e-05,-27.510599928661055,42.19065745926929,0.0,59.59615159034729
127,08,-3.0036708770112647e-05,-17.0266568734774,43.458151734339296,0.0,58.18086361885071
128,09,-2.1827326350689368e-05,-6.781363076782227,44.02462579022247,0.0,52.75948238372803
129,10,-1.9913688146604526e-05,14.103063629806684,48.60193847477949,0.0,78.90591788291931
130,11,-1.311930024130561e-05,7.912713109334308,43.72629240063826,7.664759953816732e-08,36.57659721374512
131,12,-7.719866410816296e-06,20.033501539989185,45.286219627095804,2.718377369706349e-05,99.99442100524902
133,02,-1.709957590030951e-05,31.83555304718018,59.52337883048256,2.0835172562372115e-06,96.37451434135437
134,03,-1.7018775953137494e-05,2.372058311872584,47.98838851665681,2.4298456407362414e-05,25.981262683868408
136,05,-3.125298669270236e-05,-34.3688931694441,36.06377147361027,0.0,35.43364858627319
137,06,-3.068480971400681e-05,-23.63770078192817,52.16888050745726,0.0,81.75433492660522
138,07,-3.559518055198981e-05,-33.07448882301904,37.832517702871755,0.0,43.237606048583984
139,08,-2.897321149455781e-05,-28.290339532667595,47.590817581110095,0.0,43.99504566192627
140,09,-2.7407515947157255e-05,-3.6402964202880854,48.108384553693405,0.0,93.28326845169067
141,10,-1.8407037761653066e-05,10.48773665069252,49.92561818830045,0.0,70.05437111854553
143,12,-1.0178729378000547e-05,19.264495642221096,49.02194799312469,0.00010385854269868586,71.35911726951599
144,01,-9.804670876438911e-06,24.167181801416536,38.86062395377826,7.464897248052782e-06,65.73154544830322
145,02,-6.996622216688376e-06,0.507544446309408,46.996895068120395,0.002555922939663842,29.07620143890381
146,03,-1.2629808311264428e-05,-0.5304674036169569,53.76618897918476,0.0,29.050020217895508
147,04,-2.5889148811054637e-05,-18.50936585184733,50.20018549894757,1.8495678901672365e-06,46.967238903045654
148,05,-2.5811937759284265e-05,-33.066711107479634,47.67298183366304,0.0,35.415016651153564
149,06,-2.987989489524302e-05,-20.686577268473304,57.62339900992447,0.0,100.81910800933838
151,08,-2.9805839779475068e-05,-22.79464663072811,38.70661156831249,0.0,22.764347553253174
152,09,-2.1833397036001162e-05,-8.548686426798504,39.4321560544822,0.0,69.85359048843384
154,11,-1.4646135411648073e-05,14.444811823866104,60.08639300202131,2.8859506713019477e-05,121.3805501461029
156,01,-5.988280283046514e-06,9.900324605634134,41.55076964045469,0.0,40.05626130104065
159,04,-2.3724830210206465e-05,-12.979907084147134,60.15185276207658,2.5939941406250002e-08,57.617363929748535
160,05,-3.502280750303383e-05,-18.415903687507882,37.98684394011575,0.0,48.60550785064697
162,07,-3.3542465003026134e-05,-26.574038988010855,46.61348771423679,0.0,62.71932125091553
163,08,-3.290884278264643e-05,-13.404264240552024,52.83446418771308,0.0,128.27770042419434
164,09,-2.5466491539959356e-05,-1.4094354346381297,48.6797681992597,0.0,66.03445959091187
165,10,-1.9484351597922247e-05,1.9587082073252686,58.379234332862715,1.8078127214985508e-06,99.88054394721985
167,12,-8.425528942156701e-06,11.411874493342573,45.69198678764476,3.2269544498894803e-06,59.72125196456909
168,01,-9.715480358609446e-06,34.39173987899288,57.42208674485646,4.798289268247543e-07,79.51586604118347
169,02,-8.449411843078754e-06,-1.1622854381742926,41.2482318814184,0.0001454247690382458,24.723291158676147
171,04,-2.191761210872048e-05,-4.539731902737087,59.59964808656376,0.0,50.1136200428009
172,05,-3.0932743489659034e-05,-26.541132331437964,51.168041845343446,0.0,72.61612272262573
174,07,-3.3366269429406925e-05,-23.52127023184171,53.23872095220833,0.0,138.4921417236328
175,08,-3.234485571499712e-05,-11.285276480397874,49.79429166342623,0.0,65.69953942298889
178,11,-1.1587640056374466e-05,-1.8295716874864363,52.225245416957804,0.00015719194677140975,62.847052574157715
179,12,-9.250304196792702e-06,31.236705364924607,64.63241229699248,0.00020338165888222312,142.54706811904907
180,01,-8.814763398506955e-06,28.086010490499522,59.814965074129006,6.143172710172592e-05,85.40289497375488
181,02,-9.681430163471391e-06,-2.9269207930791947,54.97462990093799,0.0003871754450457437,36.50040102005005
182,03,-1.5868986940443404e-05,12.424105568506382,56.25959003628518,9.499826738911291e-08,94.18527913093567
184,05,-2.8615912740195944e-05,-19.306992470361852,50.8592781971834,0.0,59.618553161621094
185,06,-3.390126228795352e-05,-22.424498955281575,49.86442946763436,0.0,51.52622365951538
186,07,-3.466171150601792e-05,-32.442688338413035,36.16844127948567,0.0,21.875284671783447
187,08,-3.527003988845888e-05,-15.806742182249662,41.714041907468136,0.0,89.98871898651123
188,09,-2.649383951805552e-05,-2.2674784339057075,50.77799905458556,0.0,147.07339644432068
190,11,-8.92097842036795e-06,12.752254605102538,55.27824593100681,0.0,50.59832048416138
191,12,-1.093666692604627e-05,22.757288210632986,53.902280609893545,6.536950347244099e-07,112.21855115890503
192,01,-1.2804497735976505e-05,25.385474410518523,57.77612080058489,0.0009627563479126142,129.8851613998413
193,02,-1.271823695051786e-05,20.178666164579848,60.9734689490412,5.487134059270224e-06,78.17547941207886
194,03,-2.219248033328259e-05,-0.5256330294045062,56.57506640008187,0.00016835869896796444,94.79378461837769
195,04,-2.3056703787511248e-05,-15.611610607231992,48.9374839578549,0.0,42.51542043685913
196,05,-3.3250014936618425e-05,-29.631465932538433,52.844916530618114,0.0,94.81036853790283
197,06,-3.44918315846169e-05,-24.446217814466692,49.08188772321145,0.0,64.76006937026978
199,08,-3.331847033315239e-05,-31.29434137422295,33.68999910253863,0.0,22.496978521347046
200,09,-2.6222378082234683e-05,-4.395296908230251,54.09243484116659,0.0,112.6880235671997
201,10,-1.4566836962311297e-05,5.514771194293934,41.310020164710224,0.0,18.715614557266235
202,11,-1.3042386322538529e-05,9.068964893934462,58.53600206141338,2.0260943306816947e-07,32.25963592529297
203,12,-8.991161045966975e-06,-5.598886509064706,48.51484771922968,0.00015860379254946144,40.51283264160156
204,01,-7.460320452180465e-06,-0.4728464959257379,45.67560021059616,0.00023015245699113416,16.127771615982056
205,02,-7.544903639281147e-06,5.38362545916678,55.18347650017959,0.0006102077837648064,60.068604469299316
206,03,-1.2827322511164368e-05,-10.990242480862525,51.72073062135199,2.0419359207153323e-05,22.461695432662964
207,04,-2.0502408365953464e-05,-21.604367342122394,58.54018084150156,2.815988328721788e-08,11.859672546386719
209,06,-2.8253365109311642e-05,-38.732165323215064,41.61192797080808,0.0,28.135314464569092
210,07,-3.142641031134248e-05,-27.054918192217425,49.82263012584947,0.0,59.759037256240845
211,08,-2.9903093116464793e-05,-15.358725825155936,42.33743624172287,0.0,98.74433755874634
212,09,-2.534073391895315e-05,-7.00570699428982,43.673043699496326,0.0,48.277573585510254
215,12,-8.836182103413613e-06,1.1414017176474303,51.832999992789766,0.00011574836187465217,45.02203106880188
216,01,-3.583592048936e-06,-1.2817189340899076,35.36421269791357,0.00038023888808424755,8.55794882774353
218,03,-1.2413017713795421e-05,-3.0697627356744577,49.8996438915832,0.0,28.955554485321045
219,04,-2.201332183204714e-05,-17.60772253417969,50.15108422283994,0.0,28.14702796936035
221,06,-3.476727682935032e-05,-20.254541469319665,56.16686724849277,0.0,112.482257604599
222,07,-3.376502295814329e-05,-20.43258258581674,48.29218798171063,0.0,69.49712204933167
223,08,-3.064838395117496e-05,-15.397676236060358,39.11490551742816,0.0,54.35530233383179
226,11,-1.1372840429430654e-05,5.54297788119846,52.451002673839106,0.0,56.97358417510986
227,12,-9.893875752236308e-06,16.98351939342868,60.12797338394067,1.687051532089069e-05,77.3915023803711
228,01,-1.1099072907757458e-05,24.386054642872143,54.87726956107148,2.2409808251165574e-07,88.08339476585388
229,02,-7.893391973560764e-06,12.879144769577753,54.623768248409036,3.740382904098147e-05,20.71983242034912
230,03,-1.582076560769428e-05,4.910139277304372,64.38913835901599,1.3940626575100807e-05,89.45151329040527
232,05,-3.182257207745645e-05,-20.036693252071256,51.31070372274871,0.0,44.95067262649536
234,07,-3.6390916169732936e-05,-13.917790471887077,46.5719772114318,0.0,77.72835302352905
235,08,-3.4686337675251e-05,-19.754633603331865,40.27667498864153,0.0,67.5933165550232
237,10,-2.3367591303340108e-05,14.50471792602539,57.49670259841796,9.088093234646704e-07,178.64887976646423
238,11,-1.186565926222506e-05,4.6568576497395835,50.09492808050447,2.143026722802056e-06,92.01937747001648
239,12,-8.802920268002493e-06,22.454611907630838,51.308709990082264,0.00011667215695945164,78.07752561569214
240,01,-9.430198710966792e-06,24.63400003675235,61.44896206574927,0.00020755073460199501,91.57960391044617
241,02,-1.079772392194216e-05,13.779260249546594,59.85849182345754,0.0025613292994953337,56.13470458984375
242,03,-1.3397230129969535e-05,-0.9194605676794566,60.6708199271861,8.536538770121912e-08,87.33539247512817
243,04,-2.54553507465769e-05,-17.42901027967665,53.24983413987689,8.541558848487004e-06,65.29687428474426
245,06,-3.759346314859108e-05,-24.964019442409946,49.104056137108806,0.0,86.7335524559021
246,07,-3.775679561435789e-05,-20.12216363230059,34.70881050790896,0.0,54.39849805831909
247,08,-3.318467006672979e-05,-13.657699137697938,45.50563225292391,0.0,99.36693954467773
248,09,-2.59650643648355e-05,-3.5717024329291456,50.26974016195536,0.0,83.68352055549622
249,10,-2.1588807777500546e-05,5.981483147405809,48.24640764357326,0.0,65.74780321121216
250,11,-1.3179962080519347e-05,12.654008286878799,52.50058610761298,2.0961513784196646e-05,52.17728924751282
251,12,-1.3700721242369786e-05,27.986750325848984,63.54783165261822,0.0004829321933049028,142.15608167648315
254,03,-1.4517082142339604e-05,-0.5979741453765541,58.83941007500695,2.188550656841647e-05,60.096646308898926
255,04,-2.355722367422762e-05,-12.813957029554578,60.681698268123455,8.329312006632488e-07,76.35283160209656
256,05,-3.550879427684679e-05,-19.147158501081563,47.704144963514416,0.0,97.27209305763245
257,06,-3.750390542944741e-05,-27.016546727159287,42.780413097916714,0.0,55.01609134674072
258,07,-3.168135436499142e-05,-21.668345875401656,51.88578506780696,0.0,102.94842576980591
259,08,-3.0941285219664524e-05,-19.063545700565466,39.65101154342005,0.0,51.30303931236267
260,09,-2.4486756719630248e-05,-2.020394458007812,56.817002186003,0.0,85.14948225021362
261,10,-2.1893689024856883e-05,11.235235126454343,57.40779917159772,0.0,130.40920996665955
262,11,-1.5146696185204038e-05,20.892512133110895,68.07071139411661,0.0,131.4802393913269
263,12,-1.1904006665214989e-05,20.81303864280127,63.79751548051194,0.0006958496250132079,86.34993147850037
264,01,-6.723928980547147e-06,14.384707934964087,53.25762820807451,0.00041049615926640003,85.52192997932434
265,02,-9.421481274265325e-06,7.153048214503697,61.79020408172125,0.0006544472773869832,83.6603274345398
267,04,-2.4765318735565716e-05,-15.737299090576174,60.65160554169682,6.594268480936686e-06,95.43563151359558
268,05,-3.372209000100225e-05,-25.790908090242777,45.58359570831253,0.0,47.3751916885376
271,08,-3.349079792080317e-05,-13.273838911159066,49.470468634774605,0.0,107.7295401096344
272,09,-2.8629883362433853e-05,-3.361749937269423,60.89090815499625,0.0,144.1834967136383
273,10,-1.872843477780094e-05,15.499699002173642,52.0420637966638,0.0,73.23751926422119
274,11,-1.4045017091525046e-05,9.019137569173179,50.75557469189433,0.0,85.68967199325562
276,01,-6.60295483731882e-06,23.604068570044735,51.65779350411636,0.00012535062912971744,67.26308727264404
277,02,-1.6342577849974034e-05,27.257544948032923,61.67323920420096,5.277034782228017e-06,111.30836725234985
278,03,-1.718439095667989e-05,-2.8514695644583754,52.573686629964456,1.5001514906524331e-06,40.98473596572876
279,04,-2.4829810814864887e-05,-14.182246478949653,49.20558492463959,0.0,60.53001356124878
280,05,-3.0134792006426703e-05,-17.31557953963741,52.31226475243542,0.0,64.66420650482178
282,07,-3.594073215623134e-05,-17.96138944137737,48.60045512300026,0.0,94.12360286712646
283,08,-3.0240783373966385e-05,-12.41071590333344,52.640142950275894,0.0,146.93423414230347
284,09,-2.726855740998468e-05,-6.606480073716904,41.46046437310777,0.0,57.52717709541321
285,10,-2.2813934475604865e-05,5.003235001430717,55.25826176021304,0.0,87.43804001808167
286,11,-9.433203981300014e-06,10.082439758300783,57.335292302331666,0.0,88.66095638275146
287,12,-9.155090198257839e-06,-0.601292420089886,52.83887711868107,1.2510566301243278e-09,93.86429786682129
288,01,-7.996820467572737e-06,16.024269751435966,52.92226850532075,0.00044667841542151673,73.5739049911499
289,02,-9.213011075579354e-06,1.6289639434814458,40.65915042115535,0.000368756529830751,23.336631298065186
290,03,-1.4304734281419465e-05,-4.024482163624097,45.80751552796749,0.0,22.1645565032959
291,04,-2.383696288773839e-05,-17.2942943037245,47.44735419490735,1.5020370483398438e-08,51.56433296203613
292,05,-3.0977665722578726e-05,-19.48317038226384,57.695412786129985,0.0,85.30281352996826
293,06,-3.491794925367785e-05,-29.63445593295627,48.58540389312637,0.0,47.240581035614014
294,07,-3.637924248004731e-05,-25.786057973554062,44.12265574810709,0.0,76.22430467605591
295,08,-3.1032737283929096e-05,-31.771135562691633,39.36124998163152,0.0,22.521544456481934
298,11,-8.746191556262298e-06,13.336127873399521,55.471923015075255,0.0,56.468339920043945
302,03,-1.5225630396960167e-05,1.0669384965794064,50.376974003080406,0.00020815543461871405,47.67586803436279
304,05,-2.847669872224737e-05,-31.81054322043798,50.857990436966695,0.0,37.014437675476074
305,06,-3.421590459786078e-05,-30.121984181382924,54.56608841220009,0.0,70.646568775177
306,07,-3.5823426863228845e-05,-21.040274605699764,48.61712288511441,0.0,104.08150887489319
307,08,-3.442271008691844e-05,-10.630728795861687,53.4802156332962,0.0,153.6393961906433
308,09,-3.09724094837697e-05,1.3779368174235027,41.60773183429904,0.0,68.27244329452515
310,11,-1.219442167142309e-05,8.63346869269477,52.650442458646836,3.3279392454359266e-07,66.66378116607666
311,12,-6.509792311736683e-06,12.651209838210898,41.13814304297201,0.000107577202140644,54.07814908027649
312,01,-1.0532949036563073e-05,27.835473567839585,50.62756816835045,0.0002284056717349637,53.984177112579346
313,02,-1.0796667724878803e-05,1.9850640389578682,54.967533898224424,0.00020228017086074463,50.05322074890137
314,03,-1.2645556585016247e-05,2.2825399281491516,62.992716266741034,0.002058747031355417,63.6138596534729
315,04,-2.402455134354872e-05,-12.38321820203993,55.9102142579476,0.0,77.4074821472168
316,05,-3.3327865934669755e-05,-23.83920729967343,52.369123788558014,0.0,76.4442777633667
317,06,-3.715115132452208e-05,-30.632264646063906,50.84424858076307,0.0,55.748387813568115
318,07,-3.409394384040644e-05,-23.561669685609886,47.80977541725482,0.0,109.44811034202576
320,09,-2.545146969718593e-05,-6.704652192857532,39.75358392157654,0.0,79.9967360496521
321,10,-1.7187334372416657e-05,10.538457600583316,41.694871458662455,0.0,58.746543884277344
322,11,-1.4535249143672345e-05,9.326381112670902,61.63253474075529,0.0005737135661972894,66.79116821289062
323,12,-9.12172876785682e-06,14.485518746324761,56.37181309181387,0.0003240881030277539,50.890292167663574
324,01,-6.5253165958961526e-06,7.280853728591756,43.42763289413273,0.00014880976241122009,18.287110328674316
325,02,-8.8568046297561e-06,4.634872235616048,55.29220876641359,0.00010614823585464838,57.903024673461914
326,03,-1.3873502668170125e-05,-4.782673361173239,59.930227692120816,0.0004253186384836833,63.244534492492676
328,05,-3.370682173148433e-05,-13.439136345319852,55.415879218805216,0.0,97.34957218170166
329,06,-3.4785863751151034e-05,-27.11431088460287,44.96967633606062,0.0,34.651726484298706
330,07,-3.3670624993676266e-05,-35.11209074615151,34.7803111832411,0.0,25.724807262420654
332,09,-2.4569920312832332e-05,-1.9050392035590278,48.50952039943403,0.0,31.076144695281982
333,10,-2.0357669840078775e-05,8.929626497002058,49.91160704086961,0.0,104.8823778629303
334,11,-1.6638314112929544e-05,21.698549422539603,51.20864173750348,6.023910310533312e-08,79.28392601013184
335,12,-1.1844671387852061e-05,21.158474252352146,51.61357204472506,1.2561005930746755e-06,99.22530603408813
336,01,-1.3167410284109127e-05,32.71415653975292,54.798027210791915,7.495572490076866e-08,116.52486562728882
337,02,-9.635896793779033e-06,12.227102448962983,62.05461917357218,0.00012729246417681375,88.80820941925049
338,03,-1.969343553138324e-05,2.858439688077537,50.951221448258686,8.514286369405767e-07,65.31020927429199
339,04,-2.5420359923575438e-05,-23.728481532796227,35.425640993569964,0.0,1.6051898002624512
341,06,-3.458860908376663e-05,-19.802041976589628,51.81401281598541,0.0,100.40370607376099
342,07,-4.0491175616739144e-05,-14.380545316962786,51.51913973191349,0.0,166.44169425964355
344,09,-2.677926907070085e-05,-2.246240928141275,48.58724766878287,0.0,74.65286588668823
345,10,-1.4836711174446523e-05,-1.5530790907336818,46.4751422240952,0.0,38.23624563217163
346,11,-1.4172945336880124e-05,15.984315191311307,55.0159122577058,8.570086956024171e-06,63.65782594680786
347,12,-9.103623443880553e-06,18.67049515623687,44.72693699303237,1.9495038576023557e-06,75.82493901252747
348,01,-9.98381483742544e-06,30.50790186531313,59.32570013750177,3.1635838170205394e-06,98.90966415405273
349,02,-9.733829621899499e-06,11.488472740085646,43.235250111784055,9.416011558181937e-06,39.91739559173584
351,04,-2.446588194630345e-05,-15.287676639472116,50.48518859204715,0.0,37.05441331863403
353,06,-3.476253857051133e-05,-32.52892781643338,47.80475471985869,0.0,40.78405427932739
354,07,-3.577182100015043e-05,-18.878891244211506,53.425692884929724,0.0,105.99103903770447
355,08,-3.3834556450724496e-05,-9.036356891591062,49.02626591384924,0.0,114.81742095947266
356,09,-2.5189189388381943e-05,-2.5223080678304033,46.95382839618127,0.0,79.74637937545776
357,10,-1.8222273044254205e-05,6.518695762716314,54.30898137165141,1.0895472700877858e-09,92.71740341186523
358,11,-1.2143508331428165e-05,12.723418456013999,55.05112889809742,0.00035360905991660223,87.03951120376587
359,12,-6.623100362498576e-06,8.910789440196046,51.189781416840454,3.1098793911677535e-05,32.103607177734375
360,01,-6.219402897665034e-06,13.638463789416898,56.756673166043,0.00026115813434764905,59.60752511024475
361,02,-6.55127283612057e-06,7.2258432279314295,62.426701213981424,5.497220584324428e-05,62.01654672622681
362,03,-1.4006747319585248e-05,0.15545269151913163,60.10794240493287,4.5311066412156626e-07,55.8788948059082
364,05,-3.152253704363203e-05,-24.89160391596312,50.72287625494953,0.0,51.12992525100708
365,06,-3.4585202314802804e-05,-32.20444840494791,47.13420631794532,0.0,75.43589448928833
367,08,-3.326769469126164e-05,-18.63527480389995,42.41847231385144,0.0,46.274324893951416
369,10,-1.8213049179844e-05,4.716025361748153,49.256211021474606,0.0,74.3879747390747
370,11,-1.3997967538165946e-05,28.005924584282763,63.3120259418408,7.164478302001954e-09,119.02290868759155
371,12,-8.896478755051119e-06,9.686923075029926,62.37685010996686,0.0033527605789963914,98.37137460708618
372,01,-6.091251291421628e-06,2.9262350808420488,60.36061479552843,0.002126177963390145,49.821874141693115
373,02,-7.65345504045659e-06,5.717629487900508,61.53230691539674,0.0021790685525962285,91.62952327728271
374,03,-1.4227020407356234e-05,-0.1344084672825314,56.345688745778084,1.3550689143519247e-05,56.222103118896484
375,04,-2.4690822054900404e-05,-20.66956467929416,50.227940069592,2.4727185567220055e-07,27.15949821472168
376,05,-2.827942739082006e-05,-27.387183430333288,51.416537502500645,0.0,63.4017915725708
377,06,-3.182083758476639e-05,-35.711798379855686,43.71565713060168,0.0,33.73767280578613
378,07,-3.4407490462771055e-05,-31.11366353779454,49.13440625845617,0.0,68.74052047729492
380,09,-2.3803562745282155e-05,-1.7829848341200085,47.799041656389505,0.0,93.05310916900635
381,10,-1.8914465963579488e-05,8.677334267236855,54.52403665949838,0.0,76.19713640213013
383,12,-7.738160395268594e-06,4.967533013128466,56.59717789244652,0.006288984498670025,51.991679430007935
384,01,-4.432973011169315e-06,15.641597058367989,49.85520389962581,0.000611914046349064,71.90442681312561
385,02,-7.274441715534998e-06,7.353929252261208,64.81677477946593,0.00014321758775483995,54.225329875946045
386,03,-1.235675504704564e-05,-6.3443144091534345,43.386579177287324,0.00019613219461133403,20.28888177871704
388,05,-3.0008848766624646e-05,-32.62149781881353,48.67582858574712,0.0,34.52233028411865
389,06,-3.4230032604055946e-05,-25.01744469502767,49.43961729888122,0.0,94.74681329727173
390,07,-3.7348723895911946e-05,-18.427609645064162,51.34294977803511,0.0,163.95448088645935
391,08,-3.274760770019843e-05,-10.64563058373236,50.85391145080519,0.0,128.73549723625183
392,09,-2.5484862159343414e-05,2.648160398695204,48.54894579696125,0.0,68.3792371749878
393,10,-1.916051529891168e-05,8.726722329416583,41.10612051369683,1.6692376905871977e-07,69.30626606941223
397,02,-6.941694202459045e-06,2.77444112036694,54.92825397600388,0.0013561625960229456,25.181623220443726
399,04,-2.412122515035865e-05,-15.116672309705946,65.52592149374486,0.0,93.77713108062744
401,06,-3.633841799156573e-05,-15.284035491265191,54.862410076340026,0.0,122.0042052268982
402,07,-3.9630504535585143e-05,-18.105863085346844,55.33667580591222,0.0,133.29841899871826
403,08,-3.664081436780238e-05,-14.530181596981583,48.63167088847007,0.0,90.66671252250671
404,09,-2.780254297756781e-05,-4.337274759928387,47.643611919113,0.0,79.25185561180115
405,10,-1.749340033099435e-05,6.576196681525118,62.883388684188155,1.6571373067876343e-08,131.10860514640808
406,11,-9.782895505729057e-06,13.286790387301977,48.36725960095062,0.0,62.30052351951599
407,12,-8.270612005098982e-06,23.135962751162953,68.44660146777348,0.0004308112231633996,126.01667380332947
408,01,-7.079607454118081e-06,9.77005108642578,59.36599973937003,0.0024007742763847433,56.091444969177246
409,02,-9.82560560788399e-06,1.2790957768758144,54.799641565576906,0.0007189501410438901,42.50241231918335
410,03,-1.6003138249269338e-05,-14.11737674147083,62.83003596656937,0.00018706004465779953,46.14034557342529
411,04,-2.0434202846445263e-05,-16.983018215264217,45.651346360141694,0.0,31.149431228637695
412,05,-2.7662325821888435e-05,-23.158452428017892,56.92952051083376,0.0,89.41290044784546
413,06,-3.319209287441886e-05,-26.815010833062065,45.349666944320994,0.0,63.59688186645508
414,07,-3.405638901301333e-05,-27.630988150319745,40.32137145659744,0.0,58.30738687515259
415,08,-3.2683108437937644e-05,-17.84199171037572,39.46305893081491,0.0,40.892261028289795
416,09,-2.475842662511746e-05,-8.054260448540582,49.65095689521101,0.0,81.32235813140869
417,10,-1.765674730958508e-05,13.677036990258001,51.31546706972713,0.0,135.23726177215576
418,11,-1.2026654228591521e-05,13.685960133870443,60.59634180396663,8.762069013383654e-05,95.3849720954895
419,12,-9.44601224512954e-06,28.97793200421077,55.46996279250422,5.1136837210706475e-05,74.25229167938232
420,01,-8.580053124215514e-06,22.96357862870411,63.49304372530727,1.0653635506988855e-05,90.50502729415894
421,02,-1.1990748406116751e-05,26.598223410470148,61.15281964255657,1.0926482223329089e-06,81.80759859085083
422,03,-1.6731313326227373e-05,-1.3453218475669946,47.843510205716214,6.519722682173533e-08,34.10970735549927
423,04,-2.3883861623916246e-05,-16.521862002224392,58.86005653639768,0.0,52.129727363586426
426,07,-3.570791800838603e-05,-18.498887496784167,52.862582088247414,0.0,91.65657234191895
428,09,-2.0748739615697153e-05,-9.244409510294595,35.08465283191469,0.0,25.215217113494873
429,10,-1.6616273676728237e-05,8.951883064844276,46.06859467966968,0.0,79.9614315032959
430,11,-1.0089955154782932e-05,6.784489759657117,59.376273723493675,3.112157185872396e-08,64.11601209640503
432,01,-9.2527426375611e-06,26.340960131573418,62.63006211892765,0.00016244323407450028,107.20374536514282
433,02,-8.153189459681882e-06,8.31590086110433,48.93550452213628,9.767446773392813e-05,54.84558963775635
436,05,-3.070366395367009e-05,-25.76910455847299,53.73915812349191,0.0,61.485331535339355
437,06,-3.477750818122634e-05,-31.860220404391814,46.7203716229452,0.0,35.5678129196167
438,07,-3.7615658574522775e-05,-25.170489753641114,45.05531850020347,0.0,95.02099466323853
441,10,-1.3186316454061119e-05,-1.463842040031187,51.45971762442205,0.0,34.89073657989502
442,11,-1.4898132296588707e-05,27.46974549831814,55.57987919455502,4.5776367187500004e-09,119.42508697509766
445,02,-1.2519085415486441e-05,14.879537966322628,54.698993667597065,1.52496250196435e-05,72.69394779205322
446,03,-1.4810545610421827e-05,-5.396197126162949,59.004922374092125,3.62938924502301e-05,69.4955415725708
447,04,-2.7581765115751797e-05,-20.820068422105575,57.557788026644126,1.3241238064236113e-07,67.43884038925171
449,06,-3.356170396635004e-05,-23.02242342732747,60.87640379265148,0.0,113.14722728729248
451,08,-3.3272750999810424e-05,-17.014684508621052,43.397001161080546,0.0,57.580533027648926
452,09,-2.4645985519115736e-05,-7.889081433783638,37.34792189491059,0.0,28.704333305358887
453,10,-1.526362983537594e-05,-3.798430909843855,48.34944315867911,0.0,57.946226596832275
454,11,-1.1750765303218536e-05,10.89123139716254,54.5964946256227,3.956906927956475e-05,75.84917688369751
455,12,-4.447676278540448e-06,15.633635981405934,42.93341399640295,3.86891185596425e-06,19.911759853363037
457,02,-8.18821650381367e-06,12.903916228158135,62.959067062718525,0.00023337035661651976,67.99254751205444
458,03,-1.5800369091061108e-05,2.527072602630943,59.88884960889175,0.0,58.12478494644165
459,04,-2.5679135762624757e-05,-26.331729773288306,46.84454056873057,0.0,30.59126615524292
460,05,-2.9667726341906155e-05,-25.198657173730993,56.839670298081565,0.0,37.424317359924316
461,06,-3.566179110415154e-05,-31.36642959594727,52.944568701901716,0.0,63.719133377075195
463,08,-3.333480648354688e-05,-12.395997953681537,44.035043613662005,0.0,75.39064645767212
464,09,-2.5415033401845397e-05,-5.530321179199219,52.86381167994076,0.0,131.7170844078064
465,10,-2.0550294828412475e-05,15.281469091599986,50.30405073937036,0.0,63.67462873458862
466,11,-1.2597567349661808e-05,15.910226154920792,53.90823562632401,3.65040037367079e-07,71.56626224517822
467,12,-7.748080553331723e-06,20.40142875687794,63.311030514205655,0.0006995919622400755,122.76686382293701
468,01,-8.493993727101315e-06,23.796599253992884,55.116003269850566,1.641540501707344e-05,94.42302966117859
469,02,-1.1806723732206594e-05,-2.6082788761683875,46.30087924139698,9.837871222268968e-05,28.985047340393066
470,03,-1.3339704251535219e-05,-6.768148279333628,63.03257818707726,0.00012620726580260901,81.36417293548584
471,04,-2.4140652476206825e-05,-8.481860700141059,60.03202422682047,0.0,102.50590419769287
473,06,-3.447691067930363e-05,-33.33076165534125,39.74884000571834,0.0,26.889825344085693
476,09,-2.7110998255941223e-05,-4.088550005425346,48.59134079140956,0.0,68.28795766830444
477,10,-1.717439320385384e-05,2.0582064438686585,44.893768001867876,1.104806956424508e-05,34.76789951324463
478,11,-1.049799736220949e-05,11.533768935139973,58.11769115721252,4.4242540995279946e-07,34.97020101547241
480,01,-8.170035396257738e-06,18.813249751593478,61.34680531404607,0.0003725200532585062,48.710402965545654
481,02,-8.232899953890454e-06,13.675333238874163,51.283400613031226,6.108944188980828e-05,53.84524393081665
482,03,-1.7898125718357898e-05,7.876527682396675,54.192069970153995,0.0,101.83904027938843
483,04,-2.786484313502215e-05,-15.88577495863173,41.53150874974462,0.0,32.68497180938721
484,05,-2.8741963674400066e-05,-37.081440074305384,54.09692304540707,0.0,39.454394817352295
485,06,-3.9525050331051005e-05,-23.208365014648436,47.86380608810849,0.0,106.98088932037354
487,08,-3.404563471354698e-05,-17.337182702177312,41.57153246440298,0.0,76.33737087249756
488,09,-2.6543087166161665e-05,-4.24653964674208,45.73786681658825,0.0,112.17082786560059
489,10,-1.8569231195137014e-05,10.235854191605762,54.45598049366731,0.0,119.96327877044678
490,11,-1.0039879183467646e-05,10.335369747924807,64.20363267016013,0.0,74.31336832046509
491,12,-8.260583359534854e-06,25.078029959073632,56.60606037604423,0.0,84.95069599151611
492,01,-6.012859741277161e-06,22.106840989635838,48.67357203781476,1.4043623401272683e-08,60.42203378677368
493,02,-1.5386156723984276e-05,31.748662168305497,64.97568837541958,1.7729275528041798e-05,131.38312101364136
494,03,-1.9840231885472768e-05,-1.8349693298339842,46.56073982853019,0.0,49.32469892501831
495,04,-2.7043378228700023e-05,-24.0670989525689,35.17819720014996,0.0,24.384860515594482
496,05,-2.995519203009721e-05,-45.04488896819084,46.51938461271666,0.0,17.802208423614502
498,07,-3.552329937512147e-05,-24.55973527871409,49.31133174363516,0.0,73.53353977203369
501,10,-1.848353834580477e-05,14.114419966174706,59.132486595437086,0.0,137.80672430992126
502,11,-1.0186800306089735e-05,15.631692754109702,47.969248177954896,0.0,45.380624771118164
503,12,-6.893300624729055e-06,15.732371215492165,60.65007041392917,1.2867758350987586e-06,109.63903760910034
504,01,-7.860778656987515e-06,14.34612370152627,66.80461903254064,3.849816578690723e-05,90.61761569976807
505,02,-9.005972841740524e-06,9.622026147751583,54.51137783175566,0.0020311918883096605,60.75168180465698
506,03,-1.5948935392546162e-05,-0.9029574194467195,53.47545231677126,8.298632919147451e-08,54.85542392730713
507,04,-2.588563685021654e-05,-27.98602328389486,47.86236142485672,1.457011964586046e-05,51.77638530731201
508,05,-3.230829694098981e-05,-22.4746828918457,60.26473778712485,0.0,118.6035623550415
509,06,-3.7502937650666964e-05,-26.38411481492784,47.88007799596918,0.0,106.48373031616211
510,07,-3.6336240956178925e-05,-19.074829963273896,48.14752719921964,0.0,97.35786199569702
511,08,-3.444879628501263e-05,-12.903870650096605,45.419211714576655,0.0,99.27522611618042
512,09,-2.3354238802332672e-05,-7.743464881388346,41.71682162190013,0.0,33.61188364028931
513,10,-1.864643046111826e-05,14.62936670381279,46.729617401201246,0.0,138.24248218536377
514,11,-1.0072340758698473e-05,9.36498726196289,49.88987413275507,2.1571267975701224e-05,67.49459075927734
