,month,MER,MSSHF,RH,VW,SCA
0,01,-7.186377549426466e-06,5.464709561255669,62.6901256937955,-3.7666581846052605,0.53
1,02,-7.399999772068052e-06,2.729709174746558,52.295623941567676,-1.3059519413312277,0.19
3,04,-2.191347909663616e-05,-15.59233038906521,62.41300571294825,1.0740941146002878,0.22
4,05,-2.839083756912113e-05,-16.16055940262989,64.02205650719006,8.630355046979844,-0.38
5,06,-3.330413338050373e-05,-22.16353809509278,52.028707694198026,3.2090791480382284,0.19
6,07,-3.0671342559486147e-05,-22.637875941122733,53.00265082314577,-5.838931852156116,-1.45
7,08,-2.8487004876296853e-05,-12.56110269165039,50.14281140049425,3.1812677038664456,0.38
8,09,-2.3132900744369383e-05,-4.023202255249023,42.3501046719922,-0.510687753507826,-1.41
10,11,-1.1569333000928361e-05,13.890767045423724,49.679388139549886,-4.489285752847461,-0.15
11,12,-1.207531024335357e-05,24.691616260159407,64.98245628347064,-0.28389227742020834,0.35
14,03,-1.4070489600584629e-05,-6.186828353717764,55.02083505403355,0.9811663906958793,1.27
16,05,-2.9285246377967465e-05,-30.998830406271004,47.47244699586335,-1.0137218133249581,0.68
17,06,-3.014735746900341e-05,-26.066622504679362,62.37913317463399,2.5734654588063557,0.32
18,07,-3.1905643976779664e-05,-14.025872309859079,48.67037434149174,-0.26483490488606115,0.63
19,08,-3.1051088017916934e-05,-11.540256553403795,47.008779259716306,-0.9145211367658391,-1.35
20,09,-2.365392635981859e-05,-3.0327022542317708,42.946886476458445,1.5179921280543012,-0.14
21,10,-2.1172643707369163e-05,7.590982919672484,58.4636376896443,0.00958403039747691,-1.17
22,11,-1.4279194747299093e-05,14.235161112806532,54.54851769668525,-4.371212425486247,-0.4
23,12,-7.873070872231058e-06,26.063403682913826,61.380955716897084,-9.22203131144534,-1.51
24,01,-7.860688640385075e-06,20.899533713063885,47.875411116570554,-14.993898111712548,-0.75
25,02,-8.991757432514056e-06,2.888394768487839,50.11619150138895,-5.97966216750372,0.59
26,03,-1.2076194787720939e-05,11.89821663673975,73.37905685201383,2.7350078623987018,-0.87
28,05,-3.0310256707952082e-05,-17.47440350473055,59.34436809112436,7.16871375371051,1.42
29,06,-3.0904296795920855e-05,-15.787571440294057,51.69619375912348,-0.5180842866049874,-1.07
30,07,-3.173775886429094e-05,-20.80200322239373,49.75860673643311,-0.9555403572000489,0.7
31,08,-2.8741253340065727e-05,-19.03508228654759,42.77699926753197,-5.737638261405371,-0.05
33,10,-2.174942796122078e-05,9.781940688922843,60.93410625634399,2.4850872046152754,-1.35
35,12,-7.687594037497059e-06,8.885675470167591,67.75924336626196,-4.769642162630634,-0.47
39,04,-2.3437909088230905e-05,-21.874123499891493,46.11000325809585,-12.943029245885215,-1.57
41,06,-3.17826830204164e-05,-27.949367026435006,48.16991035015053,1.782730908033583,-0.95
42,07,-3.416977696542745e-05,-21.999847670688425,39.2781192299025,0.7331812882782313,0.39
43,08,-3.1963929242763654e-05,-15.790871219429917,46.55304641459066,3.203157168829313,-0.5
45,10,-1.6551261839878706e-05,3.491510892150223,54.79260846710333,3.9553702151800993,1.47
46,11,-1.519573135911843e-05,20.401449884033198,56.70156626680825,5.924383153004117,0.21
48,01,-1.1369238679367056e-05,31.70380508160335,51.86229076744793,-7.28827055961855,-1.33
49,02,-1.1685804688698098e-05,2.732715975443522,46.129101684696614,-5.2380526352155785,0.47
50,03,-1.3839232150540515e-05,-0.5926843497983868,57.115805566785156,-4.877558255903184,-0.52
53,06,-3.6603149109497395e-05,-25.008415187242296,46.266101067479454,0.1501536730660332,-0.55
54,07,-3.282222612492611e-05,-33.091220865229126,44.1499227373741,0.5349078274183373,0.74
55,08,-2.6941880611302234e-05,-27.08358682743196,31.77761535606461,-1.2125626575510984,-0.44
56,09,-2.725831751290065e-05,0.9693071214463977,44.86737590899468,1.751585998386807,0.06
58,11,-9.367185011372688e-06,10.117007967122396,41.05919099200301,-6.614907704395718,-1.83
60,01,-1.1848107099418698e-05,28.771229348787696,56.9102486772409,-1.8171058356992653,-0.46
61,02,-9.682757584759485e-06,6.4267875001403105,47.08914505602986,-7.605639194422754,1.31
62,03,-1.3818876191033916e-05,-6.2181760956138685,56.610379949503034,-2.6351272446211946,1.46
63,04,-2.3066575134180317e-05,-21.124448284233942,53.13685258980724,-3.7798098264482283,1.51
64,05,-2.301351515928619e-05,-21.276121071107926,61.30564291210714,-0.677646871115572,0.98
66,07,-3.052118788760435e-05,-16.333257173927887,51.58020934386151,-3.011209047296996,-0.72
68,09,-2.2138291550658728e-05,-0.809648367987739,66.94727416271104,-1.9586343215306596,-0.38
69,10,-1.5594664512004833e-05,12.420039781796033,52.5519555827328,2.1388998153030228,-0.3
70,11,-1.2000811908506469e-05,17.20852971835666,62.11537896577253,9.75799302626716,1.13
71,12,-7.343828446024142e-06,12.754345215500043,59.86620702467682,0.8407210145560645,2.84
72,01,-6.201572312694294e-06,7.789162023728894,59.71689801232405,-7.303112680189071,0.41
73,02,-7.646551471441942e-06,-7.170963860648018,49.17462651499538,-8.188289751120978,-0.2
74,03,-1.1304150707112197e-05,-2.56875498781922,68.34861116093205,0.883263510611749,1.07
75,04,-2.3272295822324753e-05,-10.486857863362628,59.37646033687326,-3.498696371036106,-0.88
76,05,-2.800802443084893e-05,-16.149492612120927,55.7763452255995,3.582993253482286,1.28
80,09,-2.244669017984254e-05,-3.3109654418945316,48.444472670045165,-4.491637453036838,-2.12
81,10,-1.5745955748394817e-05,1.4800897167574978,41.847355274659336,0.5071230077846077,0.37
82,11,-1.5779393952086846e-05,2.730464919026692,53.6031213278585,-4.4680131394492255,0.06
83,12,-6.748697063030508e-06,22.216181771555252,62.92255071562849,0.4556928207233385,0.06
84,01,-1.0488508364736625e-05,25.802121266682942,67.17732922877546,-6.017850162034394,0.16
85,02,-9.105866422227595e-06,-15.737989101954868,41.279925076501705,-4.677185569944837,0.94
86,03,-1.09558865346488e-05,2.199697240357758,53.96111336709735,1.529696232846988,1.15
87,04,-1.9242588071877733e-05,-14.953707265557181,61.57429541588492,5.869092054367065,0.39
88,05,-3.1224375424332516e-05,-18.680161248648037,54.14751819698144,8.900653361905007,0.14
89,06,-3.5890827366468634e-05,-24.274000357055662,43.53411597645681,-1.683861653221978,1.4
90,07,-3.000731417455182e-05,-30.125119514383297,48.19723509739805,-0.8332931163541726,-1.95
92,09,-2.1116000810717296e-05,-5.870355172729491,52.886519872754164,-3.8961140452067053,-2.04
93,10,-1.7202233669146365e-05,6.4104873591597356,48.62927366667281,1.2270836029257823,-1.69
95,12,-1.128779906788603e-05,28.043287035542146,58.52688881322774,-3.9448398696120077,0.49
96,01,-8.849628261046861e-06,-8.473066081057311,52.03738375666833,-10.992317990600421,0.18
97,02,-5.771432554432804e-06,6.824847212655203,67.52644709656069,-2.305479620888119,-0.52
98,03,-1.3287096029671374e-05,-5.803373095440609,55.151999684815046,-7.2440210121934125,1.03
99,04,-2.2575659647211267e-05,-11.442104777696397,52.015024873095086,0.2727976148605345,0.66
100,05,-2.791426425801057e-05,-28.103053294192083,60.924986691195485,-5.130835388368177,-1.4
101,06,-2.8837502824555686e-05,-20.989433822292757,61.5306473079814,3.1211598950915858,0.32
102,07,-3.379324687933062e-05,-20.07741719498173,55.40260847481861,-0.3532960533019038,-0.97
104,09,-2.5696148892024614e-05,-3.969099077690972,51.22118268649578,2.196264123302036,-1.01
105,10,-1.9746457593286597e-05,13.28605210072507,59.41998880579267,13.057100941893877,1.4
107,12,-5.659096497726741e-06,10.619382738339004,50.16868590621025,-2.9305631152942615,-1.38
108,01,-9.400724827868036e-06,23.76198229324177,64.8158600401199,5.527936221091978,0.72
110,03,-1.4791143874625109e-05,4.141464673442225,71.63935923557511,-8.382366675202562,0.49
111,04,-2.4692344382775542e-05,-22.74501348402235,55.09817502149212,-1.7053315254635282,-0.96
112,05,-3.182606770285695e-05,-15.882362545546664,52.83810746537357,6.448995066488942,0.85
113,06,-2.7714982728361462e-05,-28.63852083367242,47.29024293223089,-3.5400914671579997,1.93
114,07,-3.385038605679304e-05,-9.511822006717805,59.07058047961163,6.8323721847123995,0.81
116,09,-2.5435363158006416e-05,2.907980506727431,49.177534459747214,-2.148785310766432,-1.08
117,10,-1.6347254436593455e-05,7.273599919801116,47.520342997120274,3.924836768201601,0.1
118,11,-1.0307503538792339e-05,7.8851572241889105,46.36847800110711,-8.722512957763671,-1.75
119,12,-7.866494279115095e-06,20.208327730240367,52.71666673100892,-12.605013241860172,-1.98
120,01,-5.490775168401608e-06,12.580168148245866,46.32122026583841,-0.17765723320745627,-0.31
121,02,-1.1993180484209699e-05,15.243881237211681,52.799659086113884,3.106950273581913,-1.14
122,03,-1.7582771425163286e-05,5.919001820882161,61.97907953674307,0.9141703075901154,-0.62
123,04,-2.3728384267512105e-05,-15.711892689005532,62.36782957411343,5.176459208255344,1.96
124,05,-3.2913617601255e-05,-32.404015432706444,43.15242019264416,-1.0060280780382052,-1.85
125,06,-3.3498540398290464e-05,-35.047065074327264,55.710710440916486,-0.8146940553241305,0.78
126,07,-3.3625666249610085e-05,-27.510599928661055,42.19065745926929,-5.965661229246407,0.2
127,08,-3.0036708770112647e-05,-17.0266568734774,43.458151734339296,-1.1468217086586903,0.21
132,01,-9.708490018202875e-06,23.531725362798216,54.619796854420386,2.2783597749689575,0.16
133,02,-1.709957590030951e-05,31.83555304718018,59.52337883048256,3.3738418606576466,-1.68
134,03,-1.7018775953137494e-05,2.372058311872584,47.98838851665681,-3.703874424616497,-1.97
135,04,-2.7999317039636173e-05,-19.276666238742408,46.732171709169286,-2.407902050060696,-0.72
136,05,-3.125298669270236e-05,-34.3688931694441,36.06377147361027,-0.4548254154984667,0.74
137,06,-3.068480971400681e-05,-23.63770078192817,52.16888050745726,3.9676137081358167,0.03
138,07,-3.559518055198981e-05,-33.07448882301904,37.832517702871755,-3.748802826481482,-0.79
139,08,-2.897321149455781e-05,-28.290339532667595,47.590817581110095,0.09266292079802467,-0.15
140,09,-2.7407515947157255e-05,-3.6402964202880854,48.108384553693405,-6.767911235004002,-0.21
141,10,-1.8407037761653066e-05,10.48773665069252,49.92561818830045,7.068571275341894,1.22
143,12,-1.0178729378000547e-05,19.264495642221096,49.02194799312469,-4.244458656290527,-0.15
144,01,-9.804670876438911e-06,24.167181801416536,38.86062395377826,2.6246698665003616,0.0
145,02,-6.996622216688376e-06,0.507544446309408,46.996895068120395,-1.0937606032008218,1.72
146,03,-1.2629808311264428e-05,-0.5304674036169569,53.76618897918476,3.679436902446132,0.92
147,04,-2.5889148811054637e-05,-18.50936585184733,50.20018549894757,-3.8804163361655335,-0.86
148,05,-2.5811937759284265e-05,-33.066711107479634,47.67298183366304,-12.559387157317131,-1.53
149,06,-2.987989489524302e-05,-20.686577268473304,57.62339900992447,2.312953067652385,-0.71
150,07,-3.606362330103894e-05,-12.26554677852508,46.37869990175771,3.502324325315414,-0.51
152,09,-2.1833397036001162e-05,-8.548686426798504,39.4321560544822,-0.019854519801669517,-1.37
153,10,-2.004618059737534e-05,2.17344532234438,45.307421456006274,0.952629884084066,0.18
154,11,-1.4646135411648073e-05,14.444811823866104,60.08639300202131,1.6261124956766764,0.02
155,12,-7.654158530845394e-06,17.942148733159545,42.031411531264894,-8.3346434656779,0.01
156,01,-5.988280283046514e-06,9.900324605634134,41.55076964045469,-4.6902770765161,-0.02
157,02,-7.568776633878318e-06,10.513905402874128,42.596786469010105,-4.960775098691043,-0.03
160,05,-3.502280750303383e-05,-18.415903687507882,37.98684394011575,1.5834636519647416,-0.67
161,06,-3.339920427913765e-05,-25.873405965508358,43.36981476617124,0.20037269441816533,2.34
162,07,-3.3542465003026134e-05,-26.574038988010855,46.61348771423679,2.7526454527044804,-1.03
163,08,-3.290884278264643e-05,-13.404264240552024,52.83446418771308,9.420622178641697,-1.24
164,09,-2.5466491539959356e-05,-1.4094354346381297,48.6797681992597,4.871189140446982,1.59
165,10,-1.9484351597922247e-05,1.9587082073252686,58.379234332862715,-2.175138033138808,-0.08
166,11,-1.321692710625939e-05,23.694389510769323,50.96693710040848,-2.830467434925503,-0.73
167,12,-8.425528942156701e-06,11.411874493342573,45.69198678764476,1.79938270771888,-0.18
168,01,-9.715480358609446e-06,34.39173987899288,57.42208674485646,-2.1686067230265627,-1.29
170,03,-1.4966802825774622e-05,-6.011914413616221,42.24266758934657,-7.480420348013602,-0.1
172,05,-3.0932743489659034e-05,-26.541132331437964,51.168041845343446,4.809687152677967,1.49
173,06,-3.281592492067931e-05,-24.277929318237305,46.836056776909025,-2.820804222467211,-0.48
174,07,-3.3366269429406925e-05,-23.52127023184171,53.23872095220833,0.3682552195723335,-0.18
175,08,-3.234485571499712e-05,-11.285276480397874,49.79429166342623,-1.517910512739612,-0.63
176,09,-2.2725771390226628e-05,-2.4448908416748045,57.50485973500145,2.567192783037821,1.18
177,10,-1.798888249350155e-05,2.3637267239478326,43.9463890340828,3.3335509971905783,0.76
178,11,-1.1587640056374466e-05,-1.8295716874864363,52.225245416957804,-1.362627434709337,1.9
179,12,-9.250304196792702e-06,31.236705364924607,64.63241229699248,-2.3895911745461094,-0.04
180,01,-8.814763398506955e-06,28.086010490499522,59.814965074129006,-2.550082951761061,-0.24
181,02,-9.681430163471391e-06,-2.9269207930791947,54.97462990093799,-1.1560002459117344,1.25
183,04,-2.4481364455176743e-05,-15.54007357143826,53.21672202842236,1.072442509057787,0.4
184,05,-2.8615912740195944e-05,-19.306992470361852,50.8592781971834,3.848988206781366,0.52
185,06,-3.390126228795352e-05,-22.424498955281575,49.86442946763436,-1.7603594158596463,-1.54
186,07,-3.466171150601792e-05,-32.442688338413035,36.16844127948567,3.6306611074632213,0.6
188,09,-2.649383951805552e-05,-2.2674784339057075,50.77799905458556,2.5801398991478814,-0.02
190,11,-8.92097842036795e-06,12.752254605102538,55.27824593100681,-0.3912592182583275,-0.53
191,12,-1.093666692604627e-05,22.757288210632986,53.902280609893545,-0.4517669412141207,1.35
192,01,-1.2804497735976505e-05,25.385474410518523,57.77612080058489,-4.624458262494815,-0.09
193,02,-1.271823695051786e-05,20.178666164579848,60.9734689490412,-0.782204506329128,-2.08
194,03,-2.219248033328259e-05,-0.5256330294045062,56.57506640008187,-5.375294921936527,-0.32
195,04,-2.3056703787511248e-05,-15.611610607231992,48.9374839578549,-8.217882198884753,-0.98
197,06,-3.44918315846169e-05,-24.446217814466692,49.08188772321145,-4.784962304306031,1.69
199,08,-3.331847033315239e-05,-31.29434137422295,33.68999910253863,-6.406313635016001,0.06
200,09,-2.6222378082234683e-05,-4.395296908230251,54.09243484116659,0.612849772156609,0.22
201,10,-1.4566836962311297e-05,5.514771194293934,41.310020164710224,5.549859377050913,0.69
202,11,-1.3042386322538529e-05,9.068964893934462,58.53600206141338,-4.377470945951673,-0.25
203,12,-8.991161045966975e-06,-5.598886509064706,48.51484771922968,-2.867056723256265,-0.89
204,01,-7.460320452180465e-06,-0.4728464959257379,45.67560021059616,6.124564749543385,2.86
205,02,-7.544903639281147e-06,5.38362545916678,55.18347650017959,-2.21206523458985,-0.22
207,04,-2.0502408365953464e-05,-21.604367342122394,58.54018084150156,0.9496918742709688,1.24
208,05,-2.4253428110207234e-05,-26.022296560964275,51.92535755428705,5.224901751507995,0.36
209,06,-2.8253365109311642e-05,-38.732165323215064,41.61192797080808,-2.092028507275052,-0.33
212,09,-2.534073391895315e-05,-7.00570699428982,43.673043699496326,-8.668936958101062,1.03
213,10,-1.7171301486478214e-05,8.106230379494288,51.02844809201841,1.0061798058786697,0.4
215,12,-8.836182103413613e-06,1.1414017176474303,51.832999992789766,-1.747326027634323,-0.19
216,01,-3.583592048936e-06,-1.2817189340899076,35.36421269791357,-1.3202002071257561,0.07
219,04,-2.201332183204714e-05,-17.60772253417969,50.15108422283994,-13.783778404808043,-2.44
220,05,-3.085946982284968e-05,-22.07697987414944,55.658551038389554,0.9932646831184299,-0.66
221,06,-3.476727682935032e-05,-20.254541469319665,56.16686724849277,4.90637015830146,1.64
222,07,-3.376502295814329e-05,-20.43258258581674,48.29218798171063,-0.6637979181966475,2.61
223,08,-3.064838395117496e-05,-15.397676236060358,39.11490551742816,1.682758229081349,1.18
224,09,-2.7053925191669103e-05,-10.968042353990342,40.873450344501606,-1.7348625640445288,-1.42
226,11,-1.1372840429430654e-05,5.54297788119846,52.451002673839106,5.854934998512268,1.42
227,12,-9.893875752236308e-06,16.98351939342868,60.12797338394067,-0.8512120128344458,0.61
228,01,-1.1099072907757458e-05,24.386054642872143,54.87726956107148,-1.450892314357142,0.59
229,02,-7.893391973560764e-06,12.879144769577753,54.623768248409036,-3.037549276329223,-0.56
230,03,-1.582076560769428e-05,4.910139277304372,64.38913835901599,-10.113063399243101,-0.05
231,04,-2.2395207648413717e-05,-10.670934447903104,67.35853829729425,8.915542415809632,0.54
232,05,-3.182257207745645e-05,-20.036693252071256,51.31070372274871,-0.6871010359282137,0.25
234,07,-3.6390916169732936e-05,-13.917790471887077,46.5719772114318,-1.1335652676243932,-1.63
235,08,-3.4686337675251e-05,-19.754633603331865,40.27667498864153,-4.290398413873488,-2.19
236,09,-2.4247977624205914e-05,0.3736279635959201,55.41774919654528,1.3469011118359038,1.41
237,10,-2.3367591303340108e-05,14.50471792602539,57.49670259841796,-2.384550996001049,-0.49
238,11,-1.186565926222506e-05,4.6568576497395835,50.09492808050447,-6.541430208015441,-0.37
240,01,-9.430198710966792e-06,24.63400003675235,61.44896206574927,0.13767809711989554,-0.01
241,02,-1.079772392194216e-05,13.779260249546594,59.85849182345754,-15.095687816460925,-1.71
242,03,-1.3397230129969535e-05,-0.9194605676794566,60.6708199271861,-1.3423963893972422,1.68
243,04,-2.54553507465769e-05,-17.42901027967665,53.24983413987689,0.7264303844663831,-0.25
244,05,-3.422614240797327e-05,-20.88572949317194,50.723297991629586,2.5149216677758,-1.28
245,06,-3.759346314859108e-05,-24.964019442409946,49.104056137108806,2.4077966739866468,0.49
246,07,-3.775679561435789e-05,-20.12216363230059,34.70881050790896,-0.9507721068679647,-0.01
247,08,-3.318467006672979e-05,-13.657699137697938,45.50563225292391,1.798294270935879,-0.39
248,09,-2.59650643648355e-05,-3.5717024329291456,50.26974016195536,7.428677170393202,1.24
251,12,-1.3700721242369786e-05,27.986750325848984,63.54783165261822,-4.7865400395137,-0.34
252,01,-6.553396535759588e-06,18.42038040095504,45.80448549491872,-7.92022200951525,-1.02
254,03,-1.4517082142339604e-05,-0.5979741453765541,58.83941007500695,-8.101139608444708,-0.92
257,06,-3.750390542944741e-05,-27.016546727159287,42.780413097916714,1.1058663845909962,-1.14
258,07,-3.168135436499142e-05,-21.668345875401656,51.88578506780696,-2.328411767098212,1.46
259,08,-3.0941285219664524e-05,-19.063545700565466,39.65101154342005,3.485725751159012,-0.11
260,09,-2.4486756719630248e-05,-2.020394458007812,56.817002186003,3.919733715248108,1.42
261,10,-2.1893689024856883e-05,11.235235126454343,57.40779917159772,7.83856330803902,1.07
263,12,-1.1904006665214989e-05,20.81303864280127,63.79751548051194,4.44023334568803,0.94
265,02,-9.421481274265325e-06,7.153048214503697,61.79020408172125,-5.243323249499004,-0.07
266,03,-1.3063552253355424e-05,-6.242824222359606,58.59238742218351,2.0673602820775843,-0.53
267,04,-2.4765318735565716e-05,-15.737299090576174,60.65160554169682,-0.14914724131690124,-0.52
268,05,-3.372209000100225e-05,-25.790908090242777,45.58359570831253,1.627706267162036,-0.73
269,06,-3.303585196628976e-05,-31.827683939954966,48.06642211600013,-2.844979031266107,-0.58
270,07,-3.6646507612448495e-05,-24.41304970722813,43.035889669943884,3.3910846430050428,0.57
271,08,-3.349079792080317e-05,-13.273838911159066,49.470468634774605,4.783530526397049,-0.55
273,10,-1.872843477780094e-05,15.499699002173642,52.0420637966638,8.002227872540873,1.32
274,11,-1.4045017091525046e-05,9.019137569173179,50.75557469189433,-9.810931996197173,-2.06
275,12,-9.904081011676856e-06,14.487402564920403,52.82181985401466,-10.442604840391425,0.68
277,02,-1.6342577849974034e-05,27.257544948032923,61.67323920420096,-1.1061846018972854,-1.61
278,03,-1.718439095667989e-05,-2.8514695644583754,52.573686629964456,-3.643759417421075,-0.39
279,04,-2.4829810814864887e-05,-14.182246478949653,49.20558492463959,-2.3918034127553303,0.94
280,05,-3.0134792006426703e-05,-17.31557953963741,52.31226475243542,8.87116875646448,1.3
281,06,-3.5836119472898846e-05,-20.466573669433593,50.7506326838851,5.354612818103367,-0.43
282,07,-3.594073215623134e-05,-17.96138944137737,48.60045512300026,2.8066557161474734,0.2
283,08,-3.0240783373966385e-05,-12.41071590333344,52.640142950275894,2.9107890031876105,1.22
285,10,-2.2813934475604865e-05,5.003235001430717,55.25826176021304,-1.6580593323451214,0.06
286,11,-9.433203981300014e-06,10.082439758300783,57.335292302331666,3.1934507407718233,0.8
287,12,-9.155090198257839e-06,-0.601292420089886,52.83887711868107,2.2550676486517793,0.96
289,02,-9.213011075579354e-06,1.6289639434814458,40.65915042115535,-1.30996356187548,1.55
290,03,-1.4304734281419465e-05,-4.024482163624097,45.80751552796749,-1.8552307312462917,-0.36
291,04,-2.383696288773839e-05,-17.2942943037245,47.44735419490735,-3.901022283871968,0.9
292,05,-3.0977665722578726e-05,-19.48317038226384,57.695412786129985,7.087039322309597,-0.67
294,07,-3.637924248004731e-05,-25.786057973554062,44.12265574810709,2.256303321858889,1.01
295,08,-3.1032737283929096e-05,-31.771135562691633,39.36124998163152,-0.9488135915366548,-1.31
296,09,-2.437035215904568e-05,-12.497950702243381,40.21523504180775,-1.3662211480670508,-0.13
297,10,-2.1305207502659715e-05,-2.352458050143333,49.86598729915773,-3.9558025068672755,-0.62
300,01,-8.992702947169514e-06,20.66453995308825,64.87525535803712,-7.858934863285351,-0.25
301,02,-1.1818901434843997e-05,12.780648606925178,58.06078212638148,-6.535059127676075,-0.14
302,03,-1.5225630396960167e-05,1.0669384965794064,50.376974003080406,-1.138047160363966,1.12
303,04,-2.4217375733618005e-05,-11.611916856553819,59.49211039767795,2.7121691885206443,1.04
304,05,-2.847669872224737e-05,-31.81054322043798,50.857990436966695,-4.050122515422042,-1.53
305,06,-3.421590459786078e-05,-30.121984181382924,54.56608841220009,-2.826415734630161,-1.26
306,07,-3.5823426863228845e-05,-21.040274605699764,48.61712288511441,1.6926178633577083,-0.5
308,09,-3.09724094837697e-05,1.3779368174235027,41.60773183429904,-2.9949600599924717,-0.21
309,10,-1.9737982986943505e-05,10.8786054316695,45.96995730125903,8.574271400144022,0.55
310,11,-1.219442167142309e-05,8.63346869269477,52.650442458646836,-9.378043831952414,-0.97
311,12,-6.509792311736683e-06,12.651209838210898,41.13814304297201,-4.153789951550063,0.13
312,01,-1.0532949036563073e-05,27.835473567839585,50.62756816835045,-11.788157165014617,-0.36
313,02,-1.0796667724878803e-05,1.9850640389578682,54.967533898224424,-9.640787719771975,0.74
315,04,-2.402455134354872e-05,-12.38321820203993,55.9102142579476,2.4257510029686817,0.17
316,05,-3.3327865934669755e-05,-23.83920729967343,52.369123788558014,2.0688526762480377,-1.49
317,06,-3.715115132452208e-05,-30.632264646063906,50.84424858076307,-2.855177613343133,-0.44
318,07,-3.409394384040644e-05,-23.561669685609886,47.80977541725482,-0.12447588444781559,0.68
319,08,-3.320200081173924e-05,-14.21000237282374,41.28222914207624,-2.113699344163299,0.0
320,09,-2.545146969718593e-05,-6.704652192857532,39.75358392157654,0.2588362180709841,-0.5
321,10,-1.7187334372416657e-05,10.538457600583316,41.694871458662455,7.126440133228097,0.48
322,11,-1.4535249143672345e-05,9.326381112670902,61.63253474075529,-3.2043117451349894,0.49
323,12,-9.12172876785682e-06,14.485518746324761,56.37181309181387,-10.295047618948002,0.94
324,01,-6.5253165958961526e-06,7.280853728591756,43.42763289413273,-3.6792645613557546,2.11
325,02,-8.8568046297561e-06,4.634872235616048,55.29220876641359,-7.89652470570519,0.12
326,03,-1.3873502668170125e-05,-4.782673361173239,59.930227692120816,-4.117894217727005,-0.66
327,04,-2.37631702343909e-05,-18.782449027506512,53.65862876264652,-3.6884300680584374,-0.11
328,05,-3.370682173148433e-05,-13.439136345319852,55.415879218805216,2.0604650645307303,0.13
330,07,-3.3670624993676266e-05,-35.11209074615151,34.7803111832411,3.439024755990633,-0.66
331,08,-3.203818718891423e-05,-14.970106861073484,56.166526000266416,-3.52028442745824,1.89
334,11,-1.6638314112929544e-05,21.698549422539603,51.20864173750348,1.2719425642437405,-0.45
335,12,-1.1844671387852061e-05,21.158474252352146,51.61357204472506,2.7641417285755114,-0.04
336,01,-1.3167410284109127e-05,32.71415653975292,54.798027210791915,-6.19178593167951,-2.33
337,02,-9.635896793779033e-06,12.227102448962983,62.05461917357218,-0.014211802573431147,0.54
338,03,-1.969343553138324e-05,2.858439688077537,50.951221448258686,-0.07748771841808025,0.53
339,04,-2.5420359923575438e-05,-23.728481532796227,35.425640993569964,-3.46331045973036,-1.32
340,05,-3.1186685044343005e-05,-23.42358186127037,55.67473245647261,3.6249730836191487,0.42
343,08,-3.430768915528969e-05,-11.902402343421853,46.669440629773256,1.2682946735505136,-0.13
344,09,-2.677926907070085e-05,-2.246240928141275,48.58724766878287,-5.713435930930243,-0.53
346,11,-1.4172945336880124e-05,15.984315191311307,55.0159122577058,-11.158009668244258,-0.81
347,12,-9.103623443880553e-06,18.67049515623687,44.72693699303237,-1.8565782344777098,0.43
348,01,-9.98381483742544e-06,30.50790186531313,59.32570013750177,0.586831203993931,0.46
350,03,-2.0140387961912898e-05,4.352542552004578,67.29393991330491,-5.924768195429157,-1.76
351,04,-2.446588194630345e-05,-15.287676639472116,50.48518859204715,0.7828483831617562,0.18
353,06,-3.476253857051133e-05,-32.52892781643338,47.80475471985869,2.4688790296554566,-0.15
354,07,-3.577182100015043e-05,-18.878891244211506,53.425692884929724,3.024764808859876,1.33
355,08,-3.3834556450724496e-05,-9.036356891591062,49.02626591384924,4.132854468827607,-0.28
356,09,-2.5189189388381943e-05,-2.5223080678304033,46.95382839618127,-0.056067406590780286,1.16
357,10,-1.8222273044254205e-05,6.518695762716314,54.30898137165141,3.4220286894357335,-0.97
358,11,-1.2143508331428165e-05,12.723418456013999,55.05112889809742,-2.265666114022997,-0.71
359,12,-6.623100362498576e-06,8.910789440196046,51.189781416840454,-4.5166699999737485,0.38
360,01,-6.219402897665034e-06,13.638463789416898,56.756673166043,0.47961315901561447,0.06
361,02,-6.55127283612057e-06,7.2258432279314295,62.426701213981424,-11.307820014227003,0.53
362,03,-1.4006747319585248e-05,0.15545269151913163,60.10794240493287,-7.658853321957333,-0.51
363,04,-2.2896213735516033e-05,-13.763160278998479,44.90089633327524,6.029264274046157,-0.12
364,05,-3.152253704363203e-05,-24.89160391596312,50.72287625494953,2.6680380577169442,0.38
365,06,-3.4585202314802804e-05,-32.20444840494791,47.13420631794532,-1.996933453241984,0.27
367,08,-3.326769469126164e-05,-18.63527480389995,42.41847231385144,4.007808858727896,-0.21
369,10,-1.8213049179844e-05,4.716025361748153,49.256211021474606,-7.069426254600609,-0.74
370,11,-1.3997967538165946e-05,28.005924584282763,63.3120259418408,7.551464518504671,0.82
371,12,-8.896478755051119e-06,9.686923075029926,62.37685010996686,-0.943810666238108,0.86
372,01,-6.091251291421628e-06,2.9262350808420488,60.36061479552843,-4.786219943220897,1.23
374,03,-1.4227020407356234e-05,-0.1344084672825314,56.345688745778084,-3.83277569327816,-0.4
375,04,-2.4690822054900404e-05,-20.66956467929416,50.227940069592,-3.325235909144084,-0.33
376,05,-2.827942739082006e-05,-27.387183430333288,51.416537502500645,-1.7710000136590769,0.47
377,06,-3.182083758476639e-05,-35.711798379855686,43.71565713060168,-0.32030451049804715,-0.55
378,07,-3.4407490462771055e-05,-31.11366353779454,49.13440625845617,5.159846364482757,0.79
379,08,-3.27152816781925e-05,-15.088779016966459,50.057286181364006,1.433999930351012,-0.3
380,09,-2.3803562745282155e-05,-1.7829848341200085,47.799041656389505,-1.4900869473775227,0.5
381,10,-1.8914465963579488e-05,8.677334267236855,54.52403665949838,-0.012806594397432208,0.33
382,11,-1.1904203317903414e-05,4.708053307088217,64.34552551558414,2.2457498138851597,-0.08
383,12,-7.738160395268594e-06,4.967533013128466,56.59717789244652,-7.298802586606754,0.6
385,02,-7.274441715534998e-06,7.353929252261208,64.81677477946593,-1.8058714723359974,0.3
386,03,-1.235675504704564e-05,-6.3443144091534345,43.386579177287324,-2.7895524579530124,-0.98
388,05,-3.0008848766624646e-05,-32.62149781881353,48.67582858574712,3.1924649998449515,-1.08
389,06,-3.4230032604055946e-05,-25.01744469502767,49.43961729888122,4.910514154773288,-0.57
390,07,-3.7348723895911946e-05,-18.427609645064162,51.34294977803511,2.2203271809034453,2.48
391,08,-3.274760770019843e-05,-10.64563058373236,50.85391145080519,5.2939196082699675,0.24
392,09,-2.5484862159343414e-05,2.648160398695204,48.54894579696125,4.46301638607449,-0.61
393,10,-1.916051529891168e-05,8.726722329416583,41.10612051369683,-0.8078829870531637,-0.27
394,11,-8.12447487300637e-06,7.208228931681314,45.10324230610001,5.527877823448181,0.62
395,12,-1.2744765838047034e-05,29.389911852764826,62.27082245179138,-4.9778297481126685,0.53
396,01,-9.557997748420493e-06,23.492998173539362,55.985124487241116,-10.09431259042473,0.57
397,02,-6.941694202459045e-06,2.77444112036694,54.92825397600388,-14.6274180279655,0.34
398,03,-1.1845709033173812e-05,-9.130659757880753,42.53471919810516,-4.95342670649867,-0.47
399,04,-2.412122515035865e-05,-15.116672309705946,65.52592149374486,5.787491861258613,-0.93
403,08,-3.664081436780238e-05,-14.530181596981583,48.63167088847007,5.85169593275747,0.85
404,09,-2.780254297756781e-05,-4.337274759928387,47.643611919113,0.3496705691655474,-0.93
405,10,-1.749340033099435e-05,6.576196681525118,62.883388684188155,4.1778068266017465,-0.28
406,11,-9.782895505729057e-06,13.286790387301977,48.36725960095062,4.77137181845771,0.68
408,01,-7.079607454118081e-06,9.77005108642578,59.36599973937003,-5.328164857536234,0.08
409,02,-9.82560560788399e-06,1.2790957768758144,54.799641565576906,-10.674283386707305,1.0
411,04,-2.0434202846445263e-05,-16.983018215264217,45.651346360141694,4.8500732873916625,-1.1
412,05,-2.7662325821888435e-05,-23.158452428017892,56.92952051083376,4.0431414947509765,0.48
414,07,-3.405638901301333e-05,-27.630988150319745,40.32137145659744,-0.11920491269839657,-0.03
415,08,-3.2683108437937644e-05,-17.84199171037572,39.46305893081491,2.009526890908519,-0.82
416,09,-2.475842662511746e-05,-8.054260448540582,49.65095689521101,-3.601356833860608,0.38
418,11,-1.2026654228591521e-05,13.685960133870443,60.59634180396663,-4.091161051813762,-0.7
419,12,-9.44601224512954e-06,28.97793200421077,55.46996279250422,3.2309785680463237,-0.73
420,01,-8.580053124215514e-06,22.96357862870411,63.49304372530727,7.029194313151861,1.75
421,02,-1.1990748406116751e-05,26.598223410470148,61.15281964255657,10.60320344007583,1.1
422,03,-1.6731313326227373e-05,-1.3453218475669946,47.843510205716214,0.42368475792997606,-0.47
423,04,-2.3883861623916246e-05,-16.521862002224392,58.86005653639768,-1.7134484677420727,-0.66
425,06,-3.645346474101341e-05,-28.120134918891054,43.231891095406475,-2.088116592703925,0.19
426,07,-3.570791800838603e-05,-18.498887496784167,52.862582088247414,2.0653683370979885,1.56
427,08,-3.5946427165531874e-05,-15.756697428713563,51.75170243226714,3.428375722310877,-0.59
428,09,-2.0748739615697153e-05,-9.244409510294595,35.08465283191469,-4.316639142417908,1.14
429,10,-1.6616273676728237e-05,8.951883064844276,46.06859467966968,5.742346490121657,1.11
430,11,-1.0089955154782932e-05,6.784489759657117,59.376273723493675,9.118718305354646,1.77
431,12,-1.0581146033268115e-05,22.95546643394552,54.273882943514856,-5.379404907780308,-0.4
432,01,-9.2527426375611e-06,26.340960131573418,62.63006211892765,-3.8576281189046893,-0.18
433,02,-8.153189459681882e-06,8.31590086110433,48.93550452213628,-1.6321592513720196,-0.37
434,03,-1.5915630637317265e-05,-1.6360386480515998,44.90566300547765,-2.835005319595337,0.39
435,04,-2.4346638547669703e-05,-22.934988667466907,50.17846367060873,-5.030215973642137,-1.49
436,05,-3.070366395367009e-05,-25.76910455847299,53.73915812349191,0.8686174524368779,-2.15
437,06,-3.477750818122634e-05,-31.860220404391814,46.7203716229452,-1.0147045824898613,-1.52
439,08,-3.326061218056918e-05,-12.586229408838417,52.3345120203854,10.0172870392543,0.87
441,10,-1.3186316454061119e-05,-1.463842040031187,51.45971762442205,0.10595317576008452,0.62
442,11,-1.4898132296588707e-05,27.46974549831814,55.57987919455502,-2.465322771920098,-0.4
446,03,-1.4810545610421827e-05,-5.396197126162949,59.004922374092125,-3.353224274830151,-0.23
447,04,-2.7581765115751797e-05,-20.820068422105575,57.557788026644126,2.228406386099921,-0.11
449,06,-3.356170396635004e-05,-23.02242342732747,60.87640379265148,2.423815758026971,-0.95
450,07,-3.758493633006676e-05,-22.269790681900524,47.74635748879372,1.5464795664100233,-0.7
451,08,-3.3272750999810424e-05,-17.014684508621052,43.397001161080546,-0.02936674651279236,-0.44
452,09,-2.4645985519115736e-05,-7.889081433783638,37.34792189491059,3.5211581916385226,-0.99
453,10,-1.526362983537594e-05,-3.798430909843855,48.34944315867911,-3.7648246855992142,1.05
454,11,-1.1750765303218536e-05,10.89123139716254,54.5964946256227,-1.4600851942274309,-0.06
455,12,-4.447676278540448e-06,15.633635981405934,42.93341399640295,-3.213377143326626,-1.18
456,01,-6.416161365773257e-06,12.223324068787278,48.97643718384928,-9.303821084730084,0.17
457,02,-8.18821650381367e-06,12.903916228158135,62.959067062718525,2.093567276659466,0.67
458,03,-1.5800369091061108e-05,2.527072602630943,59.88884960889175,-1.2213739956066179,-1.02
460,05,-2.9667726341906155e-05,-25.198657173730993,56.839670298081565,1.8179982192952142,0.95
462,07,-3.888270218750779e-05,-23.176640851420746,56.14024401203919,1.4669344500880088,0.03
463,08,-3.333480648354688e-05,-12.395997953681537,44.035043613662005,5.206549530685589,-1.57
465,10,-2.0550294828412475e-05,15.281469091599986,50.30405073937036,-5.476527976702618,0.3
466,11,-1.2597567349661808e-05,15.910226154920792,53.90823562632401,-5.144581027221679,-0.08
469,02,-1.1806723732206594e-05,-2.6082788761683875,46.30087924139698,-7.8224522454852154,0.43
470,03,-1.3339704251535219e-05,-6.768148279333628,63.03257818707726,2.6816236802583107,-0.81
471,04,-2.4140652476206825e-05,-8.481860700141059,60.03202422682047,7.704519037034776,0.32
472,05,-3.631899526441482e-05,-17.44638056798135,47.40056218499266,2.19420731886997,1.69
473,06,-3.447691067930363e-05,-33.33076165534125,39.74884000571834,-2.731220611657037,-0.77
474,07,-3.4126774513620195e-05,-44.31138712696363,36.16823902212164,0.2656826255757326,2.27
475,08,-3.324744642680256e-05,-25.59706884437479,43.61733073811633,3.0056359347681845,-1.05
476,09,-2.7110998255941223e-05,-4.088550005425346,48.59134079140956,0.5139748941421511,-0.74
477,10,-1.717439320385384e-05,2.0582064438686585,44.893768001867876,-0.6498442904154464,-1.11
478,11,-1.049799736220949e-05,11.533768935139973,58.11769115721252,7.461448430400424,1.89
481,02,-8.232899953890454e-06,13.675333238874163,51.283400613031226,0.13648359216962544,-0.4
482,03,-1.7898125718357898e-05,7.876527682396675,54.192069970153995,-4.36647806013784,-0.93
483,04,-2.786484313502215e-05,-15.88577495863173,41.53150874974462,4.106000278896755,2.09
484,05,-2.8741963674400066e-05,-37.081440074305384,54.09692304540707,-3.1204028086098297,-0.11
485,06,-3.9525050331051005e-05,-23.208365014648436,47.86380608810849,11.051475863477918,-0.16
486,07,-3.625940142692049e-05,-31.74150496025496,48.734570516079984,-1.339811041760188,-0.69
487,08,-3.404563471354698e-05,-17.337182702177312,41.57153246440298,5.091376336723246,-2.09
488,09,-2.6543087166161665e-05,-4.24653964674208,45.73786681658825,-1.7770658088896008,-0.52
489,10,-1.8569231195137014e-05,10.235854191605762,54.45598049366731,6.308236840812109,0.16
490,11,-1.0039879183467646e-05,10.335369747924807,64.20363267016013,4.896114809354146,1.45
491,12,-8.260583359534854e-06,25.078029959073632,56.60606037604423,1.3985874090707433,0.84
492,01,-6.012859741277161e-06,22.106840989635838,48.67357203781476,0.20016098563901893,-0.55
493,02,-1.5386156723984276e-05,31.748662168305497,64.97568837541958,-0.9163454450629221,-2.69
494,03,-1.9840231885472768e-05,-1.8349693298339842,46.56073982853019,-1.952287807956819,-0.88
497,06,-3.546342912159163e-05,-30.903872137790252,54.092656515480414,5.139373203955756,0.58
499,08,-3.48960954878191e-05,-17.491402352609946,46.845165995435046,4.093506789135677,-1.56
500,09,-2.4679065476549213e-05,-6.537764871215822,41.4254565234277,0.22758089597490075,-0.47
501,10,-1.848353834580477e-05,14.114419966174706,59.132486595437086,4.539380098568496,1.45
502,11,-1.0186800306089735e-05,15.631692754109702,47.969248177954896,4.185152656957838,-0.11
503,12,-6.893300624729055e-06,15.732371215492165,60.65007041392917,5.737939940524358,2.33
504,01,-7.860778656987515e-06,14.34612370152627,66.80461903254064,-5.843250577844601,0.31
505,02,-9.005972841740524e-06,9.622026147751583,54.51137783175566,2.4646371848923816,0.31
507,04,-2.588563685021654e-05,-27.98602328389486,47.86236142485672,-6.421966052585177,-1.16
508,05,-3.230829694098981e-05,-22.4746828918457,60.26473778712485,3.197428371347406,-1.06
509,06,-3.7502937650666964e-05,-26.38411481492784,47.88007799596918,3.3414038293414645,-0.11
511,08,-3.444879628501263e-05,-12.903870650096605,45.419211714576655,-3.4263525877306535,-1.4
512,09,-2.3354238802332672e-05,-7.743464881388346,41.71682162190013,0.8442784887313844,-0.14
513,10,-1.864643046111826e-05,14.62936670381279,46.729617401201246,1.9188417487605924,-0.18
514,11,-1.0072340758698473e-05,9.36498726196289,49.88987413275507,-4.3413511865403915,-0.77
