,month,MER,MSSHF,SD,SH,sst
0,01,-7.186377549426466e-06,5.464709561255669,0.010292715281568547,0.00035855482704265606,-207.20224
2,03,-1.408509512223264e-05,7.08405715679866,0.00040960040271923105,0.00044260006009506144,-260.0509
3,04,-2.191347909663616e-05,-15.59233038906521,3.557954761717054e-05,0.00044040625960559647,-213.08923
4,05,-2.839083756912113e-05,-16.16055940262989,4.408267492889076e-05,0.0007071434940667084,-108.35542
5,06,-3.330413338050373e-05,-22.16353809509278,0.0,0.0009014931640296304,57.436024
6,07,-3.0671342559486147e-05,-22.637875941122733,0.0,0.0010329003032600922,209.03467
7,08,-2.8487004876296853e-05,-12.56110269165039,0.0,0.0009515669327950404,300.61517
8,09,-2.3132900744369383e-05,-4.023202255249023,0.0,0.0009334240310760934,271.15497
9,10,-1.6345863611966567e-05,2.642213581372333,5.061999700402701e-05,0.0009355248356116273,152.7504
11,12,-1.207531024335357e-05,24.691616260159407,0.00017524099221793556,0.000536514795466784,-111.5203
12,01,-5.795284385228985e-06,8.867661568262244,0.000661063572411896,0.0002899667802897751,-207.93057
13,02,-7.359469057738698e-06,6.865867059466484,0.00011199214540678879,0.0004711822304191866,-260.6019
15,04,-2.282624180893941e-05,-17.872287172783746,0.0,0.0003994695938296395,-220.5055
16,05,-2.9285246377967465e-05,-30.998830406271004,0.0,0.0004922136487145694,-112.168365
18,07,-3.1905643976779664e-05,-14.025872309859079,0.0,0.0008957915342465621,211.47704
19,08,-3.1051088017916934e-05,-11.540256553403795,0.0,0.00108178564986637,298.74084
21,10,-2.1172643707369163e-05,7.590982919672484,0.0,0.0007849959412277741,139.82642
22,11,-1.4279194747299093e-05,14.235161112806532,0.0015326325999365914,0.0006224606235835986,4.072853
23,12,-7.873070872231058e-06,26.063403682913826,0.0016069860227646364,0.0005165828911668244,-120.47722
24,01,-7.860688640385075e-06,20.899533713063885,0.0019344636983768915,0.000374949257934248,-213.08107
25,02,-8.991757432514056e-06,2.888394768487839,0.0005664595067501069,0.0003669208622193323,-257.839
26,03,-1.2076194787720939e-05,11.89821663673975,0.0001724853964262111,0.0006871956544953496,-263.95844
27,04,-2.2320882245185202e-05,-19.334173597547743,1.5786700778537326e-06,0.0005069280005498918,-210.37112
29,06,-3.0904296795920855e-05,-15.787571440294057,0.0,0.0009842194550476254,58.822807
30,07,-3.173775886429094e-05,-20.80200322239373,0.0,0.001004735188951267,213.19905
31,08,-2.8741253340065727e-05,-19.03508228654759,0.0,0.0010760535270361797,307.66504
32,09,-2.269007780640903e-05,-3.5648343312581385,0.0,0.0008672290949221253,277.0019
33,10,-2.174942796122078e-05,9.781940688922843,0.0,0.0006867919335684071,160.53394
34,11,-1.4328458308167076e-05,19.586548003133142,2.2300614251030816e-06,0.0006729366678450485,14.964644
35,12,-7.687594037497059e-06,8.885675470167591,0.012596724167946844,0.0004129887476064696,-114.03326
36,01,-5.276928763964617e-06,11.574925520045783,0.0001972472347239012,0.00046975674859519613,-211.37253
38,03,-1.6001877676116956e-05,1.792558938959594,3.8041683935349995e-06,0.0003661708261100601,-257.94275
40,05,-2.9170486620455693e-05,-20.4214844770534,0.0,0.00055373141337474,-100.75436
41,06,-3.17826830204164e-05,-27.949367026435006,0.0,0.0008103595633521967,47.585155
42,07,-3.416977696542745e-05,-21.999847670688425,0.0,0.0009021180810537498,192.52483
43,08,-3.1963929242763654e-05,-15.790871219429917,0.0,0.0009689928345582772,286.61493
44,09,-2.1331834113273846e-05,-6.238656323920356,0.0,0.0009065412273818056,260.7863
45,10,-1.6551261839878706e-05,3.491510892150223,0.0,0.000806341602621908,143.98103
47,12,-1.0313162028783104e-05,17.753608460457098,4.658237964876236e-05,0.0004811068228571663,-126.22465
48,01,-1.1369238679367056e-05,31.70380508160335,0.00012911142713280135,0.0005065474144361389,-218.0303
49,02,-1.1685804688698098e-05,2.732715975443522,0.00031034646715436665,0.00024583032542684335,-267.86456
51,04,-2.090864053300013e-05,-10.60586452026367,1.1234845055474176e-05,0.0005298972676287223,-225.49736
52,05,-2.6606813441591635e-05,-11.409518621957432,0.0,0.0006822573668070693,-107.37395
53,06,-3.6603149109497395e-05,-25.008415187242296,0.0,0.0008680787925681217,37.955116
54,07,-3.282222612492611e-05,-33.091220865229126,0.0,0.0011865903298230965,191.088
55,08,-2.6941880611302234e-05,-27.08358682743196,0.0,0.0007854492272301715,292.1292
57,10,-2.1395454446465794e-05,12.186390243366201,0.0,0.000809845710132114,153.33575
58,11,-9.367185011372688e-06,10.117007967122396,3.5537613762749565e-08,0.0005637446514673988,13.901954
59,12,-8.522425015388596e-06,21.808005747805364,2.6479295504990444e-05,0.0005939787194328425,-118.82346
60,01,-1.1848107099418698e-05,28.771229348787696,0.0017296655524161556,0.0003542191671304773,-216.85742
62,03,-1.3818876191033916e-05,-6.2181760956138685,9.418372313181559e-05,0.00032761467128058087,-271.60883
64,05,-2.301351515928619e-05,-21.276121071107926,3.1990530670330086e-06,0.00067266253149976,-103.84029
65,06,-3.0384449369921637e-05,-25.249517172580298,0.0,0.0009127790745715982,54.90566
66,07,-3.052118788760435e-05,-16.333257173927887,0.0,0.001033779662579662,216.78683
68,09,-2.2138291550658728e-05,-0.809648367987739,0.0,0.0010072270758296226,272.77823
69,10,-1.5594664512004833e-05,12.420039781796033,0.0,0.0008134660352591524,150.78893
71,12,-7.343828446024142e-06,12.754345215500043,1.1825137240912326e-05,0.0005638061713049892,-116.7812
73,02,-7.646551471441942e-06,-7.170963860648018,0.00039035758092289885,0.00043289734202582635,-266.5003
74,03,-1.1304150707112197e-05,-2.56875498781922,0.0002458149412626861,0.00041982346533168605,-269.0238
76,05,-2.800802443084893e-05,-16.149492612120927,0.0,0.0007271333313690247,-110.4754
78,07,-3.447742918110781e-05,-15.274860501197074,0.0,0.0010814784673431896,198.61874
79,08,-3.3271033724499884e-05,-4.3656862228557625,0.0,0.0009632387406820798,291.77078
80,09,-2.244669017984254e-05,-3.3109654418945316,0.0,0.0010995125499796714,268.30222
82,11,-1.5779393952086846e-05,2.730464919026692,0.0001320727745691935,0.00036442432660848377,14.18095
83,12,-6.748697063030508e-06,22.216181771555252,0.0009846030858255202,0.0006171308285160469,-118.62567
84,01,-1.0488508364736625e-05,25.802121266682942,0.0024635101813142014,0.00041564420438127206,-212.60332
86,03,-1.09558865346488e-05,2.199697240357758,0.0001382134986180131,0.000417650180977115,-273.09766
87,04,-1.9242588071877733e-05,-14.953707265557181,7.426198323567707e-06,0.00039568850197150223,-218.47469
88,05,-3.1224375424332516e-05,-18.680161248648037,0.0,0.0007434592337500871,-105.25421
89,06,-3.5890827366468634e-05,-24.274000357055662,0.0,0.0008331960368823792,46.226776
90,07,-3.000731417455182e-05,-30.125119514383297,0.0,0.0010106809674292967,195.30316
91,08,-3.1366839325049225e-05,-20.726613564768147,0.0,0.0009093863952855494,296.92383
92,09,-2.1116000810717296e-05,-5.870355172729491,0.0,0.0010170114291461383,270.20898
93,10,-1.7202233669146365e-05,6.4104873591597356,0.0,0.0008042660296969873,144.13007
94,11,-1.2770530823662637e-05,20.62896745435927,4.2331218719482425e-08,0.000712386935210562,9.256808
95,12,-1.128779906788603e-05,28.043287035542146,0.00037468132152352284,0.0005160226476652414,-120.52114
96,01,-8.849628261046861e-06,-8.473066081057311,0.0005335850459273144,0.00039371051453645855,-216.98108
97,02,-5.771432554432804e-06,6.824847212655203,0.00025317513942718504,0.0005444937176130874,-266.8556
98,03,-1.3287096029671374e-05,-5.803373095440609,7.337508534872401e-05,0.00038326355497387356,-273.57416
99,04,-2.2575659647211267e-05,-11.442104777696397,1.2648238076104058e-07,0.0005509123427555208,-228.90709
100,05,-2.791426425801057e-05,-28.103053294192083,0.0,0.0006231550341834262,-116.96698
101,06,-2.8837502824555686e-05,-20.989433822292757,0.0,0.0008995023713432398,36.029743
104,09,-2.5696148892024614e-05,-3.969099077690972,0.0,0.001026891966428189,254.05157
105,10,-1.9746457593286597e-05,13.28605210072507,0.0,0.0008929555590629677,142.36655
106,11,-1.2423982501220758e-05,8.69252590874566,0.0,0.0005567817669088578,6.157842
107,12,-5.659096497726741e-06,10.619382738339004,5.145294307380593e-05,0.0006231452756041871,-121.58426
109,02,-1.553154618433063e-05,17.196350676788683,4.479276722875135e-05,0.00036645799898507564,-266.23822
110,03,-1.4791143874625109e-05,4.141464673442225,3.25570567961662e-05,0.00047325576421621175,-269.0953
111,04,-2.4692344382775542e-05,-22.74501348402235,0.0,0.0005172340481790242,-214.23677
113,06,-2.7714982728361462e-05,-28.63852083367242,0.0,0.0008593489899378255,55.982216
114,07,-3.385038605679304e-05,-9.511822006717805,0.0,0.001171458948932473,214.06596
115,08,-3.211179117533902e-05,-13.866469908683532,0.0,0.0010266525363930598,301.59943
116,09,-2.5435363158006416e-05,2.907980506727431,0.0,0.0009323654926211424,266.6434
117,10,-1.6347254436593455e-05,7.273599919801116,0.0,0.0007721173569709835,154.10295
121,02,-1.1993180484209699e-05,15.243881237211681,4.026403029759725e-06,0.00042497837058714,-250.63936
124,05,-3.2913617601255e-05,-32.404015432706444,0.0,0.0005949903542140838,-90.58102
125,06,-3.3498540398290464e-05,-35.047065074327264,0.0,0.0008175972156450774,63.804096
127,08,-3.0036708770112647e-05,-17.0266568734774,0.0,0.0009896705504082786,317.49
128,09,-2.1827326350689368e-05,-6.781363076782227,0.0,0.0009320243816883804,285.65088
129,10,-1.9913688146604526e-05,14.103063629806684,0.0,0.0008421332443241979,159.55176
130,11,-1.311930024130561e-05,7.912713109334308,7.664759953816732e-08,0.0004454905331929088,21.37206
132,01,-9.708490018202875e-06,23.531725362798216,3.920951197224279e-06,0.0005105691684948654,-198.29785
133,02,-1.709957590030951e-05,31.83555304718018,2.0835172562372115e-06,0.0005475542892947997,-247.62265
134,03,-1.7018775953137494e-05,2.372058311872584,2.4298456407362414e-05,0.00048062062612102977,-247.33029
135,04,-2.7999317039636173e-05,-19.276666238742408,0.0,0.00037736529698403654,-202.824
136,05,-3.125298669270236e-05,-34.3688931694441,0.0,0.00042185220914118,-91.94162
137,06,-3.068480971400681e-05,-23.63770078192817,0.0,0.0008391077614164817,63.85051
138,07,-3.559518055198981e-05,-33.07448882301904,0.0,0.000870340643866736,226.18065
140,09,-2.7407515947157255e-05,-3.6402964202880854,0.0,0.0008673468175783354,295.49768
141,10,-1.8407037761653066e-05,10.48773665069252,0.0,0.0007825079715910818,178.29387
142,11,-1.0645134954231454e-05,8.876481322224937,1.7197676499684652e-05,0.0004970781178460824,38.324726
143,12,-1.0178729378000547e-05,19.264495642221096,0.00010385854269868586,0.0004455819003796224,-94.67183
145,02,-6.996622216688376e-06,0.507544446309408,0.002555922939663842,0.000305701507385693,-241.2085
146,03,-1.2629808311264428e-05,-0.5304674036169569,0.0,0.0005727407951866191,-246.60074
147,04,-2.5889148811054637e-05,-18.50936585184733,1.8495678901672365e-06,0.00041218083241272116,-196.88986
149,06,-2.987989489524302e-05,-20.686577268473304,0.0,0.0007455840776351881,65.74875
151,08,-2.9805839779475068e-05,-22.79464663072811,0.0,0.0010097339748723264,306.78357
152,09,-2.1833397036001162e-05,-8.548686426798504,0.0,0.0008007140552823532,276.12085
153,10,-2.004618059737534e-05,2.17344532234438,0.0,0.0006820325499599374,165.49994
154,11,-1.4646135411648073e-05,14.444811823866104,2.8859506713019477e-05,0.0006339337644810405,26.69823
155,12,-7.654158530845394e-06,17.942148733159545,5.5359345610423755e-06,0.00046165224257053707,-104.24462
156,01,-5.988280283046514e-06,9.900324605634134,0.0,0.000437638549289248,-200.87735
158,03,-1.6743815379482177e-05,3.675611719931326,1.1341134707132974e-05,0.0004879701252311531,-253.55725
159,04,-2.3724830210206465e-05,-12.979907084147134,2.5939941406250002e-08,0.000579528459085648,-207.42207
161,06,-3.339920427913765e-05,-25.873405965508358,0.0,0.0008486856836498394,59.95816
162,07,-3.3542465003026134e-05,-26.574038988010855,0.0,0.0011160113274397768,200.3446
163,08,-3.290884278264643e-05,-13.404264240552024,0.0,0.0012228114123283905,290.98633
164,09,-2.5466491539959356e-05,-1.4094354346381297,0.0,0.0008614746787727199,267.61932
165,10,-1.9484351597922247e-05,1.9587082073252686,1.8078127214985508e-06,0.0005589232049004094,146.9161
166,11,-1.321692710625939e-05,23.694389510769323,0.0,0.0005697992317844588,7.9191966
168,01,-9.715480358609446e-06,34.39173987899288,4.798289268247543e-07,0.0005887621752377449,-202.21512
169,02,-8.449411843078754e-06,-1.1622854381742926,0.0001454247690382458,0.00038359931115603885,-250.53047
170,03,-1.4966802825774622e-05,-6.011914413616221,0.00013486407008222353,0.0004124762266675568,-257.97324
171,04,-2.191761210872048e-05,-4.539731902737087,0.0,0.000576000432182122,-212.58133
172,05,-3.0932743489659034e-05,-26.541132331437964,0.0,0.0007194121543284234,-100.23996
173,06,-3.281592492067931e-05,-24.277929318237305,0.0,0.0009091609778879503,54.660187
175,08,-3.234485571499712e-05,-11.285276480397874,0.0,0.0010167660779612973,293.9549
177,10,-1.798888249350155e-05,2.3637267239478326,0.0,0.000542134024022548,149.94864
178,11,-1.1587640056374466e-05,-1.8295716874864363,0.00015719194677140975,0.00047988380124447253,12.002995
179,12,-9.250304196792702e-06,31.236705364924607,0.00020338165888222312,0.0004956924168822877,-116.02429
180,01,-8.814763398506955e-06,28.086010490499522,6.143172710172592e-05,0.0004701822597394422,-206.91092
181,02,-9.681430163471391e-06,-2.9269207930791947,0.0003871754450457437,0.0004138276064931533,-251.14275
182,03,-1.5868986940443404e-05,12.424105568506382,9.499826738911291e-08,0.0005810495797577411,-255.00565
183,04,-2.4481364455176743e-05,-15.54007357143826,6.838602489895291e-06,0.00040480200442157807,-203.11983
184,05,-2.8615912740195944e-05,-19.306992470361852,0.0,0.0006858745914348111,-93.12727
185,06,-3.390126228795352e-05,-22.424498955281575,0.0,0.0010699702445989207,64.69354
186,07,-3.466171150601792e-05,-32.442688338413035,0.0,0.0009186411803072188,229.96985
187,08,-3.527003988845888e-05,-15.806742182249662,0.0,0.0008680270261172562,326.03564
188,09,-2.649383951805552e-05,-2.2674784339057075,0.0,0.0008433525541978978,294.00507
190,11,-8.92097842036795e-06,12.752254605102538,0.0,0.0008178240753429337,30.892742
191,12,-1.093666692604627e-05,22.757288210632986,6.536950347244099e-07,0.0005556525008313002,-98.33777
192,01,-1.2804497735976505e-05,25.385474410518523,0.0009627563479126142,0.00045759688101936,-200.04477
193,02,-1.271823695051786e-05,20.178666164579848,5.487134059270224e-06,0.00048809193327531924,-252.04791
194,03,-2.219248033328259e-05,-0.5256330294045062,0.00016835869896796444,0.00037265990637394303,-256.72214
195,04,-2.3056703787511248e-05,-15.611610607231992,0.0,0.0005232466899471546,-210.41873
196,05,-3.3250014936618425e-05,-29.631465932538433,0.0,0.0006214292339710306,-96.80396
197,06,-3.44918315846169e-05,-24.446217814466692,0.0,0.0007471122926498033,60.255604
199,08,-3.331847033315239e-05,-31.29434137422295,0.0,0.0008271361476220967,318.27237
200,09,-2.6222378082234683e-05,-4.395296908230251,0.0,0.0008676720050675714,279.94653
201,10,-1.4566836962311297e-05,5.514771194293934,0.0,0.0008753650264261328,165.32498
202,11,-1.3042386322538529e-05,9.068964893934462,2.0260943306816947e-07,0.0006469659394806109,25.642214
203,12,-8.991161045966975e-06,-5.598886509064706,0.00015860379254946144,0.00039905608716880105,-103.270706
204,01,-7.460320452180465e-06,-0.4728464959257379,0.00023015245699113416,0.00044037663110958085,-203.28448
205,02,-7.544903639281147e-06,5.38362545916678,0.0006102077837648064,0.00031412921131322426,-256.24292
206,03,-1.2827322511164368e-05,-10.990242480862525,2.0419359207153323e-05,0.0004322530456430366,-260.99124
208,05,-2.4253428110207234e-05,-26.022296560964275,0.0,0.0006685273422467372,-95.8029
209,06,-2.8253365109311642e-05,-38.732165323215064,0.0,0.0007725716853643563,60.490604
210,07,-3.142641031134248e-05,-27.054918192217425,0.0,0.0009566610893040974,213.92273
211,08,-2.9903093116464793e-05,-15.358725825155936,0.0,0.0008052989171323801,318.1392
213,10,-1.7171301486478214e-05,8.106230379494288,0.0,0.0008193838488076182,160.05038
214,11,-1.4551765714713837e-05,14.46901237657335,0.00012027359008789062,0.0004943569559801082,16.075495
215,12,-8.836182103413613e-06,1.1414017176474303,0.00011574836187465217,0.000456995769084828,-107.977646
217,02,-9.97768289436776e-06,28.48145621345157,6.829840796334402e-08,0.0005305327026612487,-243.50082
218,03,-1.2413017713795421e-05,-3.0697627356744577,0.0,0.0005206532129615308,-250.40865
219,04,-2.201332183204714e-05,-17.60772253417969,0.0,0.0005176294510015927,-201.36581
220,05,-3.085946982284968e-05,-22.07697987414944,0.0,0.000691181856834612,-87.94528
222,07,-3.376502295814329e-05,-20.43258258581674,0.0,0.0008547632643424363,226.48895
223,08,-3.064838395117496e-05,-15.397676236060358,0.0,0.0010386910332973625,311.19452
224,09,-2.7053925191669103e-05,-10.968042353990342,0.0,0.0009289264848881631,277.26776
226,11,-1.1372840429430654e-05,5.54297788119846,0.0,0.000528491018474924,11.14575
227,12,-9.893875752236308e-06,16.98351939342868,1.687051532089069e-05,0.0005512983522442909,-122.30263
228,01,-1.1099072907757458e-05,24.386054642872143,2.2409808251165574e-07,0.00045592296519506595,-211.90225
229,02,-7.893391973560764e-06,12.879144769577753,3.740382904098147e-05,0.000624683462594898,-260.63342
231,04,-2.2395207648413717e-05,-10.670934447903104,2.9785103268093537e-07,0.0005132326088525791,-205.51126
232,05,-3.182257207745645e-05,-20.036693252071256,0.0,0.0007038634061112829,-86.51619
233,06,-3.4082233544055876e-05,-13.138249787733287,0.0,0.001018815234679136,75.8584
234,07,-3.6390916169732936e-05,-13.917790471887077,0.0,0.0009119439115554566,238.98923
236,09,-2.4247977624205914e-05,0.3736279635959201,0.0,0.0010404470592029612,288.30826
237,10,-2.3367591303340108e-05,14.50471792602539,9.088093234646704e-07,0.0007692835288216944,175.09442
239,12,-8.802920268002493e-06,22.454611907630838,0.00011667215695945164,0.0005018636649010024,-102.367775
240,01,-9.430198710966792e-06,24.63400003675235,0.00020755073460199501,0.0005411838983149154,-192.97235
241,02,-1.079772392194216e-05,13.779260249546594,0.0025613292994953337,0.0004247924906180526,-244.01996
242,03,-1.3397230129969535e-05,-0.9194605676794566,8.536538770121912e-08,0.000520822167453769,-249.90918
243,04,-2.54553507465769e-05,-17.42901027967665,8.541558848487004e-06,0.00045097119342235603,-201.03055
246,07,-3.775679561435789e-05,-20.12216363230059,0.0,0.0008227019134094047,228.67818
248,09,-2.59650643648355e-05,-3.5717024329291456,0.0,0.0010456855732800857,296.2723
249,10,-2.1588807777500546e-05,5.981483147405809,0.0,0.0006945507025795002,179.07011
250,11,-1.3179962080519347e-05,12.654008286878799,2.0961513784196646e-05,0.0005313356323464177,29.001238
251,12,-1.3700721242369786e-05,27.986750325848984,0.0004829321933049028,0.0004460608781439875,-101.77047
253,02,-1.2230161100386137e-05,18.65321454909752,3.605513052008618e-05,0.0004498816253623835,-250.39873
255,04,-2.355722367422762e-05,-12.813957029554578,8.329312006632488e-07,0.0005945271223715785,-201.6766
256,05,-3.550879427684679e-05,-19.147158501081563,0.0,0.0006344104929724587,-79.12657
257,06,-3.750390542944741e-05,-27.016546727159287,0.0,0.0008396627575370277,79.01124
258,07,-3.168135436499142e-05,-21.668345875401656,0.0,0.0008486174719188665,236.70863
260,09,-2.4486756719630248e-05,-2.020394458007812,0.0,0.0011746618843225302,295.31802
261,10,-2.1893689024856883e-05,11.235235126454343,0.0,0.000834898857871064,172.8437
262,11,-1.5146696185204038e-05,20.892512133110895,0.0,0.0005471246481323154,26.025928
263,12,-1.1904006665214989e-05,20.81303864280127,0.0006958496250132079,0.0005704053421768659,-107.27569
264,01,-6.723928980547147e-06,14.384707934964087,0.00041049615926640003,0.00033838884669713326,-203.98993
265,02,-9.421481274265325e-06,7.153048214503697,0.0006544472773869832,0.00045849606639379885,-251.02957
266,03,-1.3063552253355424e-05,-6.242824222359606,0.00027922883085025255,0.00043964260734938635,-257.54846
267,04,-2.4765318735565716e-05,-15.737299090576174,6.594268480936686e-06,0.0004324344195720945,-207.81514
268,05,-3.372209000100225e-05,-25.790908090242777,0.0,0.0006874419770607463,-92.17598
270,07,-3.6646507612448495e-05,-24.41304970722813,0.0,0.0009577895311687377,236.76181
271,08,-3.349079792080317e-05,-13.273838911159066,0.0,0.0011785009511229004,324.77954
272,09,-2.8629883362433853e-05,-3.361749937269423,0.0,0.0008204311439514236,292.23755
273,10,-1.872843477780094e-05,15.499699002173642,0.0,0.0009255201393185142,175.71266
274,11,-1.4045017091525046e-05,9.019137569173179,0.0,0.0006085738384488525,33.179764
275,12,-9.904081011676856e-06,14.487402564920403,0.00022924734956474715,0.00042967180998163804,-100.16844
276,01,-6.60295483731882e-06,23.604068570044735,0.00012535062912971744,0.0005113839650168305,-202.51192
277,02,-1.6342577849974034e-05,27.257544948032923,5.277034782228017e-06,0.0005129149039266849,-246.14857
278,03,-1.718439095667989e-05,-2.8514695644583754,1.5001514906524331e-06,0.0004819596547454955,-253.90823
279,04,-2.4829810814864887e-05,-14.182246478949653,0.0,0.0004709443206453266,-200.32645
280,05,-3.0134792006426703e-05,-17.31557953963741,0.0,0.0007120376103461025,-81.67947
281,06,-3.5836119472898846e-05,-20.466573669433593,0.0,0.0009486301975226323,69.44542
282,07,-3.594073215623134e-05,-17.96138944137737,0.0,0.0010623623587375588,221.97174
283,08,-3.0240783373966385e-05,-12.41071590333344,0.0,0.001163815572202473,314.11005
285,10,-2.2813934475604865e-05,5.003235001430717,0.0,0.000718885400139463,170.92038
286,11,-9.433203981300014e-06,10.082439758300783,0.0,0.0005791067180039236,18.474821
289,02,-9.213011075579354e-06,1.6289639434814458,0.000368756529830751,0.0002735949758984874,-259.7081
290,03,-1.4304734281419465e-05,-4.024482163624097,0.0,0.0004401956440712298,-263.5191
291,04,-2.383696288773839e-05,-17.2942943037245,1.5020370483398438e-08,0.0004770017007668381,-212.42502
292,05,-3.0977665722578726e-05,-19.48317038226384,0.0,0.0007096738202905913,-86.614586
293,06,-3.491794925367785e-05,-29.63445593295627,0.0,0.0011471253787109367,72.24512
294,07,-3.637924248004731e-05,-25.786057973554062,0.0,0.000985359612786695,232.40477
295,08,-3.1032737283929096e-05,-31.771135562691633,0.0,0.001063466894169325,325.95932
296,09,-2.437035215904568e-05,-12.497950702243381,0.0,0.0008103102327222991,302.15506
297,10,-2.1305207502659715e-05,-2.352458050143333,1.9682761161558088e-06,0.0005624345080602805,179.99194
298,11,-8.746191556262298e-06,13.336127873399521,0.0,0.0006547417485429125,33.329514
299,12,-8.986315398414586e-06,16.75842543636855,1.2960655714875909e-05,0.0005586620659873345,-104.30397
300,01,-8.992702947169514e-06,20.66453995308825,0.0007110370653931812,0.0004630176850634722,-195.31895
301,02,-1.1818901434843997e-05,12.780648606925178,0.0004339445432027181,0.000495099684988787,-249.7088
302,03,-1.5225630396960167e-05,1.0669384965794064,0.00020815543461871405,0.00036018773000070863,-250.32384
303,04,-2.4217375733618005e-05,-11.611916856553819,0.0,0.0005477365501182944,-197.20667
304,05,-2.847669872224737e-05,-31.81054322043798,0.0,0.0006152930506795131,-80.78307
305,06,-3.421590459786078e-05,-30.121984181382924,0.0,0.0008944627820598017,79.486115
306,07,-3.5823426863228845e-05,-21.040274605699764,0.0,0.0009030186964724067,239.84378
307,08,-3.442271008691844e-05,-10.630728795861687,0.0,0.0011410420949086592,330.04456
309,10,-1.9737982986943505e-05,10.8786054316695,0.0,0.0006333934098819987,181.4943
310,11,-1.219442167142309e-05,8.63346869269477,3.3279392454359266e-07,0.0006341721947358944,37.799725
311,12,-6.509792311736683e-06,12.651209838210898,0.000107577202140644,0.0003987152580916455,-96.18769
312,01,-1.0532949036563073e-05,27.835473567839585,0.0002284056717349637,0.0004537746557087837,-192.79068
313,02,-1.0796667724878803e-05,1.9850640389578682,0.00020228017086074463,0.00030567886635834556,-242.422
314,03,-1.2645556585016247e-05,2.2825399281491516,0.002058747031355417,0.0005048640071809572,-255.55783
315,04,-2.402455134354872e-05,-12.38321820203993,0.0,0.0005435340928157731,-199.75217
316,05,-3.3327865934669755e-05,-23.83920729967343,0.0,0.0006399812987691344,-81.18672
317,06,-3.715115132452208e-05,-30.632264646063906,0.0,0.0010480431722563416,83.1599
320,09,-2.545146969718593e-05,-6.704652192857532,0.0,0.0009221086927508522,311.51807
321,10,-1.7187334372416657e-05,10.538457600583316,0.0,0.0007750956863858269,190.41278
322,11,-1.4535249143672345e-05,9.326381112670902,0.0005737135661972894,0.0005952350228117148,43.44049
324,01,-6.5253165958961526e-06,7.280853728591756,0.00014880976241122009,0.00037462094703483867,-201.3354
325,02,-8.8568046297561e-06,4.634872235616048,0.00010614823585464838,0.0003650888354684262,-254.92308
328,05,-3.370682173148433e-05,-13.439136345319852,0.0,0.0006535041197075036,-88.01972
329,06,-3.4785863751151034e-05,-27.11431088460287,0.0,0.0008772879220370063,74.13126
332,09,-2.4569920312832332e-05,-1.9050392035590278,0.0,0.0011661635124005137,301.5584
335,12,-1.1844671387852061e-05,21.158474252352146,1.2561005930746755e-06,0.0005773151541380593,-96.8354
336,01,-1.3167410284109127e-05,32.71415653975292,7.495572490076866e-08,0.0005230013527154189,-193.18909
337,02,-9.635896793779033e-06,12.227102448962983,0.00012729246417681375,0.0005590188341237168,-244.5054
338,03,-1.969343553138324e-05,2.858439688077537,8.514286369405767e-07,0.0004028064890359467,-249.48482
339,04,-2.5420359923575438e-05,-23.728481532796227,0.0,0.0005033413915325177,-204.23602
340,05,-3.1186685044343005e-05,-23.42358186127037,0.0,0.0008101687334261413,-90.057915
341,06,-3.458860908376663e-05,-19.802041976589628,0.0,0.0009322974188374144,70.115204
342,07,-4.0491175616739144e-05,-14.380545316962786,0.0,0.0009613429224455643,223.98117
343,08,-3.430768915528969e-05,-11.902402343421853,0.0,0.0010274620080804539,321.34363
344,09,-2.677926907070085e-05,-2.246240928141275,0.0,0.0008591688969658409,300.3769
345,10,-1.4836711174446523e-05,-1.5530790907336818,0.0,0.0008285501714110792,184.44067
346,11,-1.4172945336880124e-05,15.984315191311307,8.570086956024171e-06,0.0006465871534172897,36.68579
347,12,-9.103623443880553e-06,18.67049515623687,1.9495038576023557e-06,0.0003995294160866323,-95.60082
348,01,-9.98381483742544e-06,30.50790186531313,3.1635838170205394e-06,0.0005276380488101,-193.09116
349,02,-9.733829621899499e-06,11.488472740085646,9.416011558181937e-06,0.00042143233519641003,-242.40845
350,03,-2.0140387961912898e-05,4.352542552004578,6.198341231192312e-05,0.0004389440757035161,-248.80363
351,04,-2.446588194630345e-05,-15.287676639472116,0.0,0.00038008468478427,-195.90292
353,06,-3.476253857051133e-05,-32.52892781643338,0.0,0.0008564286241224787,81.71219
354,07,-3.577182100015043e-05,-18.878891244211506,0.0,0.0011261872946572934,248.06538
355,08,-3.3834556450724496e-05,-9.036356891591062,0.0,0.001041277370647549,331.96246
356,09,-2.5189189388381943e-05,-2.5223080678304033,0.0,0.0009044781553824899,299.71503
357,10,-1.8222273044254205e-05,6.518695762716314,1.0895472700877858e-09,0.0008543528111196123,178.83348
359,12,-6.623100362498576e-06,8.910789440196046,3.1098793911677535e-05,0.00043185676473623153,-96.23949
360,01,-6.219402897665034e-06,13.638463789416898,0.00026115813434764905,0.0004136181822207933,-197.04373
361,02,-6.55127283612057e-06,7.2258432279314295,5.497220584324428e-05,0.00047579284143406164,-248.02905
362,03,-1.4006747319585248e-05,0.15545269151913163,4.5311066412156626e-07,0.0004989911271048672,-251.75189
364,05,-3.152253704363203e-05,-24.89160391596312,0.0,0.0007151075125502661,-84.56384
365,06,-3.4585202314802804e-05,-32.20444840494791,0.0,0.0007885755440597576,80.65335
366,07,-3.995988693131167e-05,-23.939954596078525,0.0,0.0009029157017727434,238.34526
367,08,-3.326769469126164e-05,-18.63527480389995,0.0,0.0010581389043553269,326.8869
368,09,-2.396435872586961e-05,-8.675344586181641,0.0,0.0009490466401233954,284.6007
369,10,-1.8213049179844e-05,4.716025361748153,0.0,0.0008116932342555208,172.47708
370,11,-1.3997967538165946e-05,28.005924584282763,7.164478302001954e-09,0.0006304514712387844,22.380444
371,12,-8.896478755051119e-06,9.686923075029926,0.0033527605789963914,0.00038589618015715004,-108.28548
372,01,-6.091251291421628e-06,2.9262350808420488,0.002126177963390145,0.0003629201125318107,-203.7131
373,02,-7.65345504045659e-06,5.717629487900508,0.0021790685525962285,0.0003673177904023817,-254.37605
374,03,-1.4227020407356234e-05,-0.1344084672825314,1.3550689143519247e-05,0.0004143901391054961,-260.39404
375,04,-2.4690822054900404e-05,-20.66956467929416,2.4727185567220055e-07,0.0004912910699575554,-208.95607
376,05,-2.827942739082006e-05,-27.387183430333288,0.0,0.0005531739490862218,-91.81854
377,06,-3.182083758476639e-05,-35.711798379855686,0.0,0.0008911056623261983,76.95613
378,07,-3.4407490462771055e-05,-31.11366353779454,0.0,0.0012401764772639779,250.97876
379,08,-3.27152816781925e-05,-15.088779016966459,0.0,0.0010051635737900273,345.5865
381,10,-1.8914465963579488e-05,8.677334267236855,0.0,0.000821376938233815,175.09961
382,11,-1.1904203317903414e-05,4.708053307088217,0.0002805316183302138,0.000539917925373298,29.326942
383,12,-7.738160395268594e-06,4.967533013128466,0.006288984498670025,0.00034308914540316133,-94.096565
384,01,-4.432973011169315e-06,15.641597058367989,0.000611914046349064,0.00040994079856436554,-194.83923
385,02,-7.274441715534998e-06,7.353929252261208,0.00014321758775483995,0.0005457368057977929,-247.2871
386,03,-1.235675504704564e-05,-6.3443144091534345,0.00019613219461133403,0.00039190909222795576,-257.14423
387,04,-2.5035789431644346e-05,-14.869033695136176,0.0,0.0005911379486306348,-207.35162
388,05,-3.0008848766624646e-05,-32.62149781881353,0.0,0.0006954327806093939,-85.44839
389,06,-3.4230032604055946e-05,-25.01744469502767,0.0,0.000881464317699061,77.10167
390,07,-3.7348723895911946e-05,-18.427609645064162,0.0,0.0009686399827052652,243.18486
391,08,-3.274760770019843e-05,-10.64563058373236,0.0,0.0011464830641275342,333.3612
392,09,-2.5484862159343414e-05,2.648160398695204,0.0,0.0010463940876720393,300.12106
393,10,-1.916051529891168e-05,8.726722329416583,1.6692376905871977e-07,0.0007127288467344178,176.52028
394,11,-8.12447487300637e-06,7.208228931681314,0.0,0.0006513960211994212,32.920975
395,12,-1.2744765838047034e-05,29.389911852764826,8.855871231325211e-05,0.0004817236066579237,-96.58539
396,01,-9.557997748420493e-06,23.492998173539362,3.76804490243235e-05,0.00043240021513436713,-191.65186
397,02,-6.941694202459045e-06,2.77444112036694,0.0013561625960229456,0.0004849237747458461,-249.45087
398,03,-1.1845709033173812e-05,-9.130659757880753,5.560450656439668e-06,0.00044616643216331627,-253.35153
399,04,-2.412122515035865e-05,-15.116672309705946,0.0,0.0005342435015494618,-197.54602
402,07,-3.9630504535585143e-05,-18.105863085346844,0.0,0.0010251161839649637,247.21118
403,08,-3.664081436780238e-05,-14.530181596981583,0.0,0.0010329766651933964,342.1817
405,10,-1.749340033099435e-05,6.576196681525118,1.6571373067876343e-08,0.0009416702161500776,185.58572
406,11,-9.782895505729057e-06,13.286790387301977,0.0,0.0004847364594485018,36.807076
407,12,-8.270612005098982e-06,23.135962751162953,0.0004308112231633996,0.0005064767144187343,-98.91872
408,01,-7.079607454118081e-06,9.77005108642578,0.0024007742763847433,0.000497766507189808,-201.39017
409,02,-9.82560560788399e-06,1.2790957768758144,0.0007189501410438901,0.0003367882807537607,-257.02643
410,03,-1.6003138249269338e-05,-14.11737674147083,0.00018706004465779953,0.0004201141621528276,-261.5841
413,06,-3.319209287441886e-05,-26.815010833062065,0.0,0.0008767861766169669,87.41807
414,07,-3.405638901301333e-05,-27.630988150319745,0.0,0.0009992564759155084,258.01672
415,08,-3.2683108437937644e-05,-17.84199171037572,0.0,0.0008798842714115641,347.6037
418,11,-1.2026654228591521e-05,13.685960133870443,8.762069013383654e-05,0.0006722915904273629,33.550125
419,12,-9.44601224512954e-06,28.97793200421077,5.1136837210706475e-05,0.0005743988471772425,-100.77449
420,01,-8.580053124215514e-06,22.96357862870411,1.0653635506988855e-05,0.0004570045449137564,-198.52242
423,04,-2.3883861623916246e-05,-16.521862002224392,0.0,0.0007145584834816368,-200.53593
424,05,-3.2321809314922687e-05,-17.350711201329386,5.8457146408737335e-06,0.0007860145196551182,-80.25244
425,06,-3.645346474101341e-05,-28.120134918891054,0.0,0.0007369192126624208,88.10928
426,07,-3.570791800838603e-05,-18.498887496784167,0.0,0.0012707728695600497,255.03992
427,08,-3.5946427165531874e-05,-15.756697428713563,0.0,0.00083940602619154,351.47305
428,09,-2.0748739615697153e-05,-9.244409510294595,0.0,0.0007514128688763474,318.56296
430,11,-1.0089955154782932e-05,6.784489759657117,3.112157185872396e-08,0.0007041661412425191,31.38983
433,02,-8.153189459681882e-06,8.31590086110433,9.767446773392813e-05,0.0003498088643584164,-248.09839
434,03,-1.5915630637317265e-05,-1.6360386480515998,2.4049384619600027e-06,0.00042303985436162447,-251.32649
435,04,-2.4346638547669703e-05,-22.934988667466907,9.625487857394749e-09,0.0005260060907692656,-200.66245
436,05,-3.070366395367009e-05,-25.76910455847299,0.0,0.0007177736570713329,-73.53589
438,07,-3.7615658574522775e-05,-25.170489753641114,0.0,0.0010782962788556474,244.72464
439,08,-3.326061218056918e-05,-12.586229408838417,0.0,0.0013657396460582901,341.1756
440,09,-2.5603061031688413e-05,-1.6679924726698132,0.0,0.0007566028229298049,305.5029
441,10,-1.3186316454061119e-05,-1.463842040031187,0.0,0.000853078227212879,182.01581
442,11,-1.4898132296588707e-05,27.46974549831814,4.5776367187500004e-09,0.0007983321246238999,37.146885
444,01,-9.004527324929857e-06,20.359526514525058,9.698816525038853e-05,0.000488436789451965,-198.90892
446,03,-1.4810545610421827e-05,-5.396197126162949,3.62938924502301e-05,0.00045848496732475713,-257.16858
447,04,-2.7581765115751797e-05,-20.820068422105575,1.3241238064236113e-07,0.0004367676396880408,-202.05377
448,05,-3.16294027814815e-05,-19.310568396455505,0.0,0.0007176550833915553,-75.154884
451,08,-3.3272750999810424e-05,-17.014684508621052,0.0,0.0010487866989167115,346.0816
452,09,-2.4645985519115736e-05,-7.889081433783638,0.0,0.0009151321535124882,308.6162
453,10,-1.526362983537594e-05,-3.798430909843855,0.0,0.0005933222717686742,180.504
454,11,-1.1750765303218536e-05,10.89123139716254,3.956906927956475e-05,0.0005619674263660951,33.26126
455,12,-4.447676278540448e-06,15.633635981405934,3.86891185596425e-06,0.000560933945176403,-96.21587
456,01,-6.416161365773257e-06,12.223324068787278,0.00022398640519829207,0.00038658891371489107,-192.89307
457,02,-8.18821650381367e-06,12.903916228158135,0.00023337035661651976,0.0005283647472425172,-247.00876
458,03,-1.5800369091061108e-05,2.527072602630943,0.0,0.0006005471790666234,-253.14204
459,04,-2.5679135762624757e-05,-26.331729773288306,0.0,0.00046593889041503434,-200.76572
460,05,-2.9667726341906155e-05,-25.198657173730993,0.0,0.0009037413714048589,-86.83035
462,07,-3.888270218750779e-05,-23.176640851420746,0.0,0.0012087215603821659,246.20882
464,09,-2.5415033401845397e-05,-5.530321179199219,0.0,0.0008053615700507684,307.44128
465,10,-2.0550294828412475e-05,15.281469091599986,0.0,0.000977998422354175,190.48068
466,11,-1.2597567349661808e-05,15.910226154920792,3.65040037367079e-07,0.0005069242515831825,49.14964
468,01,-8.493993727101315e-06,23.796599253992884,1.641540501707344e-05,0.0004060688798143667,-177.33794
469,02,-1.1806723732206594e-05,-2.6082788761683875,9.837871222268968e-05,0.0002829947456795624,-231.30254
470,03,-1.3339704251535219e-05,-6.768148279333628,0.00012620726580260901,0.00046114679775602243,-237.4027
471,04,-2.4140652476206825e-05,-8.481860700141059,0.0,0.0007254045517381757,-191.49591
472,05,-3.631899526441482e-05,-17.44638056798135,0.0,0.0007784020966188845,-69.56171
473,06,-3.447691067930363e-05,-33.33076165534125,0.0,0.0009423105013197868,81.64487
475,08,-3.324744642680256e-05,-25.59706884437479,0.0,0.0010718811275108415,335.1062
476,09,-2.7110998255941223e-05,-4.088550005425346,0.0,0.0010813803784312972,312.41626
478,11,-1.049799736220949e-05,11.533768935139973,4.4242540995279946e-07,0.0007007089032915043,49.248062
479,12,-7.425197422547768e-06,21.47761040308142,5.2109628595331655e-05,0.0005544804356621699,-91.76985
480,01,-8.170035396257738e-06,18.813249751593478,0.0003725200532585062,0.0004562786708415723,-190.85551
483,04,-2.786484313502215e-05,-15.88577495863173,0.0,0.0003912166226224751,-196.19556
484,05,-2.8741963674400066e-05,-37.081440074305384,0.0,0.0006720132131989082,-79.20787
485,06,-3.9525050331051005e-05,-23.208365014648436,0.0,0.0009900846631499234,86.24295
486,07,-3.625940142692049e-05,-31.74150496025496,0.0,0.001190152164367206,250.70917
487,08,-3.404563471354698e-05,-17.337182702177312,0.0,0.0009153493840614355,350.2395
488,09,-2.6543087166161665e-05,-4.24653964674208,0.0,0.0009920191406140525,317.61234
489,10,-1.8569231195137014e-05,10.235854191605762,0.0,0.0009659558784721729,197.6055
490,11,-1.0039879183467646e-05,10.335369747924807,0.0,0.0005838539287481886,52.444054
491,12,-8.260583359534854e-06,25.078029959073632,0.0,0.0006186688043578876,-88.49855
492,01,-6.012859741277161e-06,22.106840989635838,1.4043623401272683e-08,0.0005441964545661171,-182.49628
493,02,-1.5386156723984276e-05,31.748662168305497,1.7729275528041798e-05,0.0006172183049920366,-231.43213
494,03,-1.9840231885472768e-05,-1.8349693298339842,0.0,0.00044156570029401656,-232.73093
497,06,-3.546342912159163e-05,-30.903872137790252,0.0,0.0009531023765690003,97.17452
498,07,-3.552329937512147e-05,-24.55973527871409,0.0,0.0011676926252908862,258.2974
499,08,-3.48960954878191e-05,-17.491402352609946,0.0,0.0011642942770002831,356.70218
500,09,-2.4679065476549213e-05,-6.537764871215822,0.0,0.0009814041400650556,328.77286
507,04,-2.588563685021654e-05,-27.98602328389486,1.457011964586046e-05,0.0003414452638194754,-180.04987
508,05,-3.230829694098981e-05,-22.4746828918457,0.0,0.0005485733494364279,-63.365654
509,06,-3.7502937650666964e-05,-26.38411481492784,0.0,0.0010744130859948195,97.00296
510,07,-3.6336240956178925e-05,-19.074829963273896,0.0,0.001075812178065009,263.6657
511,08,-3.444879628501263e-05,-12.903870650096605,0.0,0.000943864032105035,350.02133
512,09,-2.3354238802332672e-05,-7.743464881388346,0.0,0.0009716396207307595,324.2151
