,month,MER,MSSHF,RH,VW,z
0,01,-7.186377549426466e-06,5.464709561255669,62.6901256937955,-3.7666581846052605,-13034.152
2,03,-1.408509512223264e-05,7.08405715679866,62.090667984242096,3.9315372702485787,-8994.124
3,04,-2.191347909663616e-05,-15.59233038906521,62.41300571294825,1.0740941146002878,-3430.562
4,05,-2.839083756912113e-05,-16.16055940262989,64.02205650719006,8.630355046979844,2593.1116
5,06,-3.330413338050373e-05,-22.16353809509278,52.028707694198026,3.2090791480382284,9041.108
6,07,-3.0671342559486147e-05,-22.637875941122733,53.00265082314577,-5.838931852156116,12590.164
7,08,-2.8487004876296853e-05,-12.56110269165039,50.14281140049425,3.1812677038664456,11183.715
8,09,-2.3132900744369383e-05,-4.023202255249023,42.3501046719922,-0.510687753507826,7491.543
9,10,-1.6345863611966567e-05,2.642213581372333,56.92965585534547,5.778387170791627,645.96326
11,12,-1.207531024335357e-05,24.691616260159407,64.98245628347064,-0.28389227742020834,-8632.07
13,02,-7.359469057738698e-06,6.865867059466484,53.581606617508264,-0.3616500237782795,-13617.613
14,03,-1.4070489600584629e-05,-6.186828353717764,55.02083505403355,0.9811663906958793,-10427.848
15,04,-2.282624180893941e-05,-17.872287172783746,48.97103869282801,-9.524053100861446,-4151.7217
16,05,-2.9285246377967465e-05,-30.998830406271004,47.47244699586335,-1.0137218133249581,1752.7109
17,06,-3.014735746900341e-05,-26.066622504679362,62.37913317463399,2.5734654588063557,9069.48
19,08,-3.1051088017916934e-05,-11.540256553403795,47.008779259716306,-0.9145211367658391,12186.525
21,10,-2.1172643707369163e-05,7.590982919672484,58.4636376896443,0.00958403039747691,519.0746
22,11,-1.4279194747299093e-05,14.235161112806532,54.54851769668525,-4.371212425486247,-5570.3623
24,01,-7.860688640385075e-06,20.899533713063885,47.875411116570554,-14.993898111712548,-12698.994
25,02,-8.991757432514056e-06,2.888394768487839,50.11619150138895,-5.97966216750372,-11562.841
27,04,-2.2320882245185202e-05,-19.334173597547743,50.02077896680037,-3.2069450362735323,-3030.2178
28,05,-3.0310256707952082e-05,-17.47440350473055,59.34436809112436,7.16871375371051,2595.5103
29,06,-3.0904296795920855e-05,-15.787571440294057,51.69619375912348,-0.5180842866049874,8215.224
30,07,-3.173775886429094e-05,-20.80200322239373,49.75860673643311,-0.9555403572000489,13418.519
31,08,-2.8741253340065727e-05,-19.03508228654759,42.77699926753197,-5.737638261405371,12478.295
32,09,-2.269007780640903e-05,-3.5648343312581385,46.85175361700852,6.289416321606107,7779.8237
33,10,-2.174942796122078e-05,9.781940688922843,60.93410625634399,2.4850872046152754,2069.893
34,11,-1.4328458308167076e-05,19.586548003133142,54.57233108670976,-11.457353041140237,-5311.3438
35,12,-7.687594037497059e-06,8.885675470167591,67.75924336626196,-4.769642162630634,-10065.311
36,01,-5.276928763964617e-06,11.574925520045783,58.01885871766587,-4.891109149317589,-12782.653
38,03,-1.6001877676116956e-05,1.792558938959594,55.95160838729334,-1.5734310661233883,-9527.03
39,04,-2.3437909088230905e-05,-21.874123499891493,46.11000325809585,-12.943029245885215,-2452.393
42,07,-3.416977696542745e-05,-21.999847670688425,39.2781192299025,0.7331812882782313,11960.402
43,08,-3.1963929242763654e-05,-15.790871219429917,46.55304641459066,3.203157168829313,11923.33
44,09,-2.1331834113273846e-05,-6.238656323920356,43.43915766518911,5.005797420205011,8147.2266
45,10,-1.6551261839878706e-05,3.491510892150223,54.79260846710333,3.9553702151800993,1832.603
46,11,-1.519573135911843e-05,20.401449884033198,56.70156626680825,5.924383153004117,-5391.238
47,12,-1.0313162028783104e-05,17.753608460457098,55.75187243828721,-1.7107022496705413,-9734.176
48,01,-1.1369238679367056e-05,31.70380508160335,51.86229076744793,-7.28827055961855,-12114.27
49,02,-1.1685804688698098e-05,2.732715975443522,46.129101684696614,-5.2380526352155785,-13644.098
50,03,-1.3839232150540515e-05,-0.5926843497983868,57.115805566785156,-4.877558255903184,-9401.537
51,04,-2.090864053300013e-05,-10.60586452026367,65.75529212030038,7.622805477269491,-3068.9062
52,05,-2.6606813441591635e-05,-11.409518621957432,66.050863289825,8.684080295788345,2236.2544
53,06,-3.6603149109497395e-05,-25.008415187242296,46.266101067479454,0.1501536730660332,7698.5005
54,07,-3.282222612492611e-05,-33.091220865229126,44.1499227373741,0.5349078274183373,12285.228
55,08,-2.6941880611302234e-05,-27.08358682743196,31.77761535606461,-1.2125626575510984,13158.9
56,09,-2.725831751290065e-05,0.9693071214463977,44.86737590899468,1.751585998386807,8061.655
59,12,-8.522425015388596e-06,21.808005747805364,57.410435429080856,-2.6570578389526696,-10134.029
60,01,-1.1848107099418698e-05,28.771229348787696,56.9102486772409,-1.8171058356992653,-11829.275
61,02,-9.682757584759485e-06,6.4267875001403105,47.08914505602986,-7.605639194422754,-11571.639
62,03,-1.3818876191033916e-05,-6.2181760956138685,56.610379949503034,-2.6351272446211946,-10291.958
63,04,-2.3066575134180317e-05,-21.124448284233942,53.13685258980724,-3.7798098264482283,-3492.5474
65,06,-3.0384449369921637e-05,-25.249517172580298,53.14751710217263,-5.382480461120606,8193.589
67,08,-2.8069958612225798e-05,-17.017802792784988,42.472240740586344,1.4394752741577808,12297.871
68,09,-2.2138291550658728e-05,-0.809648367987739,66.94727416271104,-1.9586343215306596,6675.5635
69,10,-1.5594664512004833e-05,12.420039781796033,52.5519555827328,2.1388998153030228,968.86774
70,11,-1.2000811908506469e-05,17.20852971835666,62.11537896577253,9.75799302626716,-6442.4277
71,12,-7.343828446024142e-06,12.754345215500043,59.86620702467682,0.8407210145560645,-9715.357
73,02,-7.646551471441942e-06,-7.170963860648018,49.17462651499538,-8.188289751120978,-11648.706
74,03,-1.1304150707112197e-05,-2.56875498781922,68.34861116093205,0.883263510611749,-8794.788
76,05,-2.800802443084893e-05,-16.149492612120927,55.7763452255995,3.582993253482286,2113.1636
77,06,-3.090711121482552e-05,-17.990251360066733,61.34983533646531,0.5723389233907065,7205.4424
78,07,-3.447742918110781e-05,-15.274860501197074,50.75858460182529,1.9624681110997348,11529.641
79,08,-3.3271033724499884e-05,-4.3656862228557625,49.79625837316948,6.747224802570958,12304.724
81,10,-1.5745955748394817e-05,1.4800897167574978,41.847355274659336,0.5071230077846077,1597.9746
82,11,-1.5779393952086846e-05,2.730464919026692,53.6031213278585,-4.4680131394492255,-5245.1675
83,12,-6.748697063030508e-06,22.216181771555252,62.92255071562849,0.4556928207233385,-11314.617
86,03,-1.09558865346488e-05,2.199697240357758,53.96111336709735,1.529696232846988,-9242.163
87,04,-1.9242588071877733e-05,-14.953707265557181,61.57429541588492,5.869092054367065,-2486.3286
88,05,-3.1224375424332516e-05,-18.680161248648037,54.14751819698144,8.900653361905007,2778.9456
92,09,-2.1116000810717296e-05,-5.870355172729491,52.886519872754164,-3.8961140452067053,8262.451
93,10,-1.7202233669146365e-05,6.4104873591597356,48.62927366667281,1.2270836029257823,1613.5352
94,11,-1.2770530823662637e-05,20.62896745435927,57.76803370095226,2.6885640857060755,-4968.7754
95,12,-1.128779906788603e-05,28.043287035542146,58.52688881322774,-3.9448398696120077,-10512.486
96,01,-8.849628261046861e-06,-8.473066081057311,52.03738375666833,-10.992317990600421,-12984.496
97,02,-5.771432554432804e-06,6.824847212655203,67.52644709656069,-2.305479620888119,-12064.586
98,03,-1.3287096029671374e-05,-5.803373095440609,55.151999684815046,-7.2440210121934125,-9393.596
99,04,-2.2575659647211267e-05,-11.442104777696397,52.015024873095086,0.2727976148605345,-3850.3354
100,05,-2.791426425801057e-05,-28.103053294192083,60.924986691195485,-5.130835388368177,3014.2659
101,06,-2.8837502824555686e-05,-20.989433822292757,61.5306473079814,3.1211598950915858,8467.438
102,07,-3.379324687933062e-05,-20.07741719498173,55.40260847481861,-0.3532960533019038,11756.423
104,09,-2.5696148892024614e-05,-3.969099077690972,51.22118268649578,2.196264123302036,8082.435
106,11,-1.2423982501220758e-05,8.69252590874566,58.77474638277293,-4.4051263535393606,-4796.397
107,12,-5.659096497726741e-06,10.619382738339004,50.16868590621025,-2.9305631152942615,-9694.118
109,02,-1.553154618433063e-05,17.196350676788683,61.10995617006565,-6.142772103408288,-12472.414
111,04,-2.4692344382775542e-05,-22.74501348402235,55.09817502149212,-1.7053315254635282,-3437.7373
112,05,-3.182606770285695e-05,-15.882362545546664,52.83810746537357,6.448995066488942,2587.0552
113,06,-2.7714982728361462e-05,-28.63852083367242,47.29024293223089,-3.5400914671579997,8659.232
114,07,-3.385038605679304e-05,-9.511822006717805,59.07058047961163,6.8323721847123995,13018.379
115,08,-3.211179117533902e-05,-13.866469908683532,47.473473327189375,2.628318884675221,12540.283
117,10,-1.6347254436593455e-05,7.273599919801116,47.520342997120274,3.924836768201601,2122.005
120,01,-5.490775168401608e-06,12.580168148245866,46.32122026583841,-0.17765723320745627,-10991.808
121,02,-1.1993180484209699e-05,15.243881237211681,52.799659086113884,3.106950273581913,-10440.894
122,03,-1.7582771425163286e-05,5.919001820882161,61.97907953674307,0.9141703075901154,-7854.27
123,04,-2.3728384267512105e-05,-15.711892689005532,62.36782957411343,5.176459208255344,-3116.0425
124,05,-3.2913617601255e-05,-32.404015432706444,43.15242019264416,-1.0060280780382052,3778.4536
125,06,-3.3498540398290464e-05,-35.047065074327264,55.710710440916486,-0.8146940553241305,9207.826
126,07,-3.3625666249610085e-05,-27.510599928661055,42.19065745926929,-5.965661229246407,13929.842
127,08,-3.0036708770112647e-05,-17.0266568734774,43.458151734339296,-1.1468217086586903,12070.068
128,09,-2.1827326350689368e-05,-6.781363076782227,44.02462579022247,-1.0855375805324978,8469.328
131,12,-7.719866410816296e-06,20.033501539989185,45.286219627095804,3.374046808632471,-10400.562
132,01,-9.708490018202875e-06,23.531725362798216,54.619796854420386,2.2783597749689575,-12858.736
133,02,-1.709957590030951e-05,31.83555304718018,59.52337883048256,3.3738418606576466,-9929.365
134,03,-1.7018775953137494e-05,2.372058311872584,47.98838851665681,-3.703874424616497,-6736.041
135,04,-2.7999317039636173e-05,-19.276666238742408,46.732171709169286,-2.407902050060696,-2526.3867
136,05,-3.125298669270236e-05,-34.3688931694441,36.06377147361027,-0.4548254154984667,2812.6196
137,06,-3.068480971400681e-05,-23.63770078192817,52.16888050745726,3.9676137081358167,8574.558
139,08,-2.897321149455781e-05,-28.290339532667595,47.590817581110095,0.09266292079802467,12518.423
140,09,-2.7407515947157255e-05,-3.6402964202880854,48.108384553693405,-6.767911235004002,8057.4565
143,12,-1.0178729378000547e-05,19.264495642221096,49.02194799312469,-4.244458656290527,-7637.821
146,03,-1.2629808311264428e-05,-0.5304674036169569,53.76618897918476,3.679436902446132,-8302.573
150,07,-3.606362330103894e-05,-12.26554677852508,46.37869990175771,3.502324325315414,12235.265
151,08,-2.9805839779475068e-05,-22.79464663072811,38.70661156831249,-1.1765128447214765,12697.926
154,11,-1.4646135411648073e-05,14.444811823866104,60.08639300202131,1.6261124956766764,-4200.2764
155,12,-7.654158530845394e-06,17.942148733159545,42.031411531264894,-8.3346434656779,-9278.174
157,02,-7.568776633878318e-06,10.513905402874128,42.596786469010105,-4.960775098691043,-12023.346
158,03,-1.6743815379482177e-05,3.675611719931326,56.535387553599556,-5.972428818959062,-8783.765
159,04,-2.3724830210206465e-05,-12.979907084147134,60.15185276207658,-1.8858808835771346,-4358.56
160,05,-3.502280750303383e-05,-18.415903687507882,37.98684394011575,1.5834636519647416,3242.5708
161,06,-3.339920427913765e-05,-25.873405965508358,43.36981476617124,0.20037269441816533,7454.26
162,07,-3.3542465003026134e-05,-26.574038988010855,46.61348771423679,2.7526454527044804,11173.879
164,09,-2.5466491539959356e-05,-1.4094354346381297,48.6797681992597,4.871189140446982,7616.7295
165,10,-1.9484351597922247e-05,1.9587082073252686,58.379234332862715,-2.175138033138808,1702.8875
166,11,-1.321692710625939e-05,23.694389510769323,50.96693710040848,-2.830467434925503,-4757.868
167,12,-8.425528942156701e-06,11.411874493342573,45.69198678764476,1.79938270771888,-8465.453
168,01,-9.715480358609446e-06,34.39173987899288,57.42208674485646,-2.1686067230265627,-11338.52
169,02,-8.449411843078754e-06,-1.1622854381742926,41.2482318814184,-7.902738267875852,-11660.208
170,03,-1.4966802825774622e-05,-6.011914413616221,42.24266758934657,-7.480420348013602,-9114.307
171,04,-2.191761210872048e-05,-4.539731902737087,59.59964808656376,4.336087137201097,-4880.1074
172,05,-3.0932743489659034e-05,-26.541132331437964,51.168041845343446,4.809687152677967,1793.1528
173,06,-3.281592492067931e-05,-24.277929318237305,46.836056776909025,-2.820804222467211,7352.319
176,09,-2.2725771390226628e-05,-2.4448908416748045,57.50485973500145,2.567192783037821,7244.8174
177,10,-1.798888249350155e-05,2.3637267239478326,43.9463890340828,3.3335509971905783,1812.965
178,11,-1.1587640056374466e-05,-1.8295716874864363,52.225245416957804,-1.362627434709337,-4328.62
179,12,-9.250304196792702e-06,31.236705364924607,64.63241229699248,-2.3895911745461094,-9242.338
180,01,-8.814763398506955e-06,28.086010490499522,59.814965074129006,-2.550082951761061,-12328.387
181,02,-9.681430163471391e-06,-2.9269207930791947,54.97462990093799,-1.1560002459117344,-12578.162
184,05,-2.8615912740195944e-05,-19.306992470361852,50.8592781971834,3.848988206781366,2254.6812
187,08,-3.527003988845888e-05,-15.806742182249662,41.714041907468136,2.5525207887670045,12582.666
188,09,-2.649383951805552e-05,-2.2674784339057075,50.77799905458556,2.5801398991478814,8968.709
189,10,-1.8016295581522476e-05,4.47270425086893,52.33998963107474,0.06765352751619064,2798.2112
190,11,-8.92097842036795e-06,12.752254605102538,55.27824593100681,-0.3912592182583275,-3383.7026
191,12,-1.093666692604627e-05,22.757288210632986,53.902280609893545,-0.4517669412141207,-9243.344
193,02,-1.271823695051786e-05,20.178666164579848,60.9734689490412,-0.782204506329128,-11494.992
194,03,-2.219248033328259e-05,-0.5256330294045062,56.57506640008187,-5.375294921936527,-7872.547
195,04,-2.3056703787511248e-05,-15.611610607231992,48.9374839578549,-8.217882198884753,-3937.1877
196,05,-3.3250014936618425e-05,-29.631465932538433,52.844916530618114,1.762601557700865,2264.2302
197,06,-3.44918315846169e-05,-24.446217814466692,49.08188772321145,-4.784962304306031,8507.414
198,07,-3.591561413959817e-05,-25.92438248894804,39.340810654867084,2.4434866078284476,11763.101
199,08,-3.331847033315239e-05,-31.29434137422295,33.68999910253863,-6.406313635016001,12202.5
200,09,-2.6222378082234683e-05,-4.395296908230251,54.09243484116659,0.612849772156609,7539.0166
202,11,-1.3042386322538529e-05,9.068964893934462,58.53600206141338,-4.377470945951673,-4078.3926
203,12,-8.991161045966975e-06,-5.598886509064706,48.51484771922968,-2.867056723256265,-10585.066
204,01,-7.460320452180465e-06,-0.4728464959257379,45.67560021059616,6.124564749543385,-12548.819
205,02,-7.544903639281147e-06,5.38362545916678,55.18347650017959,-2.21206523458985,-11504.168
206,03,-1.2827322511164368e-05,-10.990242480862525,51.72073062135199,-7.0827326481316675,-9011.716
207,04,-2.0502408365953464e-05,-21.604367342122394,58.54018084150156,0.9496918742709688,-5120.643
208,05,-2.4253428110207234e-05,-26.022296560964275,51.92535755428705,5.224901751507995,2879.8745
209,06,-2.8253365109311642e-05,-38.732165323215064,41.61192797080808,-2.092028507275052,9016.924
210,07,-3.142641031134248e-05,-27.054918192217425,49.82263012584947,-3.1049256038050506,13289.422
213,10,-1.7171301486478214e-05,8.106230379494288,51.02844809201841,1.0061798058786697,1743.3601
214,11,-1.4551765714713837e-05,14.46901237657335,58.72207561985916,-1.5732026177512282,-3681.9136
215,12,-8.836182103413613e-06,1.1414017176474303,51.832999992789766,-1.747326027634323,-9284.347
216,01,-3.583592048936e-06,-1.2817189340899076,35.36421269791357,-1.3202002071257561,-12690.58
217,02,-9.97768289436776e-06,28.48145621345157,61.04910012837534,-0.7881853435834248,-12124.778
218,03,-1.2413017713795421e-05,-3.0697627356744577,49.8996438915832,-7.647408246809437,-8818.327
220,05,-3.085946982284968e-05,-22.07697987414944,55.658551038389554,0.9932646831184299,2031.794
221,06,-3.476727682935032e-05,-20.254541469319665,56.16686724849277,4.90637015830146,7819.743
222,07,-3.376502295814329e-05,-20.43258258581674,48.29218798171063,-0.6637979181966475,12152.356
225,10,-2.0736059433235615e-05,1.8364669255082322,46.07108195983722,-9.586813698840396,1922.8486
231,04,-2.2395207648413717e-05,-10.670934447903104,67.35853829729425,8.915542415809632,-2440.232
232,05,-3.182257207745645e-05,-20.036693252071256,51.31070372274871,-0.6871010359282137,3850.2817
234,07,-3.6390916169732936e-05,-13.917790471887077,46.5719772114318,-1.1335652676243932,13442.448
235,08,-3.4686337675251e-05,-19.754633603331865,40.27667498864153,-4.290398413873488,13804.551
237,10,-2.3367591303340108e-05,14.50471792602539,57.49670259841796,-2.384550996001049,3221.8413
238,11,-1.186565926222506e-05,4.6568576497395835,50.09492808050447,-6.541430208015441,-5558.543
240,01,-9.430198710966792e-06,24.63400003675235,61.44896206574927,0.13767809711989554,-11376.369
241,02,-1.079772392194216e-05,13.779260249546594,59.85849182345754,-15.095687816460925,-11174.201
243,04,-2.54553507465769e-05,-17.42901027967665,53.24983413987689,0.7264303844663831,-2259.7375
245,06,-3.759346314859108e-05,-24.964019442409946,49.104056137108806,2.4077966739866468,8781.904
246,07,-3.775679561435789e-05,-20.12216363230059,34.70881050790896,-0.9507721068679647,13156.672
247,08,-3.318467006672979e-05,-13.657699137697938,45.50563225292391,1.798294270935879,11941.295
248,09,-2.59650643648355e-05,-3.5717024329291456,50.26974016195536,7.428677170393202,8120.7656
249,10,-2.1588807777500546e-05,5.981483147405809,48.24640764357326,0.7620047189240815,2175.9302
250,11,-1.3179962080519347e-05,12.654008286878799,52.50058610761298,-5.3083783276663885,-3764.7825
251,12,-1.3700721242369786e-05,27.986750325848984,63.54783165261822,-4.7865400395137,-8068.6387
252,01,-6.553396535759588e-06,18.42038040095504,45.80448549491872,-7.92022200951525,-10206.041
254,03,-1.4517082142339604e-05,-0.5979741453765541,58.83941007500695,-8.101139608444708,-9439.321
255,04,-2.355722367422762e-05,-12.813957029554578,60.681698268123455,9.074070477824739,-2864.5225
256,05,-3.550879427684679e-05,-19.147158501081563,47.704144963514416,4.448491038230157,2929.0784
257,06,-3.750390542944741e-05,-27.016546727159287,42.780413097916714,1.1058663845909962,8797.685
258,07,-3.168135436499142e-05,-21.668345875401656,51.88578506780696,-2.328411767098212,12830.389
259,08,-3.0941285219664524e-05,-19.063545700565466,39.65101154342005,3.485725751159012,13294.376
260,09,-2.4486756719630248e-05,-2.020394458007812,56.817002186003,3.919733715248108,8200.381
262,11,-1.5146696185204038e-05,20.892512133110895,68.07071139411661,10.206042723104686,-5211.2334
263,12,-1.1904006665214989e-05,20.81303864280127,63.79751548051194,4.44023334568803,-11359.563
264,01,-6.723928980547147e-06,14.384707934964087,53.25762820807451,2.9121106677311723,-12932.006
265,02,-9.421481274265325e-06,7.153048214503697,61.79020408172125,-5.243323249499004,-12708.576
266,03,-1.3063552253355424e-05,-6.242824222359606,58.59238742218351,2.0673602820775843,-9061.061
267,04,-2.4765318735565716e-05,-15.737299090576174,60.65160554169682,-0.14914724131690124,-2409.7178
268,05,-3.372209000100225e-05,-25.790908090242777,45.58359570831253,1.627706267162036,3721.9033
269,06,-3.303585196628976e-05,-31.827683939954966,48.06642211600013,-2.844979031266107,8356.152
270,07,-3.6646507612448495e-05,-24.41304970722813,43.035889669943884,3.3910846430050428,12987.634
271,08,-3.349079792080317e-05,-13.273838911159066,49.470468634774605,4.783530526397049,13160.749
272,09,-2.8629883362433853e-05,-3.361749937269423,60.89090815499625,-5.33470389275021,8150.2646
273,10,-1.872843477780094e-05,15.499699002173642,52.0420637966638,8.002227872540873,2221.7053
274,11,-1.4045017091525046e-05,9.019137569173179,50.75557469189433,-9.810931996197173,-4228.582
276,01,-6.60295483731882e-06,23.604068570044735,51.65779350411636,0.24362739111787537,-11369.699
278,03,-1.718439095667989e-05,-2.8514695644583754,52.573686629964456,-3.643759417421075,-8714.8955
280,05,-3.0134792006426703e-05,-17.31557953963741,52.31226475243542,8.87116875646448,2629.3145
281,06,-3.5836119472898846e-05,-20.466573669433593,50.7506326838851,5.354612818103367,8094.6094
282,07,-3.594073215623134e-05,-17.96138944137737,48.60045512300026,2.8066557161474734,13498.475
283,08,-3.0240783373966385e-05,-12.41071590333344,52.640142950275894,2.9107890031876105,12576.891
284,09,-2.726855740998468e-05,-6.606480073716904,41.46046437310777,-4.940236078113981,8698.31
285,10,-2.2813934475604865e-05,5.003235001430717,55.25826176021304,-1.6580593323451214,637.3625
286,11,-9.433203981300014e-06,10.082439758300783,57.335292302331666,3.1934507407718233,-6329.97
287,12,-9.155090198257839e-06,-0.601292420089886,52.83887711868107,2.2550676486517793,-11306.189
288,01,-7.996820467572737e-06,16.024269751435966,52.92226850532075,-6.687711740042573,-12373.18
290,03,-1.4304734281419465e-05,-4.024482163624097,45.80751552796749,-1.8552307312462917,-9065.301
291,04,-2.383696288773839e-05,-17.2942943037245,47.44735419490735,-3.901022283871968,-3048.1833
292,05,-3.0977665722578726e-05,-19.48317038226384,57.695412786129985,7.087039322309597,3950.4312
293,06,-3.491794925367785e-05,-29.63445593295627,48.58540389312637,3.9237639763090355,8068.944
294,07,-3.637924248004731e-05,-25.786057973554062,44.12265574810709,2.256303321858889,13236.485
295,08,-3.1032737283929096e-05,-31.771135562691633,39.36124998163152,-0.9488135915366548,13124.824
296,09,-2.437035215904568e-05,-12.497950702243381,40.21523504180775,-1.3662211480670508,8966.992
297,10,-2.1305207502659715e-05,-2.352458050143333,49.86598729915773,-3.9558025068672755,2286.1782
298,11,-8.746191556262298e-06,13.336127873399521,55.471923015075255,6.3600499339209655,-3016.7317
299,12,-8.986315398414586e-06,16.75842543636855,56.42778465677845,-3.4697213137842007,-8585.029
300,01,-8.992702947169514e-06,20.66453995308825,64.87525535803712,-7.858934863285351,-12580.3955
301,02,-1.1818901434843997e-05,12.780648606925178,58.06078212638148,-6.535059127676075,-12047.252
302,03,-1.5225630396960167e-05,1.0669384965794064,50.376974003080406,-1.138047160363966,-6940.454
303,04,-2.4217375733618005e-05,-11.611916856553819,59.49211039767795,2.7121691885206443,-3983.883
304,05,-2.847669872224737e-05,-31.81054322043798,50.857990436966695,-4.050122515422042,3035.0605
305,06,-3.421590459786078e-05,-30.121984181382924,54.56608841220009,-2.826415734630161,8656.336
308,09,-3.09724094837697e-05,1.3779368174235027,41.60773183429904,-2.9949600599924717,9221.102
309,10,-1.9737982986943505e-05,10.8786054316695,45.96995730125903,8.574271400144022,2688.686
310,11,-1.219442167142309e-05,8.63346869269477,52.650442458646836,-9.378043831952414,-3200.2627
312,01,-1.0532949036563073e-05,27.835473567839585,50.62756816835045,-11.788157165014617,-10864.271
313,02,-1.0796667724878803e-05,1.9850640389578682,54.967533898224424,-9.640787719771975,-11010.35
314,03,-1.2645556585016247e-05,2.2825399281491516,62.992716266741034,-4.314629368566698,-9801.205
316,05,-3.3327865934669755e-05,-23.83920729967343,52.369123788558014,2.0688526762480377,2697.59
317,06,-3.715115132452208e-05,-30.632264646063906,50.84424858076307,-2.855177613343133,8324.684
318,07,-3.409394384040644e-05,-23.561669685609886,47.80977541725482,-0.12447588444781559,13343.326
319,08,-3.320200081173924e-05,-14.21000237282374,41.28222914207624,-2.113699344163299,12854.43
320,09,-2.545146969718593e-05,-6.704652192857532,39.75358392157654,0.2588362180709841,9638.955
323,12,-9.12172876785682e-06,14.485518746324761,56.37181309181387,-10.295047618948002,-10105.85
324,01,-6.5253165958961526e-06,7.280853728591756,43.42763289413273,-3.6792645613557546,-11500.547
325,02,-8.8568046297561e-06,4.634872235616048,55.29220876641359,-7.89652470570519,-11312.135
326,03,-1.3873502668170125e-05,-4.782673361173239,59.930227692120816,-4.117894217727005,-8618.457
328,05,-3.370682173148433e-05,-13.439136345319852,55.415879218805216,2.0604650645307303,3678.6245
331,08,-3.203818718891423e-05,-14.970106861073484,56.166526000266416,-3.52028442745824,12892.875
332,09,-2.4569920312832332e-05,-1.9050392035590278,48.50952039943403,5.070309681532119,8796.325
334,11,-1.6638314112929544e-05,21.698549422539603,51.20864173750348,1.2719425642437405,-3395.6602
335,12,-1.1844671387852061e-05,21.158474252352146,51.61357204472506,2.7641417285755114,-9086.113
336,01,-1.3167410284109127e-05,32.71415653975292,54.798027210791915,-6.19178593167951,-10313.794
337,02,-9.635896793779033e-06,12.227102448962983,62.05461917357218,-0.014211802573431147,-12581.222
339,04,-2.5420359923575438e-05,-23.728481532796227,35.425640993569964,-3.46331045973036,-3806.717
340,05,-3.1186685044343005e-05,-23.42358186127037,55.67473245647261,3.6249730836191487,3210.3816
341,06,-3.458860908376663e-05,-19.802041976589628,51.81401281598541,4.854381080479092,8746.104
342,07,-4.0491175616739144e-05,-14.380545316962786,51.51913973191349,4.963316324623683,11977.156
344,09,-2.677926907070085e-05,-2.246240928141275,48.58724766878287,-5.713435930930243,9115.108
345,10,-1.4836711174446523e-05,-1.5530790907336818,46.4751422240952,-5.4607639956935765,3300.3745
346,11,-1.4172945336880124e-05,15.984315191311307,55.0159122577058,-11.158009668244258,-4771.749
347,12,-9.103623443880553e-06,18.67049515623687,44.72693699303237,-1.8565782344777098,-9065.727
348,01,-9.98381483742544e-06,30.50790186531313,59.32570013750177,0.586831203993931,-11645.635
349,02,-9.733829621899499e-06,11.488472740085646,43.235250111784055,-1.961968575159709,-11776.699
350,03,-2.0140387961912898e-05,4.352542552004578,67.29393991330491,-5.924768195429157,-7485.0713
351,04,-2.446588194630345e-05,-15.287676639472116,50.48518859204715,0.7828483831617562,-1659.2081
352,05,-3.326288808405293e-05,-18.37616691179173,46.32872357566895,3.5619684459522207,2203.9146
354,07,-3.577182100015043e-05,-18.878891244211506,53.425692884929724,3.024764808859876,12838.51
355,08,-3.3834556450724496e-05,-9.036356891591062,49.02626591384924,4.132854468827607,11966.488
357,10,-1.8222273044254205e-05,6.518695762716314,54.30898137165141,3.4220286894357335,3266.017
358,11,-1.2143508331428165e-05,12.723418456013999,55.05112889809742,-2.265666114022997,-3655.4702
359,12,-6.623100362498576e-06,8.910789440196046,51.189781416840454,-4.5166699999737485,-7749.927
360,01,-6.219402897665034e-06,13.638463789416898,56.756673166043,0.47961315901561447,-11230.707
361,02,-6.55127283612057e-06,7.2258432279314295,62.426701213981424,-11.307820014227003,-10730.514
363,04,-2.2896213735516033e-05,-13.763160278998479,44.90089633327524,6.029264274046157,-2854.6914
365,06,-3.4585202314802804e-05,-32.20444840494791,47.13420631794532,-1.996933453241984,8015.0137
366,07,-3.995988693131167e-05,-23.939954596078525,46.67216465320125,5.637807804107666,11888.781
367,08,-3.326769469126164e-05,-18.63527480389995,42.41847231385144,4.007808858727896,12259.754
368,09,-2.396435872586961e-05,-8.675344586181641,43.626415080409586,-3.429848154513041,8938.699
369,10,-1.8213049179844e-05,4.716025361748153,49.256211021474606,-7.069426254600609,1243.0908
370,11,-1.3997967538165946e-05,28.005924584282763,63.3120259418408,7.551464518504671,-3996.371
371,12,-8.896478755051119e-06,9.686923075029926,62.37685010996686,-0.943810666238108,-10764.531
372,01,-6.091251291421628e-06,2.9262350808420488,60.36061479552843,-4.786219943220897,-11990.922
373,02,-7.65345504045659e-06,5.717629487900508,61.53230691539674,1.1087709607850937,-12876.176
374,03,-1.4227020407356234e-05,-0.1344084672825314,56.345688745778084,-3.83277569327816,-8837.309
375,04,-2.4690822054900404e-05,-20.66956467929416,50.227940069592,-3.325235909144084,-3163.9436
377,06,-3.182083758476639e-05,-35.711798379855686,43.71565713060168,-0.32030451049804715,9446.338
378,07,-3.4407490462771055e-05,-31.11366353779454,49.13440625845617,5.159846364482757,14079.428
379,08,-3.27152816781925e-05,-15.088779016966459,50.057286181364006,1.433999930351012,13806.884
380,09,-2.3803562745282155e-05,-1.7829848341200085,47.799041656389505,-1.4900869473775227,8402.762
381,10,-1.8914465963579488e-05,8.677334267236855,54.52403665949838,-0.012806594397432208,1786.4221
382,11,-1.1904203317903414e-05,4.708053307088217,64.34552551558414,2.2457498138851597,-3285.232
383,12,-7.738160395268594e-06,4.967533013128466,56.59717789244652,-7.298802586606754,-8084.08
384,01,-4.432973011169315e-06,15.641597058367989,49.85520389962581,-4.617686146418254,-12116.322
385,02,-7.274441715534998e-06,7.353929252261208,64.81677477946593,-1.8058714723359974,-11383.077
386,03,-1.235675504704564e-05,-6.3443144091534345,43.386579177287324,-2.7895524579530124,-8782.457
387,04,-2.5035789431644346e-05,-14.869033695136176,49.48712501599656,-2.1548139828152126,-3803.9067
388,05,-3.0008848766624646e-05,-32.62149781881353,48.67582858574712,3.1924649998449515,2979.1177
389,06,-3.4230032604055946e-05,-25.01744469502767,49.43961729888122,4.910514154773288,8485.033
390,07,-3.7348723895911946e-05,-18.427609645064162,51.34294977803511,2.2203271809034453,13260.703
391,08,-3.274760770019843e-05,-10.64563058373236,50.85391145080519,5.2939196082699675,12508.517
392,09,-2.5484862159343414e-05,2.648160398695204,48.54894579696125,4.46301638607449,8078.354
393,10,-1.916051529891168e-05,8.726722329416583,41.10612051369683,-0.8078829870531637,2801.6807
394,11,-8.12447487300637e-06,7.208228931681314,45.10324230610001,5.527877823448181,-4251.6064
395,12,-1.2744765838047034e-05,29.389911852764826,62.27082245179138,-4.9778297481126685,-8288.09
396,01,-9.557997748420493e-06,23.492998173539362,55.985124487241116,-10.09431259042473,-11756.087
397,02,-6.941694202459045e-06,2.77444112036694,54.92825397600388,-14.6274180279655,-12322.094
399,04,-2.412122515035865e-05,-15.116672309705946,65.52592149374486,5.787491861258613,-2499.3677
401,06,-3.633841799156573e-05,-15.284035491265191,54.862410076340026,5.562437776141697,9058.006
402,07,-3.9630504535585143e-05,-18.105863085346844,55.33667580591222,3.760446160183158,13745.023
403,08,-3.664081436780238e-05,-14.530181596981583,48.63167088847007,5.85169593275747,13312.883
404,09,-2.780254297756781e-05,-4.337274759928387,47.643611919113,0.3496705691655474,9577.23
405,10,-1.749340033099435e-05,6.576196681525118,62.883388684188155,4.1778068266017465,2437.9004
406,11,-9.782895505729057e-06,13.286790387301977,48.36725960095062,4.77137181845771,-3643.8901
407,12,-8.270612005098982e-06,23.135962751162953,68.44660146777348,-2.9825643158984443,-9502.607
408,01,-7.079607454118081e-06,9.77005108642578,59.36599973937003,-5.328164857536234,-12136.687
409,02,-9.82560560788399e-06,1.2790957768758144,54.799641565576906,-10.674283386707305,-11231.252
410,03,-1.6003138249269338e-05,-14.11737674147083,62.83003596656937,-0.8068198277258105,-8796.902
411,04,-2.0434202846445263e-05,-16.983018215264217,45.651346360141694,4.8500732873916625,-2584.2402
412,05,-2.7662325821888435e-05,-23.158452428017892,56.92952051083376,4.0431414947509765,4280.9897
415,08,-3.2683108437937644e-05,-17.84199171037572,39.46305893081491,2.009526890908519,12687.083
416,09,-2.475842662511746e-05,-8.054260448540582,49.65095689521101,-3.601356833860608,8698.842
417,10,-1.765674730958508e-05,13.677036990258001,51.31546706972713,5.100314021879627,3166.7856
418,11,-1.2026654228591521e-05,13.685960133870443,60.59634180396663,-4.091161051813762,-2667.3347
419,12,-9.44601224512954e-06,28.97793200421077,55.46996279250422,3.2309785680463237,-8356.822
420,01,-8.580053124215514e-06,22.96357862870411,63.49304372530727,7.029194313151861,-12846.9
421,02,-1.1990748406116751e-05,26.598223410470148,61.15281964255657,10.60320344007583,-11530.127
422,03,-1.6731313326227373e-05,-1.3453218475669946,47.843510205716214,0.42368475792997606,-9043.513
423,04,-2.3883861623916246e-05,-16.521862002224392,58.86005653639768,-1.7134484677420727,-3057.2764
424,05,-3.2321809314922687e-05,-17.350711201329386,63.11191008513332,1.5631698267536778,4407.653
425,06,-3.645346474101341e-05,-28.120134918891054,43.231891095406475,-2.088116592703925,9408.106
426,07,-3.570791800838603e-05,-18.498887496784167,52.862582088247414,2.0653683370979885,13055.782
427,08,-3.5946427165531874e-05,-15.756697428713563,51.75170243226714,3.428375722310877,13146.108
428,09,-2.0748739615697153e-05,-9.244409510294595,35.08465283191469,-4.316639142417908,8483.673
429,10,-1.6616273676728237e-05,8.951883064844276,46.06859467966968,5.742346490121657,2356.7732
430,11,-1.0089955154782932e-05,6.784489759657117,59.376273723493675,9.118718305354646,-4759.3257
432,01,-9.2527426375611e-06,26.340960131573418,62.63006211892765,-3.8576281189046893,-10185.117
433,02,-8.153189459681882e-06,8.31590086110433,48.93550452213628,-1.6321592513720196,-10040.355
434,03,-1.5915630637317265e-05,-1.6360386480515998,44.90566300547765,-2.835005319595337,-7065.3145
436,05,-3.070366395367009e-05,-25.76910455847299,53.73915812349191,0.8686174524368779,3136.8088
437,06,-3.477750818122634e-05,-31.860220404391814,46.7203716229452,-1.0147045824898613,9363.644
438,07,-3.7615658574522775e-05,-25.170489753641114,45.05531850020347,4.414139295885639,12396.285
439,08,-3.326061218056918e-05,-12.586229408838417,52.3345120203854,10.0172870392543,13541.428
440,09,-2.5603061031688413e-05,-1.6679924726698132,46.654843129608366,-1.4644166116926407,9794.632
441,10,-1.3186316454061119e-05,-1.463842040031187,51.45971762442205,0.10595317576008452,2585.8916
442,11,-1.4898132296588707e-05,27.46974549831814,55.57987919455502,-2.465322771920098,-2285.017
445,02,-1.2519085415486441e-05,14.879537966322628,54.698993667597065,-2.578204086939494,-10625.897
446,03,-1.4810545610421827e-05,-5.396197126162949,59.004922374092125,-3.353224274830151,-7804.027
447,04,-2.7581765115751797e-05,-20.820068422105575,57.557788026644126,2.228406386099921,-3246.7634
449,06,-3.356170396635004e-05,-23.02242342732747,60.87640379265148,2.423815758026971,9903.499
450,07,-3.758493633006676e-05,-22.269790681900524,47.74635748879372,1.5464795664100233,14222.428
451,08,-3.3272750999810424e-05,-17.014684508621052,43.397001161080546,-0.02936674651279236,14499.164
452,09,-2.4645985519115736e-05,-7.889081433783638,37.34792189491059,3.5211581916385226,9739.654
453,10,-1.526362983537594e-05,-3.798430909843855,48.34944315867911,-3.7648246855992142,1802.2173
455,12,-4.447676278540448e-06,15.633635981405934,42.93341399640295,-3.213377143326626,-8577.796
456,01,-6.416161365773257e-06,12.223324068787278,48.97643718384928,-9.303821084730084,-10731.408
457,02,-8.18821650381367e-06,12.903916228158135,62.959067062718525,2.093567276659466,-10797.046
458,03,-1.5800369091061108e-05,2.527072602630943,59.88884960889175,-1.2213739956066179,-7266.287
459,04,-2.5679135762624757e-05,-26.331729773288306,46.84454056873057,-8.98779911174774,-3098.734
460,05,-2.9667726341906155e-05,-25.198657173730993,56.839670298081565,1.8179982192952142,3437.584
461,06,-3.566179110415154e-05,-31.36642959594727,52.944568701901716,1.6841690582911175,8273.643
462,07,-3.888270218750779e-05,-23.176640851420746,56.14024401203919,1.4669344500880088,13447.64
463,08,-3.333480648354688e-05,-12.395997953681537,44.035043613662005,5.206549530685589,13469.573
464,09,-2.5415033401845397e-05,-5.530321179199219,52.86381167994076,-0.21663299340142145,8925.755
465,10,-2.0550294828412475e-05,15.281469091599986,50.30405073937036,-5.476527976702618,3248.9707
466,11,-1.2597567349661808e-05,15.910226154920792,53.90823562632401,-5.144581027221679,-3053.2185
467,12,-7.748080553331723e-06,20.40142875687794,63.311030514205655,-5.213931379113147,-8154.027
468,01,-8.493993727101315e-06,23.796599253992884,55.116003269850566,-0.8613272718409056,-10317.773
469,02,-1.1806723732206594e-05,-2.6082788761683875,46.30087924139698,-7.8224522454852154,-10554.801
470,03,-1.3339704251535219e-05,-6.768148279333628,63.03257818707726,2.6816236802583107,-6872.6377
471,04,-2.4140652476206825e-05,-8.481860700141059,60.03202422682047,7.704519037034776,-2906.1814
473,06,-3.447691067930363e-05,-33.33076165534125,39.74884000571834,-2.731220611657037,9015.166
474,07,-3.4126774513620195e-05,-44.31138712696363,36.16823902212164,0.2656826255757326,15092.714
476,09,-2.7110998255941223e-05,-4.088550005425346,48.59134079140956,0.5139748941421511,9765.47
477,10,-1.717439320385384e-05,2.0582064438686585,44.893768001867876,-0.6498442904154464,2773.6482
480,01,-8.170035396257738e-06,18.813249751593478,61.34680531404607,-13.357332215093798,-11633.559
481,02,-8.232899953890454e-06,13.675333238874163,51.283400613031226,0.13648359216962544,-10594.881
484,05,-2.8741963674400066e-05,-37.081440074305384,54.09692304540707,-3.1204028086098297,2878.3193
485,06,-3.9525050331051005e-05,-23.208365014648436,47.86380608810849,11.051475863477918,9524.509
486,07,-3.625940142692049e-05,-31.74150496025496,48.734570516079984,-1.339811041760188,13055.472
487,08,-3.404563471354698e-05,-17.337182702177312,41.57153246440298,5.091376336723246,13284.925
488,09,-2.6543087166161665e-05,-4.24653964674208,45.73786681658825,-1.7770658088896008,9464.881
489,10,-1.8569231195137014e-05,10.235854191605762,54.45598049366731,6.308236840812109,4040.1558
490,11,-1.0039879183467646e-05,10.335369747924807,64.20363267016013,4.896114809354146,-3564.934
491,12,-8.260583359534854e-06,25.078029959073632,56.60606037604423,1.3985874090707433,-8693.014
492,01,-6.012859741277161e-06,22.106840989635838,48.67357203781476,0.20016098563901893,-9706.304
494,03,-1.9840231885472768e-05,-1.8349693298339842,46.56073982853019,-1.952287807956819,-5259.667
495,04,-2.7043378228700023e-05,-24.0670989525689,35.17819720014996,-0.6015082754982847,-2537.6445
496,05,-2.995519203009721e-05,-45.04488896819084,46.51938461271666,-5.563120721488871,3365.8672
497,06,-3.546342912159163e-05,-30.903872137790252,54.092656515480414,5.139373203955756,9614.5205
498,07,-3.552329937512147e-05,-24.55973527871409,49.31133174363516,-0.7900067844185773,13852.292
499,08,-3.48960954878191e-05,-17.491402352609946,46.845165995435046,4.093506789135677,12737.475
501,10,-1.848353834580477e-05,14.114419966174706,59.132486595437086,4.539380098568496,3826.9739
502,11,-1.0186800306089735e-05,15.631692754109702,47.969248177954896,4.185152656957838,-2163.3115
503,12,-6.893300624729055e-06,15.732371215492165,60.65007041392917,5.737939940524358,-9330.324
504,01,-7.860778656987515e-06,14.34612370152627,66.80461903254064,-5.843250577844601,-11165.0625
505,02,-9.005972841740524e-06,9.622026147751583,54.51137783175566,2.4646371848923816,-10644.943
506,03,-1.5948935392546162e-05,-0.9029574194467195,53.47545231677126,-7.318563435933921,-5846.9346
507,04,-2.588563685021654e-05,-27.98602328389486,47.86236142485672,-6.421966052585177,-487.7478
508,05,-3.230829694098981e-05,-22.4746828918457,60.26473778712485,3.197428371347406,3560.7336
510,07,-3.6336240956178925e-05,-19.074829963273896,48.14752719921964,2.9915820770673855,14980.835
511,08,-3.444879628501263e-05,-12.903870650096605,45.419211714576655,-3.4263525877306535,14127.233
512,09,-2.3354238802332672e-05,-7.743464881388346,41.71682162190013,0.8442784887313844,9566.317
513,10,-1.864643046111826e-05,14.62936670381279,46.729617401201246,1.9188417487605924,4125.9365
514,11,-1.0072340758698473e-05,9.36498726196289,49.88987413275507,-4.3413511865403915,-3062.7861
