,month,MER,MSSHF,RH,SH,z
0,01,-7.186377549426466e-06,5.464709561255669,62.6901256937955,0.00035855482704265606,-13002.864
2,03,-1.408509512223264e-05,7.08405715679866,62.090667984242096,0.00044260006009506144,-8969.095
3,04,-2.191347909663616e-05,-15.59233038906521,62.41300571294825,0.00044040625960559647,-3407.6519
5,06,-3.330413338050373e-05,-22.16353809509278,52.028707694198026,0.0009014931640296304,9071.406
7,08,-2.8487004876296853e-05,-12.56110269165039,50.14281140049425,0.0009515669327950404,11212.762
8,09,-2.3132900744369383e-05,-4.023202255249023,42.3501046719922,0.0009334240310760934,7513.6523
9,10,-1.6345863611966567e-05,2.642213581372333,56.92965585534547,0.0009355248356116273,671.9102
10,11,-1.1569333000928361e-05,13.890767045423724,49.679388139549886,0.0005703534181247354,-3849.642
11,12,-1.207531024335357e-05,24.691616260159407,64.98245628347064,0.000536514795466784,-8624.041
12,01,-5.795284385228985e-06,8.867661568262244,49.01821534482766,0.0002899667802897751,-12915.33
14,03,-1.4070489600584629e-05,-6.186828353717764,55.02083505403355,0.00038754746073307194,-10410.1875
15,04,-2.282624180893941e-05,-17.872287172783746,48.97103869282801,0.0003994695938296395,-4136.882
16,05,-2.9285246377967465e-05,-30.998830406271004,47.47244699586335,0.0004922136487145694,1765.1621
17,06,-3.014735746900341e-05,-26.066622504679362,62.37913317463399,0.0008849550965466025,9091.631
20,09,-2.365392635981859e-05,-3.0327022542317708,42.946886476458445,0.0009669164780382541,7405.7773
21,10,-2.1172643707369163e-05,7.590982919672484,58.4636376896443,0.0007849959412277741,535.2831
23,12,-7.873070872231058e-06,26.063403682913826,61.380955716897084,0.0005165828911668244,-9416.505
24,01,-7.860688640385075e-06,20.899533713063885,47.875411116570554,0.000374949257934248,-12677.77
28,05,-3.0310256707952082e-05,-17.47440350473055,59.34436809112436,0.0007153930285222947,2619.2102
29,06,-3.0904296795920855e-05,-15.787571440294057,51.69619375912348,0.0009842194550476254,8237.767
30,07,-3.173775886429094e-05,-20.80200322239373,49.75860673643311,0.001004735188951267,13442.17
31,08,-2.8741253340065727e-05,-19.03508228654759,42.77699926753197,0.0010760535270361797,12500.996
32,09,-2.269007780640903e-05,-3.5648343312581385,46.85175361700852,0.0008672290949221253,7797.1
33,10,-2.174942796122078e-05,9.781940688922843,60.93410625634399,0.0006867919335684071,2086.5808
34,11,-1.4328458308167076e-05,19.586548003133142,54.57233108670976,0.0006729366678450485,-5297.215
36,01,-5.276928763964617e-06,11.574925520045783,58.01885871766587,0.00046975674859519613,-12760.698
37,02,-7.864293709969517e-06,5.468580898829869,51.56958197040644,0.000443328927262103,-11902.02
38,03,-1.6001877676116956e-05,1.792558938959594,55.95160838729334,0.0003661708261100601,-9507.005
39,04,-2.3437909088230905e-05,-21.874123499891493,46.11000325809585,0.0004928932368082314,-2441.5354
40,05,-2.9170486620455693e-05,-20.4214844770534,47.92201473479629,0.00055373141337474,3259.81
42,07,-3.416977696542745e-05,-21.999847670688425,39.2781192299025,0.0009021180810537498,11985.81
44,09,-2.1331834113273846e-05,-6.238656323920356,43.43915766518911,0.0009065412273818056,8173.095
45,10,-1.6551261839878706e-05,3.491510892150223,54.79260846710333,0.000806341602621908,1850.0786
46,11,-1.519573135911843e-05,20.401449884033198,56.70156626680825,0.0006367408295191699,-5368.755
47,12,-1.0313162028783104e-05,17.753608460457098,55.75187243828721,0.0004811068228571663,-9716.104
48,01,-1.1369238679367056e-05,31.70380508160335,51.86229076744793,0.0005065474144361389,-12101.408
49,02,-1.1685804688698098e-05,2.732715975443522,46.129101684696614,0.00024583032542684335,-13626.359
50,03,-1.3839232150540515e-05,-0.5926843497983868,57.115805566785156,0.00048506053711077566,-9388.037
51,04,-2.090864053300013e-05,-10.60586452026367,65.75529212030038,0.0005298972676287223,-3050.5793
52,05,-2.6606813441591635e-05,-11.409518621957432,66.050863289825,0.0006822573668070693,2262.9355
53,06,-3.6603149109497395e-05,-25.008415187242296,46.266101067479454,0.0008680787925681217,7718.646
55,08,-2.6941880611302234e-05,-27.08358682743196,31.77761535606461,0.0007854492272301715,13184.082
58,11,-9.367185011372688e-06,10.117007967122396,41.05919099200301,0.0005637446514673988,-5498.147
59,12,-8.522425015388596e-06,21.808005747805364,57.410435429080856,0.0005939787194328425,-10106.23
60,01,-1.1848107099418698e-05,28.771229348787696,56.9102486772409,0.0003542191671304773,-11814.006
61,02,-9.682757584759485e-06,6.4267875001403105,47.08914505602986,0.0003115679466334117,-11549.99
63,04,-2.3066575134180317e-05,-21.124448284233942,53.13685258980724,0.00045012077381442295,-3477.289
64,05,-2.301351515928619e-05,-21.276121071107926,61.30564291210714,0.00067266253149976,2623.9116
67,08,-2.8069958612225798e-05,-17.017802792784988,42.472240740586344,0.0008598136095184325,12324.221
68,09,-2.2138291550658728e-05,-0.809648367987739,66.94727416271104,0.0010072270758296226,6699.996
69,10,-1.5594664512004833e-05,12.420039781796033,52.5519555827328,0.0008134660352591524,985.5976
70,11,-1.2000811908506469e-05,17.20852971835666,62.11537896577253,0.000733812687942615,-6420.3525
71,12,-7.343828446024142e-06,12.754345215500043,59.86620702467682,0.0005638061713049892,-9677.734
72,01,-6.201572312694294e-06,7.789162023728894,59.71689801232405,0.00032037616245556873,-14588.079
73,02,-7.646551471441942e-06,-7.170963860648018,49.17462651499538,0.00043289734202582635,-11643.775
74,03,-1.1304150707112197e-05,-2.56875498781922,68.34861116093205,0.00041982346533168605,-8783.83
75,04,-2.3272295822324753e-05,-10.486857863362628,59.37646033687326,0.0005507065881250634,-3367.7576
76,05,-2.800802443084893e-05,-16.149492612120927,55.7763452255995,0.0007271333313690247,2141.5078
77,06,-3.090711121482552e-05,-17.990251360066733,61.34983533646531,0.0007727630264536654,7222.9473
79,08,-3.3271033724499884e-05,-4.3656862228557625,49.79625837316948,0.0009632387406820798,12323.252
80,09,-2.244669017984254e-05,-3.3109654418945316,48.444472670045165,0.0010995125499796714,7758.1836
82,11,-1.5779393952086846e-05,2.730464919026692,53.6031213278585,0.00036442432660848377,-5226.7734
85,02,-9.105866422227595e-06,-15.737989101954868,41.279925076501705,0.00019560193471323016,-13631.311
87,04,-1.9242588071877733e-05,-14.953707265557181,61.57429541588492,0.00039568850197150223,-2472.5784
88,05,-3.1224375424332516e-05,-18.680161248648037,54.14751819698144,0.0007434592337500871,2795.4424
89,06,-3.5890827366468634e-05,-24.274000357055662,43.53411597645681,0.0008331960368823792,7893.7666
90,07,-3.000731417455182e-05,-30.125119514383297,48.19723509739805,0.0010106809674292967,12574.928
91,08,-3.1366839325049225e-05,-20.726613564768147,49.22354232249208,0.0009093863952855494,11977.458
93,10,-1.7202233669146365e-05,6.4104873591597356,48.62927366667281,0.0008042660296969873,1640.8353
94,11,-1.2770530823662637e-05,20.62896745435927,57.76803370095226,0.000712386935210562,-4941.872
96,01,-8.849628261046861e-06,-8.473066081057311,52.03738375666833,0.00039371051453645855,-12968.035
97,02,-5.771432554432804e-06,6.824847212655203,67.52644709656069,0.0005444937176130874,-12052.906
98,03,-1.3287096029671374e-05,-5.803373095440609,55.151999684815046,0.00038326355497387356,-9379.629
99,04,-2.2575659647211267e-05,-11.442104777696397,52.015024873095086,0.0005509123427555208,-3830.6733
102,07,-3.379324687933062e-05,-20.07741719498173,55.40260847481861,0.0011762637337276985,11783.414
103,08,-3.0242934917310693e-05,-13.572054321945357,50.633880177582476,0.0011241900766090502,11835.67
104,09,-2.5696148892024614e-05,-3.969099077690972,51.22118268649578,0.001026891966428189,8093.412
105,10,-1.9746457593286597e-05,13.28605210072507,59.41998880579267,0.0008929555590629677,2101.8987
106,11,-1.2423982501220758e-05,8.69252590874566,58.77474638277293,0.0005567817669088578,-4772.549
107,12,-5.659096497726741e-06,10.619382738339004,50.16868590621025,0.0006231452756041871,-9681.003
108,01,-9.400724827868036e-06,23.76198229324177,64.8158600401199,0.0005186993550770137,-12905.796
109,02,-1.553154618433063e-05,17.196350676788683,61.10995617006565,0.00036645799898507564,-12443.064
110,03,-1.4791143874625109e-05,4.141464673442225,71.63935923557511,0.00047325576421621175,-8969.904
111,04,-2.4692344382775542e-05,-22.74501348402235,55.09817502149212,0.0005172340481790242,-3428.6624
112,05,-3.182606770285695e-05,-15.882362545546664,52.83810746537357,0.0007443033780645266,2610.5881
113,06,-2.7714982728361462e-05,-28.63852083367242,47.29024293223089,0.0008593489899378255,8680.209
115,08,-3.211179117533902e-05,-13.866469908683532,47.473473327189375,0.0010266525363930598,12551.545
116,09,-2.5435363158006416e-05,2.907980506727431,49.177534459747214,0.0009323654926211424,8894.01
117,10,-1.6347254436593455e-05,7.273599919801116,47.520342997120274,0.0007721173569709835,2150.192
118,11,-1.0307503538792339e-05,7.8851572241889105,46.36847800110711,0.000563931326113359,-5231.8467
119,12,-7.866494279115095e-06,20.208327730240367,52.71666673100892,0.00053423904773601,-9392.643
120,01,-5.490775168401608e-06,12.580168148245866,46.32122026583841,0.0005023698754026696,-10961.627
122,03,-1.7582771425163286e-05,5.919001820882161,61.97907953674307,0.0005982449319345967,-7850.9434
123,04,-2.3728384267512105e-05,-15.711892689005532,62.36782957411343,0.0005368266940982721,-3090.0508
124,05,-3.2913617601255e-05,-32.404015432706444,43.15242019264416,0.0005949903542140838,3807.0142
125,06,-3.3498540398290464e-05,-35.047065074327264,55.710710440916486,0.0008175972156450774,9228.387
126,07,-3.3625666249610085e-05,-27.510599928661055,42.19065745926929,0.000971569565642772,13950.051
127,08,-3.0036708770112647e-05,-17.0266568734774,43.458151734339296,0.0009896705504082786,12088.8125
128,09,-2.1827326350689368e-05,-6.781363076782227,44.02462579022247,0.0009320243816883804,8500.02
129,10,-1.9913688146604526e-05,14.103063629806684,48.60193847477949,0.0008421332443241979,2702.847
130,11,-1.311930024130561e-05,7.912713109334308,43.72629240063826,0.0004454905331929088,-4551.424
131,12,-7.719866410816296e-06,20.033501539989185,45.286219627095804,0.00047829752353097696,-10381.0
132,01,-9.708490018202875e-06,23.531725362798216,54.619796854420386,0.0005105691684948654,-12839.547
133,02,-1.709957590030951e-05,31.83555304718018,59.52337883048256,0.0005475542892947997,-9924.2705
134,03,-1.7018775953137494e-05,2.372058311872584,47.98838851665681,0.00048062062612102977,-6716.701
135,04,-2.7999317039636173e-05,-19.276666238742408,46.732171709169286,0.00037736529698403654,-2504.4854
136,05,-3.125298669270236e-05,-34.3688931694441,36.06377147361027,0.00042185220914118,2830.214
138,07,-3.559518055198981e-05,-33.07448882301904,37.832517702871755,0.000870340643866736,12574.426
139,08,-2.897321149455781e-05,-28.290339532667595,47.590817581110095,0.0010727420896216627,12545.228
144,01,-9.804670876438911e-06,24.167181801416536,38.86062395377826,0.00029198987653266507,-11719.01
145,02,-6.996622216688376e-06,0.507544446309408,46.996895068120395,0.000305701507385693,-12290.07
146,03,-1.2629808311264428e-05,-0.5304674036169569,53.76618897918476,0.0005727407951866191,-8275.125
147,04,-2.5889148811054637e-05,-18.50936585184733,50.20018549894757,0.00041218083241272116,-2440.457
149,06,-2.987989489524302e-05,-20.686577268473304,57.62339900992447,0.0007455840776351881,9095.577
150,07,-3.606362330103894e-05,-12.26554677852508,46.37869990175771,0.0011091873102282322,12256.443
151,08,-2.9805839779475068e-05,-22.79464663072811,38.70661156831249,0.0010097339748723264,12716.754
152,09,-2.1833397036001162e-05,-8.548686426798504,39.4321560544822,0.0008007140552823532,7922.137
153,10,-2.004618059737534e-05,2.17344532234438,45.307421456006274,0.0006820325499599374,3322.8699
154,11,-1.4646135411648073e-05,14.444811823866104,60.08639300202131,0.0006339337644810405,-4176.035
155,12,-7.654158530845394e-06,17.942148733159545,42.031411531264894,0.00046165224257053707,-9254.257
157,02,-7.568776633878318e-06,10.513905402874128,42.596786469010105,0.00039763415424268303,-12007.836
158,03,-1.6743815379482177e-05,3.675611719931326,56.535387553599556,0.0004879701252311531,-8764.58
159,04,-2.3724830210206465e-05,-12.979907084147134,60.15185276207658,0.000579528459085648,-4343.8037
161,06,-3.339920427913765e-05,-25.873405965508358,43.36981476617124,0.0008486856836498394,7483.0454
162,07,-3.3542465003026134e-05,-26.574038988010855,46.61348771423679,0.0011160113274397768,11192.402
164,09,-2.5466491539959356e-05,-1.4094354346381297,48.6797681992597,0.0008614746787727199,7640.2495
165,10,-1.9484351597922247e-05,1.9587082073252686,58.379234332862715,0.0005589232049004094,1716.3535
167,12,-8.425528942156701e-06,11.411874493342573,45.69198678764476,0.00046205227275860006,-8440.021
168,01,-9.715480358609446e-06,34.39173987899288,57.42208674485646,0.0005887621752377449,-11327.687
170,03,-1.4966802825774622e-05,-6.011914413616221,42.24266758934657,0.0004124762266675568,-9092.878
173,06,-3.281592492067931e-05,-24.277929318237305,46.836056776909025,0.0009091609778879503,7364.2495
174,07,-3.3366269429406925e-05,-23.52127023184171,53.23872095220833,0.0009773544866860003,12300.524
175,08,-3.234485571499712e-05,-11.285276480397874,49.79429166342623,0.0010167660779612973,12357.872
176,09,-2.2725771390226628e-05,-2.4448908416748045,57.50485973500145,0.000888641576060541,7270.041
177,10,-1.798888249350155e-05,2.3637267239478326,43.9463890340828,0.000542134024022548,1844.8799
178,11,-1.1587640056374466e-05,-1.8295716874864363,52.225245416957804,0.00047988380124447253,-4292.7397
179,12,-9.250304196792702e-06,31.236705364924607,64.63241229699248,0.0004956924168822877,-9230.148
181,02,-9.681430163471391e-06,-2.9269207930791947,54.97462990093799,0.0004138276064931533,-12559.459
182,03,-1.5868986940443404e-05,12.424105568506382,56.25959003628518,0.0005810495797577411,-8475.573
183,04,-2.4481364455176743e-05,-15.54007357143826,53.21672202842236,0.00040480200442157807,-3717.2378
184,05,-2.8615912740195944e-05,-19.306992470361852,50.8592781971834,0.0006858745914348111,2267.0735
186,07,-3.466171150601792e-05,-32.442688338413035,36.16844127948567,0.0009186411803072188,12574.719
187,08,-3.527003988845888e-05,-15.806742182249662,41.714041907468136,0.0008680270261172562,12605.301
188,09,-2.649383951805552e-05,-2.2674784339057075,50.77799905458556,0.0008433525541978978,8984.877
189,10,-1.8016295581522476e-05,4.47270425086893,52.33998963107474,0.0007590626369145407,2811.529
190,11,-8.92097842036795e-06,12.752254605102538,55.27824593100681,0.0008178240753429337,-3374.5254
191,12,-1.093666692604627e-05,22.757288210632986,53.902280609893545,0.0005556525008313002,-9230.67
192,01,-1.2804497735976505e-05,25.385474410518523,57.77612080058489,0.00045759688101936,-11681.224
193,02,-1.271823695051786e-05,20.178666164579848,60.9734689490412,0.00048809193327531924,-11486.244
194,03,-2.219248033328259e-05,-0.5256330294045062,56.57506640008187,0.00037265990637394303,-7863.426
195,04,-2.3056703787511248e-05,-15.611610607231992,48.9374839578549,0.0005232466899471546,-3919.12
196,05,-3.3250014936618425e-05,-29.631465932538433,52.844916530618114,0.0006214292339710306,2279.4524
197,06,-3.44918315846169e-05,-24.446217814466692,49.08188772321145,0.0007471122926498033,8532.606
198,07,-3.591561413959817e-05,-25.92438248894804,39.340810654867084,0.001035028367159925,11787.229
199,08,-3.331847033315239e-05,-31.29434137422295,33.68999910253863,0.0008271361476220967,12222.311
200,09,-2.6222378082234683e-05,-4.395296908230251,54.09243484116659,0.0008676720050675714,7564.06
201,10,-1.4566836962311297e-05,5.514771194293934,41.310020164710224,0.0008753650264261328,2393.1418
202,11,-1.3042386322538529e-05,9.068964893934462,58.53600206141338,0.0006469659394806109,-4057.0051
204,01,-7.460320452180465e-06,-0.4728464959257379,45.67560021059616,0.00044037663110958085,-12512.924
205,02,-7.544903639281147e-06,5.38362545916678,55.18347650017959,0.00031412921131322426,-11481.447
207,04,-2.0502408365953464e-05,-21.604367342122394,58.54018084150156,0.0005573882549563778,-5099.058
208,05,-2.4253428110207234e-05,-26.022296560964275,51.92535755428705,0.0006685273422467372,2903.454
209,06,-2.8253365109311642e-05,-38.732165323215064,41.61192797080808,0.0007725716853643563,9033.995
210,07,-3.142641031134248e-05,-27.054918192217425,49.82263012584947,0.0009566610893040974,13313.566
211,08,-2.9903093116464793e-05,-15.358725825155936,42.33743624172287,0.0008052989171323801,12907.24
212,09,-2.534073391895315e-05,-7.00570699428982,43.673043699496326,0.0007056351989302735,7065.1787
213,10,-1.7171301486478214e-05,8.106230379494288,51.02844809201841,0.0008193838488076182,1763.1707
214,11,-1.4551765714713837e-05,14.46901237657335,58.72207561985916,0.0004943569559801082,-3656.559
215,12,-8.836182103413613e-06,1.1414017176474303,51.832999992789766,0.000456995769084828,-9261.016
216,01,-3.583592048936e-06,-1.2817189340899076,35.36421269791357,0.0002965270524839061,-12666.522
218,03,-1.2413017713795421e-05,-3.0697627356744577,49.8996438915832,0.0005206532129615308,-8802.064
219,04,-2.201332183204714e-05,-17.60772253417969,50.15108422283994,0.0005176294510015927,-4016.3184
220,05,-3.085946982284968e-05,-22.07697987414944,55.658551038389554,0.000691181856834612,2062.2173
221,06,-3.476727682935032e-05,-20.254541469319665,56.16686724849277,0.0008864397704303581,7837.1836
222,07,-3.376502295814329e-05,-20.43258258581674,48.29218798171063,0.0008547632643424363,12174.703
224,09,-2.7053925191669103e-05,-10.968042353990342,40.873450344501606,0.0009289264848881631,7791.0034
225,10,-2.0736059433235615e-05,1.8364669255082322,46.07108195983722,0.0007064217952702141,1930.7744
226,11,-1.1372840429430654e-05,5.54297788119846,52.451002673839106,0.000528491018474924,-5197.205
227,12,-9.893875752236308e-06,16.98351939342868,60.12797338394067,0.0005512983522442909,-10250.016
228,01,-1.1099072907757458e-05,24.386054642872143,54.87726956107148,0.00045592296519506595,-12721.047
230,03,-1.582076560769428e-05,4.910139277304372,64.38913835901599,0.0006810213565312239,-8218.147
232,05,-3.182257207745645e-05,-20.036693252071256,51.31070372274871,0.0007038634061112829,3873.646
234,07,-3.6390916169732936e-05,-13.917790471887077,46.5719772114318,0.0009119439115554566,13454.877
237,10,-2.3367591303340108e-05,14.50471792602539,57.49670259841796,0.0007692835288216944,3230.2798
238,11,-1.186565926222506e-05,4.6568576497395835,50.09492808050447,0.0004236663616776847,-5543.1025
239,12,-8.802920268002493e-06,22.454611907630838,51.308709990082264,0.0005018636649010024,-9038.865
243,04,-2.54553507465769e-05,-17.42901027967665,53.24983413987689,0.00045097119342235603,-2244.375
244,05,-3.422614240797327e-05,-20.88572949317194,50.723297991629586,0.0007112033766742989,3496.6326
245,06,-3.759346314859108e-05,-24.964019442409946,49.104056137108806,0.0007349941236675172,8809.463
246,07,-3.775679561435789e-05,-20.12216363230059,34.70881050790896,0.0008227019134094047,13178.878
247,08,-3.318467006672979e-05,-13.657699137697938,45.50563225292391,0.0009116657846986517,11959.14
251,12,-1.3700721242369786e-05,27.986750325848984,63.54783165261822,0.0004460608781439875,-8061.175
252,01,-6.553396535759588e-06,18.42038040095504,45.80448549491872,0.0004392718665100694,-10188.363
253,02,-1.2230161100386137e-05,18.65321454909752,54.35344561065067,0.0004498816253623835,-12783.588
254,03,-1.4517082142339604e-05,-0.5979741453765541,58.83941007500695,0.0004991599991315802,-9421.461
255,04,-2.355722367422762e-05,-12.813957029554578,60.681698268123455,0.0005945271223715785,-2850.726
256,05,-3.550879427684679e-05,-19.147158501081563,47.704144963514416,0.0006344104929724587,2948.9553
257,06,-3.750390542944741e-05,-27.016546727159287,42.780413097916714,0.0008396627575370277,8814.314
258,07,-3.168135436499142e-05,-21.668345875401656,51.88578506780696,0.0008486174719188665,12845.912
259,08,-3.0941285219664524e-05,-19.063545700565466,39.65101154342005,0.0008177378859400235,13320.305
260,09,-2.4486756719630248e-05,-2.020394458007812,56.817002186003,0.0011746618843225302,8220.635
261,10,-2.1893689024856883e-05,11.235235126454343,57.40779917159772,0.000834898857871064,1778.7051
262,11,-1.5146696185204038e-05,20.892512133110895,68.07071139411661,0.0005471246481323154,-5183.803
263,12,-1.1904006665214989e-05,20.81303864280127,63.79751548051194,0.0005704053421768659,-11336.938
264,01,-6.723928980547147e-06,14.384707934964087,53.25762820807451,0.00033838884669713326,-12916.996
265,02,-9.421481274265325e-06,7.153048214503697,61.79020408172125,0.00045849606639379885,-12684.703
266,03,-1.3063552253355424e-05,-6.242824222359606,58.59238742218351,0.00043964260734938635,-9062.258
267,04,-2.4765318735565716e-05,-15.737299090576174,60.65160554169682,0.0004324344195720945,-2402.0132
270,07,-3.6646507612448495e-05,-24.41304970722813,43.035889669943884,0.0009577895311687377,13014.584
271,08,-3.349079792080317e-05,-13.273838911159066,49.470468634774605,0.0011785009511229004,13180.256
272,09,-2.8629883362433853e-05,-3.361749937269423,60.89090815499625,0.0008204311439514236,8170.2974
273,10,-1.872843477780094e-05,15.499699002173642,52.0420637966638,0.0009255201393185142,2246.8052
274,11,-1.4045017091525046e-05,9.019137569173179,50.75557469189433,0.0006085738384488525,-4211.987
275,12,-9.904081011676856e-06,14.487402564920403,52.82181985401466,0.00042967180998163804,-9431.259
277,02,-1.6342577849974034e-05,27.257544948032923,61.67323920420096,0.0005129149039266849,-10184.281
278,03,-1.718439095667989e-05,-2.8514695644583754,52.573686629964456,0.0004819596547454955,-8687.35
279,04,-2.4829810814864887e-05,-14.182246478949653,49.20558492463959,0.0004709443206453266,-1730.5688
280,05,-3.0134792006426703e-05,-17.31557953963741,52.31226475243542,0.0007120376103461025,2653.111
281,06,-3.5836119472898846e-05,-20.466573669433593,50.7506326838851,0.0009486301975226323,8110.099
282,07,-3.594073215623134e-05,-17.96138944137737,48.60045512300026,0.0010623623587375588,13524.678
283,08,-3.0240783373966385e-05,-12.41071590333344,52.640142950275894,0.001163815572202473,12604.817
284,09,-2.726855740998468e-05,-6.606480073716904,41.46046437310777,0.0007335374628951386,8720.523
285,10,-2.2813934475604865e-05,5.003235001430717,55.25826176021304,0.000718885400139463,647.84625
286,11,-9.433203981300014e-06,10.082439758300783,57.335292302331666,0.0005791067180039236,-6311.7793
287,12,-9.155090198257839e-06,-0.601292420089886,52.83887711868107,0.0004945328851989802,-11286.289
288,01,-7.996820467572737e-06,16.024269751435966,52.92226850532075,0.00041192595895207524,-12353.902
289,02,-9.213011075579354e-06,1.6289639434814458,40.65915042115535,0.0002735949758984874,-12370.621
290,03,-1.4304734281419465e-05,-4.024482163624097,45.80751552796749,0.0004401956440712298,-9042.622
291,04,-2.383696288773839e-05,-17.2942943037245,47.44735419490735,0.0004770017007668381,-3032.4138
293,06,-3.491794925367785e-05,-29.63445593295627,48.58540389312637,0.0011471253787109367,8083.027
294,07,-3.637924248004731e-05,-25.786057973554062,44.12265574810709,0.000985359612786695,13255.135
295,08,-3.1032737283929096e-05,-31.771135562691633,39.36124998163152,0.001063466894169325,13145.859
296,09,-2.437035215904568e-05,-12.497950702243381,40.21523504180775,0.0008103102327222991,8994.45
297,10,-2.1305207502659715e-05,-2.352458050143333,49.86598729915773,0.0005624345080602805,2307.5552
298,11,-8.746191556262298e-06,13.336127873399521,55.471923015075255,0.0006547417485429125,-2986.6921
299,12,-8.986315398414586e-06,16.75842543636855,56.42778465677845,0.0005586620659873345,-8563.079
300,01,-8.992702947169514e-06,20.66453995308825,64.87525535803712,0.0004630176850634722,-12572.378
301,02,-1.1818901434843997e-05,12.780648606925178,58.06078212638148,0.000495099684988787,-12031.637
303,04,-2.4217375733618005e-05,-11.611916856553819,59.49211039767795,0.0005477365501182944,-3952.8435
304,05,-2.847669872224737e-05,-31.81054322043798,50.857990436966695,0.0006152930506795131,3057.9648
305,06,-3.421590459786078e-05,-30.121984181382924,54.56608841220009,0.0008944627820598017,8668.773
306,07,-3.5823426863228845e-05,-21.040274605699764,48.61712288511441,0.0009030186964724067,12294.104
307,08,-3.442271008691844e-05,-10.630728795861687,53.4802156332962,0.0011410420949086592,11870.012
308,09,-3.09724094837697e-05,1.3779368174235027,41.60773183429904,0.0008935518929530012,9238.424
311,12,-6.509792311736683e-06,12.651209838210898,41.13814304297201,0.0003987152580916455,-8488.355
312,01,-1.0532949036563073e-05,27.835473567839585,50.62756816835045,0.0004537746557087837,-10838.881
313,02,-1.0796667724878803e-05,1.9850640389578682,54.967533898224424,0.00030567886635834556,-10978.489
314,03,-1.2645556585016247e-05,2.2825399281491516,62.992716266741034,0.0005048640071809572,-9789.448
315,04,-2.402455134354872e-05,-12.38321820203993,55.9102142579476,0.0005435340928157731,-2381.045
316,05,-3.3327865934669755e-05,-23.83920729967343,52.369123788558014,0.0006399812987691344,2714.377
317,06,-3.715115132452208e-05,-30.632264646063906,50.84424858076307,0.0010480431722563416,8343.796
318,07,-3.409394384040644e-05,-23.561669685609886,47.80977541725482,0.0009847484367624458,13360.473
319,08,-3.320200081173924e-05,-14.21000237282374,41.28222914207624,0.0008214074471167111,12879.977
320,09,-2.545146969718593e-05,-6.704652192857532,39.75358392157654,0.0009221086927508522,9664.1875
321,10,-1.7187334372416657e-05,10.538457600583316,41.694871458662455,0.0007750956863858269,3558.8545
323,12,-9.12172876785682e-06,14.485518746324761,56.37181309181387,0.0004220962651623558,-10086.234
324,01,-6.5253165958961526e-06,7.280853728591756,43.42763289413273,0.00037462094703483867,-11472.781
325,02,-8.8568046297561e-06,4.634872235616048,55.29220876641359,0.0003650888354684262,-11292.112
326,03,-1.3873502668170125e-05,-4.782673361173239,59.930227692120816,0.00041051977616280897,-8622.393
327,04,-2.37631702343909e-05,-18.782449027506512,53.65862876264652,0.00045216028320109117,-2621.6719
328,05,-3.370682173148433e-05,-13.439136345319852,55.415879218805216,0.0006535041197075036,3697.0813
329,06,-3.4785863751151034e-05,-27.11431088460287,44.96967633606062,0.0008772879220370063,10092.838
330,07,-3.3670624993676266e-05,-35.11209074615151,34.7803111832411,0.0009552916027034605,12994.813
331,08,-3.203818718891423e-05,-14.970106861073484,56.166526000266416,0.0009000416037593156,12908.35
332,09,-2.4569920312832332e-05,-1.9050392035590278,48.50952039943403,0.0011661635124005137,8815.3125
333,10,-2.0357669840078775e-05,8.929626497002058,49.91160704086961,0.0008570413862924212,2237.045
334,11,-1.6638314112929544e-05,21.698549422539603,51.20864173750348,0.0006521134779476141,-3387.102
336,01,-1.3167410284109127e-05,32.71415653975292,54.798027210791915,0.0005230013527154189,-10301.623
338,03,-1.969343553138324e-05,2.858439688077537,50.951221448258686,0.0004028064890359467,-7283.0977
340,05,-3.1186685044343005e-05,-23.42358186127037,55.67473245647261,0.0008101687334261413,3227.2556
341,06,-3.458860908376663e-05,-19.802041976589628,51.81401281598541,0.0009322974188374144,8769.2295
342,07,-4.0491175616739144e-05,-14.380545316962786,51.51913973191349,0.0009613429224455643,11991.047
343,08,-3.430768915528969e-05,-11.902402343421853,46.669440629773256,0.0010274620080804539,12776.494
345,10,-1.4836711174446523e-05,-1.5530790907336818,46.4751422240952,0.0008285501714110792,3317.1975
346,11,-1.4172945336880124e-05,15.984315191311307,55.0159122577058,0.0006465871534172897,-4744.339
347,12,-9.103623443880553e-06,18.67049515623687,44.72693699303237,0.0003995294160866323,-9042.035
348,01,-9.98381483742544e-06,30.50790186531313,59.32570013750177,0.0005276380488101,-11623.586
349,02,-9.733829621899499e-06,11.488472740085646,43.235250111784055,0.00042143233519641003,-11748.343
350,03,-2.0140387961912898e-05,4.352542552004578,67.29393991330491,0.0004389440757035161,-7490.592
351,04,-2.446588194630345e-05,-15.287676639472116,50.48518859204715,0.00038008468478427,-1643.5989
352,05,-3.326288808405293e-05,-18.37616691179173,46.32872357566895,0.0006870887521260839,2227.8457
353,06,-3.476253857051133e-05,-32.52892781643338,47.80475471985869,0.0008564286241224787,8961.582
354,07,-3.577182100015043e-05,-18.878891244211506,53.425692884929724,0.0011261872946572934,12853.8955
356,09,-2.5189189388381943e-05,-2.5223080678304033,46.95382839618127,0.0009044781553824899,8307.552
358,11,-1.2143508331428165e-05,12.723418456013999,55.05112889809742,0.0005676329277205644,-3629.1006
359,12,-6.623100362498576e-06,8.910789440196046,51.189781416840454,0.00043185676473623153,-7717.4746
360,01,-6.219402897665034e-06,13.638463789416898,56.756673166043,0.0004136181822207933,-11213.389
361,02,-6.55127283612057e-06,7.2258432279314295,62.426701213981424,0.00047579284143406164,-10707.15
362,03,-1.4006747319585248e-05,0.15545269151913163,60.10794240493287,0.0004989911271048672,-7140.9326
363,04,-2.2896213735516033e-05,-13.763160278998479,44.90089633327524,0.0004889661802240576,-2827.783
364,05,-3.152253704363203e-05,-24.89160391596312,50.72287625494953,0.0007151075125502661,2955.6968
366,07,-3.995988693131167e-05,-23.939954596078525,46.67216465320125,0.0009029157017727434,11909.866
367,08,-3.326769469126164e-05,-18.63527480389995,42.41847231385144,0.0010581389043553269,12279.49
368,09,-2.396435872586961e-05,-8.675344586181641,43.626415080409586,0.0009490466401233954,8958.949
371,12,-8.896478755051119e-06,9.686923075029926,62.37685010996686,0.00038589618015715004,-10747.597
373,02,-7.65345504045659e-06,5.717629487900508,61.53230691539674,0.0003673177904023817,-12864.22
374,03,-1.4227020407356234e-05,-0.1344084672825314,56.345688745778084,0.0004143901391054961,-8831.986
377,06,-3.182083758476639e-05,-35.711798379855686,43.71565713060168,0.0008911056623261983,9462.985
378,07,-3.4407490462771055e-05,-31.11366353779454,49.13440625845617,0.0012401764772639779,14102.6875
379,08,-3.27152816781925e-05,-15.088779016966459,50.057286181364006,0.0010051635737900273,13828.232
380,09,-2.3803562745282155e-05,-1.7829848341200085,47.799041656389505,0.0008983746668693987,8424.292
382,11,-1.1904203317903414e-05,4.708053307088217,64.34552551558414,0.000539917925373298,-3270.564
383,12,-7.738160395268594e-06,4.967533013128466,56.59717789244652,0.00034308914540316133,-8082.6875
385,02,-7.274441715534998e-06,7.353929252261208,64.81677477946593,0.0005457368057977929,-11366.922
386,03,-1.235675504704564e-05,-6.3443144091534345,43.386579177287324,0.00039190909222795576,-8763.535
387,04,-2.5035789431644346e-05,-14.869033695136176,49.48712501599656,0.0005911379486306348,-3790.4678
388,05,-3.0008848766624646e-05,-32.62149781881353,48.67582858574712,0.0006954327806093939,3005.2107
389,06,-3.4230032604055946e-05,-25.01744469502767,49.43961729888122,0.000881464317699061,8505.379
390,07,-3.7348723895911946e-05,-18.427609645064162,51.34294977803511,0.0009686399827052652,13279.232
391,08,-3.274760770019843e-05,-10.64563058373236,50.85391145080519,0.0011464830641275342,12529.457
392,09,-2.5484862159343414e-05,2.648160398695204,48.54894579696125,0.0010463940876720393,8086.8965
393,10,-1.916051529891168e-05,8.726722329416583,41.10612051369683,0.0007127288467344178,2820.8594
396,01,-9.557997748420493e-06,23.492998173539362,55.985124487241116,0.00043240021513436713,-11741.003
397,02,-6.941694202459045e-06,2.77444112036694,54.92825397600388,0.0004849237747458461,-12297.184
398,03,-1.1845709033173812e-05,-9.130659757880753,42.53471919810516,0.00044616643216331627,-8204.407
400,05,-3.2719707248821014e-05,-19.41600187732328,54.71462800888861,0.0008146372657843473,4439.076
401,06,-3.633841799156573e-05,-15.284035491265191,54.862410076340026,0.0009098009567069676,9067.204
403,08,-3.664081436780238e-05,-14.530181596981583,48.63167088847007,0.0010329766651933964,13332.215
404,09,-2.780254297756781e-05,-4.337274759928387,47.643611919113,0.0009458465725743282,9596.426
405,10,-1.749340033099435e-05,6.576196681525118,62.883388684188155,0.0009416702161500776,2458.1626
406,11,-9.782895505729057e-06,13.286790387301977,48.36725960095062,0.0004847364594485018,-3623.3008
407,12,-8.270612005098982e-06,23.135962751162953,68.44660146777348,0.0005064767144187343,-9497.031
408,01,-7.079607454118081e-06,9.77005108642578,59.36599973937003,0.000497766507189808,-12115.6875
409,02,-9.82560560788399e-06,1.2790957768758144,54.799641565576906,0.0003367882807537607,-11207.327
410,03,-1.6003138249269338e-05,-14.11737674147083,62.83003596656937,0.0004201141621528276,-8781.1875
411,04,-2.0434202846445263e-05,-16.983018215264217,45.651346360141694,0.0004941429305161389,-2565.0615
412,05,-2.7662325821888435e-05,-23.158452428017892,56.92952051083376,0.0006636143321345607,4310.0713
413,06,-3.319209287441886e-05,-26.815010833062065,45.349666944320994,0.0008767861766169669,9294.039
414,07,-3.405638901301333e-05,-27.630988150319745,40.32137145659744,0.0009992564759155084,13344.496
415,08,-3.2683108437937644e-05,-17.84199171037572,39.46305893081491,0.0008798842714115641,12708.643
417,10,-1.765674730958508e-05,13.677036990258001,51.31546706972713,0.0007650325017121314,3187.334
418,11,-1.2026654228591521e-05,13.685960133870443,60.59634180396663,0.0006722915904273629,-2642.4502
419,12,-9.44601224512954e-06,28.97793200421077,55.46996279250422,0.0005743988471772425,-8330.457
420,01,-8.580053124215514e-06,22.96357862870411,63.49304372530727,0.0004570045449137564,-12812.441
421,02,-1.1990748406116751e-05,26.598223410470148,61.15281964255657,0.000413683501669097,-11518.746
424,05,-3.2321809314922687e-05,-17.350711201329386,63.11191008513332,0.0007860145196551182,4430.5356
425,06,-3.645346474101341e-05,-28.120134918891054,43.231891095406475,0.0007369192126624208,9420.876
426,07,-3.570791800838603e-05,-18.498887496784167,52.862582088247414,0.0012707728695600497,13087.221
428,09,-2.0748739615697153e-05,-9.244409510294595,35.08465283191469,0.0007514128688763474,8513.016
429,10,-1.6616273676728237e-05,8.951883064844276,46.06859467966968,0.0007536827149327755,2382.1045
430,11,-1.0089955154782932e-05,6.784489759657117,59.376273723493675,0.0007041661412425191,-4724.313
431,12,-1.0581146033268115e-05,22.95546643394552,54.273882943514856,0.00047802787376777174,-8245.688
433,02,-8.153189459681882e-06,8.31590086110433,48.93550452213628,0.0003498088643584164,-10012.17
434,03,-1.5915630637317265e-05,-1.6360386480515998,44.90566300547765,0.00042303985436162447,-7044.1357
435,04,-2.4346638547669703e-05,-22.934988667466907,50.17846367060873,0.0005260060907692656,-2729.8806
436,05,-3.070366395367009e-05,-25.76910455847299,53.73915812349191,0.0007177736570713329,3155.2617
437,06,-3.477750818122634e-05,-31.860220404391814,46.7203716229452,0.0009790266007457542,9384.883
438,07,-3.7615658574522775e-05,-25.170489753641114,45.05531850020347,0.0010782962788556474,12413.86
440,09,-2.5603061031688413e-05,-1.6679924726698132,46.654843129608366,0.0007566028229298049,9816.663
441,10,-1.3186316454061119e-05,-1.463842040031187,51.45971762442205,0.000853078227212879,2613.3313
442,11,-1.4898132296588707e-05,27.46974549831814,55.57987919455502,0.0007983321246238999,-2269.3433
443,12,-8.385574634596725e-06,33.275967709449034,59.292129598577816,0.0007795188684168917,-8087.258
444,01,-9.004527324929857e-06,20.359526514525058,60.00615774854665,0.000488436789451965,-12839.845
445,02,-1.2519085415486441e-05,14.879537966322628,54.698993667597065,0.000396557157183862,-10606.549
446,03,-1.4810545610421827e-05,-5.396197126162949,59.004922374092125,0.00045848496732475713,-7791.012
447,04,-2.7581765115751797e-05,-20.820068422105575,57.557788026644126,0.0004367676396880408,-3230.6929
448,05,-3.16294027814815e-05,-19.310568396455505,50.32535560724812,0.0007176550833915553,4124.5728
449,06,-3.356170396635004e-05,-23.02242342732747,60.87640379265148,0.0010927039331910299,9921.844
450,07,-3.758493633006676e-05,-22.269790681900524,47.74635748879372,0.0010440241232438279,14240.893
451,08,-3.3272750999810424e-05,-17.014684508621052,43.397001161080546,0.0010487866989167115,14518.467
453,10,-1.526362983537594e-05,-3.798430909843855,48.34944315867911,0.0005933222717686742,1836.9424
454,11,-1.1750765303218536e-05,10.89123139716254,54.5964946256227,0.0005619674263660951,-3753.2065
456,01,-6.416161365773257e-06,12.223324068787278,48.97643718384928,0.00038658891371489107,-10706.863
457,02,-8.18821650381367e-06,12.903916228158135,62.959067062718525,0.0005283647472425172,-10774.6455
460,05,-2.9667726341906155e-05,-25.198657173730993,56.839670298081565,0.0009037413714048589,3455.3735
461,06,-3.566179110415154e-05,-31.36642959594727,52.944568701901716,0.0011968786994141958,8286.763
462,07,-3.888270218750779e-05,-23.176640851420746,56.14024401203919,0.0012087215603821659,13466.617
464,09,-2.5415033401845397e-05,-5.530321179199219,52.86381167994076,0.0008053615700507684,8944.458
467,12,-7.748080553331723e-06,20.40142875687794,63.311030514205655,0.0004944631197981608,-8128.0156
468,01,-8.493993727101315e-06,23.796599253992884,55.116003269850566,0.0004060688798143667,-10303.514
469,02,-1.1806723732206594e-05,-2.6082788761683875,46.30087924139698,0.0002829947456795624,-10523.025
470,03,-1.3339704251535219e-05,-6.768148279333628,63.03257818707726,0.00046114679775602243,-6862.108
471,04,-2.4140652476206825e-05,-8.481860700141059,60.03202422682047,0.0007254045517381757,-2880.7563
473,06,-3.447691067930363e-05,-33.33076165534125,39.74884000571834,0.0009423105013197868,9037.533
474,07,-3.4126774513620195e-05,-44.31138712696363,36.16823902212164,0.0009376750856292581,15119.309
475,08,-3.324744642680256e-05,-25.59706884437479,43.61733073811633,0.0010718811275108415,13786.503
476,09,-2.7110998255941223e-05,-4.088550005425346,48.59134079140956,0.0010813803784312972,9793.24
477,10,-1.717439320385384e-05,2.0582064438686585,44.893768001867876,0.0008625090847966448,2802.3564
478,11,-1.049799736220949e-05,11.533768935139973,58.11769115721252,0.0007007089032915043,-3954.3296
479,12,-7.425197422547768e-06,21.47761040308142,53.53903508252609,0.0005544804356621699,-8695.942
480,01,-8.170035396257738e-06,18.813249751593478,61.34680531404607,0.0004562786708415723,-11609.732
481,02,-8.232899953890454e-06,13.675333238874163,51.283400613031226,0.0004878204055308429,-10565.262
482,03,-1.7898125718357898e-05,7.876527682396675,54.192069970153995,0.0005073455370986293,-8352.711
484,05,-2.8741963674400066e-05,-37.081440074305384,54.09692304540707,0.0006720132131989082,2889.901
486,07,-3.625940142692049e-05,-31.74150496025496,48.734570516079984,0.001190152164367206,13070.021
487,08,-3.404563471354698e-05,-17.337182702177312,41.57153246440298,0.0009153493840614355,13310.999
489,10,-1.8569231195137014e-05,10.235854191605762,54.45598049366731,0.0009659558784721729,4056.8438
490,11,-1.0039879183467646e-05,10.335369747924807,64.20363267016013,0.0005838539287481886,-3529.2705
491,12,-8.260583359534854e-06,25.078029959073632,56.60606037604423,0.0006186688043578876,-8682.647
493,02,-1.5386156723984276e-05,31.748662168305497,64.97568837541958,0.0006172183049920366,-9806.311
494,03,-1.9840231885472768e-05,-1.8349693298339842,46.56073982853019,0.00044156570029401656,-5239.6924
495,04,-2.7043378228700023e-05,-24.0670989525689,35.17819720014996,0.00044264087076846477,-2516.3784
496,05,-2.995519203009721e-05,-45.04488896819084,46.51938461271666,0.0006991983233638057,3380.061
497,06,-3.546342912159163e-05,-30.903872137790252,54.092656515480414,0.0009531023765690003,9635.133
499,08,-3.48960954878191e-05,-17.491402352609946,46.845165995435046,0.0011642942770002831,12758.817
500,09,-2.4679065476549213e-05,-6.537764871215822,41.4254565234277,0.0009814041400650556,9964.5625
501,10,-1.848353834580477e-05,14.114419966174706,59.132486595437086,0.0008436635503033075,3853.5928
502,11,-1.0186800306089735e-05,15.631692754109702,47.969248177954896,0.0007050563983345021,-2134.8936
504,01,-7.860778656987515e-06,14.34612370152627,66.80461903254064,0.0004323260738559914,-11154.011
505,02,-9.005972841740524e-06,9.622026147751583,54.51137783175566,0.000539877978493261,-10619.041
507,04,-2.588563685021654e-05,-27.98602328389486,47.86236142485672,0.0003414452638194754,-471.49304
508,05,-3.230829694098981e-05,-22.4746828918457,60.26473778712485,0.0005485733494364279,3570.3516
509,06,-3.7502937650666964e-05,-26.38411481492784,47.88007799596918,0.0010744130859948195,10239.33
511,08,-3.444879628501263e-05,-12.903870650096605,45.419211714576655,0.000943864032105035,14146.845
512,09,-2.3354238802332672e-05,-7.743464881388346,41.71682162190013,0.0009716396207307595,9585.857
513,10,-1.864643046111826e-05,14.62936670381279,46.729617401201246,0.0007882013383125549,4138.747
514,11,-1.0072340758698473e-05,9.36498726196289,49.88987413275507,0.000526706469721909,-3037.6265
