,month,MER,MSSHF,RH,SD,SCA
0,01,-7.186377549426466e-06,5.464709561255669,62.6901256937955,0.010292715281568547,0.53
1,02,-7.399999772068052e-06,2.729709174746558,52.295623941567676,0.0088853447891417,0.19
2,03,-1.408509512223264e-05,7.08405715679866,62.090667984242096,0.00040960040271923105,0.75
3,04,-2.191347909663616e-05,-15.59233038906521,62.41300571294825,3.557954761717054e-05,0.22
4,05,-2.839083756912113e-05,-16.16055940262989,64.02205650719006,4.408267492889076e-05,-0.38
5,06,-3.330413338050373e-05,-22.16353809509278,52.028707694198026,0.0,0.19
7,08,-2.8487004876296853e-05,-12.56110269165039,50.14281140049425,0.0,0.38
8,09,-2.3132900744369383e-05,-4.023202255249023,42.3501046719922,0.0,-1.41
10,11,-1.1569333000928361e-05,13.890767045423724,49.679388139549886,8.024262719684175e-05,-0.15
12,01,-5.795284385228985e-06,8.867661568262244,49.01821534482766,0.000661063572411896,0.44
14,03,-1.4070489600584629e-05,-6.186828353717764,55.02083505403355,6.114121534491099e-05,1.27
15,04,-2.282624180893941e-05,-17.872287172783746,48.97103869282801,0.0,0.62
16,05,-2.9285246377967465e-05,-30.998830406271004,47.47244699586335,0.0,0.68
17,06,-3.014735746900341e-05,-26.066622504679362,62.37913317463399,0.0,0.32
18,07,-3.1905643976779664e-05,-14.025872309859079,48.67037434149174,0.0,0.63
19,08,-3.1051088017916934e-05,-11.540256553403795,47.008779259716306,0.0,-1.35
20,09,-2.365392635981859e-05,-3.0327022542317708,42.946886476458445,0.0,-0.14
21,10,-2.1172643707369163e-05,7.590982919672484,58.4636376896443,0.0,-1.17
22,11,-1.4279194747299093e-05,14.235161112806532,54.54851769668525,0.0015326325999365914,-0.4
24,01,-7.860688640385075e-06,20.899533713063885,47.875411116570554,0.0019344636983768915,-0.75
25,02,-8.991757432514056e-06,2.888394768487839,50.11619150138895,0.0005664595067501069,0.59
26,03,-1.2076194787720939e-05,11.89821663673975,73.37905685201383,0.0001724853964262111,-0.87
27,04,-2.2320882245185202e-05,-19.334173597547743,50.02077896680037,1.5786700778537326e-06,-1.34
28,05,-3.0310256707952082e-05,-17.47440350473055,59.34436809112436,9.34754648516255e-08,1.42
29,06,-3.0904296795920855e-05,-15.787571440294057,51.69619375912348,0.0,-1.07
30,07,-3.173775886429094e-05,-20.80200322239373,49.75860673643311,0.0,0.7
31,08,-2.8741253340065727e-05,-19.03508228654759,42.77699926753197,0.0,-0.05
32,09,-2.269007780640903e-05,-3.5648343312581385,46.85175361700852,0.0,-0.06
33,10,-2.174942796122078e-05,9.781940688922843,60.93410625634399,0.0,-1.35
35,12,-7.687594037497059e-06,8.885675470167591,67.75924336626196,0.012596724167946844,-0.47
36,01,-5.276928763964617e-06,11.574925520045783,58.01885871766587,0.0001972472347239012,-0.77
38,03,-1.6001877676116956e-05,1.792558938959594,55.95160838729334,3.8041683935349995e-06,0.72
39,04,-2.3437909088230905e-05,-21.874123499891493,46.11000325809585,2.168152067396376e-08,-1.57
40,05,-2.9170486620455693e-05,-20.4214844770534,47.92201473479629,0.0,-0.86
42,07,-3.416977696542745e-05,-21.999847670688425,39.2781192299025,0.0,0.39
44,09,-2.1331834113273846e-05,-6.238656323920356,43.43915766518911,0.0,-0.3
45,10,-1.6551261839878706e-05,3.491510892150223,54.79260846710333,0.0,1.47
46,11,-1.519573135911843e-05,20.401449884033198,56.70156626680825,5.0221549140082464e-08,0.21
47,12,-1.0313162028783104e-05,17.753608460457098,55.75187243828721,4.658237964876236e-05,-0.28
48,01,-1.1369238679367056e-05,31.70380508160335,51.86229076744793,0.00012911142713280135,-1.33
49,02,-1.1685804688698098e-05,2.732715975443522,46.129101684696614,0.00031034646715436665,0.47
50,03,-1.3839232150540515e-05,-0.5926843497983868,57.115805566785156,2.071826688704952e-05,-0.52
51,04,-2.090864053300013e-05,-10.60586452026367,65.75529212030038,1.1234845055474176e-05,1.24
53,06,-3.6603149109497395e-05,-25.008415187242296,46.266101067479454,0.0,-0.55
57,10,-2.1395454446465794e-05,12.186390243366201,47.91972020449689,0.0,-1.87
58,11,-9.367185011372688e-06,10.117007967122396,41.05919099200301,3.5537613762749565e-08,-1.83
59,12,-8.522425015388596e-06,21.808005747805364,57.410435429080856,2.6479295504990444e-05,-1.87
60,01,-1.1848107099418698e-05,28.771229348787696,56.9102486772409,0.0017296655524161556,-0.46
61,02,-9.682757584759485e-06,6.4267875001403105,47.08914505602986,8.748411584174497e-05,1.31
64,05,-2.301351515928619e-05,-21.276121071107926,61.30564291210714,3.1990530670330086e-06,0.98
65,06,-3.0384449369921637e-05,-25.249517172580298,53.14751710217263,0.0,0.03
66,07,-3.052118788760435e-05,-16.333257173927887,51.58020934386151,0.0,-0.72
67,08,-2.8069958612225798e-05,-17.017802792784988,42.472240740586344,0.0,1.24
68,09,-2.2138291550658728e-05,-0.809648367987739,66.94727416271104,0.0,-0.38
69,10,-1.5594664512004833e-05,12.420039781796033,52.5519555827328,0.0,-0.3
70,11,-1.2000811908506469e-05,17.20852971835666,62.11537896577253,8.267998695373535e-07,1.13
71,12,-7.343828446024142e-06,12.754345215500043,59.86620702467682,1.1825137240912326e-05,2.84
72,01,-6.201572312694294e-06,7.789162023728894,59.71689801232405,0.006257890532093664,0.41
73,02,-7.646551471441942e-06,-7.170963860648018,49.17462651499538,0.00039035758092289885,-0.2
74,03,-1.1304150707112197e-05,-2.56875498781922,68.34861116093205,0.0002458149412626861,1.07
75,04,-2.3272295822324753e-05,-10.486857863362628,59.37646033687326,3.632929590013292e-07,-0.88
76,05,-2.800802443084893e-05,-16.149492612120927,55.7763452255995,0.0,1.28
77,06,-3.090711121482552e-05,-17.990251360066733,61.34983533646531,0.0,0.11
78,07,-3.447742918110781e-05,-15.274860501197074,50.75858460182529,0.0,0.15
82,11,-1.5779393952086846e-05,2.730464919026692,53.6031213278585,0.0001320727745691935,0.06
84,01,-1.0488508364736625e-05,25.802121266682942,67.17732922877546,0.0024635101813142014,0.16
85,02,-9.105866422227595e-06,-15.737989101954868,41.279925076501705,0.0001222507996218545,0.94
86,03,-1.09558865346488e-05,2.199697240357758,53.96111336709735,0.0001382134986180131,1.15
88,05,-3.1224375424332516e-05,-18.680161248648037,54.14751819698144,0.0,0.14
89,06,-3.5890827366468634e-05,-24.274000357055662,43.53411597645681,0.0,1.4
90,07,-3.000731417455182e-05,-30.125119514383297,48.19723509739805,0.0,-1.95
91,08,-3.1366839325049225e-05,-20.726613564768147,49.22354232249208,0.0,0.55
92,09,-2.1116000810717296e-05,-5.870355172729491,52.886519872754164,0.0,-2.04
94,11,-1.2770530823662637e-05,20.62896745435927,57.76803370095226,4.2331218719482425e-08,0.15
97,02,-5.771432554432804e-06,6.824847212655203,67.52644709656069,0.00025317513942718504,-0.52
100,05,-2.791426425801057e-05,-28.103053294192083,60.924986691195485,0.0,-1.4
101,06,-2.8837502824555686e-05,-20.989433822292757,61.5306473079814,0.0,0.32
102,07,-3.379324687933062e-05,-20.07741719498173,55.40260847481861,0.0,-0.97
103,08,-3.0242934917310693e-05,-13.572054321945357,50.633880177582476,0.0,-1.65
104,09,-2.5696148892024614e-05,-3.969099077690972,51.22118268649578,0.0,-1.01
105,10,-1.9746457593286597e-05,13.28605210072507,59.41998880579267,0.0,1.4
107,12,-5.659096497726741e-06,10.619382738339004,50.16868590621025,5.145294307380593e-05,-1.38
108,01,-9.400724827868036e-06,23.76198229324177,64.8158600401199,0.0002939996052813786,0.72
110,03,-1.4791143874625109e-05,4.141464673442225,71.63935923557511,3.25570567961662e-05,0.49
111,04,-2.4692344382775542e-05,-22.74501348402235,55.09817502149212,0.0,-0.96
112,05,-3.182606770285695e-05,-15.882362545546664,52.83810746537357,0.0,0.85
113,06,-2.7714982728361462e-05,-28.63852083367242,47.29024293223089,0.0,1.93
114,07,-3.385038605679304e-05,-9.511822006717805,59.07058047961163,0.0,0.81
115,08,-3.211179117533902e-05,-13.866469908683532,47.473473327189375,0.0,-0.19
117,10,-1.6347254436593455e-05,7.273599919801116,47.520342997120274,0.0,0.1
119,12,-7.866494279115095e-06,20.208327730240367,52.71666673100892,0.0,-1.98
121,02,-1.1993180484209699e-05,15.243881237211681,52.799659086113884,4.026403029759725e-06,-1.14
122,03,-1.7582771425163286e-05,5.919001820882161,61.97907953674307,1.3147951454244634e-06,-0.62
123,04,-2.3728384267512105e-05,-15.711892689005532,62.36782957411343,7.404155201382107e-06,1.96
124,05,-3.2913617601255e-05,-32.404015432706444,43.15242019264416,0.0,-1.85
125,06,-3.3498540398290464e-05,-35.047065074327264,55.710710440916486,0.0,0.78
126,07,-3.3625666249610085e-05,-27.510599928661055,42.19065745926929,0.0,0.2
127,08,-3.0036708770112647e-05,-17.0266568734774,43.458151734339296,0.0,0.21
128,09,-2.1827326350689368e-05,-6.781363076782227,44.02462579022247,0.0,0.59
130,11,-1.311930024130561e-05,7.912713109334308,43.72629240063826,7.664759953816732e-08,0.89
131,12,-7.719866410816296e-06,20.033501539989185,45.286219627095804,2.718377369706349e-05,-1.58
132,01,-9.708490018202875e-06,23.531725362798216,54.619796854420386,3.920951197224279e-06,0.16
133,02,-1.709957590030951e-05,31.83555304718018,59.52337883048256,2.0835172562372115e-06,-1.68
134,03,-1.7018775953137494e-05,2.372058311872584,47.98838851665681,2.4298456407362414e-05,-1.97
135,04,-2.7999317039636173e-05,-19.276666238742408,46.732171709169286,0.0,-0.72
136,05,-3.125298669270236e-05,-34.3688931694441,36.06377147361027,0.0,0.74
139,08,-2.897321149455781e-05,-28.290339532667595,47.590817581110095,0.0,-0.15
140,09,-2.7407515947157255e-05,-3.6402964202880854,48.108384553693405,0.0,-0.21
141,10,-1.8407037761653066e-05,10.48773665069252,49.92561818830045,0.0,1.22
142,11,-1.0645134954231454e-05,8.876481322224937,54.38112868225972,1.7197676499684652e-05,-0.08
143,12,-1.0178729378000547e-05,19.264495642221096,49.02194799312469,0.00010385854269868586,-0.15
144,01,-9.804670876438911e-06,24.167181801416536,38.86062395377826,7.464897248052782e-06,0.0
145,02,-6.996622216688376e-06,0.507544446309408,46.996895068120395,0.002555922939663842,1.72
147,04,-2.5889148811054637e-05,-18.50936585184733,50.20018549894757,1.8495678901672365e-06,-0.86
149,06,-2.987989489524302e-05,-20.686577268473304,57.62339900992447,0.0,-0.71
150,07,-3.606362330103894e-05,-12.26554677852508,46.37869990175771,0.0,-0.51
151,08,-2.9805839779475068e-05,-22.79464663072811,38.70661156831249,0.0,-0.28
153,10,-2.004618059737534e-05,2.17344532234438,45.307421456006274,0.0,0.18
154,11,-1.4646135411648073e-05,14.444811823866104,60.08639300202131,2.8859506713019477e-05,0.02
155,12,-7.654158530845394e-06,17.942148733159545,42.031411531264894,5.5359345610423755e-06,0.01
156,01,-5.988280283046514e-06,9.900324605634134,41.55076964045469,0.0,-0.02
157,02,-7.568776633878318e-06,10.513905402874128,42.596786469010105,3.7069602944385046e-05,-0.03
158,03,-1.6743815379482177e-05,3.675611719931326,56.535387553599556,1.1341134707132974e-05,0.41
159,04,-2.3724830210206465e-05,-12.979907084147134,60.15185276207658,2.5939941406250002e-08,0.32
160,05,-3.502280750303383e-05,-18.415903687507882,37.98684394011575,0.0,-0.67
161,06,-3.339920427913765e-05,-25.873405965508358,43.36981476617124,0.0,2.34
162,07,-3.3542465003026134e-05,-26.574038988010855,46.61348771423679,0.0,-1.03
163,08,-3.290884278264643e-05,-13.404264240552024,52.83446418771308,0.0,-1.24
164,09,-2.5466491539959356e-05,-1.4094354346381297,48.6797681992597,0.0,1.59
165,10,-1.9484351597922247e-05,1.9587082073252686,58.379234332862715,1.8078127214985508e-06,-0.08
166,11,-1.321692710625939e-05,23.694389510769323,50.96693710040848,0.0,-0.73
167,12,-8.425528942156701e-06,11.411874493342573,45.69198678764476,3.2269544498894803e-06,-0.18
169,02,-8.449411843078754e-06,-1.1622854381742926,41.2482318814184,0.0001454247690382458,0.06
171,04,-2.191761210872048e-05,-4.539731902737087,59.59964808656376,0.0,0.59
173,06,-3.281592492067931e-05,-24.277929318237305,46.836056776909025,0.0,-0.48
174,07,-3.3366269429406925e-05,-23.52127023184171,53.23872095220833,0.0,-0.18
175,08,-3.234485571499712e-05,-11.285276480397874,49.79429166342623,0.0,-0.63
181,02,-9.681430163471391e-06,-2.9269207930791947,54.97462990093799,0.0003871754450457437,1.25
183,04,-2.4481364455176743e-05,-15.54007357143826,53.21672202842236,6.838602489895291e-06,0.4
185,06,-3.390126228795352e-05,-22.424498955281575,49.86442946763436,0.0,-1.54
187,08,-3.527003988845888e-05,-15.806742182249662,41.714041907468136,0.0,0.5
188,09,-2.649383951805552e-05,-2.2674784339057075,50.77799905458556,0.0,-0.02
189,10,-1.8016295581522476e-05,4.47270425086893,52.33998963107474,0.0,-1.33
190,11,-8.92097842036795e-06,12.752254605102538,55.27824593100681,0.0,-0.53
191,12,-1.093666692604627e-05,22.757288210632986,53.902280609893545,6.536950347244099e-07,1.35
192,01,-1.2804497735976505e-05,25.385474410518523,57.77612080058489,0.0009627563479126142,-0.09
193,02,-1.271823695051786e-05,20.178666164579848,60.9734689490412,5.487134059270224e-06,-2.08
194,03,-2.219248033328259e-05,-0.5256330294045062,56.57506640008187,0.00016835869896796444,-0.32
195,04,-2.3056703787511248e-05,-15.611610607231992,48.9374839578549,0.0,-0.98
196,05,-3.3250014936618425e-05,-29.631465932538433,52.844916530618114,0.0,-0.35
198,07,-3.591561413959817e-05,-25.92438248894804,39.340810654867084,0.0,-0.36
199,08,-3.331847033315239e-05,-31.29434137422295,33.68999910253863,0.0,0.06
200,09,-2.6222378082234683e-05,-4.395296908230251,54.09243484116659,0.0,0.22
201,10,-1.4566836962311297e-05,5.514771194293934,41.310020164710224,0.0,0.69
202,11,-1.3042386322538529e-05,9.068964893934462,58.53600206141338,2.0260943306816947e-07,-0.25
203,12,-8.991161045966975e-06,-5.598886509064706,48.51484771922968,0.00015860379254946144,-0.89
204,01,-7.460320452180465e-06,-0.4728464959257379,45.67560021059616,0.00023015245699113416,2.86
205,02,-7.544903639281147e-06,5.38362545916678,55.18347650017959,0.0006102077837648064,-0.22
206,03,-1.2827322511164368e-05,-10.990242480862525,51.72073062135199,2.0419359207153323e-05,2.15
207,04,-2.0502408365953464e-05,-21.604367342122394,58.54018084150156,2.815988328721788e-08,1.24
208,05,-2.4253428110207234e-05,-26.022296560964275,51.92535755428705,0.0,0.36
211,08,-2.9903093116464793e-05,-15.358725825155936,42.33743624172287,0.0,2.93
212,09,-2.534073391895315e-05,-7.00570699428982,43.673043699496326,0.0,1.03
213,10,-1.7171301486478214e-05,8.106230379494288,51.02844809201841,0.0,0.4
215,12,-8.836182103413613e-06,1.1414017176474303,51.832999992789766,0.00011574836187465217,-0.19
216,01,-3.583592048936e-06,-1.2817189340899076,35.36421269791357,0.00038023888808424755,0.07
219,04,-2.201332183204714e-05,-17.60772253417969,50.15108422283994,0.0,-2.44
220,05,-3.085946982284968e-05,-22.07697987414944,55.658551038389554,0.0,-0.66
221,06,-3.476727682935032e-05,-20.254541469319665,56.16686724849277,0.0,1.64
222,07,-3.376502295814329e-05,-20.43258258581674,48.29218798171063,0.0,2.61
223,08,-3.064838395117496e-05,-15.397676236060358,39.11490551742816,0.0,1.18
224,09,-2.7053925191669103e-05,-10.968042353990342,40.873450344501606,0.0,-1.42
227,12,-9.893875752236308e-06,16.98351939342868,60.12797338394067,1.687051532089069e-05,0.61
228,01,-1.1099072907757458e-05,24.386054642872143,54.87726956107148,2.2409808251165574e-07,0.59
229,02,-7.893391973560764e-06,12.879144769577753,54.623768248409036,3.740382904098147e-05,-0.56
230,03,-1.582076560769428e-05,4.910139277304372,64.38913835901599,1.3940626575100807e-05,-0.05
232,05,-3.182257207745645e-05,-20.036693252071256,51.31070372274871,0.0,0.25
233,06,-3.4082233544055876e-05,-13.138249787733287,60.09514157660935,0.0,-1.02
234,07,-3.6390916169732936e-05,-13.917790471887077,46.5719772114318,0.0,-1.63
235,08,-3.4686337675251e-05,-19.754633603331865,40.27667498864153,0.0,-2.19
237,10,-2.3367591303340108e-05,14.50471792602539,57.49670259841796,9.088093234646704e-07,-0.49
238,11,-1.186565926222506e-05,4.6568576497395835,50.09492808050447,2.143026722802056e-06,-0.37
239,12,-8.802920268002493e-06,22.454611907630838,51.308709990082264,0.00011667215695945164,-0.95
240,01,-9.430198710966792e-06,24.63400003675235,61.44896206574927,0.00020755073460199501,-0.01
242,03,-1.3397230129969535e-05,-0.9194605676794566,60.6708199271861,8.536538770121912e-08,1.68
244,05,-3.422614240797327e-05,-20.88572949317194,50.723297991629586,0.0,-1.28
246,07,-3.775679561435789e-05,-20.12216363230059,34.70881050790896,0.0,-0.01
247,08,-3.318467006672979e-05,-13.657699137697938,45.50563225292391,0.0,-0.39
248,09,-2.59650643648355e-05,-3.5717024329291456,50.26974016195536,0.0,1.24
249,10,-2.1588807777500546e-05,5.981483147405809,48.24640764357326,0.0,0.81
250,11,-1.3179962080519347e-05,12.654008286878799,52.50058610761298,2.0961513784196646e-05,-0.39
251,12,-1.3700721242369786e-05,27.986750325848984,63.54783165261822,0.0004829321933049028,-0.34
252,01,-6.553396535759588e-06,18.42038040095504,45.80448549491872,7.689163249026063e-06,-1.02
253,02,-1.2230161100386137e-05,18.65321454909752,54.35344561065067,3.605513052008618e-05,-1.16
254,03,-1.4517082142339604e-05,-0.5979741453765541,58.83941007500695,2.188550656841647e-05,-0.92
255,04,-2.355722367422762e-05,-12.813957029554578,60.681698268123455,8.329312006632488e-07,0.34
256,05,-3.550879427684679e-05,-19.147158501081563,47.704144963514416,0.0,0.27
257,06,-3.750390542944741e-05,-27.016546727159287,42.780413097916714,0.0,-1.14
258,07,-3.168135436499142e-05,-21.668345875401656,51.88578506780696,0.0,1.46
259,08,-3.0941285219664524e-05,-19.063545700565466,39.65101154342005,0.0,-0.11
260,09,-2.4486756719630248e-05,-2.020394458007812,56.817002186003,0.0,1.42
261,10,-2.1893689024856883e-05,11.235235126454343,57.40779917159772,0.0,1.07
262,11,-1.5146696185204038e-05,20.892512133110895,68.07071139411661,0.0,1.91
265,02,-9.421481274265325e-06,7.153048214503697,61.79020408172125,0.0006544472773869832,-0.07
266,03,-1.3063552253355424e-05,-6.242824222359606,58.59238742218351,0.00027922883085025255,-0.53
267,04,-2.4765318735565716e-05,-15.737299090576174,60.65160554169682,6.594268480936686e-06,-0.52
268,05,-3.372209000100225e-05,-25.790908090242777,45.58359570831253,0.0,-0.73
269,06,-3.303585196628976e-05,-31.827683939954966,48.06642211600013,0.0,-0.58
272,09,-2.8629883362433853e-05,-3.361749937269423,60.89090815499625,0.0,0.45
273,10,-1.872843477780094e-05,15.499699002173642,52.0420637966638,0.0,1.32
274,11,-1.4045017091525046e-05,9.019137569173179,50.75557469189433,0.0,-2.06
275,12,-9.904081011676856e-06,14.487402564920403,52.82181985401466,0.00022924734956474715,0.68
276,01,-6.60295483731882e-06,23.604068570044735,51.65779350411636,0.00012535062912971744,-0.7
278,03,-1.718439095667989e-05,-2.8514695644583754,52.573686629964456,1.5001514906524331e-06,-0.39
279,04,-2.4829810814864887e-05,-14.182246478949653,49.20558492463959,0.0,0.94
280,05,-3.0134792006426703e-05,-17.31557953963741,52.31226475243542,0.0,1.3
282,07,-3.594073215623134e-05,-17.96138944137737,48.60045512300026,0.0,0.2
283,08,-3.0240783373966385e-05,-12.41071590333344,52.640142950275894,0.0,1.22
284,09,-2.726855740998468e-05,-6.606480073716904,41.46046437310777,0.0,0.88
285,10,-2.2813934475604865e-05,5.003235001430717,55.25826176021304,0.0,0.06
287,12,-9.155090198257839e-06,-0.601292420089886,52.83887711868107,1.2510566301243278e-09,0.96
288,01,-7.996820467572737e-06,16.024269751435966,52.92226850532075,0.00044667841542151673,-0.51
289,02,-9.213011075579354e-06,1.6289639434814458,40.65915042115535,0.000368756529830751,1.55
291,04,-2.383696288773839e-05,-17.2942943037245,47.44735419490735,1.5020370483398438e-08,0.9
292,05,-3.0977665722578726e-05,-19.48317038226384,57.695412786129985,0.0,-0.67
293,06,-3.491794925367785e-05,-29.63445593295627,48.58540389312637,0.0,-0.77
294,07,-3.637924248004731e-05,-25.786057973554062,44.12265574810709,0.0,1.01
296,09,-2.437035215904568e-05,-12.497950702243381,40.21523504180775,0.0,-0.13
297,10,-2.1305207502659715e-05,-2.352458050143333,49.86598729915773,1.9682761161558088e-06,-0.62
299,12,-8.986315398414586e-06,16.75842543636855,56.42778465677845,1.2960655714875909e-05,-0.94
300,01,-8.992702947169514e-06,20.66453995308825,64.87525535803712,0.0007110370653931812,-0.25
301,02,-1.1818901434843997e-05,12.780648606925178,58.06078212638148,0.0004339445432027181,-0.14
302,03,-1.5225630396960167e-05,1.0669384965794064,50.376974003080406,0.00020815543461871405,1.12
303,04,-2.4217375733618005e-05,-11.611916856553819,59.49211039767795,0.0,1.04
304,05,-2.847669872224737e-05,-31.81054322043798,50.857990436966695,0.0,-1.53
305,06,-3.421590459786078e-05,-30.121984181382924,54.56608841220009,0.0,-1.26
306,07,-3.5823426863228845e-05,-21.040274605699764,48.61712288511441,0.0,-0.5
307,08,-3.442271008691844e-05,-10.630728795861687,53.4802156332962,0.0,0.55
308,09,-3.09724094837697e-05,1.3779368174235027,41.60773183429904,0.0,-0.21
309,10,-1.9737982986943505e-05,10.8786054316695,45.96995730125903,0.0,0.55
310,11,-1.219442167142309e-05,8.63346869269477,52.650442458646836,3.3279392454359266e-07,-0.97
311,12,-6.509792311736683e-06,12.651209838210898,41.13814304297201,0.000107577202140644,0.13
312,01,-1.0532949036563073e-05,27.835473567839585,50.62756816835045,0.0002284056717349637,-0.36
313,02,-1.0796667724878803e-05,1.9850640389578682,54.967533898224424,0.00020228017086074463,0.74
314,03,-1.2645556585016247e-05,2.2825399281491516,62.992716266741034,0.002058747031355417,-0.69
317,06,-3.715115132452208e-05,-30.632264646063906,50.84424858076307,0.0,-0.44
318,07,-3.409394384040644e-05,-23.561669685609886,47.80977541725482,0.0,0.68
319,08,-3.320200081173924e-05,-14.21000237282374,41.28222914207624,0.0,0.0
320,09,-2.545146969718593e-05,-6.704652192857532,39.75358392157654,0.0,-0.5
321,10,-1.7187334372416657e-05,10.538457600583316,41.694871458662455,0.0,0.48
322,11,-1.4535249143672345e-05,9.326381112670902,61.63253474075529,0.0005737135661972894,0.49
323,12,-9.12172876785682e-06,14.485518746324761,56.37181309181387,0.0003240881030277539,0.94
324,01,-6.5253165958961526e-06,7.280853728591756,43.42763289413273,0.00014880976241122009,2.11
326,03,-1.3873502668170125e-05,-4.782673361173239,59.930227692120816,0.0004253186384836833,-0.66
327,04,-2.37631702343909e-05,-18.782449027506512,53.65862876264652,0.0,-0.11
329,06,-3.4785863751151034e-05,-27.11431088460287,44.96967633606062,0.0,-0.11
330,07,-3.3670624993676266e-05,-35.11209074615151,34.7803111832411,0.0,-0.66
331,08,-3.203818718891423e-05,-14.970106861073484,56.166526000266416,0.0,1.89
332,09,-2.4569920312832332e-05,-1.9050392035590278,48.50952039943403,0.0,0.45
333,10,-2.0357669840078775e-05,8.929626497002058,49.91160704086961,0.0,1.22
334,11,-1.6638314112929544e-05,21.698549422539603,51.20864173750348,6.023910310533312e-08,-0.45
335,12,-1.1844671387852061e-05,21.158474252352146,51.61357204472506,1.2561005930746755e-06,-0.04
336,01,-1.3167410284109127e-05,32.71415653975292,54.798027210791915,7.495572490076866e-08,-2.33
338,03,-1.969343553138324e-05,2.858439688077537,50.951221448258686,8.514286369405767e-07,0.53
339,04,-2.5420359923575438e-05,-23.728481532796227,35.425640993569964,0.0,-1.32
340,05,-3.1186685044343005e-05,-23.42358186127037,55.67473245647261,0.0,0.42
341,06,-3.458860908376663e-05,-19.802041976589628,51.81401281598541,0.0,1.05
342,07,-4.0491175616739144e-05,-14.380545316962786,51.51913973191349,0.0,-0.2
343,08,-3.430768915528969e-05,-11.902402343421853,46.669440629773256,0.0,-0.13
344,09,-2.677926907070085e-05,-2.246240928141275,48.58724766878287,0.0,-0.53
346,11,-1.4172945336880124e-05,15.984315191311307,55.0159122577058,8.570086956024171e-06,-0.81
349,02,-9.733829621899499e-06,11.488472740085646,43.235250111784055,9.416011558181937e-06,-0.21
350,03,-2.0140387961912898e-05,4.352542552004578,67.29393991330491,6.198341231192312e-05,-1.76
351,04,-2.446588194630345e-05,-15.287676639472116,50.48518859204715,0.0,0.18
352,05,-3.326288808405293e-05,-18.37616691179173,46.32872357566895,0.0,0.53
353,06,-3.476253857051133e-05,-32.52892781643338,47.80475471985869,0.0,-0.15
354,07,-3.577182100015043e-05,-18.878891244211506,53.425692884929724,0.0,1.33
355,08,-3.3834556450724496e-05,-9.036356891591062,49.02626591384924,0.0,-0.28
356,09,-2.5189189388381943e-05,-2.5223080678304033,46.95382839618127,0.0,1.16
357,10,-1.8222273044254205e-05,6.518695762716314,54.30898137165141,1.0895472700877858e-09,-0.97
358,11,-1.2143508331428165e-05,12.723418456013999,55.05112889809742,0.00035360905991660223,-0.71
359,12,-6.623100362498576e-06,8.910789440196046,51.189781416840454,3.1098793911677535e-05,0.38
360,01,-6.219402897665034e-06,13.638463789416898,56.756673166043,0.00026115813434764905,0.06
361,02,-6.55127283612057e-06,7.2258432279314295,62.426701213981424,5.497220584324428e-05,0.53
364,05,-3.152253704363203e-05,-24.89160391596312,50.72287625494953,0.0,0.38
365,06,-3.4585202314802804e-05,-32.20444840494791,47.13420631794532,0.0,0.27
366,07,-3.995988693131167e-05,-23.939954596078525,46.67216465320125,0.0,-1.13
367,08,-3.326769469126164e-05,-18.63527480389995,42.41847231385144,0.0,-0.21
369,10,-1.8213049179844e-05,4.716025361748153,49.256211021474606,0.0,-0.74
370,11,-1.3997967538165946e-05,28.005924584282763,63.3120259418408,7.164478302001954e-09,0.82
371,12,-8.896478755051119e-06,9.686923075029926,62.37685010996686,0.0033527605789963914,0.86
372,01,-6.091251291421628e-06,2.9262350808420488,60.36061479552843,0.002126177963390145,1.23
373,02,-7.65345504045659e-06,5.717629487900508,61.53230691539674,0.0021790685525962285,1.04
374,03,-1.4227020407356234e-05,-0.1344084672825314,56.345688745778084,1.3550689143519247e-05,-0.4
375,04,-2.4690822054900404e-05,-20.66956467929416,50.227940069592,2.4727185567220055e-07,-0.33
376,05,-2.827942739082006e-05,-27.387183430333288,51.416537502500645,0.0,0.47
377,06,-3.182083758476639e-05,-35.711798379855686,43.71565713060168,0.0,-0.55
378,07,-3.4407490462771055e-05,-31.11366353779454,49.13440625845617,0.0,0.79
380,09,-2.3803562745282155e-05,-1.7829848341200085,47.799041656389505,0.0,0.5
381,10,-1.8914465963579488e-05,8.677334267236855,54.52403665949838,0.0,0.33
382,11,-1.1904203317903414e-05,4.708053307088217,64.34552551558414,0.0002805316183302138,-0.08
384,01,-4.432973011169315e-06,15.641597058367989,49.85520389962581,0.000611914046349064,-0.24
385,02,-7.274441715534998e-06,7.353929252261208,64.81677477946593,0.00014321758775483995,0.3
386,03,-1.235675504704564e-05,-6.3443144091534345,43.386579177287324,0.00019613219461133403,-0.98
387,04,-2.5035789431644346e-05,-14.869033695136176,49.48712501599656,0.0,-0.4
388,05,-3.0008848766624646e-05,-32.62149781881353,48.67582858574712,0.0,-1.08
389,06,-3.4230032604055946e-05,-25.01744469502767,49.43961729888122,0.0,-0.57
390,07,-3.7348723895911946e-05,-18.427609645064162,51.34294977803511,0.0,2.48
392,09,-2.5484862159343414e-05,2.648160398695204,48.54894579696125,0.0,-0.61
393,10,-1.916051529891168e-05,8.726722329416583,41.10612051369683,1.6692376905871977e-07,-0.27
394,11,-8.12447487300637e-06,7.208228931681314,45.10324230610001,0.0,0.62
395,12,-1.2744765838047034e-05,29.389911852764826,62.27082245179138,8.855871231325211e-05,0.53
396,01,-9.557997748420493e-06,23.492998173539362,55.985124487241116,3.76804490243235e-05,0.57
397,02,-6.941694202459045e-06,2.77444112036694,54.92825397600388,0.0013561625960229456,0.34
398,03,-1.1845709033173812e-05,-9.130659757880753,42.53471919810516,5.560450656439668e-06,-0.47
399,04,-2.412122515035865e-05,-15.116672309705946,65.52592149374486,0.0,-0.93
400,05,-3.2719707248821014e-05,-19.41600187732328,54.71462800888861,0.0,-0.58
402,07,-3.9630504535585143e-05,-18.105863085346844,55.33667580591222,0.0,-0.56
403,08,-3.664081436780238e-05,-14.530181596981583,48.63167088847007,0.0,0.85
406,11,-9.782895505729057e-06,13.286790387301977,48.36725960095062,0.0,0.68
407,12,-8.270612005098982e-06,23.135962751162953,68.44660146777348,0.0004308112231633996,2.0
408,01,-7.079607454118081e-06,9.77005108642578,59.36599973937003,0.0024007742763847433,0.08
409,02,-9.82560560788399e-06,1.2790957768758144,54.799641565576906,0.0007189501410438901,1.0
410,03,-1.6003138249269338e-05,-14.11737674147083,62.83003596656937,0.00018706004465779953,-0.57
411,04,-2.0434202846445263e-05,-16.983018215264217,45.651346360141694,0.0,-1.1
412,05,-2.7662325821888435e-05,-23.158452428017892,56.92952051083376,0.0,0.48
413,06,-3.319209287441886e-05,-26.815010833062065,45.349666944320994,0.0,0.3
414,07,-3.405638901301333e-05,-27.630988150319745,40.32137145659744,0.0,-0.03
416,09,-2.475842662511746e-05,-8.054260448540582,49.65095689521101,0.0,0.38
417,10,-1.765674730958508e-05,13.677036990258001,51.31546706972713,0.0,0.67
418,11,-1.2026654228591521e-05,13.685960133870443,60.59634180396663,8.762069013383654e-05,-0.7
419,12,-9.44601224512954e-06,28.97793200421077,55.46996279250422,5.1136837210706475e-05,-0.73
421,02,-1.1990748406116751e-05,26.598223410470148,61.15281964255657,1.0926482223329089e-06,1.1
422,03,-1.6731313326227373e-05,-1.3453218475669946,47.843510205716214,6.519722682173533e-08,-0.47
423,04,-2.3883861623916246e-05,-16.521862002224392,58.86005653639768,0.0,-0.66
425,06,-3.645346474101341e-05,-28.120134918891054,43.231891095406475,0.0,0.19
426,07,-3.570791800838603e-05,-18.498887496784167,52.862582088247414,0.0,1.56
428,09,-2.0748739615697153e-05,-9.244409510294595,35.08465283191469,0.0,1.14
429,10,-1.6616273676728237e-05,8.951883064844276,46.06859467966968,0.0,1.11
430,11,-1.0089955154782932e-05,6.784489759657117,59.376273723493675,3.112157185872396e-08,1.77
431,12,-1.0581146033268115e-05,22.95546643394552,54.273882943514856,0.0004054831791949528,-0.4
432,01,-9.2527426375611e-06,26.340960131573418,62.63006211892765,0.00016244323407450028,-0.18
434,03,-1.5915630637317265e-05,-1.6360386480515998,44.90566300547765,2.4049384619600027e-06,0.39
435,04,-2.4346638547669703e-05,-22.934988667466907,50.17846367060873,9.625487857394749e-09,-1.49
436,05,-3.070366395367009e-05,-25.76910455847299,53.73915812349191,0.0,-2.15
438,07,-3.7615658574522775e-05,-25.170489753641114,45.05531850020347,0.0,-1.11
439,08,-3.326061218056918e-05,-12.586229408838417,52.3345120203854,0.0,0.87
441,10,-1.3186316454061119e-05,-1.463842040031187,51.45971762442205,0.0,0.62
442,11,-1.4898132296588707e-05,27.46974549831814,55.57987919455502,4.5776367187500004e-09,-0.4
443,12,-8.385574634596725e-06,33.275967709449034,59.292129598577816,0.0,0.08
444,01,-9.004527324929857e-06,20.359526514525058,60.00615774854665,9.698816525038853e-05,-0.68
445,02,-1.2519085415486441e-05,14.879537966322628,54.698993667597065,1.52496250196435e-05,-0.54
447,04,-2.7581765115751797e-05,-20.820068422105575,57.557788026644126,1.3241238064236113e-07,-0.11
448,05,-3.16294027814815e-05,-19.310568396455505,50.32535560724812,0.0,1.05
449,06,-3.356170396635004e-05,-23.02242342732747,60.87640379265148,0.0,-0.95
451,08,-3.3272750999810424e-05,-17.014684508621052,43.397001161080546,0.0,-0.44
452,09,-2.4645985519115736e-05,-7.889081433783638,37.34792189491059,0.0,-0.99
453,10,-1.526362983537594e-05,-3.798430909843855,48.34944315867911,0.0,1.05
454,11,-1.1750765303218536e-05,10.89123139716254,54.5964946256227,3.956906927956475e-05,-0.06
455,12,-4.447676278540448e-06,15.633635981405934,42.93341399640295,3.86891185596425e-06,-1.18
456,01,-6.416161365773257e-06,12.223324068787278,48.97643718384928,0.00022398640519829207,0.17
457,02,-8.18821650381367e-06,12.903916228158135,62.959067062718525,0.00023337035661651976,0.67
458,03,-1.5800369091061108e-05,2.527072602630943,59.88884960889175,0.0,-1.02
460,05,-2.9667726341906155e-05,-25.198657173730993,56.839670298081565,0.0,0.95
461,06,-3.566179110415154e-05,-31.36642959594727,52.944568701901716,0.0,-1.43
463,08,-3.333480648354688e-05,-12.395997953681537,44.035043613662005,0.0,-1.57
464,09,-2.5415033401845397e-05,-5.530321179199219,52.86381167994076,0.0,0.46
465,10,-2.0550294828412475e-05,15.281469091599986,50.30405073937036,0.0,0.3
466,11,-1.2597567349661808e-05,15.910226154920792,53.90823562632401,3.65040037367079e-07,-0.08
467,12,-7.748080553331723e-06,20.40142875687794,63.311030514205655,0.0006995919622400755,-0.48
468,01,-8.493993727101315e-06,23.796599253992884,55.116003269850566,1.641540501707344e-05,0.44
469,02,-1.1806723732206594e-05,-2.6082788761683875,46.30087924139698,9.837871222268968e-05,0.43
470,03,-1.3339704251535219e-05,-6.768148279333628,63.03257818707726,0.00012620726580260901,-0.81
474,07,-3.4126774513620195e-05,-44.31138712696363,36.16823902212164,0.0,2.27
475,08,-3.324744642680256e-05,-25.59706884437479,43.61733073811633,0.0,-1.05
476,09,-2.7110998255941223e-05,-4.088550005425346,48.59134079140956,0.0,-0.74
477,10,-1.717439320385384e-05,2.0582064438686585,44.893768001867876,1.104806956424508e-05,-1.11
478,11,-1.049799736220949e-05,11.533768935139973,58.11769115721252,4.4242540995279946e-07,1.89
481,02,-8.232899953890454e-06,13.675333238874163,51.283400613031226,6.108944188980828e-05,-0.4
482,03,-1.7898125718357898e-05,7.876527682396675,54.192069970153995,0.0,-0.93
483,04,-2.786484313502215e-05,-15.88577495863173,41.53150874974462,0.0,2.09
484,05,-2.8741963674400066e-05,-37.081440074305384,54.09692304540707,0.0,-0.11
485,06,-3.9525050331051005e-05,-23.208365014648436,47.86380608810849,0.0,-0.16
486,07,-3.625940142692049e-05,-31.74150496025496,48.734570516079984,0.0,-0.69
487,08,-3.404563471354698e-05,-17.337182702177312,41.57153246440298,0.0,-2.09
488,09,-2.6543087166161665e-05,-4.24653964674208,45.73786681658825,0.0,-0.52
489,10,-1.8569231195137014e-05,10.235854191605762,54.45598049366731,0.0,0.16
490,11,-1.0039879183467646e-05,10.335369747924807,64.20363267016013,0.0,1.45
491,12,-8.260583359534854e-06,25.078029959073632,56.60606037604423,0.0,0.84
493,02,-1.5386156723984276e-05,31.748662168305497,64.97568837541958,1.7729275528041798e-05,-2.69
494,03,-1.9840231885472768e-05,-1.8349693298339842,46.56073982853019,0.0,-0.88
495,04,-2.7043378228700023e-05,-24.0670989525689,35.17819720014996,0.0,-1.52
496,05,-2.995519203009721e-05,-45.04488896819084,46.51938461271666,0.0,-2.37
497,06,-3.546342912159163e-05,-30.903872137790252,54.092656515480414,0.0,0.58
499,08,-3.48960954878191e-05,-17.491402352609946,46.845165995435046,0.0,-1.56
500,09,-2.4679065476549213e-05,-6.537764871215822,41.4254565234277,0.0,-0.47
501,10,-1.848353834580477e-05,14.114419966174706,59.132486595437086,0.0,1.45
502,11,-1.0186800306089735e-05,15.631692754109702,47.969248177954896,0.0,-0.11
503,12,-6.893300624729055e-06,15.732371215492165,60.65007041392917,1.2867758350987586e-06,2.33
504,01,-7.860778656987515e-06,14.34612370152627,66.80461903254064,3.849816578690723e-05,0.31
505,02,-9.005972841740524e-06,9.622026147751583,54.51137783175566,0.0020311918883096605,0.31
506,03,-1.5948935392546162e-05,-0.9029574194467195,53.47545231677126,8.298632919147451e-08,-0.93
507,04,-2.588563685021654e-05,-27.98602328389486,47.86236142485672,1.457011964586046e-05,-1.16
509,06,-3.7502937650666964e-05,-26.38411481492784,47.88007799596918,0.0,-0.11
510,07,-3.6336240956178925e-05,-19.074829963273896,48.14752719921964,0.0,1.48
511,08,-3.444879628501263e-05,-12.903870650096605,45.419211714576655,0.0,-1.4
512,09,-2.3354238802332672e-05,-7.743464881388346,41.71682162190013,0.0,-0.14
