,month,MER,MSSHF,RH,UW,EA
1,02,-7.399999772068052e-06,2.729709174746558,52.295623941567676,5.242820933818818,1.28
3,04,-2.191347909663616e-05,-15.59233038906521,62.41300571294825,5.253018767907886,-0.63
4,05,-2.839083756912113e-05,-16.16055940262989,64.02205650719006,9.909492792170534,1.45
5,06,-3.330413338050373e-05,-22.16353809509278,52.028707694198026,5.934494112353855,0.15
8,09,-2.3132900744369383e-05,-4.023202255249023,42.3501046719922,12.264388197920056,-0.42
9,10,-1.6345863611966567e-05,2.642213581372333,56.92965585534547,4.59894328461924,-0.26
11,12,-1.207531024335357e-05,24.691616260159407,64.98245628347064,15.22025654595898,0.94
12,01,-5.795284385228985e-06,8.867661568262244,49.01821534482766,5.114125808059528,-1.08
13,02,-7.359469057738698e-06,6.865867059466484,53.581606617508264,7.856037982940672,-0.13
14,03,-1.4070489600584629e-05,-6.186828353717764,55.02083505403355,7.28385072402544,0.18
15,04,-2.282624180893941e-05,-17.872287172783746,48.97103869282801,0.1369029037899443,-1.99
16,05,-2.9285246377967465e-05,-30.998830406271004,47.47244699586335,-4.025603452805551,-1.45
18,07,-3.1905643976779664e-05,-14.025872309859079,48.67037434149174,7.28260863685608,0.09
19,08,-3.1051088017916934e-05,-11.540256553403795,47.008779259716306,13.212725781204876,-0.68
20,09,-2.365392635981859e-05,-3.0327022542317708,42.946886476458445,12.575276836034986,0.9
22,11,-1.4279194747299093e-05,14.235161112806532,54.54851769668525,8.777663723097907,-0.2
25,02,-8.991757432514056e-06,2.888394768487839,50.11619150138895,4.826553443431854,-0.95
26,03,-1.2076194787720939e-05,11.89821663673975,73.37905685201383,13.306958838185956,1.58
27,04,-2.2320882245185202e-05,-19.334173597547743,50.02077896680037,2.920826218308343,-1.5
28,05,-3.0310256707952082e-05,-17.47440350473055,59.34436809112436,4.588270763663836,0.09
29,06,-3.0904296795920855e-05,-15.787571440294057,51.69619375912348,11.143315948295594,0.57
30,07,-3.173775886429094e-05,-20.80200322239373,49.75860673643311,10.426191270602645,0.83
32,09,-2.269007780640903e-05,-3.5648343312581385,46.85175361700852,8.593244362915888,0.54
33,10,-2.174942796122078e-05,9.781940688922843,60.93410625634399,16.650438065046906,0.16
34,11,-1.4328458308167076e-05,19.586548003133142,54.57233108670976,17.251836509937714,0.01
35,12,-7.687594037497059e-06,8.885675470167591,67.75924336626196,9.12891215738686,0.58
36,01,-5.276928763964617e-06,11.574925520045783,58.01885871766587,10.828720034978724,-0.23
37,02,-7.864293709969517e-06,5.468580898829869,51.56958197040644,2.3612015480768114,-0.08
38,03,-1.6001877676116956e-05,1.792558938959594,55.95160838729334,6.721166247665241,-0.47
40,05,-2.9170486620455693e-05,-20.4214844770534,47.92201473479629,9.468134508666173,0.72
41,06,-3.17826830204164e-05,-27.949367026435006,48.16991035015053,8.309710549185011,1.23
42,07,-3.416977696542745e-05,-21.999847670688425,39.2781192299025,2.935726840890864,-1.59
43,08,-3.1963929242763654e-05,-15.790871219429917,46.55304641459066,12.161826806775984,0.33
44,09,-2.1331834113273846e-05,-6.238656323920356,43.43915766518911,11.304056086709762,1.15
45,10,-1.6551261839878706e-05,3.491510892150223,54.79260846710333,6.952388475377072,0.74
46,11,-1.519573135911843e-05,20.401449884033198,56.70156626680825,14.35263231576284,0.85
47,12,-1.0313162028783104e-05,17.753608460457098,55.75187243828721,13.39048569564409,-1.34
48,01,-1.1369238679367056e-05,31.70380508160335,51.86229076744793,23.507062125913563,0.59
49,02,-1.1685804688698098e-05,2.732715975443522,46.129101684696614,-0.6980405422619412,-1.05
50,03,-1.3839232150540515e-05,-0.5926843497983868,57.115805566785156,13.265807060569843,-0.36
51,04,-2.090864053300013e-05,-10.60586452026367,65.75529212030038,9.872940920575457,1.31
53,06,-3.6603149109497395e-05,-25.008415187242296,46.266101067479454,7.4451282612482705,-0.92
54,07,-3.282222612492611e-05,-33.091220865229126,44.1499227373741,7.109862047544089,-1.72
55,08,-2.6941880611302234e-05,-27.08358682743196,31.77761535606461,0.022965281558293076,-0.54
56,09,-2.725831751290065e-05,0.9693071214463977,44.86737590899468,17.08183361146715,1.93
57,10,-2.1395454446465794e-05,12.186390243366201,47.91972020449689,17.807696523379256,0.12
58,11,-9.367185011372688e-06,10.117007967122396,41.05919099200301,7.654566838243273,0.04
60,01,-1.1848107099418698e-05,28.771229348787696,56.9102486772409,17.3053938906885,-0.31
61,02,-9.682757584759485e-06,6.4267875001403105,47.08914505602986,1.374231495539348,-0.34
62,03,-1.3818876191033916e-05,-6.2181760956138685,56.610379949503034,1.7070786961791335,-0.9
63,04,-2.3066575134180317e-05,-21.124448284233942,53.13685258980724,2.0456456870185007,-0.4
64,05,-2.301351515928619e-05,-21.276121071107926,61.30564291210714,-3.17149069710188,-0.92
66,07,-3.052118788760435e-05,-16.333257173927887,51.58020934386151,9.1474737645221,-0.41
67,08,-2.8069958612225798e-05,-17.017802792784988,42.472240740586344,2.872892107502107,-2.22
69,10,-1.5594664512004833e-05,12.420039781796033,52.5519555827328,15.485334654428625,1.91
70,11,-1.2000811908506469e-05,17.20852971835666,62.11537896577253,10.336642698266768,0.64
71,12,-7.343828446024142e-06,12.754345215500043,59.86620702467682,8.305007507467783,-1.18
72,01,-6.201572312694294e-06,7.789162023728894,59.71689801232405,3.3671332889679944,-0.78
74,03,-1.1304150707112197e-05,-2.56875498781922,68.34861116093205,5.728958231320945,-0.56
75,04,-2.3272295822324753e-05,-10.486857863362628,59.37646033687326,12.875126613341438,0.3
77,06,-3.090711121482552e-05,-17.990251360066733,61.34983533646531,9.56488656516605,1.06
78,07,-3.447742918110781e-05,-15.274860501197074,50.75858460182529,13.101680323898153,-0.23
79,08,-3.3271033724499884e-05,-4.3656862228557625,49.79625837316948,15.87532358626909,0.63
80,09,-2.244669017984254e-05,-3.3109654418945316,48.444472670045165,17.991419761784872,-0.18
82,11,-1.5779393952086846e-05,2.730464919026692,53.6031213278585,8.510707509316338,-0.17
83,12,-6.748697063030508e-06,22.216181771555252,62.92255071562849,19.30713940606066,0.12
84,01,-1.0488508364736625e-05,25.802121266682942,67.17732922877546,14.171719384019092,-0.78
85,02,-9.105866422227595e-06,-15.737989101954868,41.279925076501705,-5.740575921649026,-0.59
86,03,-1.09558865346488e-05,2.199697240357758,53.96111336709735,11.289218418552027,0.33
91,08,-3.1366839325049225e-05,-20.726613564768147,49.22354232249208,13.797753053542104,-0.33
94,11,-1.2770530823662637e-05,20.62896745435927,57.76803370095226,15.672534009382458,0.72
96,01,-8.849628261046861e-06,-8.473066081057311,52.03738375666833,3.380256105915193,0.06
97,02,-5.771432554432804e-06,6.824847212655203,67.52644709656069,7.183116704645611,0.78
98,03,-1.3287096029671374e-05,-5.803373095440609,55.151999684815046,8.146193476933306,-1.53
100,05,-2.791426425801057e-05,-28.103053294192083,60.924986691195485,5.088691424010902,-0.9
102,07,-3.379324687933062e-05,-20.07741719498173,55.40260847481861,8.933421974059073,-2.42
103,08,-3.0242934917310693e-05,-13.572054321945357,50.633880177582476,13.210910544979956,-1.26
104,09,-2.5696148892024614e-05,-3.969099077690972,51.22118268649578,18.18680549267663,1.53
105,10,-1.9746457593286597e-05,13.28605210072507,59.41998880579267,8.569977047376735,1.01
108,01,-9.400724827868036e-06,23.76198229324177,64.8158600401199,14.951265936513103,0.99
109,02,-1.553154618433063e-05,17.196350676788683,61.10995617006565,13.528206202342595,-0.83
111,04,-2.4692344382775542e-05,-22.74501348402235,55.09817502149212,6.067272683482699,0.19
114,07,-3.385038605679304e-05,-9.511822006717805,59.07058047961163,15.473679856002972,1.25
115,08,-3.211179117533902e-05,-13.866469908683532,47.473473327189375,13.94590260669749,0.77
116,09,-2.5435363158006416e-05,2.907980506727431,49.177534459747214,11.980116043281555,0.42
119,12,-7.866494279115095e-06,20.208327730240367,52.71666673100892,12.202970729561263,-1.18
121,02,-1.1993180484209699e-05,15.243881237211681,52.799659086113884,16.366795333748772,0.22
122,03,-1.7582771425163286e-05,5.919001820882161,61.97907953674307,17.954782301687423,-0.62
123,04,-2.3728384267512105e-05,-15.711892689005532,62.36782957411343,5.260100383440654,1.12
124,05,-3.2913617601255e-05,-32.404015432706444,43.15242019264416,6.0320307345851765,-0.26
125,06,-3.3498540398290464e-05,-35.047065074327264,55.710710440916486,4.440140065659417,-0.87
127,08,-3.0036708770112647e-05,-17.0266568734774,43.458151734339296,11.918716067467969,-0.57
128,09,-2.1827326350689368e-05,-6.781363076782227,44.02462579022247,2.8825163167741565,-0.57
129,10,-1.9913688146604526e-05,14.103063629806684,48.60193847477949,14.940329161633727,-0.35
130,11,-1.311930024130561e-05,7.912713109334308,43.72629240063826,6.5622522730721355,-1.88
131,12,-7.719866410816296e-06,20.033501539989185,45.286219627095804,13.531202857314899,1.42
132,01,-9.708490018202875e-06,23.531725362798216,54.619796854420386,17.500156613913916,0.19
133,02,-1.709957590030951e-05,31.83555304718018,59.52337883048256,22.9481457257952,1.55
134,03,-1.7018775953137494e-05,2.372058311872584,47.98838851665681,13.333049105408369,1.31
135,04,-2.7999317039636173e-05,-19.276666238742408,46.732171709169286,3.7507871259901253,-0.67
136,05,-3.125298669270236e-05,-34.3688931694441,36.06377147361027,5.1684694324001175,-1.27
137,06,-3.068480971400681e-05,-23.63770078192817,52.16888050745726,7.454946297454835,0.57
139,08,-2.897321149455781e-05,-28.290339532667595,47.590817581110095,9.989635868913387,-0.24
141,10,-1.8407037761653066e-05,10.48773665069252,49.92561818830045,8.42830417339776,0.18
142,11,-1.0645134954231454e-05,8.876481322224937,54.38112868225972,5.109709851434498,-0.15
143,12,-1.0178729378000547e-05,19.264495642221096,49.02194799312469,5.829736719623688,-0.78
144,01,-9.804670876438911e-06,24.167181801416536,38.86062395377826,8.86982310034639,0.92
145,02,-6.996622216688376e-06,0.507544446309408,46.996895068120395,2.419369213149661,0.15
147,04,-2.5889148811054637e-05,-18.50936585184733,50.20018549894757,5.61995390847524,-0.86
148,05,-2.5811937759284265e-05,-33.066711107479634,47.67298183366304,0.8872901309023614,-2.66
150,07,-3.606362330103894e-05,-12.26554677852508,46.37869990175771,6.619193799377769,-0.86
152,09,-2.1833397036001162e-05,-8.548686426798504,39.4321560544822,9.955680732430352,0.48
153,10,-2.004618059737534e-05,2.17344532234438,45.307421456006274,4.971583007299772,-1.63
154,11,-1.4646135411648073e-05,14.444811823866104,60.08639300202131,11.738773440445796,0.49
155,12,-7.654158530845394e-06,17.942148733159545,42.031411531264894,8.257994727001396,-1.3
156,01,-5.988280283046514e-06,9.900324605634134,41.55076964045469,3.217538565153716,-0.54
157,02,-7.568776633878318e-06,10.513905402874128,42.596786469010105,11.67841455961644,-0.19
158,03,-1.6743815379482177e-05,3.675611719931326,56.535387553599556,12.80877443896058,-0.08
159,04,-2.3724830210206465e-05,-12.979907084147134,60.15185276207658,11.795587993537051,0.04
160,05,-3.502280750303383e-05,-18.415903687507882,37.98684394011575,3.870598782180457,0.53
161,06,-3.339920427913765e-05,-25.873405965508358,43.36981476617124,-2.726851222144233,-0.31
163,08,-3.290884278264643e-05,-13.404264240552024,52.83446418771308,17.78341034901527,1.74
164,09,-2.5466491539959356e-05,-1.4094354346381297,48.6797681992597,9.088945560031467,-0.22
165,10,-1.9484351597922247e-05,1.9587082073252686,58.379234332862715,6.554792054104549,-2.36
166,11,-1.321692710625939e-05,23.694389510769323,50.96693710040848,20.914857090568542,1.0
167,12,-8.425528942156701e-06,11.411874493342573,45.69198678764476,8.596278399949433,-0.05
168,01,-9.715480358609446e-06,34.39173987899288,57.42208674485646,24.59790798663068,0.63
169,02,-8.449411843078754e-06,-1.1622854381742926,41.2482318814184,2.4115948096456985,-1.82
170,03,-1.4966802825774622e-05,-6.011914413616221,42.24266758934657,6.541541600606773,-0.03
171,04,-2.191761210872048e-05,-4.539731902737087,59.59964808656376,3.7300693186442064,-1.08
172,05,-3.0932743489659034e-05,-26.541132331437964,51.168041845343446,3.497821047116352,-0.68
173,06,-3.281592492067931e-05,-24.277929318237305,46.836056776909025,9.25905919657813,-0.44
174,07,-3.3366269429406925e-05,-23.52127023184171,53.23872095220833,13.991837543220932,-1.41
175,08,-3.234485571499712e-05,-11.285276480397874,49.79429166342623,14.445863279670796,-0.81
176,09,-2.2725771390226628e-05,-2.4448908416748045,57.50485973500145,4.56495947757297,-0.46
177,10,-1.798888249350155e-05,2.3637267239478326,43.9463890340828,3.003415204591649,-1.13
178,11,-1.1587640056374466e-05,-1.8295716874864363,52.225245416957804,2.3298814604229396,-0.77
179,12,-9.250304196792702e-06,31.236705364924607,64.63241229699248,20.999137792648806,0.43
180,01,-8.814763398506955e-06,28.086010490499522,59.814965074129006,17.509481018681676,0.0
181,02,-9.681430163471391e-06,-2.9269207930791947,54.97462990093799,6.761308108556839,0.83
183,04,-2.4481364455176743e-05,-15.54007357143826,53.21672202842236,5.804787655745612,0.05
184,05,-2.8615912740195944e-05,-19.306992470361852,50.8592781971834,4.769940718599545,0.79
186,07,-3.466171150601792e-05,-32.442688338413035,36.16844127948567,4.388184303857946,0.97
188,09,-2.649383951805552e-05,-2.2674784339057075,50.77799905458556,9.422944353548688,-0.79
190,11,-8.92097842036795e-06,12.752254605102538,55.27824593100681,10.65475141023,0.76
191,12,-1.093666692604627e-05,22.757288210632986,53.902280609893545,16.48587201194353,0.97
193,02,-1.271823695051786e-05,20.178666164579848,60.9734689490412,20.19777915863764,1.03
194,03,-2.219248033328259e-05,-0.5256330294045062,56.57506640008187,14.015041863861907,-2.46
195,04,-2.3056703787511248e-05,-15.611610607231992,48.9374839578549,8.932633039940727,-1.71
196,05,-3.3250014936618425e-05,-29.631465932538433,52.844916530618114,9.018692946013585,0.06
197,06,-3.44918315846169e-05,-24.446217814466692,49.08188772321145,4.274826041094461,-1.84
198,07,-3.591561413959817e-05,-25.92438248894804,39.340810654867084,7.295851527121759,-0.8
199,08,-3.331847033315239e-05,-31.29434137422295,33.68999910253863,0.6543888631225918,-2.09
200,09,-2.6222378082234683e-05,-4.395296908230251,54.09243484116659,5.966960947651334,-0.37
201,10,-1.4566836962311297e-05,5.514771194293934,41.310020164710224,12.37252014750819,0.53
203,12,-8.991161045966975e-06,-5.598886509064706,48.51484771922968,2.4333651795746185,0.57
205,02,-7.544903639281147e-06,5.38362545916678,55.18347650017959,4.37647370480943,-1.12
206,03,-1.2827322511164368e-05,-10.990242480862525,51.72073062135199,1.0527366366232593,-0.65
207,04,-2.0502408365953464e-05,-21.604367342122394,58.54018084150156,4.561729153993395,-0.69
209,06,-2.8253365109311642e-05,-38.732165323215064,41.61192797080808,9.433004859309726,-0.53
210,07,-3.142641031134248e-05,-27.054918192217425,49.82263012584947,10.088768128179733,0.39
212,09,-2.534073391895315e-05,-7.00570699428982,43.673043699496326,0.038807996008131576,-0.95
213,10,-1.7171301486478214e-05,8.106230379494288,51.02844809201841,10.03043698339565,0.49
214,11,-1.4551765714713837e-05,14.46901237657335,58.72207561985916,12.736440114508735,1.38
215,12,-8.836182103413613e-06,1.1414017176474303,51.832999992789766,4.368369198132585,-1.52
216,01,-3.583592048936e-06,-1.2817189340899076,35.36421269791357,-1.286656943434028,-0.13
217,02,-9.97768289436776e-06,28.48145621345157,61.04910012837534,22.079497913224362,1.06
218,03,-1.2413017713795421e-05,-3.0697627356744577,49.8996438915832,12.954594367386195,0.27
219,04,-2.201332183204714e-05,-17.60772253417969,50.15108422283994,7.54457913983663,-1.91
220,05,-3.085946982284968e-05,-22.07697987414944,55.658551038389554,8.545581844842562,0.61
221,06,-3.476727682935032e-05,-20.254541469319665,56.16686724849277,3.493047113927205,-0.75
222,07,-3.376502295814329e-05,-20.43258258581674,48.29218798171063,6.435511002550844,-0.41
223,08,-3.064838395117496e-05,-15.397676236060358,39.11490551742816,4.405646029728714,0.18
225,10,-2.0736059433235615e-05,1.8364669255082322,46.07108195983722,11.233670121797948,-1.5
226,11,-1.1372840429430654e-05,5.54297788119846,52.451002673839106,4.724241298357645,0.92
227,12,-9.893875752236308e-06,16.98351939342868,60.12797338394067,7.438668075274396,1.74
228,01,-1.1099072907757458e-05,24.386054642872143,54.87726956107148,9.809003644122871,0.14
230,03,-1.582076560769428e-05,4.910139277304372,64.38913835901599,11.045111331426973,0.49
231,04,-2.2395207648413717e-05,-10.670934447903104,67.35853829729425,7.908418326038785,2.39
232,05,-3.182257207745645e-05,-20.036693252071256,51.31070372274871,3.9262605809857765,-1.25
237,10,-2.3367591303340108e-05,14.50471792602539,57.49670259841796,15.000559230353243,0.71
238,11,-1.186565926222506e-05,4.6568576497395835,50.09492808050447,7.878285733710395,0.11
239,12,-8.802920268002493e-06,22.454611907630838,51.308709990082264,12.782658350072886,0.67
240,01,-9.430198710966792e-06,24.63400003675235,61.44896206574927,16.481189683155343,-0.27
241,02,-1.079772392194216e-05,13.779260249546594,59.85849182345754,13.373481011186328,-1.64
242,03,-1.3397230129969535e-05,-0.9194605676794566,60.6708199271861,9.409900608575471,-2.01
243,04,-2.54553507465769e-05,-17.42901027967665,53.24983413987689,5.066782274542914,1.01
244,05,-3.422614240797327e-05,-20.88572949317194,50.723297991629586,8.779698450191047,0.41
245,06,-3.759346314859108e-05,-24.964019442409946,49.104056137108806,9.589524438858033,0.13
246,07,-3.775679561435789e-05,-20.12216363230059,34.70881050790896,6.7905215421697145,0.48
247,08,-3.318467006672979e-05,-13.657699137697938,45.50563225292391,8.883778229928788,-0.27
248,09,-2.59650643648355e-05,-3.5717024329291456,50.26974016195536,5.929397126367357,1.07
249,10,-2.1588807777500546e-05,5.981483147405809,48.24640764357326,9.68599304804238,-0.16
250,11,-1.3179962080519347e-05,12.654008286878799,52.50058610761298,4.796225587866042,-1.02
251,12,-1.3700721242369786e-05,27.986750325848984,63.54783165261822,19.86696872741945,0.46
252,01,-6.553396535759588e-06,18.42038040095504,45.80448549491872,10.353726586782804,-1.97
255,04,-2.355722367422762e-05,-12.813957029554578,60.681698268123455,4.805695806566875,0.33
256,05,-3.550879427684679e-05,-19.147158501081563,47.704144963514416,6.9489958812139365,0.2
257,06,-3.750390542944741e-05,-27.016546727159287,42.780413097916714,14.330717013740538,1.41
259,08,-3.0941285219664524e-05,-19.063545700565466,39.65101154342005,11.04517762957337,-0.21
260,09,-2.4486756719630248e-05,-2.020394458007812,56.817002186003,7.933719080649483,-0.14
261,10,-2.1893689024856883e-05,11.235235126454343,57.40779917159772,12.005480048866684,1.22
262,11,-1.5146696185204038e-05,20.892512133110895,68.07071139411661,12.342221737946403,0.64
263,12,-1.1904006665214989e-05,20.81303864280127,63.79751548051194,12.820332980145691,1.63
264,01,-6.723928980547147e-06,14.384707934964087,53.25762820807451,6.1000643886237995,1.53
265,02,-9.421481274265325e-06,7.153048214503697,61.79020408172125,11.07230871765954,-0.39
266,03,-1.3063552253355424e-05,-6.242824222359606,58.59238742218351,13.09184503670149,1.23
267,04,-2.4765318735565716e-05,-15.737299090576174,60.65160554169682,10.400624713431462,0.65
268,05,-3.372209000100225e-05,-25.790908090242777,45.58359570831253,7.128588644150765,0.33
269,06,-3.303585196628976e-05,-31.827683939954966,48.06642211600013,12.22468430902693,-0.14
270,07,-3.6646507612448495e-05,-24.41304970722813,43.035889669943884,8.167003860658214,0.67
271,08,-3.349079792080317e-05,-13.273838911159066,49.470468634774605,10.676284386645083,1.83
272,09,-2.8629883362433853e-05,-3.361749937269423,60.89090815499625,7.402657788870068,-0.98
273,10,-1.872843477780094e-05,15.499699002173642,52.0420637966638,14.544020690487276,1.16
274,11,-1.4045017091525046e-05,9.019137569173179,50.75557469189433,7.708632052760654,-0.62
275,12,-9.904081011676856e-06,14.487402564920403,52.82181985401466,5.938569107137702,-0.89
276,01,-6.60295483731882e-06,23.604068570044735,51.65779350411636,13.556759391107867,1.68
278,03,-1.718439095667989e-05,-2.8514695644583754,52.573686629964456,12.162814038861184,0.63
279,04,-2.4829810814864887e-05,-14.182246478949653,49.20558492463959,2.687068967501322,-0.19
280,05,-3.0134792006426703e-05,-17.31557953963741,52.31226475243542,4.80779668205015,0.15
281,06,-3.5836119472898846e-05,-20.466573669433593,50.7506326838851,14.10018485385047,1.65
282,07,-3.594073215623134e-05,-17.96138944137737,48.60045512300026,8.125416749031315,0.67
283,08,-3.0240783373966385e-05,-12.41071590333344,52.640142950275894,0.3693177606316022,-0.39
284,09,-2.726855740998468e-05,-6.606480073716904,41.46046437310777,-0.6506538895077175,-1.87
285,10,-2.2813934475604865e-05,5.003235001430717,55.25826176021304,15.801558265091272,0.7
286,11,-9.433203981300014e-06,10.082439758300783,57.335292302331666,8.362891557502746,0.67
287,12,-9.155090198257839e-06,-0.601292420089886,52.83887711868107,3.7487439302218855,0.62
288,01,-7.996820467572737e-06,16.024269751435966,52.92226850532075,7.2308413329791,1.11
289,02,-9.213011075579354e-06,1.6289639434814458,40.65915042115535,-2.7782855909211293,-0.09
290,03,-1.4304734281419465e-05,-4.024482163624097,45.80751552796749,5.931675549784015,0.96
291,04,-2.383696288773839e-05,-17.2942943037245,47.44735419490735,1.776840329636468,-0.54
293,06,-3.491794925367785e-05,-29.63445593295627,48.58540389312637,15.360014124997457,1.31
294,07,-3.637924248004731e-05,-25.786057973554062,44.12265574810709,7.717995313931539,1.26
295,08,-3.1032737283929096e-05,-31.771135562691633,39.36124998163152,10.79600291262391,-0.16
296,09,-2.437035215904568e-05,-12.497950702243381,40.21523504180775,8.71134063267178,0.75
297,10,-2.1305207502659715e-05,-2.352458050143333,49.86598729915773,5.868036298526231,-1.89
298,11,-8.746191556262298e-06,13.336127873399521,55.471923015075255,9.657236481560602,0.98
299,12,-8.986315398414586e-06,16.75842543636855,56.42778465677845,8.24986906863797,-0.49
300,01,-8.992702947169514e-06,20.66453995308825,64.87525535803712,12.400445861242154,-0.45
301,02,-1.1818901434843997e-05,12.780648606925178,58.06078212638148,8.718364602428743,0.32
303,04,-2.4217375733618005e-05,-11.611916856553819,59.49211039767795,3.0342327328787904,-0.34
304,05,-2.847669872224737e-05,-31.81054322043798,50.857990436966695,3.692849372720206,-1.18
305,06,-3.421590459786078e-05,-30.121984181382924,54.56608841220009,13.141829840681288,0.67
306,07,-3.5823426863228845e-05,-21.040274605699764,48.61712288511441,11.099155380125966,-0.23
307,08,-3.442271008691844e-05,-10.630728795861687,53.4802156332962,7.505057596555321,0.05
309,10,-1.9737982986943505e-05,10.8786054316695,45.96995730125903,11.938783076604208,-0.6
312,01,-1.0532949036563073e-05,27.835473567839585,50.62756816835045,13.787942452297413,-1.77
313,02,-1.0796667724878803e-05,1.9850640389578682,54.967533898224424,-0.5147282207352782,-1.96
314,03,-1.2645556585016247e-05,2.2825399281491516,62.992716266741034,6.881408927343225,0.95
315,04,-2.402455134354872e-05,-12.38321820203993,55.9102142579476,5.966150120883517,1.54
316,05,-3.3327865934669755e-05,-23.83920729967343,52.369123788558014,12.497400639995453,1.03
317,06,-3.715115132452208e-05,-30.632264646063906,50.84424858076307,10.793446467632718,-1.6
318,07,-3.409394384040644e-05,-23.561669685609886,47.80977541725482,6.903388320861324,0.92
319,08,-3.320200081173924e-05,-14.21000237282374,41.28222914207624,7.691539144146827,0.56
320,09,-2.545146969718593e-05,-6.704652192857532,39.75358392157654,6.048352263323466,1.44
321,10,-1.7187334372416657e-05,10.538457600583316,41.694871458662455,6.321603889998569,0.57
322,11,-1.4535249143672345e-05,9.326381112670902,61.63253474075529,8.41573143863678,-0.36
323,12,-9.12172876785682e-06,14.485518746324761,56.37181309181387,6.250331046853014,-1.22
325,02,-8.8568046297561e-06,4.634872235616048,55.29220876641359,2.863534123965672,-0.59
326,03,-1.3873502668170125e-05,-4.782673361173239,59.930227692120816,8.711972299124605,-0.68
327,04,-2.37631702343909e-05,-18.782449027506512,53.65862876264652,13.231339445326062,1.07
328,05,-3.370682173148433e-05,-13.439136345319852,55.415879218805216,11.327168507647768,1.15
329,06,-3.4785863751151034e-05,-27.11431088460287,44.96967633606062,6.44561336379581,0.02
330,07,-3.3670624993676266e-05,-35.11209074615151,34.7803111832411,5.194669483061761,0.83
331,08,-3.203818718891423e-05,-14.970106861073484,56.166526000266416,5.139944788245744,-0.52
333,10,-2.0357669840078775e-05,8.929626497002058,49.91160704086961,11.764139995021203,0.66
334,11,-1.6638314112929544e-05,21.698549422539603,51.20864173750348,16.657310976600645,1.68
335,12,-1.1844671387852061e-05,21.158474252352146,51.61357204472506,13.276590780688874,1.0
336,01,-1.3167410284109127e-05,32.71415653975292,54.798027210791915,20.381366841223937,1.51
338,03,-1.969343553138324e-05,2.858439688077537,50.951221448258686,3.589432570611277,0.21
339,04,-2.5420359923575438e-05,-23.728481532796227,35.425640993569964,3.3506547569486838,-1.23
340,05,-3.1186685044343005e-05,-23.42358186127037,55.67473245647261,10.869236741629978,1.01
341,06,-3.458860908376663e-05,-19.802041976589628,51.81401281598541,5.424472069888645,0.55
342,07,-4.0491175616739144e-05,-14.380545316962786,51.51913973191349,13.94707431110259,-0.03
343,08,-3.430768915528969e-05,-11.902402343421853,46.669440629773256,6.611389506945046,0.07
344,09,-2.677926907070085e-05,-2.246240928141275,48.58724766878287,8.22912563188341,-0.52
345,10,-1.4836711174446523e-05,-1.5530790907336818,46.4751422240952,4.005545213678831,-0.33
346,11,-1.4172945336880124e-05,15.984315191311307,55.0159122577058,10.173234992345176,-2.07
347,12,-9.103623443880553e-06,18.67049515623687,44.72693699303237,6.526885977427164,-0.12
348,01,-9.98381483742544e-06,30.50790186531313,59.32570013750177,20.154622732100943,-0.35
351,04,-2.446588194630345e-05,-15.287676639472116,50.48518859204715,7.088551215807597,0.88
352,05,-3.326288808405293e-05,-18.37616691179173,46.32872357566895,0.6533463385182041,-0.85
353,06,-3.476253857051133e-05,-32.52892781643338,47.80475471985869,12.328733485349018,0.85
354,07,-3.577182100015043e-05,-18.878891244211506,53.425692884929724,7.46280018252711,0.85
355,08,-3.3834556450724496e-05,-9.036356891591062,49.02626591384924,13.036809177316645,-0.08
356,09,-2.5189189388381943e-05,-2.5223080678304033,46.95382839618127,4.18150704068078,-0.3
357,10,-1.8222273044254205e-05,6.518695762716314,54.30898137165141,13.949120030803067,0.08
358,11,-1.2143508331428165e-05,12.723418456013999,55.05112889809742,9.143233898650275,-0.89
359,12,-6.623100362498576e-06,8.910789440196046,51.189781416840454,3.3564824344881106,-1.44
360,01,-6.219402897665034e-06,13.638463789416898,56.756673166043,4.487606855351436,1.13
361,02,-6.55127283612057e-06,7.2258432279314295,62.426701213981424,6.029134575253441,-0.72
362,03,-1.4006747319585248e-05,0.15545269151913163,60.10794240493287,9.182660163920414,-1.34
364,05,-3.152253704363203e-05,-24.89160391596312,50.72287625494953,12.152716374838224,1.12
365,06,-3.4585202314802804e-05,-32.20444840494791,47.13420631794532,8.964238966602748,-1.05
367,08,-3.326769469126164e-05,-18.63527480389995,42.41847231385144,12.439483702608335,1.85
368,09,-2.396435872586961e-05,-8.675344586181641,43.626415080409586,5.422410661633809,0.59
370,11,-1.3997967538165946e-05,28.005924584282763,63.3120259418408,16.328244664086235,1.48
371,12,-8.896478755051119e-06,9.686923075029926,62.37685010996686,7.806057778881443,0.93
372,01,-6.091251291421628e-06,2.9262350808420488,60.36061479552843,4.086005965673795,0.38
373,02,-7.65345504045659e-06,5.717629487900508,61.53230691539674,8.026179726691472,1.25
374,03,-1.4227020407356234e-05,-0.1344084672825314,56.345688745778084,6.929926506247573,1.23
376,05,-2.827942739082006e-05,-27.387183430333288,51.416537502500645,6.36290959364368,-1.39
377,06,-3.182083758476639e-05,-35.711798379855686,43.71565713060168,5.184164862230089,0.34
378,07,-3.4407490462771055e-05,-31.11366353779454,49.13440625845617,10.114219836901592,1.8
380,09,-2.3803562745282155e-05,-1.7829848341200085,47.799041656389505,7.507118406274583,0.55
381,10,-1.8914465963579488e-05,8.677334267236855,54.52403665949838,6.946783918237173,-0.78
382,11,-1.1904203317903414e-05,4.708053307088217,64.34552551558414,11.954520990626015,0.24
383,12,-7.738160395268594e-06,4.967533013128466,56.59717789244652,9.098118736759309,-0.49
387,04,-2.5035789431644346e-05,-14.869033695136176,49.48712501599656,3.5041900164074367,-0.59
388,05,-3.0008848766624646e-05,-32.62149781881353,48.67582858574712,12.94653068993681,-0.67
389,06,-3.4230032604055946e-05,-25.01744469502767,49.43961729888122,9.191161323695713,-0.22
390,07,-3.7348723895911946e-05,-18.427609645064162,51.34294977803511,5.025835220500987,0.41
391,08,-3.274760770019843e-05,-10.64563058373236,50.85391145080519,14.01876132214454,1.04
392,09,-2.5484862159343414e-05,2.648160398695204,48.54894579696125,15.945109005716112,1.77
393,10,-1.916051529891168e-05,8.726722329416583,41.10612051369683,11.441918302064302,-0.28
394,11,-8.12447487300637e-06,7.208228931681314,45.10324230610001,5.92565191201104,-0.09
396,01,-9.557997748420493e-06,23.492998173539362,55.985124487241116,15.473656117552068,-1.76
397,02,-6.941694202459045e-06,2.77444112036694,54.92825397600388,2.178728864450564,-1.73
398,03,-1.1845709033173812e-05,-9.130659757880753,42.53471919810516,4.415157397813695,-0.64
399,04,-2.412122515035865e-05,-15.116672309705946,65.52592149374486,9.397371100213794,-0.28
400,05,-3.2719707248821014e-05,-19.41600187732328,54.71462800888861,6.590203753809776,0.52
401,06,-3.633841799156573e-05,-15.284035491265191,54.862410076340026,15.388559870190088,-0.11
402,07,-3.9630504535585143e-05,-18.105863085346844,55.33667580591222,9.643338416766094,1.02
403,08,-3.664081436780238e-05,-14.530181596981583,48.63167088847007,11.868504572201799,1.36
404,09,-2.780254297756781e-05,-4.337274759928387,47.643611919113,13.954834382735358,0.38
405,10,-1.749340033099435e-05,6.576196681525118,62.883388684188155,14.909538201732023,-0.32
406,11,-9.782895505729057e-06,13.286790387301977,48.36725960095062,12.563796591271297,1.15
408,01,-7.079607454118081e-06,9.77005108642578,59.36599973937003,11.252236509794832,0.88
409,02,-9.82560560788399e-06,1.2790957768758144,54.799641565576906,-1.159094538597833,0.14
410,03,-1.6003138249269338e-05,-14.11737674147083,62.83003596656937,4.0497559374942576,-0.24
411,04,-2.0434202846445263e-05,-16.983018215264217,45.651346360141694,11.989419890530904,1.31
413,06,-3.319209287441886e-05,-26.815010833062065,45.349666944320994,8.969547468270196,0.66
414,07,-3.405638901301333e-05,-27.630988150319745,40.32137145659744,6.063395621740689,0.63
415,08,-3.2683108437937644e-05,-17.84199171037572,39.46305893081491,9.443083260218303,0.34
416,09,-2.475842662511746e-05,-8.054260448540582,49.65095689521101,9.695096008894179,-0.57
417,10,-1.765674730958508e-05,13.677036990258001,51.31546706972713,9.855143433540098,1.39
419,12,-9.44601224512954e-06,28.97793200421077,55.46996279250422,17.02456877497191,1.2
421,02,-1.1990748406116751e-05,26.598223410470148,61.15281964255657,13.365070623874661,2.23
422,03,-1.6731313326227373e-05,-1.3453218475669946,47.843510205716214,8.635303588846677,0.92
423,04,-2.3883861623916246e-05,-16.521862002224392,58.86005653639768,4.371208240678578,0.52
424,05,-3.2321809314922687e-05,-17.350711201329386,63.11191008513332,4.460978497023224,0.38
427,08,-3.5946427165531874e-05,-15.756697428713563,51.75170243226714,11.565455817253357,0.75
428,09,-2.0748739615697153e-05,-9.244409510294595,35.08465283191469,4.304754424497816,0.2
431,12,-1.0581146033268115e-05,22.95546643394552,54.273882943514856,14.305220015987274,-0.59
432,01,-9.2527426375611e-06,26.340960131573418,62.63006211892765,18.644701262320243,1.11
433,02,-8.153189459681882e-06,8.31590086110433,48.93550452213628,2.498706819670541,-0.04
434,03,-1.5915630637317265e-05,-1.6360386480515998,44.90566300547765,10.029118978069674,1.2
435,04,-2.4346638547669703e-05,-22.934988667466907,50.17846367060873,10.873251885689628,0.88
437,06,-3.477750818122634e-05,-31.860220404391814,46.7203716229452,14.235752619510228,1.06
438,07,-3.7615658574522775e-05,-25.170489753641114,45.05531850020347,17.498685590497907,0.22
439,08,-3.326061218056918e-05,-12.586229408838417,52.3345120203854,9.09200456961765,1.08
440,09,-2.5603061031688413e-05,-1.6679924726698132,46.654843129608366,4.154875349871318,0.15
441,10,-1.3186316454061119e-05,-1.463842040031187,51.45971762442205,-0.8720540958937775,0.22
443,12,-8.385574634596725e-06,33.275967709449034,59.292129598577816,20.310897958140217,3.14
444,01,-9.004527324929857e-06,20.359526514525058,60.00615774854665,14.172474664052327,1.01
445,02,-1.2519085415486441e-05,14.879537966322628,54.698993667597065,15.577092767211214,1.85
446,03,-1.4810545610421827e-05,-5.396197126162949,59.004922374092125,3.1354650305676195,0.71
448,05,-3.16294027814815e-05,-19.310568396455505,50.32535560724812,2.073139207963021,0.22
449,06,-3.356170396635004e-05,-23.02242342732747,60.87640379265148,5.402156425751581,0.41
450,07,-3.758493633006676e-05,-22.269790681900524,47.74635748879372,14.40303122233319,1.82
451,08,-3.3272750999810424e-05,-17.014684508621052,43.397001161080546,12.400393611907957,2.08
452,09,-2.4645985519115736e-05,-7.889081433783638,37.34792189491059,7.136507175445558,3.48
454,11,-1.1750765303218536e-05,10.89123139716254,54.5964946256227,10.592714350276527,-0.45
455,12,-4.447676278540448e-06,15.633635981405934,42.93341399640295,10.629026270692066,0.87
456,01,-6.416161365773257e-06,12.223324068787278,48.97643718384928,3.00486104214576,-1.15
457,02,-8.18821650381367e-06,12.903916228158135,62.959067062718525,8.4660046029545,0.58
458,03,-1.5800369091061108e-05,2.527072602630943,59.88884960889175,12.592574200394331,1.03
459,04,-2.5679135762624757e-05,-26.331729773288306,46.84454056873057,9.407489323573644,-0.62
460,05,-2.9667726341906155e-05,-25.198657173730993,56.839670298081565,3.779986991472142,0.54
461,06,-3.566179110415154e-05,-31.36642959594727,52.944568701901716,13.948579157532585,2.03
462,07,-3.888270218750779e-05,-23.176640851420746,56.14024401203919,13.697072580809232,1.83
463,08,-3.333480648354688e-05,-12.395997953681537,44.035043613662005,13.987586888959333,2.02
465,10,-2.0550294828412475e-05,15.281469091599986,50.30405073937036,16.963595434599025,0.62
468,01,-8.493993727101315e-06,23.796599253992884,55.116003269850566,17.663954543821273,0.55
470,03,-1.3339704251535219e-05,-6.768148279333628,63.03257818707726,5.418887780302315,-0.62
472,05,-3.631899526441482e-05,-17.44638056798135,47.40056218499266,-1.2031118744265645,-0.07
473,06,-3.447691067930363e-05,-33.33076165534125,39.74884000571834,5.857450155003866,-0.54
474,07,-3.4126774513620195e-05,-44.31138712696363,36.16823902212164,3.485621720426826,2.36
476,09,-2.7110998255941223e-05,-4.088550005425346,48.59134079140956,14.669336867396035,0.15
478,11,-1.049799736220949e-05,11.533768935139973,58.11769115721252,2.182743043751187,0.32
481,02,-8.232899953890454e-06,13.675333238874163,51.283400613031226,10.586008830433798,-0.12
482,03,-1.7898125718357898e-05,7.876527682396675,54.192069970153995,15.248105977909537,0.94
483,04,-2.786484313502215e-05,-15.88577495863173,41.53150874974462,-1.5698741665522258,-0.96
485,06,-3.9525050331051005e-05,-23.208365014648436,47.86380608810849,8.609806874932184,1.28
486,07,-3.625940142692049e-05,-31.74150496025496,48.734570516079984,9.829136697256438,0.08
488,09,-2.6543087166161665e-05,-4.24653964674208,45.73786681658825,13.203323169390362,2.19
489,10,-1.8569231195137014e-05,10.235854191605762,54.45598049366731,17.260129265016122,0.67
490,11,-1.0039879183467646e-05,10.335369747924807,64.20363267016013,4.349684637090895,0.07
491,12,-8.260583359534854e-06,25.078029959073632,56.60606037604423,14.065375561703918,0.81
492,01,-6.012859741277161e-06,22.106840989635838,48.67357203781476,12.273396517066544,1.74
493,02,-1.5386156723984276e-05,31.748662168305497,64.97568837541958,24.30691208471101,1.38
496,05,-2.995519203009721e-05,-45.04488896819084,46.51938461271666,10.13006349647686,0.06
497,06,-3.546342912159163e-05,-30.903872137790252,54.092656515480414,3.432671832127041,-0.08
498,07,-3.552329937512147e-05,-24.55973527871409,49.31133174363516,16.479953436000375,0.46
499,08,-3.48960954878191e-05,-17.491402352609946,46.845165995435046,8.51712136036863,1.57
500,09,-2.4679065476549213e-05,-6.537764871215822,41.4254565234277,5.957221874258255,1.95
501,10,-1.848353834580477e-05,14.114419966174706,59.132486595437086,10.385557453668246,-0.23
502,11,-1.0186800306089735e-05,15.631692754109702,47.969248177954896,12.617822023794385,0.05
503,12,-6.893300624729055e-06,15.732371215492165,60.65007041392917,7.658956028005128,-0.8
504,01,-7.860778656987515e-06,14.34612370152627,66.80461903254064,10.133833827295609,-0.04
506,03,-1.5948935392546162e-05,-0.9029574194467195,53.47545231677126,7.127447119456466,-0.18
508,05,-3.230829694098981e-05,-22.4746828918457,60.26473778712485,9.505540847839844,0.8
509,06,-3.7502937650666964e-05,-26.38411481492784,47.88007799596918,4.540895039600795,1.02
510,07,-3.6336240956178925e-05,-19.074829963273896,48.14752719921964,4.705716874132874,2.16
511,08,-3.444879628501263e-05,-12.903870650096605,45.419211714576655,7.435324650220974,1.08
513,10,-1.864643046111826e-05,14.62936670381279,46.729617401201246,12.118540854689897,0.86
514,11,-1.0072340758698473e-05,9.36498726196289,49.88987413275507,6.842058276134069,-0.91
