,month,MER,MSSHF,RH,UW,VW
0,01,-7.186377549426466e-06,5.464709561255669,62.6901256937955,8.566814722819995,-3.7666581846052605
1,02,-7.399999772068052e-06,2.729709174746558,52.295623941567676,5.242820933818818,-1.3059519413312277
2,03,-1.408509512223264e-05,7.08405715679866,62.090667984242096,13.765281541639759,3.9315372702485787
3,04,-2.191347909663616e-05,-15.59233038906521,62.41300571294825,5.253018767907886,1.0740941146002878
4,05,-2.839083756912113e-05,-16.16055940262989,64.02205650719006,9.909492792170534,8.630355046979844
5,06,-3.330413338050373e-05,-22.16353809509278,52.028707694198026,5.934494112353855,3.2090791480382284
6,07,-3.0671342559486147e-05,-22.637875941122733,53.00265082314577,13.328552245519495,-5.838931852156116
7,08,-2.8487004876296853e-05,-12.56110269165039,50.14281140049425,9.79633006227145,3.1812677038664456
8,09,-2.3132900744369383e-05,-4.023202255249023,42.3501046719922,12.264388197920056,-0.510687753507826
9,10,-1.6345863611966567e-05,2.642213581372333,56.92965585534547,4.59894328461924,5.778387170791627
10,11,-1.1569333000928361e-05,13.890767045423724,49.679388139549886,15.572536984846325,-4.489285752847461
11,12,-1.207531024335357e-05,24.691616260159407,64.98245628347064,15.22025654595898,-0.28389227742020834
12,01,-5.795284385228985e-06,8.867661568262244,49.01821534482766,5.114125808059528,-3.3814287265244354
14,03,-1.4070489600584629e-05,-6.186828353717764,55.02083505403355,7.28385072402544,0.9811663906958793
16,05,-2.9285246377967465e-05,-30.998830406271004,47.47244699586335,-4.025603452805551,-1.0137218133249581
18,07,-3.1905643976779664e-05,-14.025872309859079,48.67037434149174,7.28260863685608,-0.26483490488606115
19,08,-3.1051088017916934e-05,-11.540256553403795,47.008779259716306,13.212725781204876,-0.9145211367658391
20,09,-2.365392635981859e-05,-3.0327022542317708,42.946886476458445,12.575276836034986,1.5179921280543012
21,10,-2.1172643707369163e-05,7.590982919672484,58.4636376896443,13.979145259652089,0.00958403039747691
22,11,-1.4279194747299093e-05,14.235161112806532,54.54851769668525,8.777663723097907,-4.371212425486247
24,01,-7.860688640385075e-06,20.899533713063885,47.875411116570554,12.33075755956096,-14.993898111712548
26,03,-1.2076194787720939e-05,11.89821663673975,73.37905685201383,13.306958838185956,2.7350078623987018
28,05,-3.0310256707952082e-05,-17.47440350473055,59.34436809112436,4.588270763663836,7.16871375371051
29,06,-3.0904296795920855e-05,-15.787571440294057,51.69619375912348,11.143315948295594,-0.5180842866049874
31,08,-2.8741253340065727e-05,-19.03508228654759,42.77699926753197,7.685691989857664,-5.737638261405371
32,09,-2.269007780640903e-05,-3.5648343312581385,46.85175361700852,8.593244362915888,6.289416321606107
33,10,-2.174942796122078e-05,9.781940688922843,60.93410625634399,16.650438065046906,2.4850872046152754
34,11,-1.4328458308167076e-05,19.586548003133142,54.57233108670976,17.251836509937714,-11.457353041140237
35,12,-7.687594037497059e-06,8.885675470167591,67.75924336626196,9.12891215738686,-4.769642162630634
37,02,-7.864293709969517e-06,5.468580898829869,51.56958197040644,2.3612015480768114,1.6552668325560431
38,03,-1.6001877676116956e-05,1.792558938959594,55.95160838729334,6.721166247665241,-1.5734310661233883
39,04,-2.3437909088230905e-05,-21.874123499891493,46.11000325809585,4.110112059911092,-12.943029245885215
40,05,-2.9170486620455693e-05,-20.4214844770534,47.92201473479629,9.468134508666173,5.09572851915257
41,06,-3.17826830204164e-05,-27.949367026435006,48.16991035015053,8.309710549185011,1.782730908033583
42,07,-3.416977696542745e-05,-21.999847670688425,39.2781192299025,2.935726840890864,0.7331812882782313
43,08,-3.1963929242763654e-05,-15.790871219429917,46.55304641459066,12.161826806775984,3.203157168829313
44,09,-2.1331834113273846e-05,-6.238656323920356,43.43915766518911,11.304056086709762,5.005797420205011
45,10,-1.6551261839878706e-05,3.491510892150223,54.79260846710333,6.952388475377072,3.9553702151800993
47,12,-1.0313162028783104e-05,17.753608460457098,55.75187243828721,13.39048569564409,-1.7107022496705413
48,01,-1.1369238679367056e-05,31.70380508160335,51.86229076744793,23.507062125913563,-7.28827055961855
49,02,-1.1685804688698098e-05,2.732715975443522,46.129101684696614,-0.6980405422619412,-5.2380526352155785
50,03,-1.3839232150540515e-05,-0.5926843497983868,57.115805566785156,13.265807060569843,-4.877558255903184
51,04,-2.090864053300013e-05,-10.60586452026367,65.75529212030038,9.872940920575457,7.622805477269491
52,05,-2.6606813441591635e-05,-11.409518621957432,66.050863289825,6.826091371003018,8.684080295788345
53,06,-3.6603149109497395e-05,-25.008415187242296,46.266101067479454,7.4451282612482705,0.1501536730660332
55,08,-2.6941880611302234e-05,-27.08358682743196,31.77761535606461,0.022965281558293076,-1.2125626575510984
56,09,-2.725831751290065e-05,0.9693071214463977,44.86737590899468,17.08183361146715,1.751585998386807
57,10,-2.1395454446465794e-05,12.186390243366201,47.91972020449689,17.807696523379256,-2.097481352693291
58,11,-9.367185011372688e-06,10.117007967122396,41.05919099200301,7.654566838243273,-6.614907704395718
59,12,-8.522425015388596e-06,21.808005747805364,57.410435429080856,13.30256360898992,-2.6570578389526696
60,01,-1.1848107099418698e-05,28.771229348787696,56.9102486772409,17.3053938906885,-1.8171058356992653
61,02,-9.682757584759485e-06,6.4267875001403105,47.08914505602986,1.374231495539348,-7.605639194422754
62,03,-1.3818876191033916e-05,-6.2181760956138685,56.610379949503034,1.7070786961791335,-2.6351272446211946
63,04,-2.3066575134180317e-05,-21.124448284233942,53.13685258980724,2.0456456870185007,-3.7798098264482283
64,05,-2.301351515928619e-05,-21.276121071107926,61.30564291210714,-3.17149069710188,-0.677646871115572
67,08,-2.8069958612225798e-05,-17.017802792784988,42.472240740586344,2.872892107502107,1.4394752741577808
70,11,-1.2000811908506469e-05,17.20852971835666,62.11537896577253,10.336642698266768,9.75799302626716
71,12,-7.343828446024142e-06,12.754345215500043,59.86620702467682,8.305007507467783,0.8407210145560645
72,01,-6.201572312694294e-06,7.789162023728894,59.71689801232405,3.3671332889679944,-7.303112680189071
73,02,-7.646551471441942e-06,-7.170963860648018,49.17462651499538,5.9333629534131,-8.188289751120978
75,04,-2.3272295822324753e-05,-10.486857863362628,59.37646033687326,12.875126613341438,-3.498696371036106
77,06,-3.090711121482552e-05,-17.990251360066733,61.34983533646531,9.56488656516605,0.5723389233907065
78,07,-3.447742918110781e-05,-15.274860501197074,50.75858460182529,13.101680323898153,1.9624681110997348
79,08,-3.3271033724499884e-05,-4.3656862228557625,49.79625837316948,15.87532358626909,6.747224802570958
80,09,-2.244669017984254e-05,-3.3109654418945316,48.444472670045165,17.991419761784872,-4.491637453036838
81,10,-1.5745955748394817e-05,1.4800897167574978,41.847355274659336,3.9228212014475177,0.5071230077846077
82,11,-1.5779393952086846e-05,2.730464919026692,53.6031213278585,8.510707509316338,-4.4680131394492255
83,12,-6.748697063030508e-06,22.216181771555252,62.92255071562849,19.30713940606066,0.4556928207233385
84,01,-1.0488508364736625e-05,25.802121266682942,67.17732922877546,14.171719384019092,-6.017850162034394
85,02,-9.105866422227595e-06,-15.737989101954868,41.279925076501705,-5.740575921649026,-4.677185569944837
86,03,-1.09558865346488e-05,2.199697240357758,53.96111336709735,11.289218418552027,1.529696232846988
87,04,-1.9242588071877733e-05,-14.953707265557181,61.57429541588492,5.863026918029785,5.869092054367065
90,07,-3.000731417455182e-05,-30.125119514383297,48.19723509739805,12.281629657273651,-0.8332931163541726
91,08,-3.1366839325049225e-05,-20.726613564768147,49.22354232249208,13.797753053542104,5.28556109350471
92,09,-2.1116000810717296e-05,-5.870355172729491,52.886519872754164,13.824011871359083,-3.8961140452067053
93,10,-1.7202233669146365e-05,6.4104873591597356,48.62927366667281,15.84836222144096,1.2270836029257823
94,11,-1.2770530823662637e-05,20.62896745435927,57.76803370095226,15.672534009382458,2.6885640857060755
95,12,-1.128779906788603e-05,28.043287035542146,58.52688881322774,15.426232051849366,-3.9448398696120077
96,01,-8.849628261046861e-06,-8.473066081057311,52.03738375666833,3.380256105915193,-10.992317990600421
100,05,-2.791426425801057e-05,-28.103053294192083,60.924986691195485,5.088691424010902,-5.130835388368177
102,07,-3.379324687933062e-05,-20.07741719498173,55.40260847481861,8.933421974059073,-0.3532960533019038
104,09,-2.5696148892024614e-05,-3.969099077690972,51.22118268649578,18.18680549267663,2.196264123302036
105,10,-1.9746457593286597e-05,13.28605210072507,59.41998880579267,8.569977047376735,13.057100941893877
107,12,-5.659096497726741e-06,10.619382738339004,50.16868590621025,10.722129596197476,-2.9305631152942615
108,01,-9.400724827868036e-06,23.76198229324177,64.8158600401199,14.951265936513103,5.527936221091978
109,02,-1.553154618433063e-05,17.196350676788683,61.10995617006565,13.528206202342595,-6.142772103408288
110,03,-1.4791143874625109e-05,4.141464673442225,71.63935923557511,13.992932746682113,-8.382366675202562
112,05,-3.182606770285695e-05,-15.882362545546664,52.83810746537357,2.950671381858087,6.448995066488942
114,07,-3.385038605679304e-05,-9.511822006717805,59.07058047961163,15.473679856002972,6.8323721847123995
116,09,-2.5435363158006416e-05,2.907980506727431,49.177534459747214,11.980116043281555,-2.148785310766432
117,10,-1.6347254436593455e-05,7.273599919801116,47.520342997120274,9.869671590989638,3.924836768201601
118,11,-1.0307503538792339e-05,7.8851572241889105,46.36847800110711,9.089208542802597,-8.722512957763671
119,12,-7.866494279115095e-06,20.208327730240367,52.71666673100892,12.202970729561263,-12.605013241860172
120,01,-5.490775168401608e-06,12.580168148245866,46.32122026583841,10.294662934293028,-0.17765723320745627
121,02,-1.1993180484209699e-05,15.243881237211681,52.799659086113884,16.366795333748772,3.106950273581913
122,03,-1.7582771425163286e-05,5.919001820882161,61.97907953674307,17.954782301687423,0.9141703075901154
123,04,-2.3728384267512105e-05,-15.711892689005532,62.36782957411343,5.260100383440654,5.176459208255344
124,05,-3.2913617601255e-05,-32.404015432706444,43.15242019264416,6.0320307345851765,-1.0060280780382052
125,06,-3.3498540398290464e-05,-35.047065074327264,55.710710440916486,4.440140065659417,-0.8146940553241305
126,07,-3.3625666249610085e-05,-27.510599928661055,42.19065745926929,6.757328301583567,-5.965661229246407
127,08,-3.0036708770112647e-05,-17.0266568734774,43.458151734339296,11.918716067467969,-1.1468217086586903
128,09,-2.1827326350689368e-05,-6.781363076782227,44.02462579022247,2.8825163167741565,-1.0855375805324978
129,10,-1.9913688146604526e-05,14.103063629806684,48.60193847477949,14.940329161633727,-2.4773695379892984
130,11,-1.311930024130561e-05,7.912713109334308,43.72629240063826,6.5622522730721355,-2.328028060743544
131,12,-7.719866410816296e-06,20.033501539989185,45.286219627095804,13.531202857314899,3.374046808632471
132,01,-9.708490018202875e-06,23.531725362798216,54.619796854420386,17.500156613913916,2.2783597749689575
133,02,-1.709957590030951e-05,31.83555304718018,59.52337883048256,22.9481457257952,3.3738418606576466
136,05,-3.125298669270236e-05,-34.3688931694441,36.06377147361027,5.1684694324001175,-0.4548254154984667
137,06,-3.068480971400681e-05,-23.63770078192817,52.16888050745726,7.454946297454835,3.9676137081358167
139,08,-2.897321149455781e-05,-28.290339532667595,47.590817581110095,9.989635868913387,0.09266292079802467
142,11,-1.0645134954231454e-05,8.876481322224937,54.38112868225972,5.109709851434498,-4.461492165671455
145,02,-6.996622216688376e-06,0.507544446309408,46.996895068120395,2.419369213149661,-1.0937606032008218
147,04,-2.5889148811054637e-05,-18.50936585184733,50.20018549894757,5.61995390847524,-3.8804163361655335
149,06,-2.987989489524302e-05,-20.686577268473304,57.62339900992447,14.718036211374072,2.312953067652385
150,07,-3.606362330103894e-05,-12.26554677852508,46.37869990175771,6.619193799377769,3.502324325315414
151,08,-2.9805839779475068e-05,-22.79464663072811,38.70661156831249,11.01385874016054,-1.1765128447214765
153,10,-2.004618059737534e-05,2.17344532234438,45.307421456006274,4.971583007299772,0.952629884084066
154,11,-1.4646135411648073e-05,14.444811823866104,60.08639300202131,11.738773440445796,1.6261124956766764
155,12,-7.654158530845394e-06,17.942148733159545,42.031411531264894,8.257994727001396,-8.3346434656779
156,01,-5.988280283046514e-06,9.900324605634134,41.55076964045469,3.217538565153716,-4.6902770765161
158,03,-1.6743815379482177e-05,3.675611719931326,56.535387553599556,12.80877443896058,-5.972428818959062
159,04,-2.3724830210206465e-05,-12.979907084147134,60.15185276207658,11.795587993537051,-1.8858808835771346
160,05,-3.502280750303383e-05,-18.415903687507882,37.98684394011575,3.870598782180457,1.5834636519647416
161,06,-3.339920427913765e-05,-25.873405965508358,43.36981476617124,-2.726851222144233,0.20037269441816533
162,07,-3.3542465003026134e-05,-26.574038988010855,46.61348771423679,10.104954804943455,2.7526454527044804
163,08,-3.290884278264643e-05,-13.404264240552024,52.83446418771308,17.78341034901527,9.420622178641697
164,09,-2.5466491539959356e-05,-1.4094354346381297,48.6797681992597,9.088945560031467,4.871189140446982
165,10,-1.9484351597922247e-05,1.9587082073252686,58.379234332862715,6.554792054104549,-2.175138033138808
166,11,-1.321692710625939e-05,23.694389510769323,50.96693710040848,20.914857090568542,-2.830467434925503
167,12,-8.425528942156701e-06,11.411874493342573,45.69198678764476,8.596278399949433,1.79938270771888
168,01,-9.715480358609446e-06,34.39173987899288,57.42208674485646,24.59790798663068,-2.1686067230265627
169,02,-8.449411843078754e-06,-1.1622854381742926,41.2482318814184,2.4115948096456985,-7.902738267875852
170,03,-1.4966802825774622e-05,-6.011914413616221,42.24266758934657,6.541541600606773,-7.480420348013602
171,04,-2.191761210872048e-05,-4.539731902737087,59.59964808656376,3.7300693186442064,4.336087137201097
172,05,-3.0932743489659034e-05,-26.541132331437964,51.168041845343446,3.497821047116352,4.809687152677967
173,06,-3.281592492067931e-05,-24.277929318237305,46.836056776909025,9.25905919657813,-2.820804222467211
174,07,-3.3366269429406925e-05,-23.52127023184171,53.23872095220833,13.991837543220932,0.3682552195723335
176,09,-2.2725771390226628e-05,-2.4448908416748045,57.50485973500145,4.56495947757297,2.567192783037821
177,10,-1.798888249350155e-05,2.3637267239478326,43.9463890340828,3.003415204591649,3.3335509971905783
178,11,-1.1587640056374466e-05,-1.8295716874864363,52.225245416957804,2.3298814604229396,-1.362627434709337
179,12,-9.250304196792702e-06,31.236705364924607,64.63241229699248,20.999137792648806,-2.3895911745461094
181,02,-9.681430163471391e-06,-2.9269207930791947,54.97462990093799,6.761308108556839,-1.1560002459117344
182,03,-1.5868986940443404e-05,12.424105568506382,56.25959003628518,25.385559077929432,-5.109838371625509
183,04,-2.4481364455176743e-05,-15.54007357143826,53.21672202842236,5.804787655745612,1.072442509057787
184,05,-2.8615912740195944e-05,-19.306992470361852,50.8592781971834,4.769940718599545,3.848988206781366
185,06,-3.390126228795352e-05,-22.424498955281575,49.86442946763436,12.548458471997579,-1.7603594158596463
186,07,-3.466171150601792e-05,-32.442688338413035,36.16844127948567,4.388184303857946,3.6306611074632213
187,08,-3.527003988845888e-05,-15.806742182249662,41.714041907468136,12.279929775791784,2.5525207887670045
188,09,-2.649383951805552e-05,-2.2674784339057075,50.77799905458556,9.422944353548688,2.5801398991478814
189,10,-1.8016295581522476e-05,4.47270425086893,52.33998963107474,9.331117238485684,0.06765352751619064
190,11,-8.92097842036795e-06,12.752254605102538,55.27824593100681,10.65475141023,-0.3912592182583275
191,12,-1.093666692604627e-05,22.757288210632986,53.902280609893545,16.48587201194353,-0.4517669412141207
193,02,-1.271823695051786e-05,20.178666164579848,60.9734689490412,20.19777915863764,-0.782204506329128
194,03,-2.219248033328259e-05,-0.5256330294045062,56.57506640008187,14.015041863861907,-5.375294921936527
195,04,-2.3056703787511248e-05,-15.611610607231992,48.9374839578549,8.932633039940727,-8.217882198884753
196,05,-3.3250014936618425e-05,-29.631465932538433,52.844916530618114,9.018692946013585,1.762601557700865
197,06,-3.44918315846169e-05,-24.446217814466692,49.08188772321145,4.274826041094461,-4.784962304306031
199,08,-3.331847033315239e-05,-31.29434137422295,33.68999910253863,0.6543888631225918,-6.406313635016001
201,10,-1.4566836962311297e-05,5.514771194293934,41.310020164710224,12.37252014750819,5.549859377050913
202,11,-1.3042386322538529e-05,9.068964893934462,58.53600206141338,6.407606474367777,-4.377470945951673
203,12,-8.991161045966975e-06,-5.598886509064706,48.51484771922968,2.4333651795746185,-2.867056723256265
204,01,-7.460320452180465e-06,-0.4728464959257379,45.67560021059616,1.658294647544943,6.124564749543385
205,02,-7.544903639281147e-06,5.38362545916678,55.18347650017959,4.37647370480943,-2.21206523458985
206,03,-1.2827322511164368e-05,-10.990242480862525,51.72073062135199,1.0527366366232593,-7.0827326481316675
207,04,-2.0502408365953464e-05,-21.604367342122394,58.54018084150156,4.561729153993395,0.9496918742709688
208,05,-2.4253428110207234e-05,-26.022296560964275,51.92535755428705,9.13497221109944,5.224901751507995
209,06,-2.8253365109311642e-05,-38.732165323215064,41.61192797080808,9.433004859309726,-2.092028507275052
210,07,-3.142641031134248e-05,-27.054918192217425,49.82263012584947,10.088768128179733,-3.1049256038050506
211,08,-2.9903093116464793e-05,-15.358725825155936,42.33743624172287,2.895004055515413,2.7272199784145563
212,09,-2.534073391895315e-05,-7.00570699428982,43.673043699496326,0.038807996008131576,-8.668936958101062
213,10,-1.7171301486478214e-05,8.106230379494288,51.02844809201841,10.03043698339565,1.0061798058786697
214,11,-1.4551765714713837e-05,14.46901237657335,58.72207561985916,12.736440114508735,-1.5732026177512282
215,12,-8.836182103413613e-06,1.1414017176474303,51.832999992789766,4.368369198132585,-1.747326027634323
216,01,-3.583592048936e-06,-1.2817189340899076,35.36421269791357,-1.286656943434028,-1.3202002071257561
217,02,-9.97768289436776e-06,28.48145621345157,61.04910012837534,22.079497913224362,-0.7881853435834248
218,03,-1.2413017713795421e-05,-3.0697627356744577,49.8996438915832,12.954594367386195,-7.647408246809437
222,07,-3.376502295814329e-05,-20.43258258581674,48.29218798171063,6.435511002550844,-0.6637979181966475
223,08,-3.064838395117496e-05,-15.397676236060358,39.11490551742816,4.405646029728714,1.682758229081349
225,10,-2.0736059433235615e-05,1.8364669255082322,46.07108195983722,11.233670121797948,-9.586813698840396
226,11,-1.1372840429430654e-05,5.54297788119846,52.451002673839106,4.724241298357645,5.854934998512268
227,12,-9.893875752236308e-06,16.98351939342868,60.12797338394067,7.438668075274396,-0.8512120128344458
228,01,-1.1099072907757458e-05,24.386054642872143,54.87726956107148,9.809003644122871,-1.450892314357142
229,02,-7.893391973560764e-06,12.879144769577753,54.623768248409036,14.813645704178581,-3.037549276329223
230,03,-1.582076560769428e-05,4.910139277304372,64.38913835901599,11.045111331426973,-10.113063399243101
231,04,-2.2395207648413717e-05,-10.670934447903104,67.35853829729425,7.908418326038785,8.915542415809632
232,05,-3.182257207745645e-05,-20.036693252071256,51.31070372274871,3.9262605809857765,-0.6871010359282137
234,07,-3.6390916169732936e-05,-13.917790471887077,46.5719772114318,15.677108238486833,-1.1335652676243932
235,08,-3.4686337675251e-05,-19.754633603331865,40.27667498864153,14.429789518274287,-4.290398413873488
236,09,-2.4247977624205914e-05,0.3736279635959201,55.41774919654528,3.919208845329285,1.3469011118359038
238,11,-1.186565926222506e-05,4.6568576497395835,50.09492808050447,7.878285733710395,-6.541430208015441
239,12,-8.802920268002493e-06,22.454611907630838,51.308709990082264,12.782658350072886,-3.2974561736609354
240,01,-9.430198710966792e-06,24.63400003675235,61.44896206574927,16.481189683155343,0.13767809711989554
241,02,-1.079772392194216e-05,13.779260249546594,59.85849182345754,13.373481011186328,-15.095687816460925
242,03,-1.3397230129969535e-05,-0.9194605676794566,60.6708199271861,9.409900608575471,-1.3423963893972422
244,05,-3.422614240797327e-05,-20.88572949317194,50.723297991629586,8.779698450191047,2.5149216677758
246,07,-3.775679561435789e-05,-20.12216363230059,34.70881050790896,6.7905215421697145,-0.9507721068679647
247,08,-3.318467006672979e-05,-13.657699137697938,45.50563225292391,8.883778229928788,1.798294270935879
248,09,-2.59650643648355e-05,-3.5717024329291456,50.26974016195536,5.929397126367357,7.428677170393202
249,10,-2.1588807777500546e-05,5.981483147405809,48.24640764357326,9.68599304804238,0.7620047189240815
250,11,-1.3179962080519347e-05,12.654008286878799,52.50058610761298,4.796225587866042,-5.3083783276663885
251,12,-1.3700721242369786e-05,27.986750325848984,63.54783165261822,19.86696872741945,-4.7865400395137
252,01,-6.553396535759588e-06,18.42038040095504,45.80448549491872,10.353726586782804,-7.92022200951525
253,02,-1.2230161100386137e-05,18.65321454909752,54.35344561065067,19.062788032948287,-5.22298073832194
254,03,-1.4517082142339604e-05,-0.5979741453765541,58.83941007500695,9.49542429823516,-8.101139608444708
255,04,-2.355722367422762e-05,-12.813957029554578,60.681698268123455,4.805695806566875,9.074070477824739
257,06,-3.750390542944741e-05,-27.016546727159287,42.780413097916714,14.330717013740538,1.1058663845909962
258,07,-3.168135436499142e-05,-21.668345875401656,51.88578506780696,6.044026700850455,-2.328411767098212
259,08,-3.0941285219664524e-05,-19.063545700565466,39.65101154342005,11.04517762957337,3.485725751159012
260,09,-2.4486756719630248e-05,-2.020394458007812,56.817002186003,7.933719080649483,3.919733715248108
261,10,-2.1893689024856883e-05,11.235235126454343,57.40779917159772,12.005480048866684,7.83856330803902
262,11,-1.5146696185204038e-05,20.892512133110895,68.07071139411661,12.342221737946403,10.206042723104686
263,12,-1.1904006665214989e-05,20.81303864280127,63.79751548051194,12.820332980145691,4.44023334568803
264,01,-6.723928980547147e-06,14.384707934964087,53.25762820807451,6.1000643886237995,2.9121106677311723
266,03,-1.3063552253355424e-05,-6.242824222359606,58.59238742218351,13.09184503670149,2.0673602820775843
267,04,-2.4765318735565716e-05,-15.737299090576174,60.65160554169682,10.400624713431462,-0.14914724131690124
269,06,-3.303585196628976e-05,-31.827683939954966,48.06642211600013,12.22468430902693,-2.844979031266107
270,07,-3.6646507612448495e-05,-24.41304970722813,43.035889669943884,8.167003860658214,3.3910846430050428
272,09,-2.8629883362433853e-05,-3.361749937269423,60.89090815499625,7.402657788870068,-5.33470389275021
273,10,-1.872843477780094e-05,15.499699002173642,52.0420637966638,14.544020690487276,8.002227872540873
274,11,-1.4045017091525046e-05,9.019137569173179,50.75557469189433,7.708632052760654,-9.810931996197173
275,12,-9.904081011676856e-06,14.487402564920403,52.82181985401466,5.938569107137702,-10.442604840391425
279,04,-2.4829810814864887e-05,-14.182246478949653,49.20558492463959,2.687068967501322,-2.3918034127553303
280,05,-3.0134792006426703e-05,-17.31557953963741,52.31226475243542,4.80779668205015,8.87116875646448
281,06,-3.5836119472898846e-05,-20.466573669433593,50.7506326838851,14.10018485385047,5.354612818103367
283,08,-3.0240783373966385e-05,-12.41071590333344,52.640142950275894,0.3693177606316022,2.9107890031876105
284,09,-2.726855740998468e-05,-6.606480073716904,41.46046437310777,-0.6506538895077175,-4.940236078113981
285,10,-2.2813934475604865e-05,5.003235001430717,55.25826176021304,15.801558265091272,-1.6580593323451214
286,11,-9.433203981300014e-06,10.082439758300783,57.335292302331666,8.362891557502746,3.1934507407718233
287,12,-9.155090198257839e-06,-0.601292420089886,52.83887711868107,3.7487439302218855,2.2550676486517793
288,01,-7.996820467572737e-06,16.024269751435966,52.92226850532075,7.2308413329791,-6.687711740042573
290,03,-1.4304734281419465e-05,-4.024482163624097,45.80751552796749,5.931675549784015,-1.8552307312462917
291,04,-2.383696288773839e-05,-17.2942943037245,47.44735419490735,1.776840329636468,-3.901022283871968
292,05,-3.0977665722578726e-05,-19.48317038226384,57.695412786129985,13.447643165608888,7.087039322309597
293,06,-3.491794925367785e-05,-29.63445593295627,48.58540389312637,15.360014124997457,3.9237639763090355
294,07,-3.637924248004731e-05,-25.786057973554062,44.12265574810709,7.717995313931539,2.256303321858889
295,08,-3.1032737283929096e-05,-31.771135562691633,39.36124998163152,10.79600291262391,-0.9488135915366548
296,09,-2.437035215904568e-05,-12.497950702243381,40.21523504180775,8.71134063267178,-1.3662211480670508
297,10,-2.1305207502659715e-05,-2.352458050143333,49.86598729915773,5.868036298526231,-3.9558025068672755
298,11,-8.746191556262298e-06,13.336127873399521,55.471923015075255,9.657236481560602,6.3600499339209655
301,02,-1.1818901434843997e-05,12.780648606925178,58.06078212638148,8.718364602428743,-6.535059127676075
302,03,-1.5225630396960167e-05,1.0669384965794064,50.376974003080406,5.864473087290283,-1.138047160363966
303,04,-2.4217375733618005e-05,-11.611916856553819,59.49211039767795,3.0342327328787904,2.7121691885206443
304,05,-2.847669872224737e-05,-31.81054322043798,50.857990436966695,3.692849372720206,-4.050122515422042
305,06,-3.421590459786078e-05,-30.121984181382924,54.56608841220009,13.141829840681288,-2.826415734630161
306,07,-3.5823426863228845e-05,-21.040274605699764,48.61712288511441,11.099155380125966,1.6926178633577083
308,09,-3.09724094837697e-05,1.3779368174235027,41.60773183429904,12.613644289016724,-2.9949600599924717
309,10,-1.9737982986943505e-05,10.8786054316695,45.96995730125903,11.938783076604208,8.574271400144022
311,12,-6.509792311736683e-06,12.651209838210898,41.13814304297201,9.412742538349605,-4.153789951550063
312,01,-1.0532949036563073e-05,27.835473567839585,50.62756816835045,13.787942452297413,-11.788157165014617
315,04,-2.402455134354872e-05,-12.38321820203993,55.9102142579476,5.966150120883517,2.4257510029686817
316,05,-3.3327865934669755e-05,-23.83920729967343,52.369123788558014,12.497400639995453,2.0688526762480377
317,06,-3.715115132452208e-05,-30.632264646063906,50.84424858076307,10.793446467632718,-2.855177613343133
325,02,-8.8568046297561e-06,4.634872235616048,55.29220876641359,2.863534123965672,-7.89652470570519
326,03,-1.3873502668170125e-05,-4.782673361173239,59.930227692120816,8.711972299124605,-4.117894217727005
327,04,-2.37631702343909e-05,-18.782449027506512,53.65862876264652,13.231339445326062,-3.6884300680584374
328,05,-3.370682173148433e-05,-13.439136345319852,55.415879218805216,11.327168507647768,2.0604650645307303
329,06,-3.4785863751151034e-05,-27.11431088460287,44.96967633606062,6.44561336379581,-0.9218781734678478
330,07,-3.3670624993676266e-05,-35.11209074615151,34.7803111832411,5.194669483061761,3.439024755990633
331,08,-3.203818718891423e-05,-14.970106861073484,56.166526000266416,5.139944788245744,-3.52028442745824
332,09,-2.4569920312832332e-05,-1.9050392035590278,48.50952039943403,7.6637080093383805,5.070309681532119
333,10,-2.0357669840078775e-05,8.929626497002058,49.91160704086961,11.764139995021203,4.390374926597842
334,11,-1.6638314112929544e-05,21.698549422539603,51.20864173750348,16.657310976600645,1.2719425642437405
336,01,-1.3167410284109127e-05,32.71415653975292,54.798027210791915,20.381366841223937,-6.19178593167951
337,02,-9.635896793779033e-06,12.227102448962983,62.05461917357218,11.984527422791432,-0.014211802573431147
338,03,-1.969343553138324e-05,2.858439688077537,50.951221448258686,3.589432570611277,-0.07748771841808025
339,04,-2.5420359923575438e-05,-23.728481532796227,35.425640993569964,3.3506547569486838,-3.46331045973036
340,05,-3.1186685044343005e-05,-23.42358186127037,55.67473245647261,10.869236741629978,3.6249730836191487
341,06,-3.458860908376663e-05,-19.802041976589628,51.81401281598541,5.424472069888645,4.854381080479092
344,09,-2.677926907070085e-05,-2.246240928141275,48.58724766878287,8.22912563188341,-5.713435930930243
345,10,-1.4836711174446523e-05,-1.5530790907336818,46.4751422240952,4.005545213678831,-5.4607639956935765
346,11,-1.4172945336880124e-05,15.984315191311307,55.0159122577058,10.173234992345176,-11.158009668244258
347,12,-9.103623443880553e-06,18.67049515623687,44.72693699303237,6.526885977427164,-1.8565782344777098
348,01,-9.98381483742544e-06,30.50790186531313,59.32570013750177,20.154622732100943,0.586831203993931
349,02,-9.733829621899499e-06,11.488472740085646,43.235250111784055,12.265323426432992,-1.961968575159709
350,03,-2.0140387961912898e-05,4.352542552004578,67.29393991330491,15.45844951196896,-5.924768195429157
351,04,-2.446588194630345e-05,-15.287676639472116,50.48518859204715,7.088551215807597,0.7828483831617562
352,05,-3.326288808405293e-05,-18.37616691179173,46.32872357566895,0.6533463385182041,3.5619684459522207
353,06,-3.476253857051133e-05,-32.52892781643338,47.80475471985869,12.328733485349018,2.4688790296554566
354,07,-3.577182100015043e-05,-18.878891244211506,53.425692884929724,7.46280018252711,3.024764808859876
355,08,-3.3834556450724496e-05,-9.036356891591062,49.02626591384924,13.036809177316645,4.132854468827607
356,09,-2.5189189388381943e-05,-2.5223080678304033,46.95382839618127,4.18150704068078,-0.056067406590780286
357,10,-1.8222273044254205e-05,6.518695762716314,54.30898137165141,13.949120030803067,3.4220286894357335
358,11,-1.2143508331428165e-05,12.723418456013999,55.05112889809742,9.143233898650275,-2.265666114022997
359,12,-6.623100362498576e-06,8.910789440196046,51.189781416840454,3.3564824344881106,-4.5166699999737485
360,01,-6.219402897665034e-06,13.638463789416898,56.756673166043,4.487606855351436,0.47961315901561447
363,04,-2.2896213735516033e-05,-13.763160278998479,44.90089633327524,-0.685411971897549,6.029264274046157
364,05,-3.152253704363203e-05,-24.89160391596312,50.72287625494953,12.152716374838224,2.6680380577169442
365,06,-3.4585202314802804e-05,-32.20444840494791,47.13420631794532,8.964238966602748,-1.996933453241984
366,07,-3.995988693131167e-05,-23.939954596078525,46.67216465320125,12.934066957371208,5.637807804107666
367,08,-3.326769469126164e-05,-18.63527480389995,42.41847231385144,12.439483702608335,4.007808858727896
370,11,-1.3997967538165946e-05,28.005924584282763,63.3120259418408,16.328244664086235,7.551464518504671
371,12,-8.896478755051119e-06,9.686923075029926,62.37685010996686,7.806057778881443,-0.943810666238108
372,01,-6.091251291421628e-06,2.9262350808420488,60.36061479552843,4.086005965673795,-4.786219943220897
373,02,-7.65345504045659e-06,5.717629487900508,61.53230691539674,8.026179726691472,1.1087709607850937
374,03,-1.4227020407356234e-05,-0.1344084672825314,56.345688745778084,6.929926506247573,-3.83277569327816
375,04,-2.4690822054900404e-05,-20.66956467929416,50.227940069592,6.223680580245124,-3.325235909144084
376,05,-2.827942739082006e-05,-27.387183430333288,51.416537502500645,6.36290959364368,-1.7710000136590769
377,06,-3.182083758476639e-05,-35.711798379855686,43.71565713060168,5.184164862230089,-0.32030451049804715
378,07,-3.4407490462771055e-05,-31.11366353779454,49.13440625845617,10.114219836901592,5.159846364482757
379,08,-3.27152816781925e-05,-15.088779016966459,50.057286181364006,11.199890485086746,1.433999930351012
380,09,-2.3803562745282155e-05,-1.7829848341200085,47.799041656389505,7.507118406274583,-1.4900869473775227
381,10,-1.8914465963579488e-05,8.677334267236855,54.52403665949838,6.946783918237173,-0.012806594397432208
383,12,-7.738160395268594e-06,4.967533013128466,56.59717789244652,9.098118736759309,-7.298802586606754
384,01,-4.432973011169315e-06,15.641597058367989,49.85520389962581,7.8899931685950175,-4.617686146418254
385,02,-7.274441715534998e-06,7.353929252261208,64.81677477946593,12.228949002470287,-1.8058714723359974
386,03,-1.235675504704564e-05,-6.3443144091534345,43.386579177287324,6.132339461931618,-2.7895524579530124
387,04,-2.5035789431644346e-05,-14.869033695136176,49.48712501599656,3.5041900164074367,-2.1548139828152126
388,05,-3.0008848766624646e-05,-32.62149781881353,48.67582858574712,12.94653068993681,3.1924649998449515
389,06,-3.4230032604055946e-05,-25.01744469502767,49.43961729888122,9.191161323695713,4.910514154773288
390,07,-3.7348723895911946e-05,-18.427609645064162,51.34294977803511,5.025835220500987,2.2203271809034453
391,08,-3.274760770019843e-05,-10.64563058373236,50.85391145080519,14.01876132214454,5.2939196082699675
392,09,-2.5484862159343414e-05,2.648160398695204,48.54894579696125,15.945109005716112,4.46301638607449
393,10,-1.916051529891168e-05,8.726722329416583,41.10612051369683,11.441918302064302,-0.8078829870531637
395,12,-1.2744765838047034e-05,29.389911852764826,62.27082245179138,20.643361183248544,-4.9778297481126685
396,01,-9.557997748420493e-06,23.492998173539362,55.985124487241116,15.473656117552068,-10.09431259042473
397,02,-6.941694202459045e-06,2.77444112036694,54.92825397600388,2.178728864450564,-14.6274180279655
398,03,-1.1845709033173812e-05,-9.130659757880753,42.53471919810516,4.415157397813695,-4.95342670649867
399,04,-2.412122515035865e-05,-15.116672309705946,65.52592149374486,9.397371100213794,5.787491861258613
400,05,-3.2719707248821014e-05,-19.41600187732328,54.71462800888861,6.590203753809776,1.6779351170652654
401,06,-3.633841799156573e-05,-15.284035491265191,54.862410076340026,15.388559870190088,5.562437776141697
402,07,-3.9630504535585143e-05,-18.105863085346844,55.33667580591222,9.643338416766094,3.760446160183158
403,08,-3.664081436780238e-05,-14.530181596981583,48.63167088847007,11.868504572201799,5.85169593275747
404,09,-2.780254297756781e-05,-4.337274759928387,47.643611919113,13.954834382735358,0.3496705691655474
408,01,-7.079607454118081e-06,9.77005108642578,59.36599973937003,11.252236509794832,-5.328164857536234
409,02,-9.82560560788399e-06,1.2790957768758144,54.799641565576906,-1.159094538597833,-10.674283386707305
410,03,-1.6003138249269338e-05,-14.11737674147083,62.83003596656937,4.0497559374942576,-0.8068198277258105
411,04,-2.0434202846445263e-05,-16.983018215264217,45.651346360141694,11.989419890530904,4.8500732873916625
413,06,-3.319209287441886e-05,-26.815010833062065,45.349666944320994,8.969547468270196,1.0148970746570165
414,07,-3.405638901301333e-05,-27.630988150319745,40.32137145659744,6.063395621740689,-0.11920491269839657
415,08,-3.2683108437937644e-05,-17.84199171037572,39.46305893081491,9.443083260218303,2.009526890908519
416,09,-2.475842662511746e-05,-8.054260448540582,49.65095689521101,9.695096008894179,-3.601356833860608
417,10,-1.765674730958508e-05,13.677036990258001,51.31546706972713,9.855143433540098,5.100314021879627
420,01,-8.580053124215514e-06,22.96357862870411,63.49304372530727,12.436592943314585,7.029194313151861
421,02,-1.1990748406116751e-05,26.598223410470148,61.15281964255657,13.365070623874661,10.60320344007583
422,03,-1.6731313326227373e-05,-1.3453218475669946,47.843510205716214,8.635303588846677,0.42368475792997606
423,04,-2.3883861623916246e-05,-16.521862002224392,58.86005653639768,4.371208240678578,-1.7134484677420727
426,07,-3.570791800838603e-05,-18.498887496784167,52.862582088247414,2.4712541101312127,2.0653683370979885
429,10,-1.6616273676728237e-05,8.951883064844276,46.06859467966968,13.233899098078409,5.742346490121657
430,11,-1.0089955154782932e-05,6.784489759657117,59.376273723493675,5.4755702130211725,9.118718305354646
432,01,-9.2527426375611e-06,26.340960131573418,62.63006211892765,18.644701262320243,-3.8576281189046893
433,02,-8.153189459681882e-06,8.31590086110433,48.93550452213628,2.498706819670541,-1.6321592513720196
434,03,-1.5915630637317265e-05,-1.6360386480515998,44.90566300547765,10.029118978069674,-2.835005319595337
435,04,-2.4346638547669703e-05,-22.934988667466907,50.17846367060873,10.873251885689628,-5.030215973642137
436,05,-3.070366395367009e-05,-25.76910455847299,53.73915812349191,16.856304020481723,0.8686174524368779
437,06,-3.477750818122634e-05,-31.860220404391814,46.7203716229452,14.235752619510228,-1.0147045824898613
438,07,-3.7615658574522775e-05,-25.170489753641114,45.05531850020347,17.498685590497907,4.414139295885639
439,08,-3.326061218056918e-05,-12.586229408838417,52.3345120203854,9.09200456961765,10.0172870392543
440,09,-2.5603061031688413e-05,-1.6679924726698132,46.654843129608366,4.154875349871318,-1.4644166116926407
443,12,-8.385574634596725e-06,33.275967709449034,59.292129598577816,20.310897958140217,5.98071442790698
444,01,-9.004527324929857e-06,20.359526514525058,60.00615774854665,14.172474664052327,-1.7895402638835296
445,02,-1.2519085415486441e-05,14.879537966322628,54.698993667597065,15.577092767211214,-2.578204086939494
446,03,-1.4810545610421827e-05,-5.396197126162949,59.004922374092125,3.1354650305676195,-3.353224274830151
447,04,-2.7581765115751797e-05,-20.820068422105575,57.557788026644126,10.033905906762017,2.228406386099921
448,05,-3.16294027814815e-05,-19.310568396455505,50.32535560724812,2.073139207963021,0.9736174805138702
449,06,-3.356170396635004e-05,-23.02242342732747,60.87640379265148,5.402156425751581,2.423815758026971
450,07,-3.758493633006676e-05,-22.269790681900524,47.74635748879372,14.40303122233319,1.5464795664100233
451,08,-3.3272750999810424e-05,-17.014684508621052,43.397001161080546,12.400393611907957,-0.02936674651279236
452,09,-2.4645985519115736e-05,-7.889081433783638,37.34792189491059,7.136507175445558,3.5211581916385226
453,10,-1.526362983537594e-05,-3.798430909843855,48.34944315867911,3.3976095040639245,-3.7648246855992142
454,11,-1.1750765303218536e-05,10.89123139716254,54.5964946256227,10.592714350276527,-1.4600851942274309
455,12,-4.447676278540448e-06,15.633635981405934,42.93341399640295,10.629026270692066,-3.213377143326626
457,02,-8.18821650381367e-06,12.903916228158135,62.959067062718525,8.4660046029545,2.093567276659466
458,03,-1.5800369091061108e-05,2.527072602630943,59.88884960889175,12.592574200394331,-1.2213739956066179
460,05,-2.9667726341906155e-05,-25.198657173730993,56.839670298081565,3.779986991472142,1.8179982192952142
461,06,-3.566179110415154e-05,-31.36642959594727,52.944568701901716,13.948579157532585,1.6841690582911175
462,07,-3.888270218750779e-05,-23.176640851420746,56.14024401203919,13.697072580809232,1.4669344500880088
464,09,-2.5415033401845397e-05,-5.530321179199219,52.86381167994076,8.872825825288562,-0.21663299340142145
465,10,-2.0550294828412475e-05,15.281469091599986,50.30405073937036,16.963595434599025,-5.476527976702618
466,11,-1.2597567349661808e-05,15.910226154920792,53.90823562632401,13.279509921370614,-5.144581027221679
467,12,-7.748080553331723e-06,20.40142875687794,63.311030514205655,11.00165480297868,-5.213931379113147
468,01,-8.493993727101315e-06,23.796599253992884,55.116003269850566,17.663954543821273,-0.8613272718409056
469,02,-1.1806723732206594e-05,-2.6082788761683875,46.30087924139698,2.6303881119546424,-7.8224522454852154
473,06,-3.447691067930363e-05,-33.33076165534125,39.74884000571834,5.857450155003866,-2.731220611657037
474,07,-3.4126774513620195e-05,-44.31138712696363,36.16823902212164,3.485621720426826,0.2656826255757326
475,08,-3.324744642680256e-05,-25.59706884437479,43.61733073811633,11.77572594638537,3.0056359347681845
477,10,-1.717439320385384e-05,2.0582064438686585,44.893768001867876,9.415437937746768,-0.6498442904154464
478,11,-1.049799736220949e-05,11.533768935139973,58.11769115721252,2.182743043751187,7.461448430400424
479,12,-7.425197422547768e-06,21.47761040308142,53.53903508252609,13.274201738193474,-7.805834964444561
481,02,-8.232899953890454e-06,13.675333238874163,51.283400613031226,10.586008830433798,0.13648359216962544
482,03,-1.7898125718357898e-05,7.876527682396675,54.192069970153995,15.248105977909537,-4.36647806013784
483,04,-2.786484313502215e-05,-15.88577495863173,41.53150874974462,-1.5698741665522258,4.106000278896755
484,05,-2.8741963674400066e-05,-37.081440074305384,54.09692304540707,7.031841904855544,-3.1204028086098297
485,06,-3.9525050331051005e-05,-23.208365014648436,47.86380608810849,8.609806874932184,11.051475863477918
487,08,-3.404563471354698e-05,-17.337182702177312,41.57153246440298,12.387275987091884,5.091376336723246
488,09,-2.6543087166161665e-05,-4.24653964674208,45.73786681658825,13.203323169390362,-1.7770658088896008
490,11,-1.0039879183467646e-05,10.335369747924807,64.20363267016013,4.349684637090895,4.896114809354146
491,12,-8.260583359534854e-06,25.078029959073632,56.60606037604423,14.065375561703918,1.3985874090707433
492,01,-6.012859741277161e-06,22.106840989635838,48.67357203781476,12.273396517066544,0.20016098563901893
493,02,-1.5386156723984276e-05,31.748662168305497,64.97568837541958,24.30691208471101,-0.9163454450629221
495,04,-2.7043378228700023e-05,-24.0670989525689,35.17819720014996,5.183640297359891,-0.6015082754982847
496,05,-2.995519203009721e-05,-45.04488896819084,46.51938461271666,10.13006349647686,-5.563120721488871
497,06,-3.546342912159163e-05,-30.903872137790252,54.092656515480414,3.432671832127041,5.139373203955756
498,07,-3.552329937512147e-05,-24.55973527871409,49.31133174363516,16.479953436000375,-0.7900067844185773
499,08,-3.48960954878191e-05,-17.491402352609946,46.845165995435046,8.51712136036863,4.093506789135677
500,09,-2.4679065476549213e-05,-6.537764871215822,41.4254565234277,5.957221874258255,0.22758089597490075
501,10,-1.848353834580477e-05,14.114419966174706,59.132486595437086,10.385557453668246,4.539380098568496
502,11,-1.0186800306089735e-05,15.631692754109702,47.969248177954896,12.617822023794385,4.185152656957838
504,01,-7.860778656987515e-06,14.34612370152627,66.80461903254064,10.133833827295609,-5.843250577844601
505,02,-9.005972841740524e-06,9.622026147751583,54.51137783175566,11.546674844446638,2.4646371848923816
506,03,-1.5948935392546162e-05,-0.9029574194467195,53.47545231677126,7.127447119456466,-7.318563435933921
507,04,-2.588563685021654e-05,-27.98602328389486,47.86236142485672,6.313839817237854,-6.421966052585177
508,05,-3.230829694098981e-05,-22.4746828918457,60.26473778712485,9.505540847839844,3.197428371347406
509,06,-3.7502937650666964e-05,-26.38411481492784,47.88007799596918,4.540895039600795,3.3414038293414645
510,07,-3.6336240956178925e-05,-19.074829963273896,48.14752719921964,4.705716874132874,2.9915820770673855
511,08,-3.444879628501263e-05,-12.903870650096605,45.419211714576655,7.435324650220974,-3.4263525877306535
512,09,-2.3354238802332672e-05,-7.743464881388346,41.71682162190013,5.674252790345087,0.8442784887313844
514,11,-1.0072340758698473e-05,9.36498726196289,49.88987413275507,6.842058276134069,-4.3413511865403915
