,month,MER,MSSHF,RH,VW,sst
0,01,-7.186377549426466e-06,5.464709561255669,62.6901256937955,-3.7666581846052605,-207.7374
3,04,-2.191347909663616e-05,-15.59233038906521,62.41300571294825,1.0740941146002878,-213.01617
4,05,-2.839083756912113e-05,-16.16055940262989,64.02205650719006,8.630355046979844,-108.12946
5,06,-3.330413338050373e-05,-22.16353809509278,52.028707694198026,3.2090791480382284,57.38492
7,08,-2.8487004876296853e-05,-12.56110269165039,50.14281140049425,3.1812677038664456,300.2273
9,10,-1.6345863611966567e-05,2.642213581372333,56.92965585534547,5.778387170791627,152.29865
10,11,-1.1569333000928361e-05,13.890767045423724,49.679388139549886,-4.489285752847461,14.52992
11,12,-1.207531024335357e-05,24.691616260159407,64.98245628347064,-0.28389227742020834,-111.866005
12,01,-5.795284385228985e-06,8.867661568262244,49.01821534482766,-3.3814287265244354,-208.2548
13,02,-7.359469057738698e-06,6.865867059466484,53.581606617508264,-0.3616500237782795,-260.84222
14,03,-1.4070489600584629e-05,-6.186828353717764,55.02083505403355,0.9811663906958793,-266.72775
15,04,-2.282624180893941e-05,-17.872287172783746,48.97103869282801,-9.524053100861446,-220.30753
17,06,-3.014735746900341e-05,-26.066622504679362,62.37913317463399,2.5734654588063557,52.813354
19,08,-3.1051088017916934e-05,-11.540256553403795,47.008779259716306,-0.9145211367658391,298.24796
23,12,-7.873070872231058e-06,26.063403682913826,61.380955716897084,-9.22203131144534,-121.05742
24,01,-7.860688640385075e-06,20.899533713063885,47.875411116570554,-14.993898111712548,-213.7327
25,02,-8.991757432514056e-06,2.888394768487839,50.11619150138895,-5.97966216750372,-258.29742
27,04,-2.2320882245185202e-05,-19.334173597547743,50.02077896680037,-3.2069450362735323,-210.39778
28,05,-3.0310256707952082e-05,-17.47440350473055,59.34436809112436,7.16871375371051,-100.1482
29,06,-3.0904296795920855e-05,-15.787571440294057,51.69619375912348,-0.5180842866049874,58.899075
30,07,-3.173775886429094e-05,-20.80200322239373,49.75860673643311,-0.9555403572000489,213.11092
31,08,-2.8741253340065727e-05,-19.03508228654759,42.77699926753197,-5.737638261405371,307.21008
32,09,-2.269007780640903e-05,-3.5648343312581385,46.85175361700852,6.289416321606107,276.43842
33,10,-2.174942796122078e-05,9.781940688922843,60.93410625634399,2.4850872046152754,159.90192
34,11,-1.4328458308167076e-05,19.586548003133142,54.57233108670976,-11.457353041140237,14.382227
35,12,-7.687594037497059e-06,8.885675470167591,67.75924336626196,-4.769642162630634,-114.53417
36,01,-5.276928763964617e-06,11.574925520045783,58.01885871766587,-4.891109149317589,-211.83853
38,03,-1.6001877676116956e-05,1.792558938959594,55.95160838729334,-1.5734310661233883,-258.08813
39,04,-2.3437909088230905e-05,-21.874123499891493,46.11000325809585,-12.943029245885215,-213.20973
41,06,-3.17826830204164e-05,-27.949367026435006,48.16991035015053,1.782730908033583,47.6724
42,07,-3.416977696542745e-05,-21.999847670688425,39.2781192299025,0.7331812882782313,192.45769
43,08,-3.1963929242763654e-05,-15.790871219429917,46.55304641459066,3.203157168829313,286.44772
44,09,-2.1331834113273846e-05,-6.238656323920356,43.43915766518911,5.005797420205011,260.71796
46,11,-1.519573135911843e-05,20.401449884033198,56.70156626680825,5.924383153004117,8.248926
47,12,-1.0313162028783104e-05,17.753608460457098,55.75187243828721,-1.7107022496705413,-125.9923
48,01,-1.1369238679367056e-05,31.70380508160335,51.86229076744793,-7.28827055961855,-217.6611
49,02,-1.1685804688698098e-05,2.732715975443522,46.129101684696614,-5.2380526352155785,-267.44012
50,03,-1.3839232150540515e-05,-0.5926843497983868,57.115805566785156,-4.877558255903184,-273.56818
51,04,-2.090864053300013e-05,-10.60586452026367,65.75529212030038,7.622805477269491,-224.90347
52,05,-2.6606813441591635e-05,-11.409518621957432,66.050863289825,8.684080295788345,-106.88644
53,06,-3.6603149109497395e-05,-25.008415187242296,46.266101067479454,0.1501536730660332,38.29859
54,07,-3.282222612492611e-05,-33.091220865229126,44.1499227373741,0.5349078274183373,191.2138
55,08,-2.6941880611302234e-05,-27.08358682743196,31.77761535606461,-1.2125626575510984,292.00082
56,09,-2.725831751290065e-05,0.9693071214463977,44.86737590899468,1.751585998386807,269.73782
57,10,-2.1395454446465794e-05,12.186390243366201,47.91972020449689,-2.097481352693291,152.89401
58,11,-9.367185011372688e-06,10.117007967122396,41.05919099200301,-6.614907704395718,13.413809
59,12,-8.522425015388596e-06,21.808005747805364,57.410435429080856,-2.6570578389526696,-119.220436
60,01,-1.1848107099418698e-05,28.771229348787696,56.9102486772409,-1.8171058356992653,-217.29436
61,02,-9.682757584759485e-06,6.4267875001403105,47.08914505602986,-7.605639194422754,-267.25378
62,03,-1.3818876191033916e-05,-6.2181760956138685,56.610379949503034,-2.6351272446211946,-271.64618
63,04,-2.3066575134180317e-05,-21.124448284233942,53.13685258980724,-3.7798098264482283,-224.40054
64,05,-2.301351515928619e-05,-21.276121071107926,61.30564291210714,-0.677646871115572,-103.71325
65,06,-3.0384449369921637e-05,-25.249517172580298,53.14751710217263,-5.382480461120606,54.71118
66,07,-3.052118788760435e-05,-16.333257173927887,51.58020934386151,-3.011209047296996,216.46556
67,08,-2.8069958612225798e-05,-17.017802792784988,42.472240740586344,1.4394752741577808,307.28595
69,10,-1.5594664512004833e-05,12.420039781796033,52.5519555827328,2.1388998153030228,150.05626
70,11,-1.2000811908506469e-05,17.20852971835666,62.11537896577253,9.75799302626716,6.813183
71,12,-7.343828446024142e-06,12.754345215500043,59.86620702467682,0.8407210145560645,-117.65221
73,02,-7.646551471441942e-06,-7.170963860648018,49.17462651499538,-8.188289751120978,-267.12387
74,03,-1.1304150707112197e-05,-2.56875498781922,68.34861116093205,0.883263510611749,-269.44403
75,04,-2.3272295822324753e-05,-10.486857863362628,59.37646033687326,-3.498696371036106,-220.69934
76,05,-2.800802443084893e-05,-16.149492612120927,55.7763452255995,3.582993253482286,-110.6555
77,06,-3.090711121482552e-05,-17.990251360066733,61.34983533646531,0.5723389233907065,46.481888
78,07,-3.447742918110781e-05,-15.274860501197074,50.75858460182529,1.9624681110997348,198.24179
80,09,-2.244669017984254e-05,-3.3109654418945316,48.444472670045165,-4.491637453036838,267.59326
81,10,-1.5745955748394817e-05,1.4800897167574978,41.847355274659336,0.5071230077846077,152.78967
83,12,-6.748697063030508e-06,22.216181771555252,62.92255071562849,0.4556928207233385,-119.46554
84,01,-1.0488508364736625e-05,25.802121266682942,67.17732922877546,-6.017850162034394,-213.39989
85,02,-9.105866422227595e-06,-15.737989101954868,41.279925076501705,-4.677185569944837,-265.64706
88,05,-3.1224375424332516e-05,-18.680161248648037,54.14751819698144,8.900653361905007,-105.3595
89,06,-3.5890827366468634e-05,-24.274000357055662,43.53411597645681,-1.683861653221978,46.172188
90,07,-3.000731417455182e-05,-30.125119514383297,48.19723509739805,-0.8332931163541726,195.061
91,08,-3.1366839325049225e-05,-20.726613564768147,49.22354232249208,5.28556109350471,296.45267
92,09,-2.1116000810717296e-05,-5.870355172729491,52.886519872754164,-3.8961140452067053,269.81732
93,10,-1.7202233669146365e-05,6.4104873591597356,48.62927366667281,1.2270836029257823,143.86423
96,01,-8.849628261046861e-06,-8.473066081057311,52.03738375666833,-10.992317990600421,-217.15726
98,03,-1.3287096029671374e-05,-5.803373095440609,55.151999684815046,-7.2440210121934125,-273.37952
99,04,-2.2575659647211267e-05,-11.442104777696397,52.015024873095086,0.2727976148605345,-228.56885
101,06,-2.8837502824555686e-05,-20.989433822292757,61.5306473079814,3.1211598950915858,36.41783
103,08,-3.0242934917310693e-05,-13.572054321945357,50.633880177582476,-3.461253159225629,277.55933
104,09,-2.5696148892024614e-05,-3.969099077690972,51.22118268649578,2.196264123302036,254.05994
105,10,-1.9746457593286597e-05,13.28605210072507,59.41998880579267,13.057100941893877,142.28778
106,11,-1.2423982501220758e-05,8.69252590874566,58.77474638277293,-4.4051263535393606,6.0210595
109,02,-1.553154618433063e-05,17.196350676788683,61.10995617006565,-6.142772103408288,-266.51453
110,03,-1.4791143874625109e-05,4.141464673442225,71.63935923557511,-8.382366675202562,-269.2018
111,04,-2.4692344382775542e-05,-22.74501348402235,55.09817502149212,-1.7053315254635282,-214.31342
112,05,-3.182606770285695e-05,-15.882362545546664,52.83810746537357,6.448995066488942,-101.37559
113,06,-2.7714982728361462e-05,-28.63852083367242,47.29024293223089,-3.5400914671579997,55.64559
114,07,-3.385038605679304e-05,-9.511822006717805,59.07058047961163,6.8323721847123995,213.41383
115,08,-3.211179117533902e-05,-13.866469908683532,47.473473327189375,2.628318884675221,300.70984
116,09,-2.5435363158006416e-05,2.907980506727431,49.177534459747214,-2.148785310766432,265.61957
117,10,-1.6347254436593455e-05,7.273599919801116,47.520342997120274,3.924836768201601,153.01991
118,11,-1.0307503538792339e-05,7.8851572241889105,46.36847800110711,-8.722512957763671,8.707075
119,12,-7.866494279115095e-06,20.208327730240367,52.71666673100892,-12.605013241860172,-116.67591
120,01,-5.490775168401608e-06,12.580168148245866,46.32122026583841,-0.17765723320745627,-208.37973
122,03,-1.7582771425163286e-05,5.919001820882161,61.97907953674307,0.9141703075901154,-257.98035
123,04,-2.3728384267512105e-05,-15.711892689005532,62.36782957411343,5.176459208255344,-202.67973
124,05,-3.2913617601255e-05,-32.404015432706444,43.15242019264416,-1.0060280780382052,-90.73937
125,06,-3.3498540398290464e-05,-35.047065074327264,55.710710440916486,-0.8146940553241305,63.657326
126,07,-3.3625666249610085e-05,-27.510599928661055,42.19065745926929,-5.965661229246407,222.34937
127,08,-3.0036708770112647e-05,-17.0266568734774,43.458151734339296,-1.1468217086586903,316.94464
128,09,-2.1827326350689368e-05,-6.781363076782227,44.02462579022247,-1.0855375805324978,284.93835
129,10,-1.9913688146604526e-05,14.103063629806684,48.60193847477949,-2.4773695379892984,158.89001
131,12,-7.719866410816296e-06,20.033501539989185,45.286219627095804,3.374046808632471,-107.33954
132,01,-9.708490018202875e-06,23.531725362798216,54.619796854420386,2.2783597749689575,-198.8944
133,02,-1.709957590030951e-05,31.83555304718018,59.52337883048256,3.3738418606576466,-248.05698
134,03,-1.7018775953137494e-05,2.372058311872584,47.98838851665681,-3.703874424616497,-247.57808
136,05,-3.125298669270236e-05,-34.3688931694441,36.06377147361027,-0.4548254154984667,-91.88342
137,06,-3.068480971400681e-05,-23.63770078192817,52.16888050745726,3.9676137081358167,63.885834
138,07,-3.559518055198981e-05,-33.07448882301904,37.832517702871755,-3.748802826481482,225.93419
140,09,-2.7407515947157255e-05,-3.6402964202880854,48.108384553693405,-6.767911235004002,295.05496
141,10,-1.8407037761653066e-05,10.48773665069252,49.92561818830045,7.068571275341894,177.71674
142,11,-1.0645134954231454e-05,8.876481322224937,54.38112868225972,-4.461492165671455,37.62558
143,12,-1.0178729378000547e-05,19.264495642221096,49.02194799312469,-4.244458656290527,-95.39868
144,01,-9.804670876438911e-06,24.167181801416536,38.86062395377826,2.6246698665003616,-188.45801
147,04,-2.5889148811054637e-05,-18.50936585184733,50.20018549894757,-3.8804163361655335,-196.95935
148,05,-2.5811937759284265e-05,-33.066711107479634,47.67298183366304,-12.559387157317131,-96.708466
151,08,-2.9805839779475068e-05,-22.79464663072811,38.70661156831249,-1.1765128447214765,306.31293
152,09,-2.1833397036001162e-05,-8.548686426798504,39.4321560544822,-0.019854519801669517,275.73627
153,10,-2.004618059737534e-05,2.17344532234438,45.307421456006274,0.952629884084066,165.16342
154,11,-1.4646135411648073e-05,14.444811823866104,60.08639300202131,1.6261124956766764,26.400013
155,12,-7.654158530845394e-06,17.942148733159545,42.031411531264894,-8.3346434656779,-104.4758
157,02,-7.568776633878318e-06,10.513905402874128,42.596786469010105,-4.960775098691043,-250.6933
158,03,-1.6743815379482177e-05,3.675611719931326,56.535387553599556,-5.972428818959062,-253.39691
159,04,-2.3724830210206465e-05,-12.979907084147134,60.15185276207658,-1.8858808835771346,-207.09128
160,05,-3.502280750303383e-05,-18.415903687507882,37.98684394011575,1.5834636519647416,-100.36374
161,06,-3.339920427913765e-05,-25.873405965508358,43.36981476617124,0.20037269441816533,60.114784
162,07,-3.3542465003026134e-05,-26.574038988010855,46.61348771423679,2.7526454527044804,200.26831
163,08,-3.290884278264643e-05,-13.404264240552024,52.83446418771308,9.420622178641697,290.55112
164,09,-2.5466491539959356e-05,-1.4094354346381297,48.6797681992597,4.871189140446982,267.07602
165,10,-1.9484351597922247e-05,1.9587082073252686,58.379234332862715,-2.175138033138808,146.37675
166,11,-1.321692710625939e-05,23.694389510769323,50.96693710040848,-2.830467434925503,7.4241285
167,12,-8.425528942156701e-06,11.411874493342573,45.69198678764476,1.79938270771888,-115.672874
168,01,-9.715480358609446e-06,34.39173987899288,57.42208674485646,-2.1686067230265627,-202.63663
169,02,-8.449411843078754e-06,-1.1622854381742926,41.2482318814184,-7.902738267875852,-250.67697
170,03,-1.4966802825774622e-05,-6.011914413616221,42.24266758934657,-7.480420348013602,-257.8802
171,04,-2.191761210872048e-05,-4.539731902737087,59.59964808656376,4.336087137201097,-212.29805
172,05,-3.0932743489659034e-05,-26.541132331437964,51.168041845343446,4.809687152677967,-99.827
173,06,-3.281592492067931e-05,-24.277929318237305,46.836056776909025,-2.820804222467211,54.96238
174,07,-3.3366269429406925e-05,-23.52127023184171,53.23872095220833,0.3682552195723335,201.48035
175,08,-3.234485571499712e-05,-11.285276480397874,49.79429166342623,-1.517910512739612,293.72925
176,09,-2.2725771390226628e-05,-2.4448908416748045,57.50485973500145,2.567192783037821,265.52734
178,11,-1.1587640056374466e-05,-1.8295716874864363,52.225245416957804,-1.362627434709337,11.570225
179,12,-9.250304196792702e-06,31.236705364924607,64.63241229699248,-2.3895911745461094,-116.52208
181,02,-9.681430163471391e-06,-2.9269207930791947,54.97462990093799,-1.1560002459117344,-251.58107
182,03,-1.5868986940443404e-05,12.424105568506382,56.25959003628518,-5.109838371625509,-255.1565
183,04,-2.4481364455176743e-05,-15.54007357143826,53.21672202842236,1.072442509057787,-203.1636
184,05,-2.8615912740195944e-05,-19.306992470361852,50.8592781971834,3.848988206781366,-93.10535
185,06,-3.390126228795352e-05,-22.424498955281575,49.86442946763436,-1.7603594158596463,64.79545
186,07,-3.466171150601792e-05,-32.442688338413035,36.16844127948567,3.6306611074632213,229.62708
187,08,-3.527003988845888e-05,-15.806742182249662,41.714041907468136,2.5525207887670045,325.45398
188,09,-2.649383951805552e-05,-2.2674784339057075,50.77799905458556,2.5801398991478814,293.41638
189,10,-1.8016295581522476e-05,4.47270425086893,52.33998963107474,0.06765352751619064,179.68965
190,11,-8.92097842036795e-06,12.752254605102538,55.27824593100681,-0.3912592182583275,30.477657
192,01,-1.2804497735976505e-05,25.385474410518523,57.77612080058489,-4.624458262494815,-200.40967
193,02,-1.271823695051786e-05,20.178666164579848,60.9734689490412,-0.782204506329128,-252.3273
194,03,-2.219248033328259e-05,-0.5256330294045062,56.57506640008187,-5.375294921936527,-256.93845
195,04,-2.3056703787511248e-05,-15.611610607231992,48.9374839578549,-8.217882198884753,-210.43155
196,05,-3.3250014936618425e-05,-29.631465932538433,52.844916530618114,1.762601557700865,-96.765594
198,07,-3.591561413959817e-05,-25.92438248894804,39.340810654867084,2.4434866078284476,217.3941
199,08,-3.331847033315239e-05,-31.29434137422295,33.68999910253863,-6.406313635016001,317.76794
200,09,-2.6222378082234683e-05,-4.395296908230251,54.09243484116659,0.612849772156609,279.2483
201,10,-1.4566836962311297e-05,5.514771194293934,41.310020164710224,5.549859377050913,164.59909
202,11,-1.3042386322538529e-05,9.068964893934462,58.53600206141338,-4.377470945951673,24.814457
203,12,-8.991161045966975e-06,-5.598886509064706,48.51484771922968,-2.867056723256265,-104.008385
204,01,-7.460320452180465e-06,-0.4728464959257379,45.67560021059616,6.124564749543385,-203.84976
209,06,-2.8253365109311642e-05,-38.732165323215064,41.61192797080808,-2.092028507275052,60.38743
210,07,-3.142641031134248e-05,-27.054918192217425,49.82263012584947,-3.1049256038050506,213.67291
211,08,-2.9903093116464793e-05,-15.358725825155936,42.33743624172287,2.7272199784145563,317.65753
212,09,-2.534073391895315e-05,-7.00570699428982,43.673043699496326,-8.668936958101062,284.45953
213,10,-1.7171301486478214e-05,8.106230379494288,51.02844809201841,1.0061798058786697,159.50787
214,11,-1.4551765714713837e-05,14.46901237657335,58.72207561985916,-1.5732026177512282,15.483377
215,12,-8.836182103413613e-06,1.1414017176474303,51.832999992789766,-1.747326027634323,-108.71532
217,02,-9.97768289436776e-06,28.48145621345157,61.04910012837534,-0.7881853435834248,-243.9968
219,04,-2.201332183204714e-05,-17.60772253417969,50.15108422283994,-13.783778404808043,-201.14072
220,05,-3.085946982284968e-05,-22.07697987414944,55.658551038389554,0.9932646831184299,-87.57871
222,07,-3.376502295814329e-05,-20.43258258581674,48.29218798171063,-0.6637979181966475,226.80829
224,09,-2.7053925191669103e-05,-10.968042353990342,40.873450344501606,-1.7348625640445288,277.48993
225,10,-2.0736059433235615e-05,1.8364669255082322,46.07108195983722,-9.586813698840396,157.22784
226,11,-1.1372840429430654e-05,5.54297788119846,52.451002673839106,5.854934998512268,11.439272
227,12,-9.893875752236308e-06,16.98351939342868,60.12797338394067,-0.8512120128344458,-122.052155
228,01,-1.1099072907757458e-05,24.386054642872143,54.87726956107148,-1.450892314357142,-211.62148
229,02,-7.893391973560764e-06,12.879144769577753,54.623768248409036,-3.037549276329223,-260.2216
230,03,-1.582076560769428e-05,4.910139277304372,64.38913835901599,-10.113063399243101,-261.38513
231,04,-2.2395207648413717e-05,-10.670934447903104,67.35853829729425,8.915542415809632,-204.94516
232,05,-3.182257207745645e-05,-20.036693252071256,51.31070372274871,-0.6871010359282137,-86.12566
234,07,-3.6390916169732936e-05,-13.917790471887077,46.5719772114318,-1.1335652676243932,238.69124
236,09,-2.4247977624205914e-05,0.3736279635959201,55.41774919654528,1.3469011118359038,287.7047
238,11,-1.186565926222506e-05,4.6568576497395835,50.09492808050447,-6.541430208015441,29.909994
240,01,-9.430198710966792e-06,24.63400003675235,61.44896206574927,0.13767809711989554,-193.76825
241,02,-1.079772392194216e-05,13.779260249546594,59.85849182345754,-15.095687816460925,-244.45633
242,03,-1.3397230129969535e-05,-0.9194605676794566,60.6708199271861,-1.3423963893972422,-250.12157
243,04,-2.54553507465769e-05,-17.42901027967665,53.24983413987689,0.7264303844663831,-201.23709
244,05,-3.422614240797327e-05,-20.88572949317194,50.723297991629586,2.5149216677758,-85.79375
245,06,-3.759346314859108e-05,-24.964019442409946,49.104056137108806,2.4077966739866468,73.4668
247,08,-3.318467006672979e-05,-13.657699137697938,45.50563225292391,1.798294270935879,323.4445
248,09,-2.59650643648355e-05,-3.5717024329291456,50.26974016195536,7.428677170393202,295.39105
249,10,-2.1588807777500546e-05,5.981483147405809,48.24640764357326,0.7620047189240815,178.11903
250,11,-1.3179962080519347e-05,12.654008286878799,52.50058610761298,-5.3083783276663885,27.948128
251,12,-1.3700721242369786e-05,27.986750325848984,63.54783165261822,-4.7865400395137,-102.8564
254,03,-1.4517082142339604e-05,-0.5979741453765541,58.83941007500695,-8.101139608444708,-253.81873
255,04,-2.355722367422762e-05,-12.813957029554578,60.681698268123455,9.074070477824739,-201.75043
256,05,-3.550879427684679e-05,-19.147158501081563,47.704144963514416,4.448491038230157,-79.245316
257,06,-3.750390542944741e-05,-27.016546727159287,42.780413097916714,1.1058663845909962,78.738945
258,07,-3.168135436499142e-05,-21.668345875401656,51.88578506780696,-2.328411767098212,236.24779
259,08,-3.0941285219664524e-05,-19.063545700565466,39.65101154342005,3.485725751159012,327.61237
260,09,-2.4486756719630248e-05,-2.020394458007812,56.817002186003,3.919733715248108,294.62723
261,10,-2.1893689024856883e-05,11.235235126454343,57.40779917159772,7.83856330803902,172.0597
263,12,-1.1904006665214989e-05,20.81303864280127,63.79751548051194,4.44023334568803,-108.02931
265,02,-9.421481274265325e-06,7.153048214503697,61.79020408172125,-5.243323249499004,-251.39503
266,03,-1.3063552253355424e-05,-6.242824222359606,58.59238742218351,2.0673602820775843,-257.57074
267,04,-2.4765318735565716e-05,-15.737299090576174,60.65160554169682,-0.14914724131690124,-207.76733
269,06,-3.303585196628976e-05,-31.827683939954966,48.06642211600013,-2.844979031266107,73.98503
270,07,-3.6646507612448495e-05,-24.41304970722813,43.035889669943884,3.3910846430050428,236.3504
271,08,-3.349079792080317e-05,-13.273838911159066,49.470468634774605,4.783530526397049,324.1273
272,09,-2.8629883362433853e-05,-3.361749937269423,60.89090815499625,-5.33470389275021,291.48315
273,10,-1.872843477780094e-05,15.499699002173642,52.0420637966638,8.002227872540873,175.00244
274,11,-1.4045017091525046e-05,9.019137569173179,50.75557469189433,-9.810931996197173,32.496468
276,01,-6.60295483731882e-06,23.604068570044735,51.65779350411636,0.24362739111787537,-203.18314
277,02,-1.6342577849974034e-05,27.257544948032923,61.67323920420096,-1.1061846018972854,-246.6202
278,03,-1.718439095667989e-05,-2.8514695644583754,52.573686629964456,-3.643759417421075,-254.13165
279,04,-2.4829810814864887e-05,-14.182246478949653,49.20558492463959,-2.3918034127553303,-200.3855
280,05,-3.0134792006426703e-05,-17.31557953963741,52.31226475243542,8.87116875646448,-81.74176
282,07,-3.594073215623134e-05,-17.96138944137737,48.60045512300026,2.8066557161474734,221.75505
283,08,-3.0240783373966385e-05,-12.41071590333344,52.640142950275894,2.9107890031876105,313.8031
284,09,-2.726855740998468e-05,-6.606480073716904,41.46046437310777,-4.940236078113981,287.5797
287,12,-9.155090198257839e-06,-0.601292420089886,52.83887711868107,2.2550676486517793,-114.51689
288,01,-7.996820467572737e-06,16.024269751435966,52.92226850532075,-6.687711740042573,-215.04501
289,02,-9.213011075579354e-06,1.6289639434814458,40.65915042115535,-1.30996356187548,-260.0041
290,03,-1.4304734281419465e-05,-4.024482163624097,45.80751552796749,-1.8552307312462917,-263.6168
291,04,-2.383696288773839e-05,-17.2942943037245,47.44735419490735,-3.901022283871968,-212.4594
293,06,-3.491794925367785e-05,-29.63445593295627,48.58540389312637,3.9237639763090355,72.092896
294,07,-3.637924248004731e-05,-25.786057973554062,44.12265574810709,2.256303321858889,232.11102
295,08,-3.1032737283929096e-05,-31.771135562691633,39.36124998163152,-0.9488135915366548,325.46753
296,09,-2.437035215904568e-05,-12.497950702243381,40.21523504180775,-1.3662211480670508,301.65335
297,10,-2.1305207502659715e-05,-2.352458050143333,49.86598729915773,-3.9558025068672755,179.68922
298,11,-8.746191556262298e-06,13.336127873399521,55.471923015075255,6.3600499339209655,32.964973
299,12,-8.986315398414586e-06,16.75842543636855,56.42778465677845,-3.4697213137842007,-104.75009
301,02,-1.1818901434843997e-05,12.780648606925178,58.06078212638148,-6.535059127676075,-250.03046
302,03,-1.5225630396960167e-05,1.0669384965794064,50.376974003080406,-1.138047160363966,-250.4151
304,05,-2.847669872224737e-05,-31.81054322043798,50.857990436966695,-4.050122515422042,-80.64493
305,06,-3.421590459786078e-05,-30.121984181382924,54.56608841220009,-2.826415734630161,79.52749
306,07,-3.5823426863228845e-05,-21.040274605699764,48.61712288511441,1.6926178633577083,239.58083
307,08,-3.442271008691844e-05,-10.630728795861687,53.4802156332962,3.4108706453384894,329.78058
308,09,-3.09724094837697e-05,1.3779368174235027,41.60773183429904,-2.9949600599924717,292.8985
309,10,-1.9737982986943505e-05,10.8786054316695,45.96995730125903,8.574271400144022,181.04546
311,12,-6.509792311736683e-06,12.651209838210898,41.13814304297201,-4.153789951550063,-96.56708
312,01,-1.0532949036563073e-05,27.835473567839585,50.62756816835045,-11.788157165014617,-193.23969
313,02,-1.0796667724878803e-05,1.9850640389578682,54.967533898224424,-9.640787719771975,-242.79898
314,03,-1.2645556585016247e-05,2.2825399281491516,62.992716266741034,-4.314629368566698,-255.62077
316,05,-3.3327865934669755e-05,-23.83920729967343,52.369123788558014,2.0688526762480377,-80.86023
318,07,-3.409394384040644e-05,-23.561669685609886,47.80977541725482,-0.12447588444781559,246.43631
319,08,-3.320200081173924e-05,-14.21000237282374,41.28222914207624,-2.113699344163299,335.93182
320,09,-2.545146969718593e-05,-6.704652192857532,39.75358392157654,0.2588362180709841,311.06036
321,10,-1.7187334372416657e-05,10.538457600583316,41.694871458662455,7.126440133228097,189.93295
322,11,-1.4535249143672345e-05,9.326381112670902,61.63253474075529,-3.2043117451349894,42.718468
323,12,-9.12172876785682e-06,14.485518746324761,56.37181309181387,-10.295047618948002,-101.73514
325,02,-8.8568046297561e-06,4.634872235616048,55.29220876641359,-7.89652470570519,-255.25876
326,03,-1.3873502668170125e-05,-4.782673361173239,59.930227692120816,-4.117894217727005,-259.1334
327,04,-2.37631702343909e-05,-18.782449027506512,53.65862876264652,-3.6884300680584374,-205.15767
328,05,-3.370682173148433e-05,-13.439136345319852,55.415879218805216,2.0604650645307303,-87.99571
330,07,-3.3670624993676266e-05,-35.11209074615151,34.7803111832411,3.439024755990633,235.14847
331,08,-3.203818718891423e-05,-14.970106861073484,56.166526000266416,-3.52028442745824,335.92575
332,09,-2.4569920312832332e-05,-1.9050392035590278,48.50952039943403,5.070309681532119,301.20068
333,10,-2.0357669840078775e-05,8.929626497002058,49.91160704086961,4.390374926597842,182.89632
334,11,-1.6638314112929544e-05,21.698549422539603,51.20864173750348,1.2719425642437405,41.422634
335,12,-1.1844671387852061e-05,21.158474252352146,51.61357204472506,2.7641417285755114,-97.12303
336,01,-1.3167410284109127e-05,32.71415653975292,54.798027210791915,-6.19178593167951,-193.45552
337,02,-9.635896793779033e-06,12.227102448962983,62.05461917357218,-0.014211802573431147,-244.73305
338,03,-1.969343553138324e-05,2.858439688077537,50.951221448258686,-0.07748771841808025,-249.65146
339,04,-2.5420359923575438e-05,-23.728481532796227,35.425640993569964,-3.46331045973036,-204.2
341,06,-3.458860908376663e-05,-19.802041976589628,51.81401281598541,4.854381080479092,69.99389
343,08,-3.430768915528969e-05,-11.902402343421853,46.669440629773256,1.2682946735505136,320.68564
346,11,-1.4172945336880124e-05,15.984315191311307,55.0159122577058,-11.158009668244258,35.66721
347,12,-9.103623443880553e-06,18.67049515623687,44.72693699303237,-1.8565782344777098,-96.53863
348,01,-9.98381483742544e-06,30.50790186531313,59.32570013750177,0.586831203993931,-194.0568
349,02,-9.733829621899499e-06,11.488472740085646,43.235250111784055,-1.961968575159709,-243.16885
350,03,-2.0140387961912898e-05,4.352542552004578,67.29393991330491,-5.924768195429157,-249.24904
352,05,-3.326288808405293e-05,-18.37616691179173,46.32872357566895,3.5619684459522207,-81.55887
353,06,-3.476253857051133e-05,-32.52892781643338,47.80475471985869,2.4688790296554566,81.59659
354,07,-3.577182100015043e-05,-18.878891244211506,53.425692884929724,3.024764808859876,247.7131
356,09,-2.5189189388381943e-05,-2.5223080678304033,46.95382839618127,-0.056067406590780286,299.04144
357,10,-1.8222273044254205e-05,6.518695762716314,54.30898137165141,3.4220286894357335,178.11421
359,12,-6.623100362498576e-06,8.910789440196046,51.189781416840454,-4.5166699999737485,-97.089096
360,01,-6.219402897665034e-06,13.638463789416898,56.756673166043,0.47961315901561447,-197.86523
361,02,-6.55127283612057e-06,7.2258432279314295,62.426701213981424,-11.307820014227003,-248.65198
362,03,-1.4006747319585248e-05,0.15545269151913163,60.10794240493287,-7.658853321957333,-252.21973
363,04,-2.2896213735516033e-05,-13.763160278998479,44.90089633327524,6.029264274046157,-200.19487
365,06,-3.4585202314802804e-05,-32.20444840494791,47.13420631794532,-1.996933453241984,80.67761
367,08,-3.326769469126164e-05,-18.63527480389995,42.41847231385144,4.007808858727896,326.44043
369,10,-1.8213049179844e-05,4.716025361748153,49.256211021474606,-7.069426254600609,172.10718
370,11,-1.3997967538165946e-05,28.005924584282763,63.3120259418408,7.551464518504671,22.051643
372,01,-6.091251291421628e-06,2.9262350808420488,60.36061479552843,-4.786219943220897,-204.08945
373,02,-7.65345504045659e-06,5.717629487900508,61.53230691539674,1.1087709607850937,-254.61453
374,03,-1.4227020407356234e-05,-0.1344084672825314,56.345688745778084,-3.83277569327816,-260.51154
375,04,-2.4690822054900404e-05,-20.66956467929416,50.227940069592,-3.325235909144084,-208.94012
376,05,-2.827942739082006e-05,-27.387183430333288,51.416537502500645,-1.7710000136590769,-91.87342
377,06,-3.182083758476639e-05,-35.711798379855686,43.71565713060168,-0.32030451049804715,76.67089
379,08,-3.27152816781925e-05,-15.088779016966459,50.057286181364006,1.433999930351012,344.69708
380,09,-2.3803562745282155e-05,-1.7829848341200085,47.799041656389505,-1.4900869473775227,306.67053
382,11,-1.1904203317903414e-05,4.708053307088217,64.34552551558414,2.2457498138851597,28.15736
383,12,-7.738160395268594e-06,4.967533013128466,56.59717789244652,-7.298802586606754,-95.30477
384,01,-4.432973011169315e-06,15.641597058367989,49.85520389962581,-4.617686146418254,-195.9107
385,02,-7.274441715534998e-06,7.353929252261208,64.81677477946593,-1.8058714723359974,-248.08185
386,03,-1.235675504704564e-05,-6.3443144091534345,43.386579177287324,-2.7895524579530124,-257.66565
387,04,-2.5035789431644346e-05,-14.869033695136176,49.48712501599656,-2.1548139828152126,-207.54947
388,05,-3.0008848766624646e-05,-32.62149781881353,48.67582858574712,3.1924649998449515,-85.58992
389,06,-3.4230032604055946e-05,-25.01744469502767,49.43961729888122,4.910514154773288,76.87959
390,07,-3.7348723895911946e-05,-18.427609645064162,51.34294977803511,2.2203271809034453,242.63916
392,09,-2.5484862159343414e-05,2.648160398695204,48.54894579696125,4.46301638607449,299.17206
393,10,-1.916051529891168e-05,8.726722329416583,41.10612051369683,-0.8078829870531637,175.54239
394,11,-8.12447487300637e-06,7.208228931681314,45.10324230610001,5.527877823448181,31.825542
395,12,-1.2744765838047034e-05,29.389911852764826,62.27082245179138,-4.9778297481126685,-97.64426
396,01,-9.557997748420493e-06,23.492998173539362,55.985124487241116,-10.09431259042473,-192.50479
397,02,-6.941694202459045e-06,2.77444112036694,54.92825397600388,-14.6274180279655,-249.89856
398,03,-1.1845709033173812e-05,-9.130659757880753,42.53471919810516,-4.95342670649867,-253.60655
400,05,-3.2719707248821014e-05,-19.41600187732328,54.71462800888861,1.6779351170652654,-68.30626
401,06,-3.633841799156573e-05,-15.284035491265191,54.862410076340026,5.562437776141697,82.77751
402,07,-3.9630504535585143e-05,-18.105863085346844,55.33667580591222,3.760446160183158,247.01181
405,10,-1.749340033099435e-05,6.576196681525118,62.883388684188155,4.1778068266017465,184.99976
406,11,-9.782895505729057e-06,13.286790387301977,48.36725960095062,4.77137181845771,36.17046
408,01,-7.079607454118081e-06,9.77005108642578,59.36599973937003,-5.328164857536234,-202.06061
409,02,-9.82560560788399e-06,1.2790957768758144,54.799641565576906,-10.674283386707305,-257.46375
410,03,-1.6003138249269338e-05,-14.11737674147083,62.83003596656937,-0.8068198277258105,-261.7306
411,04,-2.0434202846445263e-05,-16.983018215264217,45.651346360141694,4.8500732873916625,-207.80179
412,05,-2.7662325821888435e-05,-23.158452428017892,56.92952051083376,4.0431414947509765,-78.7737
413,06,-3.319209287441886e-05,-26.815010833062065,45.349666944320994,1.0148970746570165,87.19025
414,07,-3.405638901301333e-05,-27.630988150319745,40.32137145659744,-0.11920491269839657,257.58197
415,08,-3.2683108437937644e-05,-17.84199171037572,39.46305893081491,2.009526890908519,347.01538
416,09,-2.475842662511746e-05,-8.054260448540582,49.65095689521101,-3.601356833860608,306.27158
417,10,-1.765674730958508e-05,13.677036990258001,51.31546706972713,5.100314021879627,178.41077
418,11,-1.2026654228591521e-05,13.685960133870443,60.59634180396663,-4.091161051813762,32.887726
419,12,-9.44601224512954e-06,28.97793200421077,55.46996279250422,3.2309785680463237,-101.513245
420,01,-8.580053124215514e-06,22.96357862870411,63.49304372530727,7.029194313151861,-199.23952
421,02,-1.1990748406116751e-05,26.598223410470148,61.15281964255657,10.60320344007583,-249.432
422,03,-1.6731313326227373e-05,-1.3453218475669946,47.843510205716214,0.42368475792997606,-256.95978
424,05,-3.2321809314922687e-05,-17.350711201329386,63.11191008513332,1.5631698267536778,-80.24716
426,07,-3.570791800838603e-05,-18.498887496784167,52.862582088247414,2.0653683370979885,254.81815
427,08,-3.5946427165531874e-05,-15.756697428713563,51.75170243226714,3.428375722310877,351.04388
428,09,-2.0748739615697153e-05,-9.244409510294595,35.08465283191469,-4.316639142417908,318.0973
429,10,-1.6616273676728237e-05,8.951883064844276,46.06859467966968,5.742346490121657,184.36281
430,11,-1.0089955154782932e-05,6.784489759657117,59.376273723493675,9.118718305354646,30.944092
432,01,-9.2527426375611e-06,26.340960131573418,62.63006211892765,-3.8576281189046893,-198.24017
433,02,-8.153189459681882e-06,8.31590086110433,48.93550452213628,-1.6321592513720196,-248.43324
434,03,-1.5915630637317265e-05,-1.6360386480515998,44.90566300547765,-2.835005319595337,-251.54968
435,04,-2.4346638547669703e-05,-22.934988667466907,50.17846367060873,-5.030215973642137,-200.59409
436,05,-3.070366395367009e-05,-25.76910455847299,53.73915812349191,0.8686174524368779,-73.41737
437,06,-3.477750818122634e-05,-31.860220404391814,46.7203716229452,-1.0147045824898613,89.340454
438,07,-3.7615658574522775e-05,-25.170489753641114,45.05531850020347,4.414139295885639,244.7605
441,10,-1.3186316454061119e-05,-1.463842040031187,51.45971762442205,0.10595317576008452,182.00298
442,11,-1.4898132296588707e-05,27.46974549831814,55.57987919455502,-2.465322771920098,37.176037
443,12,-8.385574634596725e-06,33.275967709449034,59.292129598577816,5.98071442790698,-95.11401
444,01,-9.004527324929857e-06,20.359526514525058,60.00615774854665,-1.7895402638835296,-198.80908
445,02,-1.2519085415486441e-05,14.879537966322628,54.698993667597065,-2.578204086939494,-252.03188
447,04,-2.7581765115751797e-05,-20.820068422105575,57.557788026644126,2.228406386099921,-201.76733
448,05,-3.16294027814815e-05,-19.310568396455505,50.32535560724812,0.9736174805138702,-74.90988
449,06,-3.356170396635004e-05,-23.02242342732747,60.87640379265148,2.423815758026971,90.64286
450,07,-3.758493633006676e-05,-22.269790681900524,47.74635748879372,1.5464795664100233,255.36223
451,08,-3.3272750999810424e-05,-17.014684508621052,43.397001161080546,-0.02936674651279236,345.66928
452,09,-2.4645985519115736e-05,-7.889081433783638,37.34792189491059,3.5211581916385226,308.0777
453,10,-1.526362983537594e-05,-3.798430909843855,48.34944315867911,-3.7648246855992142,179.93149
454,11,-1.1750765303218536e-05,10.89123139716254,54.5964946256227,-1.4600851942274309,32.739723
456,01,-6.416161365773257e-06,12.223324068787278,48.97643718384928,-9.303821084730084,-193.3707
458,03,-1.5800369091061108e-05,2.527072602630943,59.88884960889175,-1.2213739956066179,-253.10095
460,05,-2.9667726341906155e-05,-25.198657173730993,56.839670298081565,1.8179982192952142,-86.570496
462,07,-3.888270218750779e-05,-23.176640851420746,56.14024401203919,1.4669344500880088,245.94986
464,09,-2.5415033401845397e-05,-5.530321179199219,52.86381167994076,-0.21663299340142145,306.73077
465,10,-2.0550294828412475e-05,15.281469091599986,50.30405073937036,-5.476527976702618,189.74297
466,11,-1.2597567349661808e-05,15.910226154920792,53.90823562632401,-5.144581027221679,48.337265
467,12,-7.748080553331723e-06,20.40142875687794,63.311030514205655,-5.213931379113147,-79.68373
468,01,-8.493993727101315e-06,23.796599253992884,55.116003269850566,-0.8613272718409056,-178.17911
469,02,-1.1806723732206594e-05,-2.6082788761683875,46.30087924139698,-7.8224522454852154,-231.95432
470,03,-1.3339704251535219e-05,-6.768148279333628,63.03257818707726,2.6816236802583107,-237.90869
471,04,-2.4140652476206825e-05,-8.481860700141059,60.03202422682047,7.704519037034776,-191.77649
472,05,-3.631899526441482e-05,-17.44638056798135,47.40056218499266,2.19420731886997,-69.798065
473,06,-3.447691067930363e-05,-33.33076165534125,39.74884000571834,-2.731220611657037,81.498924
474,07,-3.4126774513620195e-05,-44.31138712696363,36.16823902212164,0.2656826255757326,239.01474
475,08,-3.324744642680256e-05,-25.59706884437479,43.61733073811633,3.0056359347681845,334.4809
478,11,-1.049799736220949e-05,11.533768935139973,58.11769115721252,7.461448430400424,48.739876
479,12,-7.425197422547768e-06,21.47761040308142,53.53903508252609,-7.805834964444561,-92.29672
480,01,-8.170035396257738e-06,18.813249751593478,61.34680531404607,-13.357332215093798,-191.35352
483,04,-2.786484313502215e-05,-15.88577495863173,41.53150874974462,4.106000278896755,-196.05396
484,05,-2.8741963674400066e-05,-37.081440074305384,54.09692304540707,-3.1204028086098297,-79.085785
485,06,-3.9525050331051005e-05,-23.208365014648436,47.86380608810849,11.051475863477918,86.22975
486,07,-3.625940142692049e-05,-31.74150496025496,48.734570516079984,-1.339811041760188,250.41377
487,08,-3.404563471354698e-05,-17.337182702177312,41.57153246440298,5.091376336723246,349.591
489,10,-1.8569231195137014e-05,10.235854191605762,54.45598049366731,6.308236840812109,196.9382
490,11,-1.0039879183467646e-05,10.335369747924807,64.20363267016013,4.896114809354146,51.793694
491,12,-8.260583359534854e-06,25.078029959073632,56.60606037604423,1.3985874090707433,-89.17022
492,01,-6.012859741277161e-06,22.106840989635838,48.67357203781476,0.20016098563901893,-183.07224
493,02,-1.5386156723984276e-05,31.748662168305497,64.97568837541958,-0.9163454450629221,-231.91467
495,04,-2.7043378228700023e-05,-24.0670989525689,35.17819720014996,-0.6015082754982847,-182.18481
497,06,-3.546342912159163e-05,-30.903872137790252,54.092656515480414,5.139373203955756,96.89001
499,08,-3.48960954878191e-05,-17.491402352609946,46.845165995435046,4.093506789135677,355.8968
500,09,-2.4679065476549213e-05,-6.537764871215822,41.4254565234277,0.22758089597490075,327.77747
501,10,-1.848353834580477e-05,14.114419966174706,59.132486595437086,4.539380098568496,210.20595
502,11,-1.0186800306089735e-05,15.631692754109702,47.969248177954896,4.185152656957838,64.84677
503,12,-6.893300624729055e-06,15.732371215492165,60.65007041392917,5.737939940524358,-74.23137
504,01,-7.860778656987515e-06,14.34612370152627,66.80461903254064,-5.843250577844601,-178.5231
505,02,-9.005972841740524e-06,9.622026147751583,54.51137783175566,2.4646371848923816,-227.62625
506,03,-1.5948935392546162e-05,-0.9029574194467195,53.47545231677126,-7.318563435933921,-233.87549
507,04,-2.588563685021654e-05,-27.98602328389486,47.86236142485672,-6.421966052585177,-180.36224
508,05,-3.230829694098981e-05,-22.4746828918457,60.26473778712485,3.197428371347406,-63.574783
509,06,-3.7502937650666964e-05,-26.38411481492784,47.88007799596918,3.3414038293414645,96.78297
510,07,-3.6336240956178925e-05,-19.074829963273896,48.14752719921964,2.9915820770673855,263.09448
511,08,-3.444879628501263e-05,-12.903870650096605,45.419211714576655,-3.4263525877306535,349.2758
512,09,-2.3354238802332672e-05,-7.743464881388346,41.71682162190013,0.8442784887313844,323.42133
