,month,MER,MSSHF,RH,sst,z
0,01,-7.186377549426466e-06,5.464709561255669,62.6901256937955,-208.49396,-12994.034
1,02,-7.399999772068052e-06,2.729709174746558,52.295623941567676,-252.86607,-11662.521
2,03,-1.408509512223264e-05,7.08405715679866,62.090667984242096,-261.0166,-8927.638
4,05,-2.839083756912113e-05,-16.16055940262989,64.02205650719006,-109.28144,2614.2615
5,06,-3.330413338050373e-05,-22.16353809509278,52.028707694198026,56.423393,8940.175
8,09,-2.3132900744369383e-05,-4.023202255249023,42.3501046719922,270.00385,7420.529
9,10,-1.6345863611966567e-05,2.642213581372333,56.92965585534547,151.29617,681.8334
11,12,-1.207531024335357e-05,24.691616260159407,64.98245628347064,-112.781685,-8534.68
12,01,-5.795284385228985e-06,8.867661568262244,49.01821534482766,-209.02594,-12921.895
13,02,-7.359469057738698e-06,6.865867059466484,53.581606617508264,-261.6283,-13628.754
14,03,-1.4070489600584629e-05,-6.186828353717764,55.02083505403355,-267.5043,-10397.234
15,04,-2.282624180893941e-05,-17.872287172783746,48.97103869282801,-221.31572,-4270.298
16,05,-2.9285246377967465e-05,-30.998830406271004,47.47244699586335,-113.101746,1676.5214
17,06,-3.014735746900341e-05,-26.066622504679362,62.37913317463399,51.908314,8998.408
19,08,-3.1051088017916934e-05,-11.540256553403795,47.008779259716306,297.59705,12104.008
20,09,-2.365392635981859e-05,-3.0327022542317708,42.946886476458445,262.0252,7355.1895
21,10,-2.1172643707369163e-05,7.590982919672484,58.4636376896443,138.22218,509.05884
23,12,-7.873070872231058e-06,26.063403682913826,61.380955716897084,-121.92771,-9464.59
24,01,-7.860688640385075e-06,20.899533713063885,47.875411116570554,-214.60075,-12850.777
25,02,-8.991757432514056e-06,2.888394768487839,50.11619150138895,-259.04895,-11526.059
26,03,-1.2076194787720939e-05,11.89821663673975,73.37905685201383,-264.918,-10363.331
27,04,-2.2320882245185202e-05,-19.334173597547743,50.02077896680037,-211.38434,-3165.5747
28,05,-3.0310256707952082e-05,-17.47440350473055,59.34436809112436,-101.24692,2616.827
30,07,-3.173775886429094e-05,-20.80200322239373,49.75860673643311,212.25623,13307.146
32,09,-2.269007780640903e-05,-3.5648343312581385,46.85175361700852,275.68274,7797.0317
33,10,-2.174942796122078e-05,9.781940688922843,60.93410625634399,158.92444,2096.8782
34,11,-1.4328458308167076e-05,19.586548003133142,54.57233108670976,13.369581,-5379.18
35,12,-7.687594037497059e-06,8.885675470167591,67.75924336626196,-115.339325,-9974.572
36,01,-5.276928763964617e-06,11.574925520045783,58.01885871766587,-212.45744,-12788.805
38,03,-1.6001877676116956e-05,1.792558938959594,55.95160838729334,-258.84735,-9473.07
39,04,-2.3437909088230905e-05,-21.874123499891493,46.11000325809585,-214.22449,-2543.0845
40,05,-2.9170486620455693e-05,-20.4214844770534,47.92201473479629,-101.67604,3247.8486
42,07,-3.416977696542745e-05,-21.999847670688425,39.2781192299025,191.67964,11806.777
43,08,-3.1963929242763654e-05,-15.790871219429917,46.55304641459066,285.77258,11859.25
44,09,-2.1331834113273846e-05,-6.238656323920356,43.43915766518911,259.94522,8154.871
45,10,-1.6551261839878706e-05,3.491510892150223,54.79260846710333,143.0425,1888.5764
46,11,-1.519573135911843e-05,20.401449884033198,56.70156626680825,7.2575197,-5305.933
47,12,-1.0313162028783104e-05,17.753608460457098,55.75187243828721,-126.67192,-9677.669
48,01,-1.1369238679367056e-05,31.70380508160335,51.86229076744793,-218.12442,-12131.941
51,04,-2.090864053300013e-05,-10.60586452026367,65.75529212030038,-225.65479,-3018.3396
52,05,-2.6606813441591635e-05,-11.409518621957432,66.050863289825,-107.77919,2262.7473
53,06,-3.6603149109497395e-05,-25.008415187242296,46.266101067479454,37.494804,7551.5293
54,07,-3.282222612492611e-05,-33.091220865229126,44.1499227373741,190.57904,12098.869
55,08,-2.6941880611302234e-05,-27.08358682743196,31.77761535606461,291.4218,12977.446
56,09,-2.725831751290065e-05,0.9693071214463977,44.86737590899468,269.08063,8037.9717
57,10,-2.1395454446465794e-05,12.186390243366201,47.91972020449689,152.02612,2023.4579
59,12,-8.522425015388596e-06,21.808005747805364,57.410435429080856,-120.205734,-10091.411
60,01,-1.1848107099418698e-05,28.771229348787696,56.9102486772409,-218.119,-11705.212
61,02,-9.682757584759485e-06,6.4267875001403105,47.08914505602986,-267.83838,-11601.91
62,03,-1.3818876191033916e-05,-6.2181760956138685,56.610379949503034,-272.43933,-10328.805
63,04,-2.3066575134180317e-05,-21.124448284233942,53.13685258980724,-225.37642,-3548.3179
64,05,-2.301351515928619e-05,-21.276121071107926,61.30564291210714,-104.89798,2515.0479
65,06,-3.0384449369921637e-05,-25.249517172580298,53.14751710217263,53.71131,8048.742
66,07,-3.052118788760435e-05,-16.333257173927887,51.58020934386151,215.68704,12218.899
67,08,-2.8069958612225798e-05,-17.017802792784988,42.472240740586344,306.67987,12167.976
69,10,-1.5594664512004833e-05,12.420039781796033,52.5519555827328,149.0233,1024.3848
70,11,-1.2000811908506469e-05,17.20852971835666,62.11537896577253,5.7706103,-6317.3403
71,12,-7.343828446024142e-06,12.754345215500043,59.86620702467682,-118.48938,-9645.313
72,01,-6.201572312694294e-06,7.789162023728894,59.71689801232405,-219.74963,-14609.814
73,02,-7.646551471441942e-06,-7.170963860648018,49.17462651499538,-267.81503,-11609.338
74,03,-1.1304150707112197e-05,-2.56875498781922,68.34861116093205,-270.1441,-8760.453
75,04,-2.3272295822324753e-05,-10.486857863362628,59.37646033687326,-221.64862,-3378.184
76,05,-2.800802443084893e-05,-16.149492612120927,55.7763452255995,-111.75424,2069.2686
78,07,-3.447742918110781e-05,-15.274860501197074,50.75858460182529,197.36688,11475.393
79,08,-3.3271033724499884e-05,-4.3656862228557625,49.79625837316948,290.45178,12323.387
81,10,-1.5745955748394817e-05,1.4800897167574978,41.847355274659336,151.89206,1525.2284
82,11,-1.5779393952086846e-05,2.730464919026692,53.6031213278585,12.442765,-5227.002
85,02,-9.105866422227595e-06,-15.737989101954868,41.279925076501705,-266.33914,-13659.32
86,03,-1.09558865346488e-05,2.199697240357758,53.96111336709735,-274.25983,-9127.7
88,05,-3.1224375424332516e-05,-18.680161248648037,54.14751819698144,-106.524635,2823.8215
89,06,-3.5890827366468634e-05,-24.274000357055662,43.53411597645681,45.121964,7773.823
91,08,-3.1366839325049225e-05,-20.726613564768147,49.22354232249208,295.73883,11895.338
92,09,-2.1116000810717296e-05,-5.870355172729491,52.886519872754164,269.00165,8102.3877
93,10,-1.7202233669146365e-05,6.4104873591597356,48.62927366667281,142.80646,1624.8057
94,11,-1.2770530823662637e-05,20.62896745435927,57.76803370095226,7.8385816,-4879.394
95,12,-1.128779906788603e-05,28.043287035542146,58.52688881322774,-121.637665,-10470.665
97,02,-5.771432554432804e-06,6.824847212655203,67.52644709656069,-267.48425,-12077.6875
98,03,-1.3287096029671374e-05,-5.803373095440609,55.151999684815046,-274.11194,-9394.418
99,04,-2.2575659647211267e-05,-11.442104777696397,52.015024873095086,-229.49115,-3889.475
103,08,-3.0242934917310693e-05,-13.572054321945357,50.633880177582476,276.83197,11683.492
106,11,-1.2423982501220758e-05,8.69252590874566,58.77474638277293,4.928792,-4874.8076
107,12,-5.659096497726741e-06,10.619382738339004,50.16868590621025,-122.6391,-9712.188
109,02,-1.553154618433063e-05,17.196350676788683,61.10995617006565,-267.11566,-12475.381
110,03,-1.4791143874625109e-05,4.141464673442225,71.63935923557511,-269.9855,-8994.844
111,04,-2.4692344382775542e-05,-22.74501348402235,55.09817502149212,-215.36893,-3491.288
112,05,-3.182606770285695e-05,-15.882362545546664,52.83810746537357,-102.44586,2573.6924
114,07,-3.385038605679304e-05,-9.511822006717805,59.07058047961163,212.68188,12988.86
116,09,-2.5435363158006416e-05,2.907980506727431,49.177534459747214,265.05402,8812.896
117,10,-1.6347254436593455e-05,7.273599919801116,47.520342997120274,152.27025,2139.3774
118,11,-1.0307503538792339e-05,7.8851572241889105,46.36847800110711,7.8230553,-5334.1924
119,12,-7.866494279115095e-06,20.208327730240367,52.71666673100892,-117.48151,-9495.281
120,01,-5.490775168401608e-06,12.580168148245866,46.32122026583841,-208.87146,-10982.603
121,02,-1.1993180484209699e-05,15.243881237211681,52.799659086113884,-251.78636,-10292.845
122,03,-1.7582771425163286e-05,5.919001820882161,61.97907953674307,-258.60236,-7699.6763
123,04,-2.3728384267512105e-05,-15.711892689005532,62.36782957411343,-203.56856,-3055.0522
124,05,-3.2913617601255e-05,-32.404015432706444,43.15242019264416,-91.779816,3710.605
125,06,-3.3498540398290464e-05,-35.047065074327264,55.710710440916486,62.741127,9121.236
126,07,-3.3625666249610085e-05,-27.510599928661055,42.19065745926929,221.67572,13747.581
128,09,-2.1827326350689368e-05,-6.781363076782227,44.02462579022247,284.29218,8393.209
129,10,-1.9913688146604526e-05,14.103063629806684,48.60193847477949,157.98654,2668.1497
130,11,-1.311930024130561e-05,7.912713109334308,43.72629240063826,19.693726,-4577.1934
131,12,-7.719866410816296e-06,20.033501539989185,45.286219627095804,-108.30465,-10351.453
132,01,-9.708490018202875e-06,23.531725362798216,54.619796854420386,-199.64702,-12720.559
134,03,-1.7018775953137494e-05,2.372058311872584,47.98838851665681,-248.4166,-6761.1445
135,04,-2.7999317039636173e-05,-19.276666238742408,46.732171709169286,-203.81065,-2544.1294
136,05,-3.125298669270236e-05,-34.3688931694441,36.06377147361027,-92.91269,2693.7744
137,06,-3.068480971400681e-05,-23.63770078192817,52.16888050745726,62.995182,8531.902
138,07,-3.559518055198981e-05,-33.07448882301904,37.832517702871755,225.121,12467.588
140,09,-2.7407515947157255e-05,-3.6402964202880854,48.108384553693405,294.2813,7920.2334
141,10,-1.8407037761653066e-05,10.48773665069252,49.92561818830045,176.82645,2780.647
142,11,-1.0645134954231454e-05,8.876481322224937,54.38112868225972,36.628536,-2645.9758
143,12,-1.0178729378000547e-05,19.264495642221096,49.02194799312469,-96.13945,-7623.4736
144,01,-9.804670876438911e-06,24.167181801416536,38.86062395377826,-189.05939,-11677.37
146,03,-1.2629808311264428e-05,-0.5304674036169569,53.76618897918476,-247.60764,-8289.795
147,04,-2.5889148811054637e-05,-18.50936585184733,50.20018549894757,-197.88077,-2477.3403
148,05,-2.5811937759284265e-05,-33.066711107479634,47.67298183366304,-97.73846,3242.9946
149,06,-2.987989489524302e-05,-20.686577268473304,57.62339900992447,65.18725,9033.393
151,08,-2.9805839779475068e-05,-22.79464663072811,38.70661156831249,305.7776,12592.164
152,09,-2.1833397036001162e-05,-8.548686426798504,39.4321560544822,274.9792,7794.075
153,10,-2.004618059737534e-05,2.17344532234438,45.307421456006274,164.20654,3285.0642
154,11,-1.4646135411648073e-05,14.444811823866104,60.08639300202131,25.423035,-4149.461
156,01,-5.988280283046514e-06,9.900324605634134,41.55076964045469,-201.58527,-12634.475
157,02,-7.568776633878318e-06,10.513905402874128,42.596786469010105,-251.2683,-12010.471
158,03,-1.6743815379482177e-05,3.675611719931326,56.535387553599556,-254.05469,-8823.429
160,05,-3.502280750303383e-05,-18.415903687507882,37.98684394011575,-101.447525,3181.1511
161,06,-3.339920427913765e-05,-25.873405965508358,43.36981476617124,59.044636,7307.9243
162,07,-3.3542465003026134e-05,-26.574038988010855,46.61348771423679,199.28363,11107.453
163,08,-3.290884278264643e-05,-13.404264240552024,52.83446418771308,289.74835,11859.687
164,09,-2.5466491539959356e-05,-1.4094354346381297,48.6797681992597,266.1881,7636.253
166,11,-1.321692710625939e-05,23.694389510769323,50.96693710040848,6.247223,-4673.5566
167,12,-8.425528942156701e-06,11.411874493342573,45.69198678764476,-116.62355,-8414.971
168,01,-9.715480358609446e-06,34.39173987899288,57.42208674485646,-203.41821,-11240.23
169,02,-8.449411843078754e-06,-1.1622854381742926,41.2482318814184,-251.44202,-11845.82
170,03,-1.4966802825774622e-05,-6.011914413616221,42.24266758934657,-258.71124,-9119.074
171,04,-2.191761210872048e-05,-4.539731902737087,59.59964808656376,-213.27081,-4883.719
173,06,-3.281592492067931e-05,-24.277929318237305,46.836056776909025,53.807552,7247.965
175,08,-3.234485571499712e-05,-11.285276480397874,49.79429166342623,292.947,12206.207
176,09,-2.2725771390226628e-05,-2.4448908416748045,57.50485973500145,264.71613,7207.7383
178,11,-1.1587640056374466e-05,-1.8295716874864363,52.225245416957804,10.492281,-4276.8213
179,12,-9.250304196792702e-06,31.236705364924607,64.63241229699248,-117.394295,-9170.257
181,02,-9.681430163471391e-06,-2.9269207930791947,54.97462990093799,-252.23082,-12474.98
182,03,-1.5868986940443404e-05,12.424105568506382,56.25959003628518,-255.96518,-8435.293
183,04,-2.4481364455176743e-05,-15.54007357143826,53.21672202842236,-204.29953,-3718.8296
184,05,-2.8615912740195944e-05,-19.306992470361852,50.8592781971834,-94.31956,2223.4727
185,06,-3.390126228795352e-05,-22.424498955281575,49.86442946763436,63.69199,8921.364
186,07,-3.466171150601792e-05,-32.442688338413035,36.16844127948567,228.7876,12510.627
187,08,-3.527003988845888e-05,-15.806742182249662,41.714041907468136,324.75006,12521.302
189,10,-1.8016295581522476e-05,4.47270425086893,52.33998963107474,178.73743,2764.2866
190,11,-8.92097842036795e-06,12.752254605102538,55.27824593100681,29.622797,-3368.5425
191,12,-1.093666692604627e-05,22.757288210632986,53.902280609893545,-99.387596,-9179.327
192,01,-1.2804497735976505e-05,25.385474410518523,57.77612080058489,-200.95944,-11622.19
193,02,-1.271823695051786e-05,20.178666164579848,60.9734689490412,-252.8833,-11397.893
194,03,-2.219248033328259e-05,-0.5256330294045062,56.57506640008187,-257.72375,-7832.026
195,04,-2.3056703787511248e-05,-15.611610607231992,48.9374839578549,-211.44914,-4025.7954
196,05,-3.3250014936618425e-05,-29.631465932538433,52.844916530618114,-97.926704,2220.8477
197,06,-3.44918315846169e-05,-24.446217814466692,49.08188772321145,59.286465,8307.45
200,09,-2.6222378082234683e-05,-4.395296908230251,54.09243484116659,278.4799,7438.358
203,12,-8.991161045966975e-06,-5.598886509064706,48.51484771922968,-104.945656,-10645.565
205,02,-7.544903639281147e-06,5.38362545916678,55.18347650017959,-257.39072,-11502.468
206,03,-1.2827322511164368e-05,-10.990242480862525,51.72073062135199,-262.0078,-9025.21
208,05,-2.4253428110207234e-05,-26.022296560964275,51.92535755428705,-97.05285,2847.9004
209,06,-2.8253365109311642e-05,-38.732165323215064,41.61192797080808,59.34504,8924.003
210,07,-3.142641031134248e-05,-27.054918192217425,49.82263012584947,212.88992,13164.297
211,08,-2.9903093116464793e-05,-15.358725825155936,42.33743624172287,317.03174,12812.748
216,01,-3.583592048936e-06,-1.2817189340899076,35.36421269791357,-199.3605,-12755.787
217,02,-9.97768289436776e-06,28.48145621345157,61.04910012837534,-244.653,-12000.471
218,03,-1.2413017713795421e-05,-3.0697627356744577,49.8996438915832,-251.27843,-8865.58
220,05,-3.085946982284968e-05,-22.07697987414944,55.658551038389554,-88.67695,1959.1753
222,07,-3.376502295814329e-05,-20.43258258581674,48.29218798171063,226.14835,12030.416
223,08,-3.064838395117496e-05,-15.397676236060358,39.11490551742816,310.934,12364.316
224,09,-2.7053925191669103e-05,-10.968042353990342,40.873450344501606,276.89905,7645.1094
225,10,-2.0736059433235615e-05,1.8364669255082322,46.07108195983722,156.39502,1811.8225
226,11,-1.1372840429430654e-05,5.54297788119846,52.451002673839106,10.578664,-5128.4775
228,01,-1.1099072907757458e-05,24.386054642872143,54.87726956107148,-212.11517,-12700.153
229,02,-7.893391973560764e-06,12.879144769577753,54.623768248409036,-260.74075,-11604.301
230,03,-1.582076560769428e-05,4.910139277304372,64.38913835901599,-262.03964,-8321.162
231,04,-2.2395207648413717e-05,-10.670934447903104,67.35853829729425,-205.68842,-2407.7305
233,06,-3.4082233544055876e-05,-13.138249787733287,60.09514157660935,75.20182,9678.178
234,07,-3.6390916169732936e-05,-13.917790471887077,46.5719772114318,238.338,13338.976
235,08,-3.4686337675251e-05,-19.754633603331865,40.27667498864153,327.5973,13679.599
236,09,-2.4247977624205914e-05,0.3736279635959201,55.41774919654528,287.24963,8338.488
237,10,-2.3367591303340108e-05,14.50471792602539,57.49670259841796,173.86934,3187.958
238,11,-1.186565926222506e-05,4.6568576497395835,50.09492808050447,29.228212,-5572.743
239,12,-8.802920268002493e-06,22.454611907630838,51.308709990082264,-103.80956,-8984.234
240,01,-9.430198710966792e-06,24.63400003675235,61.44896206574927,-194.2648,-11290.216
241,02,-1.079772392194216e-05,13.779260249546594,59.85849182345754,-244.80853,-11261.486
243,04,-2.54553507465769e-05,-17.42901027967665,53.24983413987689,-201.84654,-2285.2854
244,05,-3.422614240797327e-05,-20.88572949317194,50.723297991629586,-86.426956,3441.555
245,06,-3.759346314859108e-05,-24.964019442409946,49.104056137108806,72.95914,8687.63
246,07,-3.775679561435789e-05,-20.12216363230059,34.70881050790896,227.78201,13055.95
247,08,-3.318467006672979e-05,-13.657699137697938,45.50563225292391,323.20917,11852.793
248,09,-2.59650643648355e-05,-3.5717024329291456,50.26974016195536,294.9626,8154.815
249,10,-2.1588807777500546e-05,5.981483147405809,48.24640764357326,177.50383,2162.725
251,12,-1.3700721242369786e-05,27.986750325848984,63.54783165261822,-103.46239,-7992.4316
252,01,-6.553396535759588e-06,18.42038040095504,45.80448549491872,-195.46434,-10269.453
253,02,-1.2230161100386137e-05,18.65321454909752,54.35344561065067,-251.48761,-12770.697
255,04,-2.355722367422762e-05,-12.813957029554578,60.681698268123455,-202.43735,-2842.7021
257,06,-3.750390542944741e-05,-27.016546727159287,42.780413097916714,77.99254,8740.701
258,07,-3.168135436499142e-05,-21.668345875401656,51.88578506780696,235.71835,12701.943
259,08,-3.0941285219664524e-05,-19.063545700565466,39.65101154342005,327.14392,13208.896
260,09,-2.4486756719630248e-05,-2.020394458007812,56.817002186003,294.05908,8183.2393
262,11,-1.5146696185204038e-05,20.892512133110895,68.07071139411661,24.373379,-5124.4746
263,12,-1.1904006665214989e-05,20.81303864280127,63.79751548051194,-108.81287,-11244.87
264,01,-6.723928980547147e-06,14.384707934964087,53.25762820807451,-205.2159,-12887.961
265,02,-9.421481274265325e-06,7.153048214503697,61.79020408172125,-251.8952,-12731.379
266,03,-1.3063552253355424e-05,-6.242824222359606,58.59238742218351,-258.15427,-8952.866
267,04,-2.4765318735565716e-05,-15.737299090576174,60.65160554169682,-208.54446,-2420.5396
268,05,-3.372209000100225e-05,-25.790908090242777,45.58359570831253,-93.075455,3609.6667
269,06,-3.303585196628976e-05,-31.827683939954966,48.06642211600013,73.25614,8263.893
270,07,-3.6646507612448495e-05,-24.41304970722813,43.035889669943884,235.89302,12923.732
272,09,-2.8629883362433853e-05,-3.361749937269423,60.89090815499625,290.84253,8036.931
273,10,-1.872843477780094e-05,15.499699002173642,52.0420637966638,174.19882,2258.185
275,12,-9.904081011676856e-06,14.487402564920403,52.82181985401466,-101.59181,-9553.38
276,01,-6.60295483731882e-06,23.604068570044735,51.65779350411636,-203.73921,-11320.662
277,02,-1.6342577849974034e-05,27.257544948032923,61.67323920420096,-246.9594,-10128.511
281,06,-3.5836119472898846e-05,-20.466573669433593,50.7506326838851,68.72185,8045.0986
283,08,-3.0240783373966385e-05,-12.41071590333344,52.640142950275894,313.29565,12460.287
284,09,-2.726855740998468e-05,-6.606480073716904,41.46046437310777,286.98236,8567.15
286,11,-9.433203981300014e-06,10.082439758300783,57.335292302331666,17.259544,-6235.593
287,12,-9.155090198257839e-06,-0.601292420089886,52.83887711868107,-115.25142,-11353.018
289,02,-9.213011075579354e-06,1.6289639434814458,40.65915042115535,-260.56863,-12347.04
290,03,-1.4304734281419465e-05,-4.024482163624097,45.80751552796749,-264.37064,-9088.072
291,04,-2.383696288773839e-05,-17.2942943037245,47.44735419490735,-213.43303,-3086.1494
294,07,-3.637924248004731e-05,-25.786057973554062,44.12265574810709,231.47226,13178.295
295,08,-3.1032737283929096e-05,-31.771135562691633,39.36124998163152,324.97778,12991.694
296,09,-2.437035215904568e-05,-12.497950702243381,40.21523504180775,301.05487,8885.401
297,10,-2.1305207502659715e-05,-2.352458050143333,49.86598729915773,178.80765,2187.8057
298,11,-8.746191556262298e-06,13.336127873399521,55.471923015075255,32.06038,-2908.292
299,12,-8.986315398414586e-06,16.75842543636855,56.42778465677845,-105.44379,-8668.7
302,03,-1.5225630396960167e-05,1.0669384965794064,50.376974003080406,-251.08066,-6933.831
304,05,-2.847669872224737e-05,-31.81054322043798,50.857990436966695,-81.71887,2979.0918
305,06,-3.421590459786078e-05,-30.121984181382924,54.56608841220009,78.62908,8568.363
306,07,-3.5823426863228845e-05,-21.040274605699764,48.61712288511441,238.85822,12207.131
307,08,-3.442271008691844e-05,-10.630728795861687,53.4802156332962,329.15936,11794.984
308,09,-3.09724094837697e-05,1.3779368174235027,41.60773183429904,292.17285,9145.141
309,10,-1.9737982986943505e-05,10.8786054316695,45.96995730125903,180.17358,2717.565
310,11,-1.219442167142309e-05,8.63346869269477,52.650442458646836,36.49789,-3334.5854
312,01,-1.0532949036563073e-05,27.835473567839585,50.62756816835045,-193.68393,-10905.427
314,03,-1.2645556585016247e-05,2.2825399281491516,62.992716266741034,-256.3217,-9881.561
315,04,-2.402455134354872e-05,-12.38321820203993,55.9102142579476,-200.53163,-2387.3372
316,05,-3.3327865934669755e-05,-23.83920729967343,52.369123788558014,-81.96974,2646.9011
317,06,-3.715115132452208e-05,-30.632264646063906,50.84424858076307,82.51776,8205.064
318,07,-3.409394384040644e-05,-23.561669685609886,47.80977541725482,245.8787,13200.266
319,08,-3.320200081173924e-05,-14.21000237282374,41.28222914207624,335.41714,12753.217
320,09,-2.545146969718593e-05,-6.704652192857532,39.75358392157654,310.5009,9576.33
321,10,-1.7187334372416657e-05,10.538457600583316,41.694871458662455,189.13153,3585.2876
322,11,-1.4535249143672345e-05,9.326381112670902,61.63253474075529,41.85868,-3279.293
323,12,-9.12172876785682e-06,14.485518746324761,56.37181309181387,-102.47484,-10186.462
324,01,-6.5253165958961526e-06,7.280853728591756,43.42763289413273,-202.42416,-11545.881
325,02,-8.8568046297561e-06,4.634872235616048,55.29220876641359,-255.72609,-11341.675
327,04,-2.37631702343909e-05,-18.782449027506512,53.65862876264652,-205.98297,-2656.6052
328,05,-3.370682173148433e-05,-13.439136345319852,55.415879218805216,-88.92572,3694.9158
329,06,-3.4785863751151034e-05,-27.11431088460287,44.96967633606062,73.37432,9963.746
330,07,-3.3670624993676266e-05,-35.11209074615151,34.7803111832411,234.70615,12866.711
331,08,-3.203818718891423e-05,-14.970106861073484,56.166526000266416,335.52078,12752.918
332,09,-2.4569920312832332e-05,-1.9050392035590278,48.50952039943403,300.7013,8797.252
333,10,-2.0357669840078775e-05,8.929626497002058,49.91160704086961,182.126,2233.102
334,11,-1.6638314112929544e-05,21.698549422539603,51.20864173750348,40.557568,-3328.7874
335,12,-1.1844671387852061e-05,21.158474252352146,51.61357204472506,-97.75494,-9070.12
336,01,-1.3167410284109127e-05,32.71415653975292,54.798027210791915,-193.88004,-10335.961
337,02,-9.635896793779033e-06,12.227102448962983,62.05461917357218,-245.22134,-12513.563
338,03,-1.969343553138324e-05,2.858439688077537,50.951221448258686,-250.34674,-7303.203
339,04,-2.5420359923575438e-05,-23.728481532796227,35.425640993569964,-205.15242,-3936.031
340,05,-3.1186685044343005e-05,-23.42358186127037,55.67473245647261,-91.14727,3199.7598
342,07,-4.0491175616739144e-05,-14.380545316962786,51.51913973191349,222.8992,11920.818
343,08,-3.430768915528969e-05,-11.902402343421853,46.669440629773256,320.0988,12621.331
344,09,-2.677926907070085e-05,-2.246240928141275,48.58724766878287,298.9292,8972.291
345,10,-1.4836711174446523e-05,-1.5530790907336818,46.4751422240952,182.74875,3219.4429
346,11,-1.4172945336880124e-05,15.984315191311307,55.0159122577058,34.937656,-4907.5605
347,12,-9.103623443880553e-06,18.67049515623687,44.72693699303237,-97.18965,-9043.51
349,02,-9.733829621899499e-06,11.488472740085646,43.235250111784055,-243.42456,-11786.493
351,04,-2.446588194630345e-05,-15.287676639472116,50.48518859204715,-196.71538,-1611.4935
352,05,-3.326288808405293e-05,-18.37616691179173,46.32872357566895,-82.233795,2150.217
353,06,-3.476253857051133e-05,-32.52892781643338,47.80475471985869,81.0948,8897.1875
354,07,-3.577182100015043e-05,-18.878891244211506,53.425692884929724,247.50647,12774.674
355,08,-3.3834556450724496e-05,-9.036356891591062,49.02626591384924,331.25848,11928.248
356,09,-2.5189189388381943e-05,-2.5223080678304033,46.95382839618127,298.75153,8208.827
357,10,-1.8222273044254205e-05,6.518695762716314,54.30898137165141,177.55966,3266.7495
358,11,-1.2143508331428165e-05,12.723418456013999,55.05112889809742,32.62596,-3732.3708
359,12,-6.623100362498576e-06,8.910789440196046,51.189781416840454,-97.547745,-7754.8945
360,01,-6.219402897665034e-06,13.638463789416898,56.756673166043,-198.17078,-11110.347
361,02,-6.55127283612057e-06,7.2258432279314295,62.426701213981424,-248.95447,-10757.567
363,04,-2.2896213735516033e-05,-13.763160278998479,44.90089633327524,-200.83005,-2828.8252
364,05,-3.152253704363203e-05,-24.89160391596312,50.72287625494953,-85.43982,2934.9321
365,06,-3.4585202314802804e-05,-32.20444840494791,47.13420631794532,79.89873,7919.487
366,07,-3.995988693131167e-05,-23.939954596078525,46.67216465320125,237.72769,11871.391
367,08,-3.326769469126164e-05,-18.63527480389995,42.41847231385144,326.02185,12238.902
370,11,-1.3997967538165946e-05,28.005924584282763,63.3120259418408,21.164051,-3864.5237
371,12,-8.896478755051119e-06,9.686923075029926,62.37685010996686,-109.29718,-10716.539
372,01,-6.091251291421628e-06,2.9262350808420488,60.36061479552843,-204.55014,-12027.686
374,03,-1.4227020407356234e-05,-0.1344084672825314,56.345688745778084,-261.01712,-8839.358
375,04,-2.4690822054900404e-05,-20.66956467929416,50.227940069592,-209.58624,-3231.8308
376,05,-2.827942739082006e-05,-27.387183430333288,51.416537502500645,-92.56897,3255.5232
377,06,-3.182083758476639e-05,-35.711798379855686,43.71565713060168,76.14911,9304.406
378,07,-3.4407490462771055e-05,-31.11366353779454,49.13440625845617,250.12466,14022.264
379,08,-3.27152816781925e-05,-15.088779016966459,50.057286181364006,344.674,13689.707
380,09,-2.3803562745282155e-05,-1.7829848341200085,47.799041656389505,306.4995,8350.534
381,10,-1.8914465963579488e-05,8.677334267236855,54.52403665949838,173.5636,1758.3733
382,11,-1.1904203317903414e-05,4.708053307088217,64.34552551558414,27.598618,-3231.9604
384,01,-4.432973011169315e-06,15.641597058367989,49.85520389962581,-196.10773,-12140.621
385,02,-7.274441715534998e-06,7.353929252261208,64.81677477946593,-248.23795,-11258.352
386,03,-1.235675504704564e-05,-6.3443144091534345,43.386579177287324,-257.99927,-8845.059
388,05,-3.0008848766624646e-05,-32.62149781881353,48.67582858574712,-86.30653,2976.527
389,06,-3.4230032604055946e-05,-25.01744469502767,49.43961729888122,76.410675,8445.709
390,07,-3.7348723895911946e-05,-18.427609645064162,51.34294977803511,242.47665,13162.168
391,08,-3.274760770019843e-05,-10.64563058373236,50.85391145080519,332.4319,12468.49
392,09,-2.5484862159343414e-05,2.648160398695204,48.54894579696125,298.82858,8087.9546
393,10,-1.916051529891168e-05,8.726722329416583,41.10612051369683,174.94385,2804.0781
394,11,-8.12447487300637e-06,7.208228931681314,45.10324230610001,31.217457,-4171.3403
397,02,-6.941694202459045e-06,2.77444112036694,54.92825397600388,-250.21877,-12448.146
398,03,-1.1845709033173812e-05,-9.130659757880753,42.53471919810516,-254.03876,-8310.242
399,04,-2.412122515035865e-05,-15.116672309705946,65.52592149374486,-198.18848,-2513.651
400,05,-3.2719707248821014e-05,-19.41600187732328,54.71462800888861,-69.06388,4362.07
401,06,-3.633841799156573e-05,-15.284035491265191,54.862410076340026,82.22435,9031.7705
402,07,-3.9630504535585143e-05,-18.105863085346844,55.33667580591222,246.76941,13656.655
404,09,-2.780254297756781e-05,-4.337274759928387,47.643611919113,308.14148,9496.916
405,10,-1.749340033099435e-05,6.576196681525118,62.883388684188155,184.27731,2431.3325
406,11,-9.782895505729057e-06,13.286790387301977,48.36725960095062,35.405666,-3583.187
407,12,-8.270612005098982e-06,23.135962751162953,68.44660146777348,-100.348495,-9420.053
408,01,-7.079607454118081e-06,9.77005108642578,59.36599973937003,-202.54861,-12096.18
409,02,-9.82560560788399e-06,1.2790957768758144,54.799641565576906,-257.90067,-11274.823
410,03,-1.6003138249269338e-05,-14.11737674147083,62.83003596656937,-262.28018,-8748.307
411,04,-2.0434202846445263e-05,-16.983018215264217,45.651346360141694,-208.64615,-2540.526
412,05,-2.7662325821888435e-05,-23.158452428017892,56.92952051083376,-79.6866,4234.757
413,06,-3.319209287441886e-05,-26.815010833062065,45.349666944320994,86.51007,9191.059
414,07,-3.405638901301333e-05,-27.630988150319745,40.32137145659744,257.15195,13202.002
415,08,-3.2683108437937644e-05,-17.84199171037572,39.46305893081491,346.59583,12588.422
417,10,-1.765674730958508e-05,13.677036990258001,51.31546706972713,177.67854,3168.62
419,12,-9.44601224512954e-06,28.97793200421077,55.46996279250422,-102.12302,-8219.587
420,01,-8.580053124215514e-06,22.96357862870411,63.49304372530727,-199.70102,-12682.474
422,03,-1.6731313326227373e-05,-1.3453218475669946,47.843510205716214,-257.5802,-9032.858
423,04,-2.3883861623916246e-05,-16.521862002224392,58.86005653639768,-201.46133,-3085.071
424,05,-3.2321809314922687e-05,-17.350711201329386,63.11191008513332,-81.15604,4375.205
425,06,-3.645346474101341e-05,-28.120134918891054,43.231891095406475,87.43266,9286.681
426,07,-3.570791800838603e-05,-18.498887496784167,52.862582088247414,254.35974,12950.234
427,08,-3.5946427165531874e-05,-15.756697428713563,51.75170243226714,350.646,13081.102
429,10,-1.6616273676728237e-05,8.951883064844276,46.06859467966968,183.47777,2405.1753
430,11,-1.0089955154782932e-05,6.784489759657117,59.376273723493675,30.035988,-4682.326
432,01,-9.2527426375611e-06,26.340960131573418,62.63006211892765,-198.85062,-10136.239
433,02,-8.153189459681882e-06,8.31590086110433,48.93550452213628,-249.01697,-10056.029
435,04,-2.4346638547669703e-05,-22.934988667466907,50.17846367060873,-201.46252,-2808.3164
436,05,-3.070366395367009e-05,-25.76910455847299,53.73915812349191,-74.271286,3124.914
437,06,-3.477750818122634e-05,-31.860220404391814,46.7203716229452,88.627594,9287.029
438,07,-3.7615658574522775e-05,-25.170489753641114,45.05531850020347,244.21768,12366.996
439,08,-3.326061218056918e-05,-12.586229408838417,52.3345120203854,340.5626,13527.23
440,09,-2.5603061031688413e-05,-1.6679924726698132,46.654843129608366,304.79187,9707.996
441,10,-1.3186316454061119e-05,-1.463842040031187,51.45971762442205,181.07248,2537.3662
442,11,-1.4898132296588707e-05,27.46974549831814,55.57987919455502,36.23844,-2267.4507
443,12,-8.385574634596725e-06,33.275967709449034,59.292129598577816,-95.767654,-8005.8896
444,01,-9.004527324929857e-06,20.359526514525058,60.00615774854665,-199.36586,-12785.315
446,03,-1.4810545610421827e-05,-5.396197126162949,59.004922374092125,-257.55557,-7846.601
447,04,-2.7581765115751797e-05,-20.820068422105575,57.557788026644126,-202.71722,-3310.7034
449,06,-3.356170396635004e-05,-23.02242342732747,60.87640379265148,89.79554,9804.313
451,08,-3.3272750999810424e-05,-17.014684508621052,43.397001161080546,345.19922,14424.194
452,09,-2.4645985519115736e-05,-7.889081433783638,37.34792189491059,307.58344,9729.937
453,10,-1.526362983537594e-05,-3.798430909843855,48.34944315867911,179.15796,1726.4841
454,11,-1.1750765303218536e-05,10.89123139716254,54.5964946256227,31.83696,-3868.1895
455,12,-4.447676278540448e-06,15.633635981405934,42.93341399640295,-97.5214,-8605.654
456,01,-6.416161365773257e-06,12.223324068787278,48.97643718384928,-193.89236,-10805.73
457,02,-8.18821650381367e-06,12.903916228158135,62.959067062718525,-247.64766,-10770.266
458,03,-1.5800369091061108e-05,2.527072602630943,59.88884960889175,-253.7139,-7260.8623
459,04,-2.5679135762624757e-05,-26.331729773288306,46.84454056873057,-201.37857,-3222.9155
460,05,-2.9667726341906155e-05,-25.198657173730993,56.839670298081565,-87.59993,3388.1287
461,06,-3.566179110415154e-05,-31.36642959594727,52.944568701901716,73.04563,8220.461
462,07,-3.888270218750779e-05,-23.176640851420746,56.14024401203919,245.45886,13363.639
464,09,-2.5415033401845397e-05,-5.530321179199219,52.86381167994076,306.11932,8891.904
465,10,-2.0550294828412475e-05,15.281469091599986,50.30405073937036,188.99414,3204.4968
467,12,-7.748080553331723e-06,20.40142875687794,63.311030514205655,-80.41377,-8175.6133
468,01,-8.493993727101315e-06,23.796599253992884,55.116003269850566,-178.75154,-10245.069
469,02,-1.1806723732206594e-05,-2.6082788761683875,46.30087924139698,-232.44312,-10500.74
470,03,-1.3339704251535219e-05,-6.768148279333628,63.03257818707726,-238.50732,-6754.0317
473,06,-3.447691067930363e-05,-33.33076165534125,39.74884000571834,80.76439,8842.0205
474,07,-3.4126774513620195e-05,-44.31138712696363,36.16823902212164,238.54553,14997.494
475,08,-3.324744642680256e-05,-25.59706884437479,43.61733073811633,334.10016,13667.771
476,09,-2.7110998255941223e-05,-4.088550005425346,48.59134079140956,311.244,9715.682
478,11,-1.049799736220949e-05,11.533768935139973,58.11769115721252,47.932846,-3889.546
480,01,-8.170035396257738e-06,18.813249751593478,61.34680531404607,-191.78339,-11747.096
481,02,-8.232899953890454e-06,13.675333238874163,51.283400613031226,-241.6672,-10543.848
482,03,-1.7898125718357898e-05,7.876527682396675,54.192069970153995,-245.6289,-8381.205
483,04,-2.786484313502215e-05,-15.88577495863173,41.53150874974462,-196.92523,-3531.8804
484,05,-2.8741963674400066e-05,-37.081440074305384,54.09692304540707,-80.164764,2803.0894
485,06,-3.9525050331051005e-05,-23.208365014648436,47.86380608810849,85.33034,9433.128
486,07,-3.625940142692049e-05,-31.74150496025496,48.734570516079984,249.7384,12936.38
487,08,-3.404563471354698e-05,-17.337182702177312,41.57153246440298,349.06866,13247.913
488,09,-2.6543087166161665e-05,-4.24653964674208,45.73786681658825,316.2627,9350.918
489,10,-1.8569231195137014e-05,10.235854191605762,54.45598049366731,196.12402,4066.1174
490,11,-1.0039879183467646e-05,10.335369747924807,64.20363267016013,51.00029,-3502.6123
491,12,-8.260583359534854e-06,25.078029959073632,56.60606037604423,-89.79852,-8638.5205
492,01,-6.012859741277161e-06,22.106840989635838,48.67357203781476,-183.55957,-9682.271
493,02,-1.5386156723984276e-05,31.748662168305497,64.97568837541958,-232.30418,-9696.918
494,03,-1.9840231885472768e-05,-1.8349693298339842,46.56073982853019,-233.47745,-5213.598
495,04,-2.7043378228700023e-05,-24.0670989525689,35.17819720014996,-182.90373,-2630.6055
496,05,-2.995519203009721e-05,-45.04488896819084,46.51938461271666,-72.37561,3261.185
498,07,-3.552329937512147e-05,-24.55973527871409,49.31133174363516,257.35745,13753.855
499,08,-3.48960954878191e-05,-17.491402352609946,46.845165995435046,355.6565,12651.885
500,09,-2.4679065476549213e-05,-6.537764871215822,41.4254565234277,327.33673,9850.63
501,10,-1.848353834580477e-05,14.114419966174706,59.132486595437086,209.56233,3854.0327
502,11,-1.0186800306089735e-05,15.631692754109702,47.969248177954896,64.15968,-2169.461
503,12,-6.893300624729055e-06,15.732371215492165,60.65007041392917,-74.73637,-9279.488
504,01,-7.860778656987515e-06,14.34612370152627,66.80461903254064,-178.7409,-11183.625
505,02,-9.005972841740524e-06,9.622026147751583,54.51137783175566,-227.87018,-10544.482
507,04,-2.588563685021654e-05,-27.98602328389486,47.86236142485672,-181.0332,-578.642
509,06,-3.7502937650666964e-05,-26.38411481492784,47.88007799596918,96.26378,10102.645
510,07,-3.6336240956178925e-05,-19.074829963273896,48.14752719921964,262.87424,14842.828
511,08,-3.444879628501263e-05,-12.903870650096605,45.419211714576655,349.05463,13990.716
513,10,-1.864643046111826e-05,14.62936670381279,46.729617401201246,198.48083,4115.5938
514,11,-1.0072340758698473e-05,9.36498726196289,49.88987413275507,53.890015,-3178.3643
