,month,MER,MSSHF,SD,SH,TCWV
0,01,-7.186377549426466e-06,5.464709561255669,0.010292715281568547,0.00035855482704265606,8.14543241929367
1,02,-7.399999772068052e-06,2.729709174746558,0.0088853447891417,0.0003947880218570064,8.97375713603837
2,03,-1.408509512223264e-05,7.08405715679866,0.00040960040271923105,0.00044260006009506144,11.168600756099146
4,05,-2.839083756912113e-05,-16.16055940262989,4.408267492889076e-05,0.0007071434940667084,17.216401719138187
6,07,-3.0671342559486147e-05,-22.637875941122733,0.0,0.0010329003032600922,23.12972981539721
7,08,-2.8487004876296853e-05,-12.56110269165039,0.0,0.0009515669327950404,22.75220546986083
8,09,-2.3132900744369383e-05,-4.023202255249023,0.0,0.0009334240310760934,21.151945761863388
9,10,-1.6345863611966567e-05,2.642213581372333,5.061999700402701e-05,0.0009355248356116273,19.721688314687825
10,11,-1.1569333000928361e-05,13.890767045423724,8.024262719684175e-05,0.0005703534181247354,13.441472351654372
12,01,-5.795284385228985e-06,8.867661568262244,0.000661063572411896,0.0002899667802897751,9.088685051160473
13,02,-7.359469057738698e-06,6.865867059466484,0.00011199214540678879,0.0004711822304191866,12.12962919981178
14,03,-1.4070489600584629e-05,-6.186828353717764,6.114121534491099e-05,0.00038754746073307194,11.427750095593034
15,04,-2.282624180893941e-05,-17.872287172783746,0.0,0.0003994695938296395,11.357650041418605
16,05,-2.9285246377967465e-05,-30.998830406271004,0.0,0.0004922136487145694,13.246584139289395
17,06,-3.014735746900341e-05,-26.066622504679362,0.0,0.0008849550965466025,21.07108883677324
18,07,-3.1905643976779664e-05,-14.025872309859079,0.0,0.0008957915342465621,23.41994776180611
20,09,-2.365392635981859e-05,-3.0327022542317708,0.0,0.0009669164780382541,23.25748233046532
21,10,-2.1172643707369163e-05,7.590982919672484,0.0,0.0007849959412277741,16.11280749658359
23,12,-7.873070872231058e-06,26.063403682913826,0.0016069860227646364,0.0005165828911668244,11.703535817465474
25,02,-8.991757432514056e-06,2.888394768487839,0.0005664595067501069,0.0003669208622193323,9.000017916314658
26,03,-1.2076194787720939e-05,11.89821663673975,0.0001724853964262111,0.0006871956544953496,15.744720834609
27,04,-2.2320882245185202e-05,-19.334173597547743,1.5786700778537326e-06,0.0005069280005498918,13.077067014764415
28,05,-3.0310256707952082e-05,-17.47440350473055,9.34754648516255e-08,0.0007153930285222947,18.54690212902715
29,06,-3.0904296795920855e-05,-15.787571440294057,0.0,0.0009842194550476254,21.37912677978939
30,07,-3.173775886429094e-05,-20.80200322239373,0.0,0.001004735188951267,23.73428546353951
31,08,-2.8741253340065727e-05,-19.03508228654759,0.0,0.0010760535270361797,24.403104924806982
32,09,-2.269007780640903e-05,-3.5648343312581385,0.0,0.0008672290949221253,21.203304509778818
33,10,-2.174942796122078e-05,9.781940688922843,0.0,0.0006867919335684071,15.963218076816172
34,11,-1.4328458308167076e-05,19.586548003133142,2.2300614251030816e-06,0.0006729366678450485,14.317446869442199
35,12,-7.687594037497059e-06,8.885675470167591,0.012596724167946844,0.0004129887476064696,9.079969420325373
36,01,-5.276928763964617e-06,11.574925520045783,0.0001972472347239012,0.00046975674859519613,11.162234676566175
37,02,-7.864293709969517e-06,5.468580898829869,2.739869412921724e-07,0.000443328927262103,10.334659840992519
38,03,-1.6001877676116956e-05,1.792558938959594,3.8041683935349995e-06,0.0003661708261100601,9.970802344655477
39,04,-2.3437909088230905e-05,-21.874123499891493,2.168152067396376e-08,0.0004928932368082314,11.432875588513745
40,05,-2.9170486620455693e-05,-20.4214844770534,0.0,0.00055373141337474,15.03766018853521
41,06,-3.17826830204164e-05,-27.949367026435006,0.0,0.0008103595633521967,22.511012832081317
43,08,-3.1963929242763654e-05,-15.790871219429917,0.0,0.0009689928345582772,24.45286580407748
44,09,-2.1331834113273846e-05,-6.238656323920356,0.0,0.0009065412273818056,22.404552868395385
45,10,-1.6551261839878706e-05,3.491510892150223,0.0,0.000806341602621908,19.132922751236986
46,11,-1.519573135911843e-05,20.401449884033198,5.0221549140082464e-08,0.0006367408295191699,15.306237562237841
48,01,-1.1369238679367056e-05,31.70380508160335,0.00012911142713280135,0.0005065474144361389,12.54478739766921
49,02,-1.1685804688698098e-05,2.732715975443522,0.00031034646715436665,0.00024583032542684335,7.829569845487675
51,04,-2.090864053300013e-05,-10.60586452026367,1.1234845055474176e-05,0.0005298972676287223,13.397991041318578
52,05,-2.6606813441591635e-05,-11.409518621957432,0.0,0.0006822573668070693,16.563480364199606
55,08,-2.6941880611302234e-05,-27.08358682743196,0.0,0.0007854492272301715,24.006322544676
56,09,-2.725831751290065e-05,0.9693071214463977,0.0,0.0008300272881937013,21.1710378525734
57,10,-2.1395454446465794e-05,12.186390243366201,0.0,0.000809845710132114,17.054838546397864
58,11,-9.367185011372688e-06,10.117007967122396,3.5537613762749565e-08,0.0005637446514673988,14.363651190684902
59,12,-8.522425015388596e-06,21.808005747805364,2.6479295504990444e-05,0.0005939787194328425,12.56604288422677
60,01,-1.1848107099418698e-05,28.771229348787696,0.0017296655524161556,0.0003542191671304773,10.191702869721642
61,02,-9.682757584759485e-06,6.4267875001403105,8.748411584174497e-05,0.0003115679466334117,9.158349270805545
62,03,-1.3818876191033916e-05,-6.2181760956138685,9.418372313181559e-05,0.00032761467128058087,9.797240060637074
64,05,-2.301351515928619e-05,-21.276121071107926,3.1990530670330086e-06,0.00067266253149976,17.356259771243217
65,06,-3.0384449369921637e-05,-25.249517172580298,0.0,0.0009127790745715982,19.618736166115596
67,08,-2.8069958612225798e-05,-17.017802792784988,0.0,0.0008598136095184325,23.504970162709558
69,10,-1.5594664512004833e-05,12.420039781796033,0.0,0.0008134660352591524,19.463715816155556
70,11,-1.2000811908506469e-05,17.20852971835666,8.267998695373535e-07,0.000733812687942615,16.40034759771559
71,12,-7.343828446024142e-06,12.754345215500043,1.1825137240912326e-05,0.0005638061713049892,13.293887527272263
72,01,-6.201572312694294e-06,7.789162023728894,0.006257890532093664,0.00032037616245556873,8.008615290749457
73,02,-7.646551471441942e-06,-7.170963860648018,0.00039035758092289885,0.00043289734202582635,8.483470379527834
74,03,-1.1304150707112197e-05,-2.56875498781922,0.0002458149412626861,0.00041982346533168605,10.938059937977021
75,04,-2.3272295822324753e-05,-10.486857863362628,3.632929590013292e-07,0.0005507065881250634,13.55916669224368
76,05,-2.800802443084893e-05,-16.149492612120927,0.0,0.0007271333313690247,18.50802798619578
78,07,-3.447742918110781e-05,-15.274860501197074,0.0,0.0010814784673431896,24.054852292717143
80,09,-2.244669017984254e-05,-3.3109654418945316,0.0,0.0010995125499796714,22.995913738518293
81,10,-1.5745955748394817e-05,1.4800897167574978,0.0,0.0007476628478483084,17.189858579468986
82,11,-1.5779393952086846e-05,2.730464919026692,0.0001320727745691935,0.00036442432660848377,10.760161425473955
83,12,-6.748697063030508e-06,22.216181771555252,0.0009846030858255202,0.0006171308285160469,14.085127126652706
84,01,-1.0488508364736625e-05,25.802121266682942,0.0024635101813142014,0.00041564420438127206,10.206371892220231
85,02,-9.105866422227595e-06,-15.737989101954868,0.0001222507996218545,0.00019560193471323016,5.607975746361981
86,03,-1.09558865346488e-05,2.199697240357758,0.0001382134986180131,0.000417650180977115,10.942116465018639
87,04,-1.9242588071877733e-05,-14.953707265557181,7.426198323567707e-06,0.00039568850197150223,11.382743049732845
88,05,-3.1224375424332516e-05,-18.680161248648037,0.0,0.0007434592337500871,17.007801973546705
89,06,-3.5890827366468634e-05,-24.274000357055662,0.0,0.0008331960368823792,20.289311543525592
90,07,-3.000731417455182e-05,-30.125119514383297,0.0,0.0010106809674292967,23.818925079271356
91,08,-3.1366839325049225e-05,-20.726613564768147,0.0,0.0009093863952855494,21.520708266890182
92,09,-2.1116000810717296e-05,-5.870355172729491,0.0,0.0010170114291461383,18.77687866865794
95,12,-1.128779906788603e-05,28.043287035542146,0.00037468132152352284,0.0005160226476652414,12.267536138803731
96,01,-8.849628261046861e-06,-8.473066081057311,0.0005335850459273144,0.00039371051453645855,8.603436328787955
98,03,-1.3287096029671374e-05,-5.803373095440609,7.337508534872401e-05,0.00038326355497387356,8.999293845345896
99,04,-2.2575659647211267e-05,-11.442104777696397,1.2648238076104058e-07,0.0005509123427555208,14.52642838770946
100,05,-2.791426425801057e-05,-28.103053294192083,0.0,0.0006231550341834262,14.467633944537052
101,06,-2.8837502824555686e-05,-20.989433822292757,0.0,0.0008995023713432398,21.273624211708704
102,07,-3.379324687933062e-05,-20.07741719498173,0.0,0.0011762637337276985,24.62420682204411
103,08,-3.0242934917310693e-05,-13.572054321945357,0.0,0.0011241900766090502,24.83616227820099
104,09,-2.5696148892024614e-05,-3.969099077690972,0.0,0.001026891966428189,22.86273651031123
105,10,-1.9746457593286597e-05,13.28605210072507,0.0,0.0008929555590629677,18.012657082369252
107,12,-5.659096497726741e-06,10.619382738339004,5.145294307380593e-05,0.0006231452756041871,13.523867330752395
108,01,-9.400724827868036e-06,23.76198229324177,0.0002939996052813786,0.0005186993550770137,13.478511014884521
109,02,-1.553154618433063e-05,17.196350676788683,4.479276722875135e-05,0.00036645799898507564,10.345760452389717
110,03,-1.4791143874625109e-05,4.141464673442225,3.25570567961662e-05,0.00047325576421621175,11.452679470425014
111,04,-2.4692344382775542e-05,-22.74501348402235,0.0,0.0005172340481790242,12.66216660157707
112,05,-3.182606770285695e-05,-15.882362545546664,0.0,0.0007443033780645266,18.308951694468018
113,06,-2.7714982728361462e-05,-28.63852083367242,0.0,0.0008593489899378255,21.301890547300708
114,07,-3.385038605679304e-05,-9.511822006717805,0.0,0.001171458948932473,24.77475175948938
115,08,-3.211179117533902e-05,-13.866469908683532,0.0,0.0010266525363930598,23.52457447757131
119,12,-7.866494279115095e-06,20.208327730240367,0.0,0.00053423904773601,14.357002457380297
120,01,-5.490775168401608e-06,12.580168148245866,0.0,0.0005023698754026696,11.883489435585597
122,03,-1.7582771425163286e-05,5.919001820882161,1.3147951454244634e-06,0.0005982449319345967,13.789131960060006
123,04,-2.3728384267512105e-05,-15.711892689005532,7.404155201382107e-06,0.0005368266940982721,12.549550183918742
124,05,-3.2913617601255e-05,-32.404015432706444,0.0,0.0005949903542140838,15.407821862953968
125,06,-3.3498540398290464e-05,-35.047065074327264,0.0,0.0008175972156450774,18.088483912891817
126,07,-3.3625666249610085e-05,-27.510599928661055,0.0,0.000971569565642772,24.40308312683977
127,08,-3.0036708770112647e-05,-17.0266568734774,0.0,0.0009896705504082786,23.732882308342127
130,11,-1.311930024130561e-05,7.912713109334308,7.664759953816732e-08,0.0004454905331929088,12.214345464632247
131,12,-7.719866410816296e-06,20.033501539989185,2.718377369706349e-05,0.00047829752353097696,12.302766914845797
132,01,-9.708490018202875e-06,23.531725362798216,3.920951197224279e-06,0.0005105691684948654,13.03048595025206
133,02,-1.709957590030951e-05,31.83555304718018,2.0835172562372115e-06,0.0005475542892947997,12.68034689824212
134,03,-1.7018775953137494e-05,2.372058311872584,2.4298456407362414e-05,0.00048062062612102977,11.869843073837217
135,04,-2.7999317039636173e-05,-19.276666238742408,0.0,0.00037736529698403654,12.065731884741782
137,06,-3.068480971400681e-05,-23.63770078192817,0.0,0.0008391077614164817,20.68230553075605
139,08,-2.897321149455781e-05,-28.290339532667595,0.0,0.0010727420896216627,24.33309032836268
140,09,-2.7407515947157255e-05,-3.6402964202880854,0.0,0.0008673468175783354,20.220626075602905
141,10,-1.8407037761653066e-05,10.48773665069252,0.0,0.0007825079715910818,18.95590408874968
142,11,-1.0645134954231454e-05,8.876481322224937,1.7197676499684652e-05,0.0004970781178460824,13.421097168287966
143,12,-1.0178729378000547e-05,19.264495642221096,0.00010385854269868586,0.0004455819003796224,11.535513428002275
144,01,-9.804670876438911e-06,24.167181801416536,7.464897248052782e-06,0.00029198987653266507,8.955749408001543
145,02,-6.996622216688376e-06,0.507544446309408,0.002555922939663842,0.000305701507385693,8.221342761926708
146,03,-1.2629808311264428e-05,-0.5304674036169569,0.0,0.0005727407951866191,14.275736472201602
148,05,-2.5811937759284265e-05,-33.066711107479634,0.0,0.0005622225995608382,14.460797650952493
149,06,-2.987989489524302e-05,-20.686577268473304,0.0,0.0007455840776351881,18.702801296479173
150,07,-3.606362330103894e-05,-12.26554677852508,0.0,0.0011091873102282322,25.921418963223378
151,08,-2.9805839779475068e-05,-22.79464663072811,0.0,0.0010097339748723264,23.833731042867065
152,09,-2.1833397036001162e-05,-8.548686426798504,0.0,0.0008007140552823532,20.83496838520235
153,10,-2.004618059737534e-05,2.17344532234438,0.0,0.0006820325499599374,17.674736063961063
154,11,-1.4646135411648073e-05,14.444811823866104,2.8859506713019477e-05,0.0006339337644810405,14.225457465975815
155,12,-7.654158530845394e-06,17.942148733159545,5.5359345610423755e-06,0.00046165224257053707,11.076515356142036
157,02,-7.568776633878318e-06,10.513905402874128,3.7069602944385046e-05,0.00039763415424268303,11.196383694080101
158,03,-1.6743815379482177e-05,3.675611719931326,1.1341134707132974e-05,0.0004879701252311531,12.269467439161831
159,04,-2.3724830210206465e-05,-12.979907084147134,2.5939941406250002e-08,0.000579528459085648,12.85867560589181
161,06,-3.339920427913765e-05,-25.873405965508358,0.0,0.0008486856836498394,21.26468744079934
163,08,-3.290884278264643e-05,-13.404264240552024,0.0,0.0012228114123283905,25.45110419567298
164,09,-2.5466491539959356e-05,-1.4094354346381297,0.0,0.0008614746787727199,21.089136655476363
165,10,-1.9484351597922247e-05,1.9587082073252686,1.8078127214985508e-06,0.0005589232049004094,14.223404862920445
166,11,-1.321692710625939e-05,23.694389510769323,0.0,0.0005697992317844588,14.199872933730813
168,01,-9.715480358609446e-06,34.39173987899288,4.798289268247543e-07,0.0005887621752377449,12.073609010492602
169,02,-8.449411843078754e-06,-1.1622854381742926,0.0001454247690382458,0.00038359931115603885,10.165785772635825
171,04,-2.191761210872048e-05,-4.539731902737087,0.0,0.000576000432182122,14.761491688218381
172,05,-3.0932743489659034e-05,-26.541132331437964,0.0,0.0007194121543284234,18.49295009515106
174,07,-3.3366269429406925e-05,-23.52127023184171,0.0,0.0009773544866860003,23.766084752114875
176,09,-2.2725771390226628e-05,-2.4448908416748045,0.0,0.000888641576060541,20.6290178585887
179,12,-9.250304196792702e-06,31.236705364924607,0.00020338165888222312,0.0004956924168822877,12.371003425172582
180,01,-8.814763398506955e-06,28.086010490499522,6.143172710172592e-05,0.0004701822597394422,11.951160548843365
181,02,-9.681430163471391e-06,-2.9269207930791947,0.0003871754450457437,0.0004138276064931533,9.542274346257958
182,03,-1.5868986940443404e-05,12.424105568506382,9.499826738911291e-08,0.0005810495797577411,13.046672808460013
183,04,-2.4481364455176743e-05,-15.54007357143826,6.838602489895291e-06,0.00040480200442157807,12.108356564888691
185,06,-3.390126228795352e-05,-22.424498955281575,0.0,0.0010699702445989207,21.024796435148186
186,07,-3.466171150601792e-05,-32.442688338413035,0.0,0.0009186411803072188,25.164367288179292
187,08,-3.527003988845888e-05,-15.806742182249662,0.0,0.0008680270261172562,23.171906867293902
188,09,-2.649383951805552e-05,-2.2674784339057075,0.0,0.0008433525541978978,20.662340495669845
189,10,-1.8016295581522476e-05,4.47270425086893,0.0,0.0007590626369145407,16.282121984560003
191,12,-1.093666692604627e-05,22.757288210632986,6.536950347244099e-07,0.0005556525008313002,13.035411139304921
192,01,-1.2804497735976505e-05,25.385474410518523,0.0009627563479126142,0.00045759688101936,10.959147662439655
193,02,-1.271823695051786e-05,20.178666164579848,5.487134059270224e-06,0.00048809193327531924,12.205283860994237
194,03,-2.219248033328259e-05,-0.5256330294045062,0.00016835869896796444,0.00037265990637394303,9.68667776564885
196,05,-3.3250014936618425e-05,-29.631465932538433,0.0,0.0006214292339710306,14.887000348762799
197,06,-3.44918315846169e-05,-24.446217814466692,0.0,0.0007471122926498033,19.14153311720292
198,07,-3.591561413959817e-05,-25.92438248894804,0.0,0.001035028367159925,26.651675874188385
199,08,-3.331847033315239e-05,-31.29434137422295,0.0,0.0008271361476220967,22.036511386484225
200,09,-2.6222378082234683e-05,-4.395296908230251,0.0,0.0008676720050675714,21.198522507119172
201,10,-1.4566836962311297e-05,5.514771194293934,0.0,0.0008753650264261328,19.556401405724145
204,01,-7.460320452180465e-06,-0.4728464959257379,0.00023015245699113416,0.00044037663110958085,10.440877024148103
205,02,-7.544903639281147e-06,5.38362545916678,0.0006102077837648064,0.00031412921131322426,8.869372559355593
206,03,-1.2827322511164368e-05,-10.990242480862525,2.0419359207153323e-05,0.0004322530456430366,9.525472053571415
208,05,-2.4253428110207234e-05,-26.022296560964275,0.0,0.0006685273422467372,15.523370743020891
209,06,-2.8253365109311642e-05,-38.732165323215064,0.0,0.0007725716853643563,18.80213339232339
210,07,-3.142641031134248e-05,-27.054918192217425,0.0,0.0009566610893040974,21.689672550591094
212,09,-2.534073391895315e-05,-7.00570699428982,0.0,0.0007056351989302735,17.80062923739222
213,10,-1.7171301486478214e-05,8.106230379494288,0.0,0.0008193838488076182,18.058174803824834
214,11,-1.4551765714713837e-05,14.46901237657335,0.00012027359008789062,0.0004943569559801082,13.013740698712404
215,12,-8.836182103413613e-06,1.1414017176474303,0.00011574836187465217,0.000456995769084828,9.593377716324662
216,01,-3.583592048936e-06,-1.2817189340899076,0.00038023888808424755,0.0002965270524839061,8.961908747665344
217,02,-9.97768289436776e-06,28.48145621345157,6.829840796334402e-08,0.0005305327026612487,12.171147674492426
219,04,-2.201332183204714e-05,-17.60772253417969,0.0,0.0005176294510015927,11.840950494820543
220,05,-3.085946982284968e-05,-22.07697987414944,0.0,0.000691181856834612,16.664446066212914
221,06,-3.476727682935032e-05,-20.254541469319665,0.0,0.0008864397704303581,20.78134989303483
222,07,-3.376502295814329e-05,-20.43258258581674,0.0,0.0008547632643424363,23.78260384443754
223,08,-3.064838395117496e-05,-15.397676236060358,0.0,0.0010386910332973625,26.16295267547331
225,10,-2.0736059433235615e-05,1.8364669255082322,0.0,0.0007064217952702141,16.4008664570893
226,11,-1.1372840429430654e-05,5.54297788119846,0.0,0.000528491018474924,14.74272731684049
227,12,-9.893875752236308e-06,16.98351939342868,1.687051532089069e-05,0.0005512983522442909,13.047354222416878
228,01,-1.1099072907757458e-05,24.386054642872143,2.2409808251165574e-07,0.00045592296519506595,11.066128452862465
229,02,-7.893391973560764e-06,12.879144769577753,3.740382904098147e-05,0.000624683462594898,12.837736519389209
230,03,-1.582076560769428e-05,4.910139277304372,1.3940626575100807e-05,0.0006810213565312239,14.007189303759604
231,04,-2.2395207648413717e-05,-10.670934447903104,2.9785103268093537e-07,0.0005132326088525791,14.318035180071991
232,05,-3.182257207745645e-05,-20.036693252071256,0.0,0.0007038634061112829,18.25652126416596
233,06,-3.4082233544055876e-05,-13.138249787733287,0.0,0.001018815234679136,23.464375189109646
234,07,-3.6390916169732936e-05,-13.917790471887077,0.0,0.0009119439115554566,22.643103410513174
235,08,-3.4686337675251e-05,-19.754633603331865,0.0,0.0009149996268527415,21.998242530926582
238,11,-1.186565926222506e-05,4.6568576497395835,2.143026722802056e-06,0.0004236663616776847,11.023035687553882
240,01,-9.430198710966792e-06,24.63400003675235,0.00020755073460199501,0.0005411838983149154,12.195444267046069
241,02,-1.079772392194216e-05,13.779260249546594,0.0025613292994953337,0.0004247924906180526,10.259473174222878
242,03,-1.3397230129969535e-05,-0.9194605676794566,8.536538770121912e-08,0.000520822167453769,13.508820564555867
243,04,-2.54553507465769e-05,-17.42901027967665,8.541558848487004e-06,0.00045097119342235603,13.930574816384583
244,05,-3.422614240797327e-05,-20.88572949317194,0.0,0.0007112033766742989,17.992914966178198
245,06,-3.759346314859108e-05,-24.964019442409946,0.0,0.0007349941236675172,19.179021763939325
246,07,-3.775679561435789e-05,-20.12216363230059,0.0,0.0008227019134094047,24.06717719546313
247,08,-3.318467006672979e-05,-13.657699137697938,0.0,0.0009116657846986517,23.8488504817614
248,09,-2.59650643648355e-05,-3.5717024329291456,0.0,0.0010456855732800857,25.80820150032573
249,10,-2.1588807777500546e-05,5.981483147405809,0.0,0.0006945507025795002,16.691097016297363
250,11,-1.3179962080519347e-05,12.654008286878799,2.0961513784196646e-05,0.0005313356323464177,13.172062302903335
251,12,-1.3700721242369786e-05,27.986750325848984,0.0004829321933049028,0.0004460608781439875,11.135898228195407
252,01,-6.553396535759588e-06,18.42038040095504,7.689163249026063e-06,0.0004392718665100694,11.324720192924623
253,02,-1.2230161100386137e-05,18.65321454909752,3.605513052008618e-05,0.0004498816253623835,11.535072371006011
256,05,-3.550879427684679e-05,-19.147158501081563,0.0,0.0006344104929724587,18.64379195670543
257,06,-3.750390542944741e-05,-27.016546727159287,0.0,0.0008396627575370277,20.217285911058053
258,07,-3.168135436499142e-05,-21.668345875401656,0.0,0.0008486174719188665,22.884604032078098
259,08,-3.0941285219664524e-05,-19.063545700565466,0.0,0.0008177378859400235,23.377618400014857
260,09,-2.4486756719630248e-05,-2.020394458007812,0.0,0.0011746618843225302,25.28914702420103
261,10,-2.1893689024856883e-05,11.235235126454343,0.0,0.000834898857871064,19.02933904491702
262,11,-1.5146696185204038e-05,20.892512133110895,0.0,0.0005471246481323154,14.33508744482597
263,12,-1.1904006665214989e-05,20.81303864280127,0.0006958496250132079,0.0005704053421768659,12.55957897350352
266,03,-1.3063552253355424e-05,-6.242824222359606,0.00027922883085025255,0.00043964260734938635,11.94844622561111
267,04,-2.4765318735565716e-05,-15.737299090576174,6.594268480936686e-06,0.0004324344195720945,12.39155946132872
268,05,-3.372209000100225e-05,-25.790908090242777,0.0,0.0006874419770607463,16.882564342469298
269,06,-3.303585196628976e-05,-31.827683939954966,0.0,0.0007031702677992751,18.788384712798067
270,07,-3.6646507612448495e-05,-24.41304970722813,0.0,0.0009577895311687377,25.123447815056778
271,08,-3.349079792080317e-05,-13.273838911159066,0.0,0.0011785009511229004,26.95539833592728
272,09,-2.8629883362433853e-05,-3.361749937269423,0.0,0.0008204311439514236,20.705136747317844
273,10,-1.872843477780094e-05,15.499699002173642,0.0,0.0009255201393185142,21.72099201665899
274,11,-1.4045017091525046e-05,9.019137569173179,0.0,0.0006085738384488525,14.766802187086476
275,12,-9.904081011676856e-06,14.487402564920403,0.00022924734956474715,0.00042967180998163804,10.6310780278957
276,01,-6.60295483731882e-06,23.604068570044735,0.00012535062912971744,0.0005113839650168305,12.109373243094772
277,02,-1.6342577849974034e-05,27.257544948032923,5.277034782228017e-06,0.0005129149039266849,11.585383370463337
278,03,-1.718439095667989e-05,-2.8514695644583754,1.5001514906524331e-06,0.0004819596547454955,11.607923356689431
279,04,-2.4829810814864887e-05,-14.182246478949653,0.0,0.0004709443206453266,12.332358963489533
280,05,-3.0134792006426703e-05,-17.31557953963741,0.0,0.0007120376103461025,17.86483551645279
281,06,-3.5836119472898846e-05,-20.466573669433593,0.0,0.0009486301975226323,21.94502347338862
282,07,-3.594073215623134e-05,-17.96138944137737,0.0,0.0010623623587375588,25.717054898814485
284,09,-2.726855740998468e-05,-6.606480073716904,0.0,0.0007335374628951386,19.46754291381571
285,10,-2.2813934475604865e-05,5.003235001430717,0.0,0.000718885400139463,15.544581788047665
286,11,-9.433203981300014e-06,10.082439758300783,0.0,0.0005791067180039236,14.819048055042161
287,12,-9.155090198257839e-06,-0.601292420089886,1.2510566301243278e-09,0.0004945328851989802,12.703119583929736
288,01,-7.996820467572737e-06,16.024269751435966,0.00044667841542151673,0.00041192595895207524,10.557260232224259
289,02,-9.213011075579354e-06,1.6289639434814458,0.000368756529830751,0.0002735949758984874,7.618574587362154
291,04,-2.383696288773839e-05,-17.2942943037245,1.5020370483398438e-08,0.0004770017007668381,11.80928153449032
292,05,-3.0977665722578726e-05,-19.48317038226384,0.0,0.0007096738202905913,17.237994223952292
293,06,-3.491794925367785e-05,-29.63445593295627,0.0,0.0011471253787109367,23.02299164098236
294,07,-3.637924248004731e-05,-25.786057973554062,0.0,0.000985359612786695,25.262484286273676
297,10,-2.1305207502659715e-05,-2.352458050143333,1.9682761161558088e-06,0.0005624345080602805,12.834833942158248
298,11,-8.746191556262298e-06,13.336127873399521,0.0,0.0006547417485429125,15.444975968167515
299,12,-8.986315398414586e-06,16.75842543636855,1.2960655714875909e-05,0.0005586620659873345,12.111972078078535
300,01,-8.992702947169514e-06,20.66453995308825,0.0007110370653931812,0.0004630176850634722,11.204803152650916
302,03,-1.5225630396960167e-05,1.0669384965794064,0.00020815543461871405,0.00036018773000070863,10.998717471243236
303,04,-2.4217375733618005e-05,-11.611916856553819,0.0,0.0005477365501182944,14.257841776642534
305,06,-3.421590459786078e-05,-30.121984181382924,0.0,0.0008944627820598017,21.4024883570883
306,07,-3.5823426863228845e-05,-21.040274605699764,0.0,0.0009030186964724067,23.3933894850977
307,08,-3.442271008691844e-05,-10.630728795861687,0.0,0.0011410420949086592,26.830953647472523
309,10,-1.9737982986943505e-05,10.8786054316695,0.0,0.0006333934098819987,17.218317307363275
310,11,-1.219442167142309e-05,8.63346869269477,3.3279392454359266e-07,0.0006341721947358944,13.982692417393787
311,12,-6.509792311736683e-06,12.651209838210898,0.000107577202140644,0.0003987152580916455,10.708026006760138
312,01,-1.0532949036563073e-05,27.835473567839585,0.0002284056717349637,0.0004537746557087837,11.058444803249454
313,02,-1.0796667724878803e-05,1.9850640389578682,0.00020228017086074463,0.00030567886635834556,8.97967280293788
315,04,-2.402455134354872e-05,-12.38321820203993,0.0,0.0005435340928157731,14.237437394865355
317,06,-3.715115132452208e-05,-30.632264646063906,0.0,0.0010480431722563416,21.792493984187978
318,07,-3.409394384040644e-05,-23.561669685609886,0.0,0.0009847484367624458,25.305337204162793
319,08,-3.320200081173924e-05,-14.21000237282374,0.0,0.0008214074471167111,22.598466931248222
320,09,-2.545146969718593e-05,-6.704652192857532,0.0,0.0009221086927508522,22.82103427496221
321,10,-1.7187334372416657e-05,10.538457600583316,0.0,0.0007750956863858269,20.637318765312116
322,11,-1.4535249143672345e-05,9.326381112670902,0.0005737135661972894,0.0005952350228117148,14.740219080596498
323,12,-9.12172876785682e-06,14.485518746324761,0.0003240881030277539,0.0004220962651623558,11.177854364097762
324,01,-6.5253165958961526e-06,7.280853728591756,0.00014880976241122009,0.00037462094703483867,8.982065612998058
326,03,-1.3873502668170125e-05,-4.782673361173239,0.0004253186384836833,0.00041051977616280897,9.928221458632457
327,04,-2.37631702343909e-05,-18.782449027506512,0.0,0.00045216028320109117,12.557103431734772
328,05,-3.370682173148433e-05,-13.439136345319852,0.0,0.0006535041197075036,16.937964208655462
329,06,-3.4785863751151034e-05,-27.11431088460287,0.0,0.0008772879220370063,20.177302681291106
331,08,-3.203818718891423e-05,-14.970106861073484,0.0,0.0009000416037593156,24.020286544034562
332,09,-2.4569920312832332e-05,-1.9050392035590278,0.0,0.0011661635124005137,25.35001326700052
333,10,-2.0357669840078775e-05,8.929626497002058,0.0,0.0008570413862924212,21.241959986229094
334,11,-1.6638314112929544e-05,21.698549422539603,6.023910310533312e-08,0.0006521134779476141,14.983468749819865
337,02,-9.635896793779033e-06,12.227102448962983,0.00012729246417681375,0.0005590188341237168,12.45363125636322
338,03,-1.969343553138324e-05,2.858439688077537,8.514286369405767e-07,0.0004028064890359467,11.756546522871137
339,04,-2.5420359923575438e-05,-23.728481532796227,0.0,0.0005033413915325177,14.029402746246918
340,05,-3.1186685044343005e-05,-23.42358186127037,0.0,0.0008101687334261413,19.129142921575937
341,06,-3.458860908376663e-05,-19.802041976589628,0.0,0.0009322974188374144,24.706341961563957
342,07,-4.0491175616739144e-05,-14.380545316962786,0.0,0.0009613429224455643,23.765559630895176
343,08,-3.430768915528969e-05,-11.902402343421853,0.0,0.0010274620080804539,24.276185533899135
344,09,-2.677926907070085e-05,-2.246240928141275,0.0,0.0008591688969658409,21.141295356886918
345,10,-1.4836711174446523e-05,-1.5530790907336818,0.0,0.0008285501714110792,17.69225229575172
347,12,-9.103623443880553e-06,18.67049515623687,1.9495038576023557e-06,0.0003995294160866323,10.617689527364186
348,01,-9.98381483742544e-06,30.50790186531313,3.1635838170205394e-06,0.0005276380488101,13.490079094302269
349,02,-9.733829621899499e-06,11.488472740085646,9.416011558181937e-06,0.00042143233519641003,9.918647395893075
350,03,-2.0140387961912898e-05,4.352542552004578,6.198341231192312e-05,0.0004389440757035161,11.024969367623331
352,05,-3.326288808405293e-05,-18.37616691179173,0.0,0.0006870887521260839,18.2019808564968
353,06,-3.476253857051133e-05,-32.52892781643338,0.0,0.0008564286241224787,20.658758763898746
354,07,-3.577182100015043e-05,-18.878891244211506,0.0,0.0011261872946572934,25.707979306942672
355,08,-3.3834556450724496e-05,-9.036356891591062,0.0,0.001041277370647549,25.532705715393504
357,10,-1.8222273044254205e-05,6.518695762716314,1.0895472700877858e-09,0.0008543528111196123,16.76005811733328
358,11,-1.2143508331428165e-05,12.723418456013999,0.00035360905991660223,0.0005676329277205644,14.737761704242228
359,12,-6.623100362498576e-06,8.910789440196046,3.1098793911677535e-05,0.00043185676473623153,10.188280075834642
361,02,-6.55127283612057e-06,7.2258432279314295,5.497220584324428e-05,0.00047579284143406164,11.645883812596404
362,03,-1.4006747319585248e-05,0.15545269151913163,4.5311066412156626e-07,0.0004989911271048672,11.059879185275365
363,04,-2.2896213735516033e-05,-13.763160278998479,7.51813252766927e-09,0.0004889661802240576,14.887117676052782
364,05,-3.152253704363203e-05,-24.89160391596312,0.0,0.0007151075125502661,17.44448770763798
366,07,-3.995988693131167e-05,-23.939954596078525,0.0,0.0009029157017727434,23.57777746359636
368,09,-2.396435872586961e-05,-8.675344586181641,0.0,0.0009490466401233954,22.162491116016437
369,10,-1.8213049179844e-05,4.716025361748153,0.0,0.0008116932342555208,17.60658678425256
370,11,-1.3997967538165946e-05,28.005924584282763,7.164478302001954e-09,0.0006304514712387844,15.272984667379328
371,12,-8.896478755051119e-06,9.686923075029926,0.0033527605789963914,0.00038589618015715004,10.664877343126522
373,02,-7.65345504045659e-06,5.717629487900508,0.0021790685525962285,0.0003673177904023817,9.55672571522707
374,03,-1.4227020407356234e-05,-0.1344084672825314,1.3550689143519247e-05,0.0004143901391054961,10.645667281794292
375,04,-2.4690822054900404e-05,-20.66956467929416,2.4727185567220055e-07,0.0004912910699575554,11.397826892315017
380,09,-2.3803562745282155e-05,-1.7829848341200085,0.0,0.0008983746668693987,21.12537328449091
381,10,-1.8914465963579488e-05,8.677334267236855,0.0,0.000821376938233815,17.27257944951775
382,11,-1.1904203317903414e-05,4.708053307088217,0.0002805316183302138,0.000539917925373298,13.104098462952505
383,12,-7.738160395268594e-06,4.967533013128466,0.006288984498670025,0.00034308914540316133,8.428497275237117
384,01,-4.432973011169315e-06,15.641597058367989,0.000611914046349064,0.00040994079856436554,10.790953362373896
385,02,-7.274441715534998e-06,7.353929252261208,0.00014321758775483995,0.0005457368057977929,12.025972804131962
387,04,-2.5035789431644346e-05,-14.869033695136176,0.0,0.0005911379486306348,15.158912003555566
389,06,-3.4230032604055946e-05,-25.01744469502767,0.0,0.000881464317699061,21.81825442208979
390,07,-3.7348723895911946e-05,-18.427609645064162,0.0,0.0009686399827052652,22.20925140021052
391,08,-3.274760770019843e-05,-10.64563058373236,0.0,0.0011464830641275342,25.6041415031533
394,11,-8.12447487300637e-06,7.208228931681314,0.0,0.0006513960211994212,15.098697719383242
395,12,-1.2744765838047034e-05,29.389911852764826,8.855871231325211e-05,0.0004817236066579237,12.64775550762171
396,01,-9.557997748420493e-06,23.492998173539362,3.76804490243235e-05,0.00043240021513436713,11.476601598980604
398,03,-1.1845709033173812e-05,-9.130659757880753,5.560450656439668e-06,0.00044616643216331627,12.56907799679105
399,04,-2.412122515035865e-05,-15.116672309705946,0.0,0.0005342435015494618,12.959454562992518
401,06,-3.633841799156573e-05,-15.284035491265191,0.0,0.0009098009567069676,20.928866900479797
402,07,-3.9630504535585143e-05,-18.105863085346844,0.0,0.0010251161839649637,23.770940406066114
403,08,-3.664081436780238e-05,-14.530181596981583,0.0,0.0010329766651933964,25.032045431551115
404,09,-2.780254297756781e-05,-4.337274759928387,0.0,0.0009458465725743282,20.29766017638975
405,10,-1.749340033099435e-05,6.576196681525118,1.6571373067876343e-08,0.0009416702161500776,19.45141905994441
406,11,-9.782895505729057e-06,13.286790387301977,0.0,0.0004847364594485018,13.530393645091852
407,12,-8.270612005098982e-06,23.135962751162953,0.0004308112231633996,0.0005064767144187343,12.410677929641098
408,01,-7.079607454118081e-06,9.77005108642578,0.0024007742763847433,0.000497766507189808,10.500852505586481
409,02,-9.82560560788399e-06,1.2790957768758144,0.0007189501410438901,0.0003367882807537607,8.859147338378996
410,03,-1.6003138249269338e-05,-14.11737674147083,0.00018706004465779953,0.0004201141621528276,8.8088545557581
411,04,-2.0434202846445263e-05,-16.983018215264217,0.0,0.0004941429305161389,11.91540409259134
412,05,-2.7662325821888435e-05,-23.158452428017892,0.0,0.0006636143321345607,16.579097982118206
413,06,-3.319209287441886e-05,-26.815010833062065,0.0,0.0008767861766169669,20.551190380279227
415,08,-3.2683108437937644e-05,-17.84199171037572,0.0,0.0008798842714115641,23.693631909804957
416,09,-2.475842662511746e-05,-8.054260448540582,0.0,0.0009952416975374742,21.14314986570544
418,11,-1.2026654228591521e-05,13.685960133870443,8.762069013383654e-05,0.0006722915904273629,14.24176825358338
420,01,-8.580053124215514e-06,22.96357862870411,1.0653635506988855e-05,0.0004570045449137564,12.548642675956094
421,02,-1.1990748406116751e-05,26.598223410470148,1.0926482223329089e-06,0.000413683501669097,11.46738722245466
422,03,-1.6731313326227373e-05,-1.3453218475669946,6.519722682173533e-08,0.0004369409978938565,11.066952292218005
423,04,-2.3883861623916246e-05,-16.521862002224392,0.0,0.0007145584834816368,16.86577033540408
424,05,-3.2321809314922687e-05,-17.350711201329386,5.8457146408737335e-06,0.0007860145196551182,17.91922860039819
425,06,-3.645346474101341e-05,-28.120134918891054,0.0,0.0007369192126624208,19.652886832084917
426,07,-3.570791800838603e-05,-18.498887496784167,0.0,0.0012707728695600497,27.574913323899757
427,08,-3.5946427165531874e-05,-15.756697428713563,0.0,0.00083940602619154,22.186411076767474
428,09,-2.0748739615697153e-05,-9.244409510294595,0.0,0.0007514128688763474,22.670960359727015
429,10,-1.6616273676728237e-05,8.951883064844276,0.0,0.0007536827149327755,21.249415780923695
430,11,-1.0089955154782932e-05,6.784489759657117,3.112157185872396e-08,0.0007041661412425191,16.452237505469057
431,12,-1.0581146033268115e-05,22.95546643394552,0.0004054831791949528,0.00047802787376777174,12.032215354372097
434,03,-1.5915630637317265e-05,-1.6360386480515998,2.4049384619600027e-06,0.00042303985436162447,10.268197295402967
435,04,-2.4346638547669703e-05,-22.934988667466907,9.625487857394749e-09,0.0005260060907692656,11.4696420110782
436,05,-3.070366395367009e-05,-25.76910455847299,0.0,0.0007177736570713329,15.192477716480534
437,06,-3.477750818122634e-05,-31.860220404391814,0.0,0.0009790266007457542,19.765049702053602
438,07,-3.7615658574522775e-05,-25.170489753641114,0.0,0.0010782962788556474,24.844298535511058
439,08,-3.326061218056918e-05,-12.586229408838417,0.0,0.0013657396460582901,27.893779480126597
440,09,-2.5603061031688413e-05,-1.6679924726698132,0.0,0.0007566028229298049,19.359477819336785
442,11,-1.4898132296588707e-05,27.46974549831814,4.5776367187500004e-09,0.0007983321246238999,17.272885030308036
444,01,-9.004527324929857e-06,20.359526514525058,9.698816525038853e-05,0.000488436789451965,12.302332713373247
446,03,-1.4810545610421827e-05,-5.396197126162949,3.62938924502301e-05,0.00045848496732475713,10.437647663715065
448,05,-3.16294027814815e-05,-19.310568396455505,0.0,0.0007176550833915553,17.92110827917566
449,06,-3.356170396635004e-05,-23.02242342732747,0.0,0.0010927039331910299,25.228303343276185
450,07,-3.758493633006676e-05,-22.269790681900524,0.0,0.0010440241232438279,25.57397250136893
451,08,-3.3272750999810424e-05,-17.014684508621052,0.0,0.0010487866989167115,24.996205532712324
452,09,-2.4645985519115736e-05,-7.889081433783638,0.0,0.0009151321535124882,24.11319072261387
454,11,-1.1750765303218536e-05,10.89123139716254,3.956906927956475e-05,0.0005619674263660951,13.316576630128754
456,01,-6.416161365773257e-06,12.223324068787278,0.00022398640519829207,0.00038658891371489107,9.654886861660149
458,03,-1.5800369091061108e-05,2.527072602630943,0.0,0.0006005471790666234,13.275623237716257
459,04,-2.5679135762624757e-05,-26.331729773288306,0.0,0.00046593889041503434,11.854652500814861
460,05,-2.9667726341906155e-05,-25.198657173730993,0.0,0.0009037413714048589,20.08667393688617
462,07,-3.888270218750779e-05,-23.176640851420746,0.0,0.0012087215603821659,25.7952684127118
463,08,-3.333480648354688e-05,-12.395997953681537,0.0,0.0010214693359917133,24.6443350070715
464,09,-2.5415033401845397e-05,-5.530321179199219,0.0,0.0008053615700507684,21.336988494233296
465,10,-2.0550294828412475e-05,15.281469091599986,0.0,0.000977998422354175,21.25215219498321
466,11,-1.2597567349661808e-05,15.910226154920792,3.65040037367079e-07,0.0005069242515831825,13.703532370326256
467,12,-7.748080553331723e-06,20.40142875687794,0.0006995919622400755,0.0004944631197981608,12.457500854338369
468,01,-8.493993727101315e-06,23.796599253992884,1.641540501707344e-05,0.0004060688798143667,11.85726924298784
469,02,-1.1806723732206594e-05,-2.6082788761683875,9.837871222268968e-05,0.0002829947456795624,7.208972067391589
470,03,-1.3339704251535219e-05,-6.768148279333628,0.00012620726580260901,0.00046114679775602243,11.490985864388046
471,04,-2.4140652476206825e-05,-8.481860700141059,0.0,0.0007254045517381757,16.594467750182417
472,05,-3.631899526441482e-05,-17.44638056798135,0.0,0.0007784020966188845,19.263493356326578
473,06,-3.447691067930363e-05,-33.33076165534125,0.0,0.0009423105013197868,22.747421039063397
474,07,-3.4126774513620195e-05,-44.31138712696363,0.0,0.0009376750856292581,24.748706597475596
476,09,-2.7110998255941223e-05,-4.088550005425346,0.0,0.0010813803784312972,22.0211015687267
477,10,-1.717439320385384e-05,2.0582064438686585,1.104806956424508e-05,0.0008625090847966448,19.248132997887105
479,12,-7.425197422547768e-06,21.47761040308142,5.2109628595331655e-05,0.0005544804356621699,13.385659862127355
480,01,-8.170035396257738e-06,18.813249751593478,0.0003725200532585062,0.0004562786708415723,10.371796175769582
481,02,-8.232899953890454e-06,13.675333238874163,6.108944188980828e-05,0.0004878204055308429,11.63011999922565
482,03,-1.7898125718357898e-05,7.876527682396675,0.0,0.0005073455370986293,13.107204236979122
483,04,-2.786484313502215e-05,-15.88577495863173,0.0,0.0003912166226224751,12.17203074105051
484,05,-2.8741963674400066e-05,-37.081440074305384,0.0,0.0006720132131989082,16.092180326128517
486,07,-3.625940142692049e-05,-31.74150496025496,0.0,0.001190152164367206,25.33940084237309
487,08,-3.404563471354698e-05,-17.337182702177312,0.0,0.0009153493840614355,24.424641755612946
488,09,-2.6543087166161665e-05,-4.24653964674208,0.0,0.0009920191406140525,22.349180271658632
489,10,-1.8569231195137014e-05,10.235854191605762,0.0,0.0009659558784721729,19.84700183868793
490,11,-1.0039879183467646e-05,10.335369747924807,0.0,0.0005838539287481886,13.91127883404626
491,12,-8.260583359534854e-06,25.078029959073632,0.0,0.0006186688043578876,13.37290997615809
493,02,-1.5386156723984276e-05,31.748662168305497,1.7729275528041798e-05,0.0006172183049920366,12.667990640856756
495,04,-2.7043378228700023e-05,-24.0670989525689,0.0,0.00044264087076846477,11.874213944729169
499,08,-3.48960954878191e-05,-17.491402352609946,0.0,0.0011642942770002831,28.500981259279346
500,09,-2.4679065476549213e-05,-6.537764871215822,0.0,0.0009814041400650556,21.540383629229332
501,10,-1.848353834580477e-05,14.114419966174706,0.0,0.0008436635503033075,18.9628441576868
502,11,-1.0186800306089735e-05,15.631692754109702,0.0,0.0007050563983345021,17.017071428382398
503,12,-6.893300624729055e-06,15.732371215492165,1.2867758350987586e-06,0.0004749457487080894,13.366138016835336
505,02,-9.005972841740524e-06,9.622026147751583,0.0020311918883096605,0.000539877978493261,12.087850346680197
508,05,-3.230829694098981e-05,-22.4746828918457,0.0,0.0005485733494364279,15.16792012552164
509,06,-3.7502937650666964e-05,-26.38411481492784,0.0,0.0010744130859948195,25.49175883189704
510,07,-3.6336240956178925e-05,-19.074829963273896,0.0,0.001075812178065009,26.729435961833566
511,08,-3.444879628501263e-05,-12.903870650096605,0.0,0.000943864032105035,24.521988378733717
512,09,-2.3354238802332672e-05,-7.743464881388346,0.0,0.0009716396207307595,23.398362704971102
513,10,-1.864643046111826e-05,14.62936670381279,0.0,0.0007882013383125549,18.430376787841958
514,11,-1.0072340758698473e-05,9.36498726196289,2.1571267975701224e-05,0.000526706469721909,15.007591073438855
