,target
1,107.00708317756653
3,98.91896796226501
4,77.33350610733032
7,43.01969242095947
9,76.8632504940033
13,70.78502440452576
14,41.5899133682251
15,23.549720764160156
16,87.7898542881012
17,142.42091464996338
18,67.59736728668213
19,42.64728355407715
20,107.7690110206604
21,72.95901393890381
23,93.3958797454834
24,42.9824595451355
25,133.0828936100006
26,35.788278102874756
28,69.78700375556946
29,54.99441409111023
30,37.25814604759216
31,61.64737391471863
32,150.74281787872314
34,63.80108118057251
35,43.573694705963135
36,18.835744380950928
37,72.00946402549744
38,35.43097186088562
39,53.242250204086304
40,93.72558498382568
41,32.713236570358276
42,88.86780834197998
45,70.76487922668457
46,83.42955470085144
47,104.55150389671326
48,42.88707685470581
49,81.02017283439636
50,105.42021083831787
51,118.89742398262024
52,40.00491166114807
53,22.25583553314209
54,31.294189929962158
55,117.23978233337402
56,59.156498670578
57,59.34060025215149
58,63.89762902259827
59,127.76513147354126
60,61.24871587753296
62,21.789991855621338
63,106.87018704414368
64,54.762237310409546
65,95.44521999359131
66,27.303098917007446
67,147.5589587688446
69,78.44082713127136
71,62.144726276397705
72,9.736912250518799
74,78.5594162940979
75,63.01261830329895
76,126.5044174194336
77,100.84526371955872
78,104.17502427101135
79,48.915464639663696
80,36.53095197677612
81,73.80068945884705
83,118.28075385093689
84,5.396147966384888
85,80.05486178398132
86,64.68825125694275
87,49.02557110786438
88,56.932453870773315
89,53.75952363014221
90,85.93903732299805
91,48.16365933418274
92,94.80732774734497
94,125.43024492263794
97,77.72802114486694
98,33.60578918457031
99,69.35014915466309
100,96.28858280181885
101,134.5398542881012
102,87.18918299674988
103,66.9906599521637
104,102.30783081054688
105,110.22080183029175
106,47.003796100616455
107,138.66146302223206
109,114.518559217453
110,27.742077589035034
111,71.89129495620728
112,31.23433208465576
114,72.62528491020203
116,79.42021083831787
117,43.99460577964783
118,61.15853786468506
119,24.550368309020996
120,59.8443021774292
122,78.43897438049316
123,14.875389337539673
126,58.18086361885071
128,78.90591788291931
129,36.57659721374512
130,99.99442100524902
131,62.73529887199402
132,96.37451434135437
133,25.981262683868408
134,64.46329927444458
135,35.43364858627319
136,81.75433492660522
137,43.237606048583984
138,43.99504566192627
139,93.28326845169067
140,70.05437111854553
142,71.35911726951599
144,29.07620143890381
146,46.967238903045654
147,35.415016651153564
150,22.764347553253174
151,69.85359048843384
152,48.3614456653595
153,121.3805501461029
155,40.05626130104065
156,32.84419345855713
157,89.10991644859314
160,52.09975528717041
161,62.71932125091553
162,128.27770042419434
163,66.03445959091187
164,99.88054394721985
166,59.72125196456909
167,79.51586604118347
169,13.214776277542114
171,72.61612272262573
172,49.03701114654541
173,138.4921417236328
174,65.69953942298889
176,80.44077348709106
177,62.847052574157715
178,142.54706811904907
179,85.40289497375488
180,36.50040102005005
181,94.18527913093567
182,85.7735435962677
184,51.52622365951538
185,21.875284671783447
186,89.98871898651123
187,147.07339644432068
190,112.21855115890503
192,78.17547941207886
194,42.51542043685913
197,45.93726992607117
199,112.6880235671997
201,32.25963592529297
202,40.51283264160156
203,16.127771615982056
204,60.068604469299316
205,22.461695432662964
206,11.859672546386719
207,57.326932191848755
208,28.135314464569092
209,59.759037256240845
211,48.277573585510254
212,73.76016211509705
214,45.02203106880188
215,8.55794882774353
216,84.60573077201843
217,28.955554485321045
219,78.28123354911804
221,69.49712204933167
225,56.97358417510986
226,77.3915023803711
228,20.71983242034912
230,131.57473421096802
231,44.95067262649536
232,136.99862432479858
233,77.72835302352905
235,154.75264143943787
236,178.64887976646423
237,92.01937747001648
238,78.07752561569214
239,91.57960391044617
240,56.13470458984375
242,65.29687428474426
244,86.7335524559021
245,54.39849805831909
247,83.68352055549622
249,52.17728924751282
250,142.15608167648315
251,47.351823568344116
252,98.67708921432495
253,60.096646308898926
255,97.27209305763245
256,55.01609134674072
258,51.30303931236267
259,85.14948225021362
260,130.40920996665955
261,131.4802393913269
263,85.52192997932434
264,83.6603274345398
265,86.2628161907196
267,47.3751916885376
269,87.7753267288208
270,107.7295401096344
271,144.1834967136383
272,73.23751926422119
274,73.46089029312134
275,67.26308727264404
277,40.98473596572876
278,60.53001356124878
279,64.66420650482178
280,77.7912917137146
281,94.12360286712646
282,146.93423414230347
283,57.52717709541321
284,87.43804001808167
286,93.86429786682129
287,73.5739049911499
289,22.1645565032959
291,85.30281352996826
293,76.22430467605591
295,46.90879726409912
296,74.57617855072021
297,56.468339920043945
298,90.1946873664856
299,107.22431802749634
301,47.67586803436279
302,45.28127717971802
303,37.014437675476074
304,70.646568775177
305,104.08150887489319
306,153.6393961906433
307,68.27244329452515
308,55.872933864593506
309,66.66378116607666
310,54.07814908027649
312,50.05322074890137
313,63.6138596534729
314,77.4074821472168
315,76.4442777633667
316,55.748387813568115
318,101.65014147758484
319,79.9967360496521
321,66.79116821289062
322,50.890292167663574
323,18.287110328674316
324,57.903024673461914
326,51.75546956062317
327,97.34957218170166
328,34.651726484298706
329,25.724807262420654
330,192.56933999061584
332,104.8823778629303
333,79.28392601013184
334,99.22530603408813
335,116.52486562728882
336,88.80820941925049
337,65.31020927429199
338,1.6051898002624512
339,116.55266427993774
340,100.40370607376099
341,166.44169425964355
342,52.89487075805664
343,74.65286588668823
344,38.23624563217163
345,63.65782594680786
346,75.82493901252747
347,98.90966415405273
348,39.91739559173584
349,110.58221864700317
350,37.05441331863403
352,40.78405427932739
354,114.81742095947266
355,79.74637937545776
356,92.71740341186523
357,87.03951120376587
358,32.103607177734375
359,59.60752511024475
360,62.01654672622681
362,23.97039556503296
363,51.12992525100708
364,75.43589448928833
365,103.68392610549927
366,46.274324893951416
368,74.3879747390747
369,119.02290868759155
371,49.821874141693115
372,91.62952327728271
373,56.222103118896484
374,27.15949821472168
375,63.4017915725708
376,33.73767280578613
377,68.74052047729492
378,146.2640986442566
379,93.05310916900635
382,51.991679430007935
384,54.225329875946045
385,20.28888177871704
386,17.25916814804077
387,34.52233028411865
388,94.74681329727173
389,163.95448088645935
391,68.3792371749878
392,69.30626606941223
393,17.076764583587646
394,135.77323961257935
396,25.181623220443726
397,29.57355237007141
398,93.77713108062744
399,68.41745948791504
401,133.29841899871826
402,90.66671252250671
404,131.10860514640808
405,62.30052351951599
406,126.01667380332947
407,56.091444969177246
408,42.50241231918335
409,46.14034557342529
410,31.149431228637695
412,63.59688186645508
413,58.30738687515259
414,40.892261028289795
415,81.32235813140869
416,135.23726177215576
417,95.3849720954895
418,74.25229167938232
419,90.50502729415894
420,81.80759859085083
421,34.10970735549927
422,52.129727363586426
423,111.14941215515137
425,91.65657234191895
426,126.34322667121887
427,25.215217113494873
428,79.9614315032959
429,64.11601209640503
431,107.20374536514282
432,54.84558963775635
433,61.79024076461792
435,61.485331535339355
436,35.5678129196167
438,123.28978443145752
439,98.359215259552
440,34.89073657989502
441,119.42508697509766
442,54.18260717391968
443,107.9379734992981
444,72.69394779205322
445,69.4955415725708
446,67.43884038925171
448,113.14722728729248
449,56.59930372238159
450,57.580533027648926
451,28.704333305358887
452,57.946226596832275
453,75.84917688369751
454,19.911759853363037
455,56.35315418243408
456,67.99254751205444
457,58.12478494644165
458,30.59126615524292
460,63.719133377075195
461,125.55045461654663
462,75.39064645767212
463,131.7170844078064
464,63.67462873458862
465,71.56626224517822
466,122.76686382293701
467,94.42302966117859
468,28.985047340393066
469,81.36417293548584
471,48.21310758590698
472,26.889825344085693
473,19.791842460632324
474,94.60595369338989
476,34.76789951324463
477,34.97020101547241
478,89.45121669769287
479,48.710402965545654
480,53.84524393081665
481,101.83904027938843
482,32.68497180938721
483,39.454394817352295
484,106.98088932037354
487,112.17082786560059
488,119.96327877044678
489,74.31336832046509
490,84.95069599151611
493,49.32469892501831
494,24.384860515594482
495,17.802208423614502
496,67.27775382995605
497,73.53353977203369
498,91.37486410140991
499,61.862966537475586
500,137.80672430992126
501,45.380624771118164
502,109.63903760910034
503,90.61761569976807
504,60.75168180465698
505,54.85542392730713
506,51.77638530731201
507,118.6035623550415
509,97.35786199569702
510,99.27522611618042
511,33.61188364028931
512,138.24248218536377
513,67.49459075927734
