,month,MER,MSSHF,RH,EA,z
0,01,-7.186377549426466e-06,5.464709561255669,62.6901256937955,-0.98,-13010.191
1,02,-7.399999772068052e-06,2.729709174746558,52.295623941567676,1.28,-11705.75
5,06,-3.330413338050373e-05,-22.16353809509278,52.028707694198026,0.15,9051.32
6,07,-3.0671342559486147e-05,-22.637875941122733,53.00265082314577,-0.59,12593.858
7,08,-2.8487004876296853e-05,-12.56110269165039,50.14281140049425,-0.92,11196.891
8,09,-2.3132900744369383e-05,-4.023202255249023,42.3501046719922,-0.42,7480.748
9,10,-1.6345863611966567e-05,2.642213581372333,56.92965585534547,-0.26,642.917
10,11,-1.1569333000928361e-05,13.890767045423724,49.679388139549886,0.62,-3872.6282
11,12,-1.207531024335357e-05,24.691616260159407,64.98245628347064,0.94,-8632.79
12,01,-5.795284385228985e-06,8.867661568262244,49.01821534482766,-1.08,-12923.82
13,02,-7.359469057738698e-06,6.865867059466484,53.581606617508264,-0.13,-13645.467
14,03,-1.4070489600584629e-05,-6.186828353717764,55.02083505403355,0.18,-10411.665
15,04,-2.282624180893941e-05,-17.872287172783746,48.97103869282801,-1.99,-4195.201
16,05,-2.9285246377967465e-05,-30.998830406271004,47.47244699586335,-1.45,1741.8439
17,06,-3.014735746900341e-05,-26.066622504679362,62.37913317463399,0.38,9087.858
18,07,-3.1905643976779664e-05,-14.025872309859079,48.67037434149174,0.09,12625.949
19,08,-3.1051088017916934e-05,-11.540256553403795,47.008779259716306,-0.68,12204.096
22,11,-1.4279194747299093e-05,14.235161112806532,54.54851769668525,-0.2,-5586.539
23,12,-7.873070872231058e-06,26.063403682913826,61.380955716897084,-1.29,-9439.307
24,01,-7.860688640385075e-06,20.899533713063885,47.875411116570554,-2.52,-12743.739
25,02,-8.991757432514056e-06,2.888394768487839,50.11619150138895,-0.95,-11564.999
26,03,-1.2076194787720939e-05,11.89821663673975,73.37905685201383,1.58,-10445.147
27,04,-2.2320882245185202e-05,-19.334173597547743,50.02077896680037,-1.5,-3027.0679
28,05,-3.0310256707952082e-05,-17.47440350473055,59.34436809112436,0.09,2584.3481
30,07,-3.173775886429094e-05,-20.80200322239373,49.75860673643311,0.83,13427.701
31,08,-2.8741253340065727e-05,-19.03508228654759,42.77699926753197,-1.48,12461.096
32,09,-2.269007780640903e-05,-3.5648343312581385,46.85175361700852,0.54,7768.788
33,10,-2.174942796122078e-05,9.781940688922843,60.93410625634399,0.16,2079.927
34,11,-1.4328458308167076e-05,19.586548003133142,54.57233108670976,0.01,-5344.9014
36,01,-5.276928763964617e-06,11.574925520045783,58.01885871766587,-0.23,-12752.157
38,03,-1.6001877676116956e-05,1.792558938959594,55.95160838729334,-0.47,-9498.811
40,05,-2.9170486620455693e-05,-20.4214844770534,47.92201473479629,0.72,3233.8726
41,06,-3.17826830204164e-05,-27.949367026435006,48.16991035015053,1.23,7267.2285
44,09,-2.1331834113273846e-05,-6.238656323920356,43.43915766518911,1.15,8149.8965
45,10,-1.6551261839878706e-05,3.491510892150223,54.79260846710333,0.74,1832.092
46,11,-1.519573135911843e-05,20.401449884033198,56.70156626680825,0.85,-5389.354
47,12,-1.0313162028783104e-05,17.753608460457098,55.75187243828721,-1.34,-9749.153
48,01,-1.1369238679367056e-05,31.70380508160335,51.86229076744793,0.59,-12154.941
49,02,-1.1685804688698098e-05,2.732715975443522,46.129101684696614,-1.05,-13694.592
50,03,-1.3839232150540515e-05,-0.5926843497983868,57.115805566785156,-0.36,-9446.13
51,04,-2.090864053300013e-05,-10.60586452026367,65.75529212030038,1.31,-3061.6768
52,05,-2.6606813441591635e-05,-11.409518621957432,66.050863289825,1.06,2248.9893
53,06,-3.6603149109497395e-05,-25.008415187242296,46.266101067479454,-0.92,7672.158
54,07,-3.282222612492611e-05,-33.091220865229126,44.1499227373741,-1.72,12268.833
55,08,-2.6941880611302234e-05,-27.08358682743196,31.77761535606461,-0.54,13164.186
56,09,-2.725831751290065e-05,0.9693071214463977,44.86737590899468,1.93,8079.99
57,10,-2.1395454446465794e-05,12.186390243366201,47.91972020449689,0.12,2049.5898
59,12,-8.522425015388596e-06,21.808005747805364,57.410435429080856,-0.05,-10112.207
61,02,-9.682757584759485e-06,6.4267875001403105,47.08914505602986,-0.34,-11609.656
62,03,-1.3818876191033916e-05,-6.2181760956138685,56.610379949503034,-0.9,-10310.087
66,07,-3.052118788760435e-05,-16.333257173927887,51.58020934386151,-0.41,12328.387
69,10,-1.5594664512004833e-05,12.420039781796033,52.5519555827328,1.91,964.10986
70,11,-1.2000811908506469e-05,17.20852971835666,62.11537896577253,0.64,-6451.836
71,12,-7.343828446024142e-06,12.754345215500043,59.86620702467682,-1.18,-9680.688
73,02,-7.646551471441942e-06,-7.170963860648018,49.17462651499538,-0.14,-11627.908
74,03,-1.1304150707112197e-05,-2.56875498781922,68.34861116093205,-0.56,-8787.0205
75,04,-2.3272295822324753e-05,-10.486857863362628,59.37646033687326,0.3,-3375.3518
77,06,-3.090711121482552e-05,-17.990251360066733,61.34983533646531,1.06,7191.715
78,07,-3.447742918110781e-05,-15.274860501197074,50.75858460182529,-0.23,11530.832
79,08,-3.3271033724499884e-05,-4.3656862228557625,49.79625837316948,0.63,12319.006
81,10,-1.5745955748394817e-05,1.4800897167574978,41.847355274659336,0.17,1603.2925
83,12,-6.748697063030508e-06,22.216181771555252,62.92255071562849,0.12,-11305.808
84,01,-1.0488508364736625e-05,25.802121266682942,67.17732922877546,-0.78,-12952.782
85,02,-9.105866422227595e-06,-15.737989101954868,41.279925076501705,-0.59,-13662.125
86,03,-1.09558865346488e-05,2.199697240357758,53.96111336709735,0.33,-9255.609
87,04,-1.9242588071877733e-05,-14.953707265557181,61.57429541588492,0.1,-2485.4844
88,05,-3.1224375424332516e-05,-18.680161248648037,54.14751819698144,1.4,2762.6194
89,06,-3.5890827366468634e-05,-24.274000357055662,43.53411597645681,0.86,7853.349
90,07,-3.000731417455182e-05,-30.125119514383297,48.19723509739805,-0.71,12563.272
91,08,-3.1366839325049225e-05,-20.726613564768147,49.22354232249208,-0.33,11956.209
92,09,-2.1116000810717296e-05,-5.870355172729491,52.886519872754164,-1.34,8279.643
93,10,-1.7202233669146365e-05,6.4104873591597356,48.62927366667281,0.91,1616.1604
94,11,-1.2770530823662637e-05,20.62896745435927,57.76803370095226,0.72,-4948.8447
95,12,-1.128779906788603e-05,28.043287035542146,58.52688881322774,1.13,-10525.797
96,01,-8.849628261046861e-06,-8.473066081057311,52.03738375666833,0.06,-12999.929
97,02,-5.771432554432804e-06,6.824847212655203,67.52644709656069,0.78,-12077.629
98,03,-1.3287096029671374e-05,-5.803373095440609,55.151999684815046,-1.53,-9411.099
99,04,-2.2575659647211267e-05,-11.442104777696397,52.015024873095086,0.76,-3876.446
100,05,-2.791426425801057e-05,-28.103053294192083,60.924986691195485,-0.9,2997.4229
101,06,-2.8837502824555686e-05,-20.989433822292757,61.5306473079814,0.95,8452.742
102,07,-3.379324687933062e-05,-20.07741719498173,55.40260847481861,-2.42,11753.883
103,08,-3.0242934917310693e-05,-13.572054321945357,50.633880177582476,-1.26,11828.894
106,11,-1.2423982501220758e-05,8.69252590874566,58.77474638277293,-0.54,-4809.159
107,12,-5.659096497726741e-06,10.619382738339004,50.16868590621025,0.95,-9697.89
108,01,-9.400724827868036e-06,23.76198229324177,64.8158600401199,0.99,-12916.121
109,02,-1.553154618433063e-05,17.196350676788683,61.10995617006565,-0.83,-12464.062
111,04,-2.4692344382775542e-05,-22.74501348402235,55.09817502149212,0.19,-3456.8623
114,07,-3.385038605679304e-05,-9.511822006717805,59.07058047961163,1.25,13012.326
115,08,-3.211179117533902e-05,-13.866469908683532,47.473473327189375,0.77,12546.404
116,09,-2.5435363158006416e-05,2.907980506727431,49.177534459747214,0.42,8881.996
117,10,-1.6347254436593455e-05,7.273599919801116,47.520342997120274,-0.66,2121.8457
119,12,-7.866494279115095e-06,20.208327730240367,52.71666673100892,-1.18,-9406.354
120,01,-5.490775168401608e-06,12.580168148245866,46.32122026583841,0.7,-10981.004
122,03,-1.7582771425163286e-05,5.919001820882161,61.97907953674307,-0.62,-7855.557
123,04,-2.3728384267512105e-05,-15.711892689005532,62.36782957411343,1.12,-3099.6519
124,05,-3.2913617601255e-05,-32.404015432706444,43.15242019264416,-0.26,3781.5784
127,08,-3.0036708770112647e-05,-17.0266568734774,43.458151734339296,-0.57,12074.6875
128,09,-2.1827326350689368e-05,-6.781363076782227,44.02462579022247,-0.57,8475.995
132,01,-9.708490018202875e-06,23.531725362798216,54.619796854420386,0.19,-12844.756
133,02,-1.709957590030951e-05,31.83555304718018,59.52337883048256,1.55,-9895.977
134,03,-1.7018775953137494e-05,2.372058311872584,47.98838851665681,1.31,-6735.0576
135,04,-2.7999317039636173e-05,-19.276666238742408,46.732171709169286,-0.67,-2522.2915
136,05,-3.125298669270236e-05,-34.3688931694441,36.06377147361027,-1.27,2809.483
137,06,-3.068480971400681e-05,-23.63770078192817,52.16888050745726,0.57,8573.419
138,07,-3.559518055198981e-05,-33.07448882301904,37.832517702871755,0.02,12551.766
139,08,-2.897321149455781e-05,-28.290339532667595,47.590817581110095,-0.24,12521.357
140,09,-2.7407515947157255e-05,-3.6402964202880854,48.108384553693405,-1.44,8059.869
142,11,-1.0645134954231454e-05,8.876481322224937,54.38112868225972,-0.15,-2582.1301
143,12,-1.0178729378000547e-05,19.264495642221096,49.02194799312469,-0.78,-7594.459
144,01,-9.804670876438911e-06,24.167181801416536,38.86062395377826,0.92,-11703.702
145,02,-6.996622216688376e-06,0.507544446309408,46.996895068120395,0.15,-12315.396
147,04,-2.5889148811054637e-05,-18.50936585184733,50.20018549894757,-0.86,-2466.9395
148,05,-2.5811937759284265e-05,-33.066711107479634,47.67298183366304,-2.66,3443.588
149,06,-2.987989489524302e-05,-20.686577268473304,57.62339900992447,-1.45,9086.8125
150,07,-3.606362330103894e-05,-12.26554677852508,46.37869990175771,-0.86,12238.002
151,08,-2.9805839779475068e-05,-22.79464663072811,38.70661156831249,0.05,12694.63
152,09,-2.1833397036001162e-05,-8.548686426798504,39.4321560544822,0.48,7895.7666
153,10,-2.004618059737534e-05,2.17344532234438,45.307421456006274,-1.63,3312.1836
154,11,-1.4646135411648073e-05,14.444811823866104,60.08639300202131,0.49,-4207.0254
155,12,-7.654158530845394e-06,17.942148733159545,42.031411531264894,-1.3,-9289.266
156,01,-5.988280283046514e-06,9.900324605634134,41.55076964045469,-0.54,-12531.456
157,02,-7.568776633878318e-06,10.513905402874128,42.596786469010105,-0.19,-12028.262
158,03,-1.6743815379482177e-05,3.675611719931326,56.535387553599556,-0.08,-8791.991
159,04,-2.3724830210206465e-05,-12.979907084147134,60.15185276207658,0.04,-4363.9287
160,05,-3.502280750303383e-05,-18.415903687507882,37.98684394011575,0.53,3241.2324
161,06,-3.339920427913765e-05,-25.873405965508358,43.36981476617124,-0.31,7441.916
162,07,-3.3542465003026134e-05,-26.574038988010855,46.61348771423679,-1.23,11186.626
164,09,-2.5466491539959356e-05,-1.4094354346381297,48.6797681992597,-0.22,7625.882
165,10,-1.9484351597922247e-05,1.9587082073252686,58.379234332862715,-2.36,1694.9924
167,12,-8.425528942156701e-06,11.411874493342573,45.69198678764476,-0.05,-8434.889
171,04,-2.191761210872048e-05,-4.539731902737087,59.59964808656376,-1.08,-4906.335
172,05,-3.0932743489659034e-05,-26.541132331437964,51.168041845343446,-0.68,1784.1017
174,07,-3.3366269429406925e-05,-23.52127023184171,53.23872095220833,-1.41,12297.297
177,10,-1.798888249350155e-05,2.3637267239478326,43.9463890340828,-1.13,1833.6475
178,11,-1.1587640056374466e-05,-1.8295716874864363,52.225245416957804,-0.77,-4292.0283
179,12,-9.250304196792702e-06,31.236705364924607,64.63241229699248,0.43,-9247.295
181,02,-9.681430163471391e-06,-2.9269207930791947,54.97462990093799,0.83,-12540.582
183,04,-2.4481364455176743e-05,-15.54007357143826,53.21672202842236,0.05,-3736.4443
184,05,-2.8615912740195944e-05,-19.306992470361852,50.8592781971834,0.79,2239.1377
185,06,-3.390126228795352e-05,-22.424498955281575,49.86442946763436,0.74,8979.592
187,08,-3.527003988845888e-05,-15.806742182249662,41.714041907468136,0.75,12601.264
188,09,-2.649383951805552e-05,-2.2674784339057075,50.77799905458556,-0.79,8963.541
189,10,-1.8016295581522476e-05,4.47270425086893,52.33998963107474,-0.9,2787.185
192,01,-1.2804497735976505e-05,25.385474410518523,57.77612080058489,0.09,-11718.837
193,02,-1.271823695051786e-05,20.178666164579848,60.9734689490412,1.03,-11478.157
194,03,-2.219248033328259e-05,-0.5256330294045062,56.57506640008187,-2.46,-7884.832
195,04,-2.3056703787511248e-05,-15.611610607231992,48.9374839578549,-1.71,-3944.283
196,05,-3.3250014936618425e-05,-29.631465932538433,52.844916530618114,0.06,2252.9956
197,06,-3.44918315846169e-05,-24.446217814466692,49.08188772321145,-1.84,8485.655
198,07,-3.591561413959817e-05,-25.92438248894804,39.340810654867084,-0.8,11769.016
199,08,-3.331847033315239e-05,-31.29434137422295,33.68999910253863,-2.09,12210.307
200,09,-2.6222378082234683e-05,-4.395296908230251,54.09243484116659,-0.37,7541.9854
201,10,-1.4566836962311297e-05,5.514771194293934,41.310020164710224,0.53,2364.2507
202,11,-1.3042386322538529e-05,9.068964893934462,58.53600206141338,-1.35,-4072.901
203,12,-8.991161045966975e-06,-5.598886509064706,48.51484771922968,0.57,-10603.412
204,01,-7.460320452180465e-06,-0.4728464959257379,45.67560021059616,-0.53,-12526.898
205,02,-7.544903639281147e-06,5.38362545916678,55.18347650017959,-1.12,-11493.564
206,03,-1.2827322511164368e-05,-10.990242480862525,51.72073062135199,-0.65,-8985.96
207,04,-2.0502408365953464e-05,-21.604367342122394,58.54018084150156,-0.69,-5146.172
208,05,-2.4253428110207234e-05,-26.022296560964275,51.92535755428705,-0.38,2886.5205
209,06,-2.8253365109311642e-05,-38.732165323215064,41.61192797080808,-0.53,9005.214
211,08,-2.9903093116464793e-05,-15.358725825155936,42.33743624172287,-0.08,12887.822
212,09,-2.534073391895315e-05,-7.00570699428982,43.673043699496326,-0.95,7047.492
213,10,-1.7171301486478214e-05,8.106230379494288,51.02844809201841,0.49,1746.117
214,11,-1.4551765714713837e-05,14.46901237657335,58.72207561985916,1.38,-3677.4644
215,12,-8.836182103413613e-06,1.1414017176474303,51.832999992789766,-1.52,-9283.65
216,01,-3.583592048936e-06,-1.2817189340899076,35.36421269791357,-0.13,-12705.612
217,02,-9.97768289436776e-06,28.48145621345157,61.04910012837534,1.06,-12117.16
218,03,-1.2413017713795421e-05,-3.0697627356744577,49.8996438915832,0.27,-8815.455
219,04,-2.201332183204714e-05,-17.60772253417969,50.15108422283994,-1.91,-4046.354
220,05,-3.085946982284968e-05,-22.07697987414944,55.658551038389554,0.61,2038.6667
221,06,-3.476727682935032e-05,-20.254541469319665,56.16686724849277,-0.75,7800.712
222,07,-3.376502295814329e-05,-20.43258258581674,48.29218798171063,-0.41,12153.801
223,08,-3.064838395117496e-05,-15.397676236060358,39.11490551742816,0.18,12442.303
224,09,-2.7053925191669103e-05,-10.968042353990342,40.873450344501606,-0.81,7757.556
225,10,-2.0736059433235615e-05,1.8364669255082322,46.07108195983722,-1.5,1916.2721
226,11,-1.1372840429430654e-05,5.54297788119846,52.451002673839106,0.92,-5212.508
228,01,-1.1099072907757458e-05,24.386054642872143,54.87726956107148,0.14,-12759.9375
229,02,-7.893391973560764e-06,12.879144769577753,54.623768248409036,1.33,-11562.004
230,03,-1.582076560769428e-05,4.910139277304372,64.38913835901599,0.49,-8239.48
231,04,-2.2395207648413717e-05,-10.670934447903104,67.35853829729425,2.39,-2426.1655
232,05,-3.182257207745645e-05,-20.036693252071256,51.31070372274871,-1.25,3858.839
235,08,-3.4686337675251e-05,-19.754633603331865,40.27667498864153,1.31,13803.779
236,09,-2.4247977624205914e-05,0.3736279635959201,55.41774919654528,0.17,8392.98
237,10,-2.3367591303340108e-05,14.50471792602539,57.49670259841796,0.71,3217.841
238,11,-1.186565926222506e-05,4.6568576497395835,50.09492808050447,0.11,-5568.4883
239,12,-8.802920268002493e-06,22.454611907630838,51.308709990082264,0.67,-9035.926
240,01,-9.430198710966792e-06,24.63400003675235,61.44896206574927,-0.27,-11368.662
241,02,-1.079772392194216e-05,13.779260249546594,59.85849182345754,-1.64,-11215.859
242,03,-1.3397230129969535e-05,-0.9194605676794566,60.6708199271861,-2.01,-9510.763
244,05,-3.422614240797327e-05,-20.88572949317194,50.723297991629586,0.41,3472.163
245,06,-3.759346314859108e-05,-24.964019442409946,49.104056137108806,0.13,8769.684
246,07,-3.775679561435789e-05,-20.12216363230059,34.70881050790896,0.48,13166.226
247,08,-3.318467006672979e-05,-13.657699137697938,45.50563225292391,-0.27,11941.082
248,09,-2.59650643648355e-05,-3.5717024329291456,50.26974016195536,1.07,8122.0938
249,10,-2.1588807777500546e-05,5.981483147405809,48.24640764357326,-0.16,2167.7744
250,11,-1.3179962080519347e-05,12.654008286878799,52.50058610761298,-1.02,-3790.4136
253,02,-1.2230161100386137e-05,18.65321454909752,54.35344561065067,0.41,-12816.964
254,03,-1.4517082142339604e-05,-0.5979741453765541,58.83941007500695,-0.68,-9468.416
255,04,-2.355722367422762e-05,-12.813957029554578,60.681698268123455,0.33,-2871.486
256,05,-3.550879427684679e-05,-19.147158501081563,47.704144963514416,0.2,2914.6099
259,08,-3.0941285219664524e-05,-19.063545700565466,39.65101154342005,-0.21,13310.332
260,09,-2.4486756719630248e-05,-2.020394458007812,56.817002186003,-0.14,8215.745
261,10,-2.1893689024856883e-05,11.235235126454343,57.40779917159772,1.22,1750.4869
262,11,-1.5146696185204038e-05,20.892512133110895,68.07071139411661,0.64,-5208.507
264,01,-6.723928980547147e-06,14.384707934964087,53.25762820807451,1.53,-12957.772
265,02,-9.421481274265325e-06,7.153048214503697,61.79020408172125,-0.39,-12687.554
266,03,-1.3063552253355424e-05,-6.242824222359606,58.59238742218351,1.23,-9060.527
267,04,-2.4765318735565716e-05,-15.737299090576174,60.65160554169682,0.65,-2407.1753
268,05,-3.372209000100225e-05,-25.790908090242777,45.58359570831253,0.33,3697.1287
269,06,-3.303585196628976e-05,-31.827683939954966,48.06642211600013,-0.14,8351.773
270,07,-3.6646507612448495e-05,-24.41304970722813,43.035889669943884,0.67,12999.473
271,08,-3.349079792080317e-05,-13.273838911159066,49.470468634774605,1.83,13162.826
272,09,-2.8629883362433853e-05,-3.361749937269423,60.89090815499625,-0.98,8138.718
273,10,-1.872843477780094e-05,15.499699002173642,52.0420637966638,1.16,2234.036
274,11,-1.4045017091525046e-05,9.019137569173179,50.75557469189433,-0.62,-4269.291
275,12,-9.904081011676856e-06,14.487402564920403,52.82181985401466,-0.89,-9468.134
276,01,-6.60295483731882e-06,23.604068570044735,51.65779350411636,1.68,-11355.187
277,02,-1.6342577849974034e-05,27.257544948032923,61.67323920420096,1.43,-10196.592
278,03,-1.718439095667989e-05,-2.8514695644583754,52.573686629964456,0.63,-8675.759
279,04,-2.4829810814864887e-05,-14.182246478949653,49.20558492463959,-0.19,-1720.3091
280,05,-3.0134792006426703e-05,-17.31557953963741,52.31226475243542,0.15,2643.422
281,06,-3.5836119472898846e-05,-20.466573669433593,50.7506326838851,1.65,8081.4795
282,07,-3.594073215623134e-05,-17.96138944137737,48.60045512300026,0.67,13498.461
284,09,-2.726855740998468e-05,-6.606480073716904,41.46046437310777,-1.87,8707.914
285,10,-2.2813934475604865e-05,5.003235001430717,55.25826176021304,0.7,655.6201
286,11,-9.433203981300014e-06,10.082439758300783,57.335292302331666,0.67,-6333.793
287,12,-9.155090198257839e-06,-0.601292420089886,52.83887711868107,0.62,-11327.078
288,01,-7.996820467572737e-06,16.024269751435966,52.92226850532075,1.11,-12386.193
291,04,-2.383696288773839e-05,-17.2942943037245,47.44735419490735,-0.54,-3039.7854
292,05,-3.0977665722578726e-05,-19.48317038226384,57.695412786129985,1.73,3941.8984
293,06,-3.491794925367785e-05,-29.63445593295627,48.58540389312637,1.31,8064.014
294,07,-3.637924248004731e-05,-25.786057973554062,44.12265574810709,1.26,13240.736
296,09,-2.437035215904568e-05,-12.497950702243381,40.21523504180775,0.75,8964.877
297,10,-2.1305207502659715e-05,-2.352458050143333,49.86598729915773,-1.89,2276.3413
298,11,-8.746191556262298e-06,13.336127873399521,55.471923015075255,0.98,-2974.7788
301,02,-1.1818901434843997e-05,12.780648606925178,58.06078212638148,0.32,-12070.656
302,03,-1.5225630396960167e-05,1.0669384965794064,50.376974003080406,1.21,-6933.7603
304,05,-2.847669872224737e-05,-31.81054322043798,50.857990436966695,-1.18,3053.794
305,06,-3.421590459786078e-05,-30.121984181382924,54.56608841220009,0.67,8656.699
306,07,-3.5823426863228845e-05,-21.040274605699764,48.61712288511441,-0.23,12273.809
308,09,-3.09724094837697e-05,1.3779368174235027,41.60773183429904,0.09,9225.821
311,12,-6.509792311736683e-06,12.651209838210898,41.13814304297201,-1.19,-8502.582
312,01,-1.0532949036563073e-05,27.835473567839585,50.62756816835045,-1.77,-10855.469
313,02,-1.0796667724878803e-05,1.9850640389578682,54.967533898224424,-1.96,-11005.818
314,03,-1.2645556585016247e-05,2.2825399281491516,62.992716266741034,0.95,-9801.297
315,04,-2.402455134354872e-05,-12.38321820203993,55.9102142579476,1.54,-2400.151
316,05,-3.3327865934669755e-05,-23.83920729967343,52.369123788558014,1.03,2669.0618
317,06,-3.715115132452208e-05,-30.632264646063906,50.84424858076307,-1.6,8319.639
319,08,-3.320200081173924e-05,-14.21000237282374,41.28222914207624,0.56,12864.357
320,09,-2.545146969718593e-05,-6.704652192857532,39.75358392157654,1.44,9653.522
321,10,-1.7187334372416657e-05,10.538457600583316,41.694871458662455,0.57,3523.7808
322,11,-1.4535249143672345e-05,9.326381112670902,61.63253474075529,-0.36,-3245.774
323,12,-9.12172876785682e-06,14.485518746324761,56.37181309181387,-1.22,-10132.26
326,03,-1.3873502668170125e-05,-4.782673361173239,59.930227692120816,-0.68,-8612.024
327,04,-2.37631702343909e-05,-18.782449027506512,53.65862876264652,1.07,-2645.9424
329,06,-3.4785863751151034e-05,-27.11431088460287,44.96967633606062,0.02,10048.729
330,07,-3.3670624993676266e-05,-35.11209074615151,34.7803111832411,0.83,12965.067
331,08,-3.203818718891423e-05,-14.970106861073484,56.166526000266416,-0.52,12903.453
332,09,-2.4569920312832332e-05,-1.9050392035590278,48.50952039943403,1.82,8801.104
333,10,-2.0357669840078775e-05,8.929626497002058,49.91160704086961,0.66,2239.7773
334,11,-1.6638314112929544e-05,21.698549422539603,51.20864173750348,1.68,-3405.8843
335,12,-1.1844671387852061e-05,21.158474252352146,51.61357204472506,1.0,-9115.529
336,01,-1.3167410284109127e-05,32.71415653975292,54.798027210791915,1.51,-10303.291
338,03,-1.969343553138324e-05,2.858439688077537,50.951221448258686,0.21,-7305.4917
339,04,-2.5420359923575438e-05,-23.728481532796227,35.425640993569964,-1.23,-3837.1792
340,05,-3.1186685044343005e-05,-23.42358186127037,55.67473245647261,1.01,3200.8892
341,06,-3.458860908376663e-05,-19.802041976589628,51.81401281598541,0.55,8739.565
342,07,-4.0491175616739144e-05,-14.380545316962786,51.51913973191349,-0.03,11966.779
343,08,-3.430768915528969e-05,-11.902402343421853,46.669440629773256,0.07,12762.684
344,09,-2.677926907070085e-05,-2.246240928141275,48.58724766878287,-0.52,9127.611
345,10,-1.4836711174446523e-05,-1.5530790907336818,46.4751422240952,-0.33,3276.6372
347,12,-9.103623443880553e-06,18.67049515623687,44.72693699303237,-0.12,-9060.502
348,01,-9.98381483742544e-06,30.50790186531313,59.32570013750177,-0.35,-11631.688
349,02,-9.733829621899499e-06,11.488472740085646,43.235250111784055,0.47,-11778.012
350,03,-2.0140387961912898e-05,4.352542552004578,67.29393991330491,0.16,-7488.657
351,04,-2.446588194630345e-05,-15.287676639472116,50.48518859204715,0.88,-1643.0706
352,05,-3.326288808405293e-05,-18.37616691179173,46.32872357566895,-0.85,2196.3948
353,06,-3.476253857051133e-05,-32.52892781643338,47.80475471985869,0.85,8944.25
354,07,-3.577182100015043e-05,-18.878891244211506,53.425692884929724,0.85,12836.008
355,08,-3.3834556450724496e-05,-9.036356891591062,49.02626591384924,-0.08,11954.13
356,09,-2.5189189388381943e-05,-2.5223080678304033,46.95382839618127,-0.3,8282.629
357,10,-1.8222273044254205e-05,6.518695762716314,54.30898137165141,0.08,3258.517
358,11,-1.2143508331428165e-05,12.723418456013999,55.05112889809742,-0.89,-3669.941
359,12,-6.623100362498576e-06,8.910789440196046,51.189781416840454,-1.44,-7715.0796
360,01,-6.219402897665034e-06,13.638463789416898,56.756673166043,1.13,-11196.977
361,02,-6.55127283612057e-06,7.2258432279314295,62.426701213981424,-0.72,-10695.363
362,03,-1.4006747319585248e-05,0.15545269151913163,60.10794240493287,-1.34,-7132.698
365,06,-3.4585202314802804e-05,-32.20444840494791,47.13420631794532,-1.05,8004.124
366,07,-3.995988693131167e-05,-23.939954596078525,46.67216465320125,0.33,11899.592
367,08,-3.326769469126164e-05,-18.63527480389995,42.41847231385144,1.85,12266.721
368,09,-2.396435872586961e-05,-8.675344586181641,43.626415080409586,0.59,8914.574
370,11,-1.3997967538165946e-05,28.005924584282763,63.3120259418408,1.48,-4010.138
371,12,-8.896478755051119e-06,9.686923075029926,62.37685010996686,0.93,-10757.054
372,01,-6.091251291421628e-06,2.9262350808420488,60.36061479552843,0.38,-12024.861
373,02,-7.65345504045659e-06,5.717629487900508,61.53230691539674,1.25,-12888.117
374,03,-1.4227020407356234e-05,-0.1344084672825314,56.345688745778084,1.23,-8856.621
375,04,-2.4690822054900404e-05,-20.66956467929416,50.227940069592,0.09,-3177.8567
376,05,-2.827942739082006e-05,-27.387183430333288,51.416537502500645,-1.39,3390.73
377,06,-3.182083758476639e-05,-35.711798379855686,43.71565713060168,0.34,9437.798
378,07,-3.4407490462771055e-05,-31.11366353779454,49.13440625845617,1.8,14092.795
379,08,-3.27152816781925e-05,-15.088779016966459,50.057286181364006,1.17,13826.802
380,09,-2.3803562745282155e-05,-1.7829848341200085,47.799041656389505,0.55,8412.801
381,10,-1.8914465963579488e-05,8.677334267236855,54.52403665949838,-0.78,1764.1202
382,11,-1.1904203317903414e-05,4.708053307088217,64.34552551558414,0.24,-3270.738
383,12,-7.738160395268594e-06,4.967533013128466,56.59717789244652,-0.49,-8100.154
384,01,-4.432973011169315e-06,15.641597058367989,49.85520389962581,-1.31,-12111.283
385,02,-7.274441715534998e-06,7.353929252261208,64.81677477946593,0.41,-11335.705
386,03,-1.235675504704564e-05,-6.3443144091534345,43.386579177287324,-0.77,-8806.641
387,04,-2.5035789431644346e-05,-14.869033695136176,49.48712501599656,-0.59,-3809.9795
389,06,-3.4230032604055946e-05,-25.01744469502767,49.43961729888122,-0.22,8483.952
390,07,-3.7348723895911946e-05,-18.427609645064162,51.34294977803511,0.41,13268.012
391,08,-3.274760770019843e-05,-10.64563058373236,50.85391145080519,1.04,12518.675
393,10,-1.916051529891168e-05,8.726722329416583,41.10612051369683,-0.28,2789.9988
394,11,-8.12447487300637e-06,7.208228931681314,45.10324230610001,-0.09,-4231.976
396,01,-9.557997748420493e-06,23.492998173539362,55.985124487241116,-1.76,-11772.07
397,02,-6.941694202459045e-06,2.77444112036694,54.92825397600388,-1.73,-12334.298
398,03,-1.1845709033173812e-05,-9.130659757880753,42.53471919810516,-0.64,-8241.523
399,04,-2.412122515035865e-05,-15.116672309705946,65.52592149374486,-0.28,-2513.1372
400,05,-3.2719707248821014e-05,-19.41600187732328,54.71462800888861,0.52,4406.045
401,06,-3.633841799156573e-05,-15.284035491265191,54.862410076340026,-0.11,9047.619
402,07,-3.9630504535585143e-05,-18.105863085346844,55.33667580591222,1.02,13742.713
403,08,-3.664081436780238e-05,-14.530181596981583,48.63167088847007,1.36,13323.444
405,10,-1.749340033099435e-05,6.576196681525118,62.883388684188155,-0.32,2447.1604
406,11,-9.782895505729057e-06,13.286790387301977,48.36725960095062,1.15,-3641.9277
408,01,-7.079607454118081e-06,9.77005108642578,59.36599973937003,0.88,-12101.173
409,02,-9.82560560788399e-06,1.2790957768758144,54.799641565576906,0.14,-11211.748
410,03,-1.6003138249269338e-05,-14.11737674147083,62.83003596656937,-0.24,-8768.807
411,04,-2.0434202846445263e-05,-16.983018215264217,45.651346360141694,1.31,-2562.5715
412,05,-2.7662325821888435e-05,-23.158452428017892,56.92952051083376,0.14,4283.874
414,07,-3.405638901301333e-05,-27.630988150319745,40.32137145659744,0.63,13326.511
416,09,-2.475842662511746e-05,-8.054260448540582,49.65095689521101,-0.57,8693.619
417,10,-1.765674730958508e-05,13.677036990258001,51.31546706972713,1.39,3188.0405
418,11,-1.2026654228591521e-05,13.685960133870443,60.59634180396663,0.09,-2642.1284
419,12,-9.44601224512954e-06,28.97793200421077,55.46996279250422,1.2,-8301.347
420,01,-8.580053124215514e-06,22.96357862870411,63.49304372530727,1.37,-12812.279
421,02,-1.1990748406116751e-05,26.598223410470148,61.15281964255657,2.23,-11509.156
422,03,-1.6731313326227373e-05,-1.3453218475669946,47.843510205716214,0.92,-9034.911
423,04,-2.3883861623916246e-05,-16.521862002224392,58.86005653639768,0.52,-3061.2307
424,05,-3.2321809314922687e-05,-17.350711201329386,63.11191008513332,0.38,4420.7935
425,06,-3.645346474101341e-05,-28.120134918891054,43.231891095406475,-1.03,9407.377
427,08,-3.5946427165531874e-05,-15.756697428713563,51.75170243226714,0.75,13149.238
430,11,-1.0089955154782932e-05,6.784489759657117,59.376273723493675,0.43,-4742.036
431,12,-1.0581146033268115e-05,22.95546643394552,54.273882943514856,-0.59,-8280.354
432,01,-9.2527426375611e-06,26.340960131573418,62.63006211892765,1.11,-10165.887
433,02,-8.153189459681882e-06,8.31590086110433,48.93550452213628,-0.04,-10018.691
434,03,-1.5915630637317265e-05,-1.6360386480515998,44.90566300547765,1.2,-7059.9214
435,04,-2.4346638547669703e-05,-22.934988667466907,50.17846367060873,0.88,-2737.9585
436,05,-3.070366395367009e-05,-25.76910455847299,53.73915812349191,0.71,3146.487
437,06,-3.477750818122634e-05,-31.860220404391814,46.7203716229452,1.06,9365.496
438,07,-3.7615658574522775e-05,-25.170489753641114,45.05531850020347,0.22,12414.02
439,08,-3.326061218056918e-05,-12.586229408838417,52.3345120203854,1.08,13566.624
440,09,-2.5603061031688413e-05,-1.6679924726698132,46.654843129608366,0.15,9804.531
441,10,-1.3186316454061119e-05,-1.463842040031187,51.45971762442205,0.22,2586.4924
442,11,-1.4898132296588707e-05,27.46974549831814,55.57987919455502,1.55,-2264.9165
443,12,-8.385574634596725e-06,33.275967709449034,59.292129598577816,3.14,-8112.2866
444,01,-9.004527324929857e-06,20.359526514525058,60.00615774854665,1.01,-12870.084
447,04,-2.7581765115751797e-05,-20.820068422105575,57.557788026644126,0.97,-3255.1958
448,05,-3.16294027814815e-05,-19.310568396455505,50.32535560724812,0.22,4114.124
449,06,-3.356170396635004e-05,-23.02242342732747,60.87640379265148,0.41,9909.41
450,07,-3.758493633006676e-05,-22.269790681900524,47.74635748879372,1.82,14240.916
451,08,-3.3272750999810424e-05,-17.014684508621052,43.397001161080546,2.08,14512.238
452,09,-2.4645985519115736e-05,-7.889081433783638,37.34792189491059,3.48,9749.486
454,11,-1.1750765303218536e-05,10.89123139716254,54.5964946256227,-0.45,-3803.925
455,12,-4.447676278540448e-06,15.633635981405934,42.93341399640295,0.87,-8541.2705
456,01,-6.416161365773257e-06,12.223324068787278,48.97643718384928,-1.15,-10726.533
457,02,-8.18821650381367e-06,12.903916228158135,62.959067062718525,0.58,-10781.11
458,03,-1.5800369091061108e-05,2.527072602630943,59.88884960889175,1.03,-7273.5625
459,04,-2.5679135762624757e-05,-26.331729773288306,46.84454056873057,-0.62,-3119.0933
460,05,-2.9667726341906155e-05,-25.198657173730993,56.839670298081565,0.54,3436.6196
461,06,-3.566179110415154e-05,-31.36642959594727,52.944568701901716,2.03,8265.721
463,08,-3.333480648354688e-05,-12.395997953681537,44.035043613662005,2.02,13471.255
464,09,-2.5415033401845397e-05,-5.530321179199219,52.86381167994076,1.58,8930.543
465,10,-2.0550294828412475e-05,15.281469091599986,50.30405073937036,0.62,3271.058
466,11,-1.2597567349661808e-05,15.910226154920792,53.90823562632401,0.12,-3027.8882
467,12,-7.748080553331723e-06,20.40142875687794,63.311030514205655,-0.5,-8135.541
468,01,-8.493993727101315e-06,23.796599253992884,55.116003269850566,0.55,-10330.596
472,05,-3.631899526441482e-05,-17.44638056798135,47.40056218499266,-0.07,4272.0
473,06,-3.447691067930363e-05,-33.33076165534125,39.74884000571834,-0.54,9003.565
474,07,-3.4126774513620195e-05,-44.31138712696363,36.16823902212164,2.36,15106.447
475,08,-3.324744642680256e-05,-25.59706884437479,43.61733073811633,1.82,13774.894
476,09,-2.7110998255941223e-05,-4.088550005425346,48.59134079140956,0.15,9786.5
477,10,-1.717439320385384e-05,2.0582064438686585,44.893768001867876,-0.39,2782.6707
478,11,-1.049799736220949e-05,11.533768935139973,58.11769115721252,0.32,-3961.6387
479,12,-7.425197422547768e-06,21.47761040308142,53.53903508252609,1.44,-8714.879
481,02,-8.232899953890454e-06,13.675333238874163,51.283400613031226,-0.12,-10532.555
485,06,-3.9525050331051005e-05,-23.208365014648436,47.86380608810849,1.28,9537.92
486,07,-3.625940142692049e-05,-31.74150496025496,48.734570516079984,0.08,13064.644
487,08,-3.404563471354698e-05,-17.337182702177312,41.57153246440298,1.93,13311.264
488,09,-2.6543087166161665e-05,-4.24653964674208,45.73786681658825,2.19,9486.845
489,10,-1.8569231195137014e-05,10.235854191605762,54.45598049366731,0.67,4062.586
491,12,-8.260583359534854e-06,25.078029959073632,56.60606037604423,0.81,-8691.0
494,03,-1.9840231885472768e-05,-1.8349693298339842,46.56073982853019,-0.11,-5201.938
496,05,-2.995519203009721e-05,-45.04488896819084,46.51938461271666,0.06,3355.3953
498,07,-3.552329937512147e-05,-24.55973527871409,49.31133174363516,0.46,13863.192
501,10,-1.848353834580477e-05,14.114419966174706,59.132486595437086,-0.23,3860.812
502,11,-1.0186800306089735e-05,15.631692754109702,47.969248177954896,0.05,-2151.135
503,12,-6.893300624729055e-06,15.732371215492165,60.65007041392917,-0.8,-9339.474
504,01,-7.860778656987515e-06,14.34612370152627,66.80461903254064,-0.04,-11174.652
505,02,-9.005972841740524e-06,9.622026147751583,54.51137783175566,1.22,-10597.995
506,03,-1.5948935392546162e-05,-0.9029574194467195,53.47545231677126,-0.18,-5825.1436
507,04,-2.588563685021654e-05,-27.98602328389486,47.86236142485672,0.31,-472.28888
509,06,-3.7502937650666964e-05,-26.38411481492784,47.88007799596918,1.02,10203.5205
510,07,-3.6336240956178925e-05,-19.074829963273896,48.14752719921964,2.16,14986.652
511,08,-3.444879628501263e-05,-12.903870650096605,45.419211714576655,1.08,14142.713
512,09,-2.3354238802332672e-05,-7.743464881388346,41.71682162190013,1.7,9564.34
514,11,-1.0072340758698473e-05,9.36498726196289,49.88987413275507,-0.91,-3076.1865
