,month,MER,MSSHF,RH,UW,SCA
0,01,-7.186377549426466e-06,5.464709561255669,62.6901256937955,8.566814722819995,0.53
1,02,-7.399999772068052e-06,2.729709174746558,52.295623941567676,5.242820933818818,0.19
3,04,-2.191347909663616e-05,-15.59233038906521,62.41300571294825,5.253018767907886,0.22
5,06,-3.330413338050373e-05,-22.16353809509278,52.028707694198026,5.934494112353855,0.19
6,07,-3.0671342559486147e-05,-22.637875941122733,53.00265082314577,13.328552245519495,-1.45
7,08,-2.8487004876296853e-05,-12.56110269165039,50.14281140049425,9.79633006227145,0.38
8,09,-2.3132900744369383e-05,-4.023202255249023,42.3501046719922,12.264388197920056,-1.41
9,10,-1.6345863611966567e-05,2.642213581372333,56.92965585534547,4.59894328461924,1.26
11,12,-1.207531024335357e-05,24.691616260159407,64.98245628347064,15.22025654595898,0.35
12,01,-5.795284385228985e-06,8.867661568262244,49.01821534482766,5.114125808059528,0.44
13,02,-7.359469057738698e-06,6.865867059466484,53.581606617508264,7.856037982940672,0.82
14,03,-1.4070489600584629e-05,-6.186828353717764,55.02083505403355,7.28385072402544,1.27
15,04,-2.282624180893941e-05,-17.872287172783746,48.97103869282801,0.1369029037899443,0.62
17,06,-3.014735746900341e-05,-26.066622504679362,62.37913317463399,6.837710131094192,0.32
18,07,-3.1905643976779664e-05,-14.025872309859079,48.67037434149174,7.28260863685608,0.63
19,08,-3.1051088017916934e-05,-11.540256553403795,47.008779259716306,13.212725781204876,-1.35
20,09,-2.365392635981859e-05,-3.0327022542317708,42.946886476458445,12.575276836034986,-0.14
21,10,-2.1172643707369163e-05,7.590982919672484,58.4636376896443,13.979145259652089,-1.17
22,11,-1.4279194747299093e-05,14.235161112806532,54.54851769668525,8.777663723097907,-0.4
23,12,-7.873070872231058e-06,26.063403682913826,61.380955716897084,13.964713369225944,-1.51
25,02,-8.991757432514056e-06,2.888394768487839,50.11619150138895,4.826553443431854,0.59
26,03,-1.2076194787720939e-05,11.89821663673975,73.37905685201383,13.306958838185956,-0.87
27,04,-2.2320882245185202e-05,-19.334173597547743,50.02077896680037,2.920826218308343,-1.34
28,05,-3.0310256707952082e-05,-17.47440350473055,59.34436809112436,4.588270763663836,1.42
29,06,-3.0904296795920855e-05,-15.787571440294057,51.69619375912348,11.143315948295594,-1.07
31,08,-2.8741253340065727e-05,-19.03508228654759,42.77699926753197,7.685691989857664,-0.05
32,09,-2.269007780640903e-05,-3.5648343312581385,46.85175361700852,8.593244362915888,-0.06
33,10,-2.174942796122078e-05,9.781940688922843,60.93410625634399,16.650438065046906,-1.35
34,11,-1.4328458308167076e-05,19.586548003133142,54.57233108670976,17.251836509937714,-0.69
35,12,-7.687594037497059e-06,8.885675470167591,67.75924336626196,9.12891215738686,-0.47
37,02,-7.864293709969517e-06,5.468580898829869,51.56958197040644,2.3612015480768114,0.73
38,03,-1.6001877676116956e-05,1.792558938959594,55.95160838729334,6.721166247665241,0.72
39,04,-2.3437909088230905e-05,-21.874123499891493,46.11000325809585,4.110112059911092,-1.57
42,07,-3.416977696542745e-05,-21.999847670688425,39.2781192299025,2.935726840890864,0.39
43,08,-3.1963929242763654e-05,-15.790871219429917,46.55304641459066,12.161826806775984,-0.5
44,09,-2.1331834113273846e-05,-6.238656323920356,43.43915766518911,11.304056086709762,-0.3
45,10,-1.6551261839878706e-05,3.491510892150223,54.79260846710333,6.952388475377072,1.47
47,12,-1.0313162028783104e-05,17.753608460457098,55.75187243828721,13.39048569564409,-0.28
48,01,-1.1369238679367056e-05,31.70380508160335,51.86229076744793,23.507062125913563,-1.33
49,02,-1.1685804688698098e-05,2.732715975443522,46.129101684696614,-0.6980405422619412,0.47
50,03,-1.3839232150540515e-05,-0.5926843497983868,57.115805566785156,13.265807060569843,-0.52
51,04,-2.090864053300013e-05,-10.60586452026367,65.75529212030038,9.872940920575457,1.24
52,05,-2.6606813441591635e-05,-11.409518621957432,66.050863289825,6.826091371003018,1.48
53,06,-3.6603149109497395e-05,-25.008415187242296,46.266101067479454,7.4451282612482705,-0.55
55,08,-2.6941880611302234e-05,-27.08358682743196,31.77761535606461,0.022965281558293076,-0.44
56,09,-2.725831751290065e-05,0.9693071214463977,44.86737590899468,17.08183361146715,0.06
57,10,-2.1395454446465794e-05,12.186390243366201,47.91972020449689,17.807696523379256,-1.87
59,12,-8.522425015388596e-06,21.808005747805364,57.410435429080856,13.30256360898992,-1.87
60,01,-1.1848107099418698e-05,28.771229348787696,56.9102486772409,17.3053938906885,-0.46
61,02,-9.682757584759485e-06,6.4267875001403105,47.08914505602986,1.374231495539348,1.31
62,03,-1.3818876191033916e-05,-6.2181760956138685,56.610379949503034,1.7070786961791335,1.46
63,04,-2.3066575134180317e-05,-21.124448284233942,53.13685258980724,2.0456456870185007,1.51
64,05,-2.301351515928619e-05,-21.276121071107926,61.30564291210714,-3.17149069710188,0.98
65,06,-3.0384449369921637e-05,-25.249517172580298,53.14751710217263,7.471991460397509,0.03
66,07,-3.052118788760435e-05,-16.333257173927887,51.58020934386151,9.1474737645221,-0.72
67,08,-2.8069958612225798e-05,-17.017802792784988,42.472240740586344,2.872892107502107,1.24
68,09,-2.2138291550658728e-05,-0.809648367987739,66.94727416271104,10.311384230168663,-0.38
69,10,-1.5594664512004833e-05,12.420039781796033,52.5519555827328,15.485334654428625,-0.3
70,11,-1.2000811908506469e-05,17.20852971835666,62.11537896577253,10.336642698266768,1.13
71,12,-7.343828446024142e-06,12.754345215500043,59.86620702467682,8.305007507467783,2.84
72,01,-6.201572312694294e-06,7.789162023728894,59.71689801232405,3.3671332889679944,0.41
73,02,-7.646551471441942e-06,-7.170963860648018,49.17462651499538,5.9333629534131,-0.2
77,06,-3.090711121482552e-05,-17.990251360066733,61.34983533646531,9.56488656516605,0.11
79,08,-3.3271033724499884e-05,-4.3656862228557625,49.79625837316948,15.87532358626909,0.25
81,10,-1.5745955748394817e-05,1.4800897167574978,41.847355274659336,3.9228212014475177,0.37
84,01,-1.0488508364736625e-05,25.802121266682942,67.17732922877546,14.171719384019092,0.16
85,02,-9.105866422227595e-06,-15.737989101954868,41.279925076501705,-5.740575921649026,0.94
86,03,-1.09558865346488e-05,2.199697240357758,53.96111336709735,11.289218418552027,1.15
87,04,-1.9242588071877733e-05,-14.953707265557181,61.57429541588492,5.863026918029785,0.39
88,05,-3.1224375424332516e-05,-18.680161248648037,54.14751819698144,12.02608065945615,0.14
89,06,-3.5890827366468634e-05,-24.274000357055662,43.53411597645681,3.068294317224291,1.4
90,07,-3.000731417455182e-05,-30.125119514383297,48.19723509739805,12.281629657273651,-1.95
92,09,-2.1116000810717296e-05,-5.870355172729491,52.886519872754164,13.824011871359083,-2.04
93,10,-1.7202233669146365e-05,6.4104873591597356,48.62927366667281,15.84836222144096,-1.69
94,11,-1.2770530823662637e-05,20.62896745435927,57.76803370095226,15.672534009382458,0.15
97,02,-5.771432554432804e-06,6.824847212655203,67.52644709656069,7.183116704645611,-0.52
98,03,-1.3287096029671374e-05,-5.803373095440609,55.151999684815046,8.146193476933306,1.03
99,04,-2.2575659647211267e-05,-11.442104777696397,52.015024873095086,4.7397296148724015,0.66
100,05,-2.791426425801057e-05,-28.103053294192083,60.924986691195485,5.088691424010902,-1.4
101,06,-2.8837502824555686e-05,-20.989433822292757,61.5306473079814,12.883800532786049,0.32
103,08,-3.0242934917310693e-05,-13.572054321945357,50.633880177582476,13.210910544979956,-1.65
104,09,-2.5696148892024614e-05,-3.969099077690972,51.22118268649578,18.18680549267663,-1.01
106,11,-1.2423982501220758e-05,8.69252590874566,58.77474638277293,6.046647794045342,0.36
107,12,-5.659096497726741e-06,10.619382738339004,50.16868590621025,10.722129596197476,-1.38
108,01,-9.400724827868036e-06,23.76198229324177,64.8158600401199,14.951265936513103,0.72
110,03,-1.4791143874625109e-05,4.141464673442225,71.63935923557511,13.992932746682113,0.49
111,04,-2.4692344382775542e-05,-22.74501348402235,55.09817502149212,6.067272683482699,-0.96
112,05,-3.182606770285695e-05,-15.882362545546664,52.83810746537357,2.950671381858087,0.85
113,06,-2.7714982728361462e-05,-28.63852083367242,47.29024293223089,-0.37918123620351224,1.93
114,07,-3.385038605679304e-05,-9.511822006717805,59.07058047961163,15.473679856002972,0.81
115,08,-3.211179117533902e-05,-13.866469908683532,47.473473327189375,13.94590260669749,-0.19
118,11,-1.0307503538792339e-05,7.8851572241889105,46.36847800110711,9.089208542802597,-1.75
119,12,-7.866494279115095e-06,20.208327730240367,52.71666673100892,12.202970729561263,-1.98
121,02,-1.1993180484209699e-05,15.243881237211681,52.799659086113884,16.366795333748772,-1.14
123,04,-2.3728384267512105e-05,-15.711892689005532,62.36782957411343,5.260100383440654,1.96
124,05,-3.2913617601255e-05,-32.404015432706444,43.15242019264416,6.0320307345851765,-1.85
125,06,-3.3498540398290464e-05,-35.047065074327264,55.710710440916486,4.440140065659417,0.78
126,07,-3.3625666249610085e-05,-27.510599928661055,42.19065745926929,6.757328301583567,0.2
128,09,-2.1827326350689368e-05,-6.781363076782227,44.02462579022247,2.8825163167741565,0.59
129,10,-1.9913688146604526e-05,14.103063629806684,48.60193847477949,14.940329161633727,-0.65
130,11,-1.311930024130561e-05,7.912713109334308,43.72629240063826,6.5622522730721355,0.89
131,12,-7.719866410816296e-06,20.033501539989185,45.286219627095804,13.531202857314899,-1.58
132,01,-9.708490018202875e-06,23.531725362798216,54.619796854420386,17.500156613913916,0.16
133,02,-1.709957590030951e-05,31.83555304718018,59.52337883048256,22.9481457257952,-1.68
136,05,-3.125298669270236e-05,-34.3688931694441,36.06377147361027,5.1684694324001175,0.74
138,07,-3.559518055198981e-05,-33.07448882301904,37.832517702871755,11.827403479811963,-0.79
140,09,-2.7407515947157255e-05,-3.6402964202880854,48.108384553693405,12.827943298954434,-0.21
141,10,-1.8407037761653066e-05,10.48773665069252,49.92561818830045,8.42830417339776,1.22
143,12,-1.0178729378000547e-05,19.264495642221096,49.02194799312469,5.829736719623688,-0.15
146,03,-1.2629808311264428e-05,-0.5304674036169569,53.76618897918476,5.395416858201385,0.92
147,04,-2.5889148811054637e-05,-18.50936585184733,50.20018549894757,5.61995390847524,-0.86
148,05,-2.5811937759284265e-05,-33.066711107479634,47.67298183366304,0.8872901309023614,-1.53
150,07,-3.606362330103894e-05,-12.26554677852508,46.37869990175771,6.619193799377769,-0.51
151,08,-2.9805839779475068e-05,-22.79464663072811,38.70661156831249,11.01385874016054,-0.28
152,09,-2.1833397036001162e-05,-8.548686426798504,39.4321560544822,9.955680732430352,-1.37
153,10,-2.004618059737534e-05,2.17344532234438,45.307421456006274,4.971583007299772,0.18
154,11,-1.4646135411648073e-05,14.444811823866104,60.08639300202131,11.738773440445796,0.02
155,12,-7.654158530845394e-06,17.942148733159545,42.031411531264894,8.257994727001396,0.01
156,01,-5.988280283046514e-06,9.900324605634134,41.55076964045469,3.217538565153716,-0.02
157,02,-7.568776633878318e-06,10.513905402874128,42.596786469010105,11.67841455961644,-0.03
158,03,-1.6743815379482177e-05,3.675611719931326,56.535387553599556,12.80877443896058,0.41
159,04,-2.3724830210206465e-05,-12.979907084147134,60.15185276207658,11.795587993537051,0.32
160,05,-3.502280750303383e-05,-18.415903687507882,37.98684394011575,3.870598782180457,-0.67
161,06,-3.339920427913765e-05,-25.873405965508358,43.36981476617124,-2.726851222144233,2.34
162,07,-3.3542465003026134e-05,-26.574038988010855,46.61348771423679,10.104954804943455,-1.03
163,08,-3.290884278264643e-05,-13.404264240552024,52.83446418771308,17.78341034901527,-1.24
164,09,-2.5466491539959356e-05,-1.4094354346381297,48.6797681992597,9.088945560031467,1.59
165,10,-1.9484351597922247e-05,1.9587082073252686,58.379234332862715,6.554792054104549,-0.08
166,11,-1.321692710625939e-05,23.694389510769323,50.96693710040848,20.914857090568542,-0.73
167,12,-8.425528942156701e-06,11.411874493342573,45.69198678764476,8.596278399949433,-0.18
168,01,-9.715480358609446e-06,34.39173987899288,57.42208674485646,24.59790798663068,-1.29
169,02,-8.449411843078754e-06,-1.1622854381742926,41.2482318814184,2.4115948096456985,0.06
170,03,-1.4966802825774622e-05,-6.011914413616221,42.24266758934657,6.541541600606773,-0.1
172,05,-3.0932743489659034e-05,-26.541132331437964,51.168041845343446,3.497821047116352,1.49
173,06,-3.281592492067931e-05,-24.277929318237305,46.836056776909025,9.25905919657813,-0.48
174,07,-3.3366269429406925e-05,-23.52127023184171,53.23872095220833,13.991837543220932,-0.18
175,08,-3.234485571499712e-05,-11.285276480397874,49.79429166342623,14.445863279670796,-0.63
176,09,-2.2725771390226628e-05,-2.4448908416748045,57.50485973500145,4.56495947757297,1.18
178,11,-1.1587640056374466e-05,-1.8295716874864363,52.225245416957804,2.3298814604229396,1.9
179,12,-9.250304196792702e-06,31.236705364924607,64.63241229699248,20.999137792648806,-0.04
180,01,-8.814763398506955e-06,28.086010490499522,59.814965074129006,17.509481018681676,-0.24
182,03,-1.5868986940443404e-05,12.424105568506382,56.25959003628518,25.385559077929432,-0.72
183,04,-2.4481364455176743e-05,-15.54007357143826,53.21672202842236,5.804787655745612,0.4
184,05,-2.8615912740195944e-05,-19.306992470361852,50.8592781971834,4.769940718599545,0.52
185,06,-3.390126228795352e-05,-22.424498955281575,49.86442946763436,12.548458471997579,-1.54
186,07,-3.466171150601792e-05,-32.442688338413035,36.16844127948567,4.388184303857946,0.6
187,08,-3.527003988845888e-05,-15.806742182249662,41.714041907468136,12.279929775791784,0.5
188,09,-2.649383951805552e-05,-2.2674784339057075,50.77799905458556,9.422944353548688,-0.02
189,10,-1.8016295581522476e-05,4.47270425086893,52.33998963107474,9.331117238485684,-1.33
190,11,-8.92097842036795e-06,12.752254605102538,55.27824593100681,10.65475141023,-0.53
191,12,-1.093666692604627e-05,22.757288210632986,53.902280609893545,16.48587201194353,1.35
192,01,-1.2804497735976505e-05,25.385474410518523,57.77612080058489,14.218067233526579,-0.09
193,02,-1.271823695051786e-05,20.178666164579848,60.9734689490412,20.19777915863764,-2.08
194,03,-2.219248033328259e-05,-0.5256330294045062,56.57506640008187,14.015041863861907,-0.32
195,04,-2.3056703787511248e-05,-15.611610607231992,48.9374839578549,8.932633039940727,-0.98
196,05,-3.3250014936618425e-05,-29.631465932538433,52.844916530618114,9.018692946013585,-0.35
197,06,-3.44918315846169e-05,-24.446217814466692,49.08188772321145,4.274826041094461,1.69
198,07,-3.591561413959817e-05,-25.92438248894804,39.340810654867084,7.295851527121759,-0.36
200,09,-2.6222378082234683e-05,-4.395296908230251,54.09243484116659,5.966960947651334,0.22
201,10,-1.4566836962311297e-05,5.514771194293934,41.310020164710224,12.37252014750819,0.69
202,11,-1.3042386322538529e-05,9.068964893934462,58.53600206141338,6.407606474367777,-0.25
203,12,-8.991161045966975e-06,-5.598886509064706,48.51484771922968,2.4333651795746185,-0.89
204,01,-7.460320452180465e-06,-0.4728464959257379,45.67560021059616,1.658294647544943,2.86
205,02,-7.544903639281147e-06,5.38362545916678,55.18347650017959,4.37647370480943,-0.22
206,03,-1.2827322511164368e-05,-10.990242480862525,51.72073062135199,1.0527366366232593,2.15
207,04,-2.0502408365953464e-05,-21.604367342122394,58.54018084150156,4.561729153993395,1.24
208,05,-2.4253428110207234e-05,-26.022296560964275,51.92535755428705,9.13497221109944,0.36
209,06,-2.8253365109311642e-05,-38.732165323215064,41.61192797080808,9.433004859309726,-0.33
210,07,-3.142641031134248e-05,-27.054918192217425,49.82263012584947,10.088768128179733,-1.59
211,08,-2.9903093116464793e-05,-15.358725825155936,42.33743624172287,2.895004055515413,2.93
212,09,-2.534073391895315e-05,-7.00570699428982,43.673043699496326,0.038807996008131576,1.03
213,10,-1.7171301486478214e-05,8.106230379494288,51.02844809201841,10.03043698339565,0.4
214,11,-1.4551765714713837e-05,14.46901237657335,58.72207561985916,12.736440114508735,0.01
215,12,-8.836182103413613e-06,1.1414017176474303,51.832999992789766,4.368369198132585,-0.19
218,03,-1.2413017713795421e-05,-3.0697627356744577,49.8996438915832,12.954594367386195,-1.33
219,04,-2.201332183204714e-05,-17.60772253417969,50.15108422283994,7.54457913983663,-2.44
220,05,-3.085946982284968e-05,-22.07697987414944,55.658551038389554,8.545581844842562,-0.66
221,06,-3.476727682935032e-05,-20.254541469319665,56.16686724849277,3.493047113927205,1.64
222,07,-3.376502295814329e-05,-20.43258258581674,48.29218798171063,6.435511002550844,2.61
224,09,-2.7053925191669103e-05,-10.968042353990342,40.873450344501606,12.051192799843681,-1.42
225,10,-2.0736059433235615e-05,1.8364669255082322,46.07108195983722,11.233670121797948,-2.17
226,11,-1.1372840429430654e-05,5.54297788119846,52.451002673839106,4.724241298357645,1.42
228,01,-1.1099072907757458e-05,24.386054642872143,54.87726956107148,9.809003644122871,0.59
229,02,-7.893391973560764e-06,12.879144769577753,54.623768248409036,14.813645704178581,-0.56
230,03,-1.582076560769428e-05,4.910139277304372,64.38913835901599,11.045111331426973,-0.05
233,06,-3.4082233544055876e-05,-13.138249787733287,60.09514157660935,13.012940218522813,-1.02
234,07,-3.6390916169732936e-05,-13.917790471887077,46.5719772114318,15.677108238486833,-1.63
235,08,-3.4686337675251e-05,-19.754633603331865,40.27667498864153,14.429789518274287,-2.19
237,10,-2.3367591303340108e-05,14.50471792602539,57.49670259841796,15.000559230353243,-0.49
238,11,-1.186565926222506e-05,4.6568576497395835,50.09492808050447,7.878285733710395,-0.37
239,12,-8.802920268002493e-06,22.454611907630838,51.308709990082264,12.782658350072886,-0.95
240,01,-9.430198710966792e-06,24.63400003675235,61.44896206574927,16.481189683155343,-0.01
242,03,-1.3397230129969535e-05,-0.9194605676794566,60.6708199271861,9.409900608575471,1.68
243,04,-2.54553507465769e-05,-17.42901027967665,53.24983413987689,5.066782274542914,-0.25
244,05,-3.422614240797327e-05,-20.88572949317194,50.723297991629586,8.779698450191047,-1.28
246,07,-3.775679561435789e-05,-20.12216363230059,34.70881050790896,6.7905215421697145,-0.01
247,08,-3.318467006672979e-05,-13.657699137697938,45.50563225292391,8.883778229928788,-0.39
248,09,-2.59650643648355e-05,-3.5717024329291456,50.26974016195536,5.929397126367357,1.24
249,10,-2.1588807777500546e-05,5.981483147405809,48.24640764357326,9.68599304804238,0.81
250,11,-1.3179962080519347e-05,12.654008286878799,52.50058610761298,4.796225587866042,-0.39
251,12,-1.3700721242369786e-05,27.986750325848984,63.54783165261822,19.86696872741945,-0.34
252,01,-6.553396535759588e-06,18.42038040095504,45.80448549491872,10.353726586782804,-1.02
253,02,-1.2230161100386137e-05,18.65321454909752,54.35344561065067,19.062788032948287,-1.16
254,03,-1.4517082142339604e-05,-0.5979741453765541,58.83941007500695,9.49542429823516,-0.92
255,04,-2.355722367422762e-05,-12.813957029554578,60.681698268123455,4.805695806566875,0.34
256,05,-3.550879427684679e-05,-19.147158501081563,47.704144963514416,6.9489958812139365,0.27
257,06,-3.750390542944741e-05,-27.016546727159287,42.780413097916714,14.330717013740538,-1.14
259,08,-3.0941285219664524e-05,-19.063545700565466,39.65101154342005,11.04517762957337,-0.11
260,09,-2.4486756719630248e-05,-2.020394458007812,56.817002186003,7.933719080649483,1.42
261,10,-2.1893689024856883e-05,11.235235126454343,57.40779917159772,12.005480048866684,1.07
263,12,-1.1904006665214989e-05,20.81303864280127,63.79751548051194,12.820332980145691,0.94
264,01,-6.723928980547147e-06,14.384707934964087,53.25762820807451,6.1000643886237995,1.45
265,02,-9.421481274265325e-06,7.153048214503697,61.79020408172125,11.07230871765954,-0.07
266,03,-1.3063552253355424e-05,-6.242824222359606,58.59238742218351,13.09184503670149,-0.53
270,07,-3.6646507612448495e-05,-24.41304970722813,43.035889669943884,8.167003860658214,0.57
272,09,-2.8629883362433853e-05,-3.361749937269423,60.89090815499625,7.402657788870068,0.45
273,10,-1.872843477780094e-05,15.499699002173642,52.0420637966638,14.544020690487276,1.32
274,11,-1.4045017091525046e-05,9.019137569173179,50.75557469189433,7.708632052760654,-2.06
275,12,-9.904081011676856e-06,14.487402564920403,52.82181985401466,5.938569107137702,0.68
276,01,-6.60295483731882e-06,23.604068570044735,51.65779350411636,13.556759391107867,-0.7
277,02,-1.6342577849974034e-05,27.257544948032923,61.67323920420096,20.7849390369824,-1.61
278,03,-1.718439095667989e-05,-2.8514695644583754,52.573686629964456,12.162814038861184,-0.39
279,04,-2.4829810814864887e-05,-14.182246478949653,49.20558492463959,2.687068967501322,0.94
281,06,-3.5836119472898846e-05,-20.466573669433593,50.7506326838851,14.10018485385047,-0.43
283,08,-3.0240783373966385e-05,-12.41071590333344,52.640142950275894,0.3693177606316022,1.22
285,10,-2.2813934475604865e-05,5.003235001430717,55.25826176021304,15.801558265091272,0.06
288,01,-7.996820467572737e-06,16.024269751435966,52.92226850532075,7.2308413329791,-0.51
289,02,-9.213011075579354e-06,1.6289639434814458,40.65915042115535,-2.7782855909211293,1.55
290,03,-1.4304734281419465e-05,-4.024482163624097,45.80751552796749,5.931675549784015,-0.36
291,04,-2.383696288773839e-05,-17.2942943037245,47.44735419490735,1.776840329636468,0.9
292,05,-3.0977665722578726e-05,-19.48317038226384,57.695412786129985,13.447643165608888,-0.67
293,06,-3.491794925367785e-05,-29.63445593295627,48.58540389312637,15.360014124997457,-0.77
294,07,-3.637924248004731e-05,-25.786057973554062,44.12265574810709,7.717995313931539,1.01
295,08,-3.1032737283929096e-05,-31.771135562691633,39.36124998163152,10.79600291262391,-1.31
296,09,-2.437035215904568e-05,-12.497950702243381,40.21523504180775,8.71134063267178,-0.13
297,10,-2.1305207502659715e-05,-2.352458050143333,49.86598729915773,5.868036298526231,-0.62
298,11,-8.746191556262298e-06,13.336127873399521,55.471923015075255,9.657236481560602,1.51
300,01,-8.992702947169514e-06,20.66453995308825,64.87525535803712,12.400445861242154,-0.25
301,02,-1.1818901434843997e-05,12.780648606925178,58.06078212638148,8.718364602428743,-0.14
302,03,-1.5225630396960167e-05,1.0669384965794064,50.376974003080406,5.864473087290283,1.12
304,05,-2.847669872224737e-05,-31.81054322043798,50.857990436966695,3.692849372720206,-1.53
305,06,-3.421590459786078e-05,-30.121984181382924,54.56608841220009,13.141829840681288,-1.26
306,07,-3.5823426863228845e-05,-21.040274605699764,48.61712288511441,11.099155380125966,-0.5
307,08,-3.442271008691844e-05,-10.630728795861687,53.4802156332962,7.505057596555321,0.55
308,09,-3.09724094837697e-05,1.3779368174235027,41.60773183429904,12.613644289016724,-0.21
310,11,-1.219442167142309e-05,8.63346869269477,52.650442458646836,7.877422987598844,-0.97
311,12,-6.509792311736683e-06,12.651209838210898,41.13814304297201,9.412742538349605,0.13
312,01,-1.0532949036563073e-05,27.835473567839585,50.62756816835045,13.787942452297413,-0.36
313,02,-1.0796667724878803e-05,1.9850640389578682,54.967533898224424,-0.5147282207352782,0.74
314,03,-1.2645556585016247e-05,2.2825399281491516,62.992716266741034,6.881408927343225,-0.69
315,04,-2.402455134354872e-05,-12.38321820203993,55.9102142579476,5.966150120883517,0.17
316,05,-3.3327865934669755e-05,-23.83920729967343,52.369123788558014,12.497400639995453,-1.49
317,06,-3.715115132452208e-05,-30.632264646063906,50.84424858076307,10.793446467632718,-0.44
318,07,-3.409394384040644e-05,-23.561669685609886,47.80977541725482,6.903388320861324,0.68
320,09,-2.545146969718593e-05,-6.704652192857532,39.75358392157654,6.048352263323466,-0.5
321,10,-1.7187334372416657e-05,10.538457600583316,41.694871458662455,6.321603889998569,0.48
322,11,-1.4535249143672345e-05,9.326381112670902,61.63253474075529,8.41573143863678,0.49
323,12,-9.12172876785682e-06,14.485518746324761,56.37181309181387,6.250331046853014,0.94
324,01,-6.5253165958961526e-06,7.280853728591756,43.42763289413273,-1.198527814270348,2.11
326,03,-1.3873502668170125e-05,-4.782673361173239,59.930227692120816,8.711972299124605,-0.66
327,04,-2.37631702343909e-05,-18.782449027506512,53.65862876264652,13.231339445326062,-0.11
329,06,-3.4785863751151034e-05,-27.11431088460287,44.96967633606062,6.44561336379581,-0.11
330,07,-3.3670624993676266e-05,-35.11209074615151,34.7803111832411,5.194669483061761,-0.66
331,08,-3.203818718891423e-05,-14.970106861073484,56.166526000266416,5.139944788245744,1.89
332,09,-2.4569920312832332e-05,-1.9050392035590278,48.50952039943403,7.6637080093383805,0.45
333,10,-2.0357669840078775e-05,8.929626497002058,49.91160704086961,11.764139995021203,1.22
334,11,-1.6638314112929544e-05,21.698549422539603,51.20864173750348,16.657310976600645,-0.45
335,12,-1.1844671387852061e-05,21.158474252352146,51.61357204472506,13.276590780688874,-0.04
336,01,-1.3167410284109127e-05,32.71415653975292,54.798027210791915,20.381366841223937,-2.33
337,02,-9.635896793779033e-06,12.227102448962983,62.05461917357218,11.984527422791432,0.54
338,03,-1.969343553138324e-05,2.858439688077537,50.951221448258686,3.589432570611277,0.53
339,04,-2.5420359923575438e-05,-23.728481532796227,35.425640993569964,3.3506547569486838,-1.32
340,05,-3.1186685044343005e-05,-23.42358186127037,55.67473245647261,10.869236741629978,0.42
341,06,-3.458860908376663e-05,-19.802041976589628,51.81401281598541,5.424472069888645,1.05
342,07,-4.0491175616739144e-05,-14.380545316962786,51.51913973191349,13.94707431110259,-0.2
343,08,-3.430768915528969e-05,-11.902402343421853,46.669440629773256,6.611389506945046,-0.13
344,09,-2.677926907070085e-05,-2.246240928141275,48.58724766878287,8.22912563188341,-0.53
345,10,-1.4836711174446523e-05,-1.5530790907336818,46.4751422240952,4.005545213678831,-0.16
346,11,-1.4172945336880124e-05,15.984315191311307,55.0159122577058,10.173234992345176,-0.81
347,12,-9.103623443880553e-06,18.67049515623687,44.72693699303237,6.526885977427164,0.43
348,01,-9.98381483742544e-06,30.50790186531313,59.32570013750177,20.154622732100943,0.46
349,02,-9.733829621899499e-06,11.488472740085646,43.235250111784055,12.265323426432992,-0.21
351,04,-2.446588194630345e-05,-15.287676639472116,50.48518859204715,7.088551215807597,0.18
352,05,-3.326288808405293e-05,-18.37616691179173,46.32872357566895,0.6533463385182041,0.53
353,06,-3.476253857051133e-05,-32.52892781643338,47.80475471985869,12.328733485349018,-0.15
354,07,-3.577182100015043e-05,-18.878891244211506,53.425692884929724,7.46280018252711,1.33
355,08,-3.3834556450724496e-05,-9.036356891591062,49.02626591384924,13.036809177316645,-0.28
356,09,-2.5189189388381943e-05,-2.5223080678304033,46.95382839618127,4.18150704068078,1.16
357,10,-1.8222273044254205e-05,6.518695762716314,54.30898137165141,13.949120030803067,-0.97
358,11,-1.2143508331428165e-05,12.723418456013999,55.05112889809742,9.143233898650275,-0.71
359,12,-6.623100362498576e-06,8.910789440196046,51.189781416840454,3.3564824344881106,0.38
360,01,-6.219402897665034e-06,13.638463789416898,56.756673166043,4.487606855351436,0.06
361,02,-6.55127283612057e-06,7.2258432279314295,62.426701213981424,6.029134575253441,0.53
362,03,-1.4006747319585248e-05,0.15545269151913163,60.10794240493287,9.182660163920414,-0.51
363,04,-2.2896213735516033e-05,-13.763160278998479,44.90089633327524,-0.685411971897549,-0.12
364,05,-3.152253704363203e-05,-24.89160391596312,50.72287625494953,12.152716374838224,0.38
365,06,-3.4585202314802804e-05,-32.20444840494791,47.13420631794532,8.964238966602748,0.27
366,07,-3.995988693131167e-05,-23.939954596078525,46.67216465320125,12.934066957371208,-1.13
369,10,-1.8213049179844e-05,4.716025361748153,49.256211021474606,10.755346892162034,-0.74
370,11,-1.3997967538165946e-05,28.005924584282763,63.3120259418408,16.328244664086235,0.82
371,12,-8.896478755051119e-06,9.686923075029926,62.37685010996686,7.806057778881443,0.86
372,01,-6.091251291421628e-06,2.9262350808420488,60.36061479552843,4.086005965673795,1.23
373,02,-7.65345504045659e-06,5.717629487900508,61.53230691539674,8.026179726691472,1.04
374,03,-1.4227020407356234e-05,-0.1344084672825314,56.345688745778084,6.929926506247573,-0.4
376,05,-2.827942739082006e-05,-27.387183430333288,51.416537502500645,6.36290959364368,0.47
377,06,-3.182083758476639e-05,-35.711798379855686,43.71565713060168,5.184164862230089,-0.55
378,07,-3.4407490462771055e-05,-31.11366353779454,49.13440625845617,10.114219836901592,0.79
379,08,-3.27152816781925e-05,-15.088779016966459,50.057286181364006,11.199890485086746,-0.3
380,09,-2.3803562745282155e-05,-1.7829848341200085,47.799041656389505,7.507118406274583,0.5
381,10,-1.8914465963579488e-05,8.677334267236855,54.52403665949838,6.946783918237173,0.33
382,11,-1.1904203317903414e-05,4.708053307088217,64.34552551558414,11.954520990626015,-0.08
383,12,-7.738160395268594e-06,4.967533013128466,56.59717789244652,9.098118736759309,0.6
384,01,-4.432973011169315e-06,15.641597058367989,49.85520389962581,7.8899931685950175,-0.24
386,03,-1.235675504704564e-05,-6.3443144091534345,43.386579177287324,6.132339461931618,-0.98
387,04,-2.5035789431644346e-05,-14.869033695136176,49.48712501599656,3.5041900164074367,-0.4
388,05,-3.0008848766624646e-05,-32.62149781881353,48.67582858574712,12.94653068993681,-1.08
389,06,-3.4230032604055946e-05,-25.01744469502767,49.43961729888122,9.191161323695713,-0.57
391,08,-3.274760770019843e-05,-10.64563058373236,50.85391145080519,14.01876132214454,0.24
393,10,-1.916051529891168e-05,8.726722329416583,41.10612051369683,11.441918302064302,-0.27
394,11,-8.12447487300637e-06,7.208228931681314,45.10324230610001,5.92565191201104,0.62
396,01,-9.557997748420493e-06,23.492998173539362,55.985124487241116,15.473656117552068,0.57
400,05,-3.2719707248821014e-05,-19.41600187732328,54.71462800888861,6.590203753809776,-0.58
402,07,-3.9630504535585143e-05,-18.105863085346844,55.33667580591222,9.643338416766094,-0.56
403,08,-3.664081436780238e-05,-14.530181596981583,48.63167088847007,11.868504572201799,0.85
404,09,-2.780254297756781e-05,-4.337274759928387,47.643611919113,13.954834382735358,-0.93
405,10,-1.749340033099435e-05,6.576196681525118,62.883388684188155,14.909538201732023,-0.28
406,11,-9.782895505729057e-06,13.286790387301977,48.36725960095062,12.563796591271297,0.68
407,12,-8.270612005098982e-06,23.135962751162953,68.44660146777348,14.61453167242645,2.0
409,02,-9.82560560788399e-06,1.2790957768758144,54.799641565576906,-1.159094538597833,1.0
410,03,-1.6003138249269338e-05,-14.11737674147083,62.83003596656937,4.0497559374942576,-0.57
411,04,-2.0434202846445263e-05,-16.983018215264217,45.651346360141694,11.989419890530904,-1.1
412,05,-2.7662325821888435e-05,-23.158452428017892,56.92952051083376,2.4006520103946807,0.48
413,06,-3.319209287441886e-05,-26.815010833062065,45.349666944320994,8.969547468270196,0.3
414,07,-3.405638901301333e-05,-27.630988150319745,40.32137145659744,6.063395621740689,-0.03
415,08,-3.2683108437937644e-05,-17.84199171037572,39.46305893081491,9.443083260218303,-0.82
420,01,-8.580053124215514e-06,22.96357862870411,63.49304372530727,12.436592943314585,1.75
421,02,-1.1990748406116751e-05,26.598223410470148,61.15281964255657,13.365070623874661,1.1
423,04,-2.3883861623916246e-05,-16.521862002224392,58.86005653639768,4.371208240678578,-0.66
424,05,-3.2321809314922687e-05,-17.350711201329386,63.11191008513332,4.460978497023224,-0.49
425,06,-3.645346474101341e-05,-28.120134918891054,43.231891095406475,8.551404417122734,0.19
426,07,-3.570791800838603e-05,-18.498887496784167,52.862582088247414,2.4712541101312127,1.56
428,09,-2.0748739615697153e-05,-9.244409510294595,35.08465283191469,4.304754424497816,1.14
430,11,-1.0089955154782932e-05,6.784489759657117,59.376273723493675,5.4755702130211725,1.77
431,12,-1.0581146033268115e-05,22.95546643394552,54.273882943514856,14.305220015987274,-0.4
432,01,-9.2527426375611e-06,26.340960131573418,62.63006211892765,18.644701262320243,-0.18
434,03,-1.5915630637317265e-05,-1.6360386480515998,44.90566300547765,10.029118978069674,0.39
436,05,-3.070366395367009e-05,-25.76910455847299,53.73915812349191,16.856304020481723,-2.15
437,06,-3.477750818122634e-05,-31.860220404391814,46.7203716229452,14.235752619510228,-1.52
438,07,-3.7615658574522775e-05,-25.170489753641114,45.05531850020347,17.498685590497907,-1.11
439,08,-3.326061218056918e-05,-12.586229408838417,52.3345120203854,9.09200456961765,0.87
440,09,-2.5603061031688413e-05,-1.6679924726698132,46.654843129608366,4.154875349871318,1.09
441,10,-1.3186316454061119e-05,-1.463842040031187,51.45971762442205,-0.8720540958937775,0.62
442,11,-1.4898132296588707e-05,27.46974549831814,55.57987919455502,19.895228572103715,-0.4
443,12,-8.385574634596725e-06,33.275967709449034,59.292129598577816,20.310897958140217,0.08
445,02,-1.2519085415486441e-05,14.879537966322628,54.698993667597065,15.577092767211214,-0.54
447,04,-2.7581765115751797e-05,-20.820068422105575,57.557788026644126,10.033905906762017,-0.11
448,05,-3.16294027814815e-05,-19.310568396455505,50.32535560724812,2.073139207963021,1.05
450,07,-3.758493633006676e-05,-22.269790681900524,47.74635748879372,14.40303122233319,-0.7
451,08,-3.3272750999810424e-05,-17.014684508621052,43.397001161080546,12.400393611907957,-0.44
452,09,-2.4645985519115736e-05,-7.889081433783638,37.34792189491059,7.136507175445558,-0.99
453,10,-1.526362983537594e-05,-3.798430909843855,48.34944315867911,3.3976095040639245,1.05
454,11,-1.1750765303218536e-05,10.89123139716254,54.5964946256227,10.592714350276527,-0.06
455,12,-4.447676278540448e-06,15.633635981405934,42.93341399640295,10.629026270692066,-1.18
456,01,-6.416161365773257e-06,12.223324068787278,48.97643718384928,3.00486104214576,0.17
457,02,-8.18821650381367e-06,12.903916228158135,62.959067062718525,8.4660046029545,0.67
458,03,-1.5800369091061108e-05,2.527072602630943,59.88884960889175,12.592574200394331,-1.02
459,04,-2.5679135762624757e-05,-26.331729773288306,46.84454056873057,9.407489323573644,-1.45
460,05,-2.9667726341906155e-05,-25.198657173730993,56.839670298081565,3.779986991472142,0.95
463,08,-3.333480648354688e-05,-12.395997953681537,44.035043613662005,13.987586888959333,-1.57
464,09,-2.5415033401845397e-05,-5.530321179199219,52.86381167994076,8.872825825288562,0.46
465,10,-2.0550294828412475e-05,15.281469091599986,50.30405073937036,16.963595434599025,0.3
468,01,-8.493993727101315e-06,23.796599253992884,55.116003269850566,17.663954543821273,0.44
469,02,-1.1806723732206594e-05,-2.6082788761683875,46.30087924139698,2.6303881119546424,0.43
470,03,-1.3339704251535219e-05,-6.768148279333628,63.03257818707726,5.418887780302315,-0.81
471,04,-2.4140652476206825e-05,-8.481860700141059,60.03202422682047,9.565616241603427,0.32
472,05,-3.631899526441482e-05,-17.44638056798135,47.40056218499266,-1.2031118744265645,1.69
473,06,-3.447691067930363e-05,-33.33076165534125,39.74884000571834,5.857450155003866,-0.77
474,07,-3.4126774513620195e-05,-44.31138712696363,36.16823902212164,3.485621720426826,2.27
475,08,-3.324744642680256e-05,-25.59706884437479,43.61733073811633,11.77572594638537,-1.05
476,09,-2.7110998255941223e-05,-4.088550005425346,48.59134079140956,14.669336867396035,-0.74
478,11,-1.049799736220949e-05,11.533768935139973,58.11769115721252,2.182743043751187,1.89
479,12,-7.425197422547768e-06,21.47761040308142,53.53903508252609,13.274201738193474,1.35
480,01,-8.170035396257738e-06,18.813249751593478,61.34680531404607,7.291034113053352,-0.09
481,02,-8.232899953890454e-06,13.675333238874163,51.283400613031226,10.586008830433798,-0.4
482,03,-1.7898125718357898e-05,7.876527682396675,54.192069970153995,15.248105977909537,-0.93
483,04,-2.786484313502215e-05,-15.88577495863173,41.53150874974462,-1.5698741665522258,2.09
484,05,-2.8741963674400066e-05,-37.081440074305384,54.09692304540707,7.031841904855544,-0.11
485,06,-3.9525050331051005e-05,-23.208365014648436,47.86380608810849,8.609806874932184,-0.16
487,08,-3.404563471354698e-05,-17.337182702177312,41.57153246440298,12.387275987091884,-2.09
489,10,-1.8569231195137014e-05,10.235854191605762,54.45598049366731,17.260129265016122,0.16
490,11,-1.0039879183467646e-05,10.335369747924807,64.20363267016013,4.349684637090895,1.45
493,02,-1.5386156723984276e-05,31.748662168305497,64.97568837541958,24.30691208471101,-2.69
494,03,-1.9840231885472768e-05,-1.8349693298339842,46.56073982853019,8.99767588207286,-0.88
495,04,-2.7043378228700023e-05,-24.0670989525689,35.17819720014996,5.183640297359891,-1.52
496,05,-2.995519203009721e-05,-45.04488896819084,46.51938461271666,10.13006349647686,-2.37
497,06,-3.546342912159163e-05,-30.903872137790252,54.092656515480414,3.432671832127041,0.58
498,07,-3.552329937512147e-05,-24.55973527871409,49.31133174363516,16.479953436000375,-2.29
499,08,-3.48960954878191e-05,-17.491402352609946,46.845165995435046,8.51712136036863,-1.56
500,09,-2.4679065476549213e-05,-6.537764871215822,41.4254565234277,5.957221874258255,-0.47
502,11,-1.0186800306089735e-05,15.631692754109702,47.969248177954896,12.617822023794385,-0.11
503,12,-6.893300624729055e-06,15.732371215492165,60.65007041392917,7.658956028005128,2.33
504,01,-7.860778656987515e-06,14.34612370152627,66.80461903254064,10.133833827295609,0.31
505,02,-9.005972841740524e-06,9.622026147751583,54.51137783175566,11.546674844446638,0.31
507,04,-2.588563685021654e-05,-27.98602328389486,47.86236142485672,6.313839817237854,-1.16
510,07,-3.6336240956178925e-05,-19.074829963273896,48.14752719921964,4.705716874132874,1.48
511,08,-3.444879628501263e-05,-12.903870650096605,45.419211714576655,7.435324650220974,-1.4
514,11,-1.0072340758698473e-05,9.36498726196289,49.88987413275507,6.842058276134069,-0.77
