,month,MER,MSSHF,RH,SH,sst
0,01,-7.186377549426466e-06,5.464709561255669,62.6901256937955,0.00035855482704265606,-207.95848
1,02,-7.399999772068052e-06,2.729709174746558,52.295623941567676,0.0003947880218570064,-252.50815
2,03,-1.408509512223264e-05,7.08405715679866,62.090667984242096,0.00044260006009506144,-260.8578
3,04,-2.191347909663616e-05,-15.59233038906521,62.41300571294825,0.00044040625960559647,-213.90701
4,05,-2.839083756912113e-05,-16.16055940262989,64.02205650719006,0.0007071434940667084,-109.14648
5,06,-3.330413338050373e-05,-22.16353809509278,52.028707694198026,0.0009014931640296304,56.71497
6,07,-3.0671342559486147e-05,-22.637875941122733,53.00265082314577,0.0010329003032600922,208.42657
8,09,-2.3132900744369383e-05,-4.023202255249023,42.3501046719922,0.0009334240310760934,270.54468
9,10,-1.6345863611966567e-05,2.642213581372333,56.92965585534547,0.0009355248356116273,152.00732
10,11,-1.1569333000928361e-05,13.890767045423724,49.679388139549886,0.0005703534181247354,14.15938
11,12,-1.207531024335357e-05,24.691616260159407,64.98245628347064,0.000536514795466784,-112.18805
12,01,-5.795284385228985e-06,8.867661568262244,49.01821534482766,0.0002899667802897751,-208.53497
13,02,-7.359469057738698e-06,6.865867059466484,53.581606617508264,0.0004711822304191866,-261.20862
14,03,-1.4070489600584629e-05,-6.186828353717764,55.02083505403355,0.00038754746073307194,-267.2976
16,05,-2.9285246377967465e-05,-30.998830406271004,47.47244699586335,0.0004922136487145694,-112.850784
17,06,-3.014735746900341e-05,-26.066622504679362,62.37913317463399,0.0008849550965466025,52.226093
18,07,-3.1905643976779664e-05,-14.025872309859079,48.67037434149174,0.0008957915342465621,210.90092
19,08,-3.1051088017916934e-05,-11.540256553403795,47.008779259716306,0.00108178564986637,298.1493
20,09,-2.365392635981859e-05,-3.0327022542317708,42.946886476458445,0.0009669164780382541,262.66214
21,10,-2.1172643707369163e-05,7.590982919672484,58.4636376896443,0.0007849959412277741,139.01102
23,12,-7.873070872231058e-06,26.063403682913826,61.380955716897084,0.0005165828911668244,-121.29999
24,01,-7.860688640385075e-06,20.899533713063885,47.875411116570554,0.000374949257934248,-213.88284
25,02,-8.991757432514056e-06,2.888394768487839,50.11619150138895,0.0003669208622193323,-258.59598
26,03,-1.2076194787720939e-05,11.89821663673975,73.37905685201383,0.0006871956544953496,-264.6566
27,04,-2.2320882245185202e-05,-19.334173597547743,50.02077896680037,0.0005069280005498918,-211.17323
28,05,-3.0310256707952082e-05,-17.47440350473055,59.34436809112436,0.0007153930285222947,-101.06745
31,08,-2.8741253340065727e-05,-19.03508228654759,42.77699926753197,0.0010760535270361797,306.99573
32,09,-2.269007780640903e-05,-3.5648343312581385,46.85175361700852,0.0008672290949221253,276.25922
33,10,-2.174942796122078e-05,9.781940688922843,60.93410625634399,0.0006867919335684071,159.55649
34,11,-1.4328458308167076e-05,19.586548003133142,54.57233108670976,0.0006729366678450485,14.050978
35,12,-7.687594037497059e-06,8.885675470167591,67.75924336626196,0.0004129887476064696,-114.782715
36,01,-5.276928763964617e-06,11.574925520045783,58.01885871766587,0.00046975674859519613,-212.08505
37,02,-7.864293709969517e-06,5.468580898829869,51.56958197040644,0.000443328927262103,-258.01715
38,03,-1.6001877676116956e-05,1.792558938959594,55.95160838729334,0.0003661708261100601,-258.65442
39,04,-2.3437909088230905e-05,-21.874123499891493,46.11000325809585,0.0004928932368082314,-214.1406
41,06,-3.17826830204164e-05,-27.949367026435006,48.16991035015053,0.0008103595633521967,46.930058
42,07,-3.416977696542745e-05,-21.999847670688425,39.2781192299025,0.0009021180810537498,191.92865
43,08,-3.1963929242763654e-05,-15.790871219429917,46.55304641459066,0.0009689928345582772,286.0181
45,10,-1.6551261839878706e-05,3.491510892150223,54.79260846710333,0.000806341602621908,143.2724
46,11,-1.519573135911843e-05,20.401449884033198,56.70156626680825,0.0006367408295191699,7.4661083
49,02,-1.1685804688698098e-05,2.732715975443522,46.129101684696614,0.00024583032542684335,-268.25568
50,03,-1.3839232150540515e-05,-0.5926843497983868,57.115805566785156,0.00048506053711077566,-274.5417
52,05,-2.6606813441591635e-05,-11.409518621957432,66.050863289825,0.0006822573668070693,-108.00355
54,07,-3.282222612492611e-05,-33.091220865229126,44.1499227373741,0.0011865903298230965,190.6018
56,09,-2.725831751290065e-05,0.9693071214463977,44.86737590899468,0.0008300272881937013,269.54034
58,11,-9.367185011372688e-06,10.117007967122396,41.05919099200301,0.0005637446514673988,13.102562
59,12,-8.522425015388596e-06,21.808005747805364,57.410435429080856,0.0005939787194328425,-119.54864
61,02,-9.682757584759485e-06,6.4267875001403105,47.08914505602986,0.0003115679466334117,-267.54123
62,03,-1.3818876191033916e-05,-6.2181760956138685,56.610379949503034,0.00032761467128058087,-272.31088
63,04,-2.3066575134180317e-05,-21.124448284233942,53.13685258980724,0.00045012077381442295,-225.35477
64,05,-2.301351515928619e-05,-21.276121071107926,61.30564291210714,0.00067266253149976,-104.750656
65,06,-3.0384449369921637e-05,-25.249517172580298,53.14751710217263,0.0009127790745715982,54.09247
66,07,-3.052118788760435e-05,-16.333257173927887,51.58020934386151,0.001033779662579662,216.06195
68,09,-2.2138291550658728e-05,-0.809648367987739,66.94727416271104,0.0010072270758296226,272.09888
70,11,-1.2000811908506469e-05,17.20852971835666,62.11537896577253,0.000733812687942615,6.5864534
72,01,-6.201572312694294e-06,7.789162023728894,59.71689801232405,0.00032037616245556873,-219.1311
73,02,-7.646551471441942e-06,-7.170963860648018,49.17462651499538,0.00043289734202582635,-267.34485
74,03,-1.1304150707112197e-05,-2.56875498781922,68.34861116093205,0.00041982346533168605,-269.8766
75,04,-2.3272295822324753e-05,-10.486857863362628,59.37646033687326,0.0005507065881250634,-221.3457
77,06,-3.090711121482552e-05,-17.990251360066733,61.34983533646531,0.0007727630264536654,45.997726
78,07,-3.447742918110781e-05,-15.274860501197074,50.75858460182529,0.0010814784673431896,197.93016
79,08,-3.3271033724499884e-05,-4.3656862228557625,49.79625837316948,0.0009632387406820798,291.07312
80,09,-2.244669017984254e-05,-3.3109654418945316,48.444472670045165,0.0010995125499796714,267.6305
81,10,-1.5745955748394817e-05,1.4800897167574978,41.847355274659336,0.0007476628478483084,152.72708
82,11,-1.5779393952086846e-05,2.730464919026692,53.6031213278585,0.00036442432660848377,13.286172
83,12,-6.748697063030508e-06,22.216181771555252,62.92255071562849,0.0006171308285160469,-119.44972
86,03,-1.09558865346488e-05,2.199697240357758,53.96111336709735,0.000417650180977115,-273.9082
87,04,-1.9242588071877733e-05,-14.953707265557181,61.57429541588492,0.00039568850197150223,-219.38748
88,05,-3.1224375424332516e-05,-18.680161248648037,54.14751819698144,0.0007434592337500871,-106.15332
89,06,-3.5890827366468634e-05,-24.274000357055662,43.53411597645681,0.0008331960368823792,45.48751
90,07,-3.000731417455182e-05,-30.125119514383297,48.19723509739805,0.0010106809674292967,194.73195
91,08,-3.1366839325049225e-05,-20.726613564768147,49.22354232249208,0.0009093863952855494,296.26846
93,10,-1.7202233669146365e-05,6.4104873591597356,48.62927366667281,0.0008042660296969873,143.4166
94,11,-1.2770530823662637e-05,20.62896745435927,57.76803370095226,0.000712386935210562,8.418337
95,12,-1.128779906788603e-05,28.043287035542146,58.52688881322774,0.0005160226476652414,-121.23062
97,02,-5.771432554432804e-06,6.824847212655203,67.52644709656069,0.0005444937176130874,-267.31628
98,03,-1.3287096029671374e-05,-5.803373095440609,55.151999684815046,0.00038326355497387356,-274.0426
99,04,-2.2575659647211267e-05,-11.442104777696397,52.015024873095086,0.0005509123427555208,-229.48376
100,05,-2.791426425801057e-05,-28.103053294192083,60.924986691195485,0.0006231550341834262,-117.58571
101,06,-2.8837502824555686e-05,-20.989433822292757,61.5306473079814,0.0008995023713432398,35.63005
103,08,-3.0242934917310693e-05,-13.572054321945357,50.633880177582476,0.0011241900766090502,276.96417
105,10,-1.9746457593286597e-05,13.28605210072507,59.41998880579267,0.0008929555590629677,141.6886
107,12,-5.659096497726741e-06,10.619382738339004,50.16868590621025,0.0006231452756041871,-122.24549
108,01,-9.400724827868036e-06,23.76198229324177,64.8158600401199,0.0005186993550770137,-213.29701
111,04,-2.4692344382775542e-05,-22.74501348402235,55.09817502149212,0.0005172340481790242,-215.06296
112,05,-3.182606770285695e-05,-15.882362545546664,52.83810746537357,0.0007443033780645266,-101.92055
113,06,-2.7714982728361462e-05,-28.63852083367242,47.29024293223089,0.0008593489899378255,55.23227
114,07,-3.385038605679304e-05,-9.511822006717805,59.07058047961163,0.001171458948932473,213.25398
115,08,-3.211179117533902e-05,-13.866469908683532,47.473473327189375,0.0010266525363930598,300.79172
116,09,-2.5435363158006416e-05,2.907980506727431,49.177534459747214,0.0009323654926211424,265.7889
120,01,-5.490775168401608e-06,12.580168148245866,46.32122026583841,0.0005023698754026696,-208.2475
121,02,-1.1993180484209699e-05,15.243881237211681,52.799659086113884,0.00042497837058714,-251.52486
122,03,-1.7582771425163286e-05,5.919001820882161,61.97907953674307,0.0005982449319345967,-258.33377
123,04,-2.3728384267512105e-05,-15.711892689005532,62.36782957411343,0.0005368266940982721,-203.32999
124,05,-3.2913617601255e-05,-32.404015432706444,43.15242019264416,0.0005949903542140838,-91.51163
125,06,-3.3498540398290464e-05,-35.047065074327264,55.710710440916486,0.0008175972156450774,63.0578
126,07,-3.3625666249610085e-05,-27.510599928661055,42.19065745926929,0.000971569565642772,222.04803
127,08,-3.0036708770112647e-05,-17.0266568734774,43.458151734339296,0.0009896705504082786,316.85126
128,09,-2.1827326350689368e-05,-6.781363076782227,44.02462579022247,0.0009320243816883804,284.89758
129,10,-1.9913688146604526e-05,14.103063629806684,48.60193847477949,0.0008421332443241979,158.6579
130,11,-1.311930024130561e-05,7.912713109334308,43.72629240063826,0.0004454905331929088,20.366816
131,12,-7.719866410816296e-06,20.033501539989185,45.286219627095804,0.00047829752353097696,-107.613266
132,01,-9.708490018202875e-06,23.531725362798216,54.619796854420386,0.0005105691684948654,-199.14258
133,02,-1.709957590030951e-05,31.83555304718018,59.52337883048256,0.0005475542892947997,-248.39668
134,03,-1.7018775953137494e-05,2.372058311872584,47.98838851665681,0.00048062062612102977,-248.12991
136,05,-3.125298669270236e-05,-34.3688931694441,36.06377147361027,0.00042185220914118,-92.681854
137,06,-3.068480971400681e-05,-23.63770078192817,52.16888050745726,0.0008391077614164817,63.257305
138,07,-3.559518055198981e-05,-33.07448882301904,37.832517702871755,0.000870340643866736,225.58539
139,08,-2.897321149455781e-05,-28.290339532667595,47.590817581110095,0.0010727420896216627,317.54233
140,09,-2.7407515947157255e-05,-3.6402964202880854,48.108384553693405,0.0008673468175783354,294.93417
141,10,-1.8407037761653066e-05,10.48773665069252,49.92561818830045,0.0007825079715910818,177.54883
142,11,-1.0645134954231454e-05,8.876481322224937,54.38112868225972,0.0004970781178460824,37.419292
144,01,-9.804670876438911e-06,24.167181801416536,38.86062395377826,0.00029198987653266507,-188.54701
145,02,-6.996622216688376e-06,0.507544446309408,46.996895068120395,0.000305701507385693,-241.88768
149,06,-2.987989489524302e-05,-20.686577268473304,57.62339900992447,0.0007455840776351881,65.262695
151,08,-2.9805839779475068e-05,-22.79464663072811,38.70661156831249,0.0010097339748723264,306.14166
152,09,-2.1833397036001162e-05,-8.548686426798504,39.4321560544822,0.0008007140552823532,275.53955
153,10,-2.004618059737534e-05,2.17344532234438,45.307421456006274,0.0006820325499599374,164.71698
154,11,-1.4646135411648073e-05,14.444811823866104,60.08639300202131,0.0006339337644810405,25.857803
155,12,-7.654158530845394e-06,17.942148733159545,42.031411531264894,0.00046165224257053707,-104.94287
156,01,-5.988280283046514e-06,9.900324605634134,41.55076964045469,0.000437638549289248,-201.46988
157,02,-7.568776633878318e-06,10.513905402874128,42.596786469010105,0.00039763415424268303,-251.26935
158,03,-1.6743815379482177e-05,3.675611719931326,56.535387553599556,0.0004879701252311531,-254.11554
159,04,-2.3724830210206465e-05,-12.979907084147134,60.15185276207658,0.000579528459085648,-208.0315
160,05,-3.502280750303383e-05,-18.415903687507882,37.98684394011575,0.0005439886107167655,-101.37109
162,07,-3.3542465003026134e-05,-26.574038988010855,46.61348771423679,0.0011160113274397768,199.75682
163,08,-3.290884278264643e-05,-13.404264240552024,52.83446418771308,0.0012228114123283905,290.3313
164,09,-2.5466491539959356e-05,-1.4094354346381297,48.6797681992597,0.0008614746787727199,266.90317
165,10,-1.9484351597922247e-05,1.9587082073252686,58.379234332862715,0.0005589232049004094,146.10309
166,11,-1.321692710625939e-05,23.694389510769323,50.96693710040848,0.0005697992317844588,7.044142
167,12,-8.425528942156701e-06,11.411874493342573,45.69198678764476,0.00046205227275860006,-115.95946
169,02,-8.449411843078754e-06,-1.1622854381742926,41.2482318814184,0.00038359931115603885,-251.04506
172,05,-3.0932743489659034e-05,-26.541132331437964,51.168041845343446,0.0007194121543284234,-100.97939
175,08,-3.234485571499712e-05,-11.285276480397874,49.79429166342623,0.0010167660779612973,293.41138
176,09,-2.2725771390226628e-05,-2.4448908416748045,57.50485973500145,0.000888641576060541,265.26886
177,10,-1.798888249350155e-05,2.3637267239478326,43.9463890340828,0.000542134024022548,149.23752
178,11,-1.1587640056374466e-05,-1.8295716874864363,52.225245416957804,0.00047988380124447253,11.19993
180,01,-8.814763398506955e-06,28.086010490499522,59.814965074129006,0.0004701822597394422,-207.59442
181,02,-9.681430163471391e-06,-2.9269207930791947,54.97462990093799,0.0004138276064931533,-251.8342
183,04,-2.4481364455176743e-05,-15.54007357143826,53.21672202842236,0.00040480200442157807,-203.95894
184,05,-2.8615912740195944e-05,-19.306992470361852,50.8592781971834,0.0006858745914348111,-94.00424
185,06,-3.390126228795352e-05,-22.424498955281575,49.86442946763436,0.0010699702445989207,64.03885
187,08,-3.527003988845888e-05,-15.806742182249662,41.714041907468136,0.0008680270261172562,325.2867
188,09,-2.649383951805552e-05,-2.2674784339057075,50.77799905458556,0.0008433525541978978,293.23148
189,10,-1.8016295581522476e-05,4.47270425086893,52.33998963107474,0.0007590626369145407,179.28043
190,11,-8.92097842036795e-06,12.752254605102538,55.27824593100681,0.0008178240753429337,30.097246
191,12,-1.093666692604627e-05,22.757288210632986,53.902280609893545,0.0005556525008313002,-99.020935
193,02,-1.271823695051786e-05,20.178666164579848,60.9734689490412,0.00048809193327531924,-252.6529
194,03,-2.219248033328259e-05,-0.5256330294045062,56.57506640008187,0.00037265990637394303,-257.4032
195,04,-2.3056703787511248e-05,-15.611610607231992,48.9374839578549,0.0005232466899471546,-211.12741
197,06,-3.44918315846169e-05,-24.446217814466692,49.08188772321145,0.0007471122926498033,59.667625
198,07,-3.591561413959817e-05,-25.92438248894804,39.340810654867084,0.001035028367159925,216.98311
199,08,-3.331847033315239e-05,-31.29434137422295,33.68999910253863,0.0008271361476220967,317.7433
200,09,-2.6222378082234683e-05,-4.395296908230251,54.09243484116659,0.0008676720050675714,279.29837
201,10,-1.4566836962311297e-05,5.514771194293934,41.310020164710224,0.0008753650264261328,164.51607
202,11,-1.3042386322538529e-05,9.068964893934462,58.53600206141338,0.0006469659394806109,24.735916
204,01,-7.460320452180465e-06,-0.4728464959257379,45.67560021059616,0.00044037663110958085,-204.06927
205,02,-7.544903639281147e-06,5.38362545916678,55.18347650017959,0.00031412921131322426,-256.98926
206,03,-1.2827322511164368e-05,-10.990242480862525,51.72073062135199,0.0004322530456430366,-261.78552
207,04,-2.0502408365953464e-05,-21.604367342122394,58.54018084150156,0.0005573882549563778,-209.77219
209,06,-2.8253365109311642e-05,-38.732165323215064,41.61192797080808,0.0007725716853643563,59.652004
210,07,-3.142641031134248e-05,-27.054918192217425,49.82263012584947,0.0009566610893040974,213.19531
214,11,-1.4551765714713837e-05,14.46901237657335,58.72207561985916,0.0004943569559801082,15.123066
215,12,-8.836182103413613e-06,1.1414017176474303,51.832999992789766,0.000456995769084828,-108.90991
216,01,-3.583592048936e-06,-1.2817189340899076,35.36421269791357,0.0002965270524839061,-198.7662
220,05,-3.085946982284968e-05,-22.07697987414944,55.658551038389554,0.000691181856834612,-88.538315
221,06,-3.476727682935032e-05,-20.254541469319665,56.16686724849277,0.0008864397704303581,62.78408
223,08,-3.064838395117496e-05,-15.397676236060358,39.11490551742816,0.0010386910332973625,310.7658
224,09,-2.7053925191669103e-05,-10.968042353990342,40.873450344501606,0.0009289264848881631,276.87973
225,10,-2.0736059433235615e-05,1.8364669255082322,46.07108195983722,0.0007064217952702141,156.39935
226,11,-1.1372840429430654e-05,5.54297788119846,52.451002673839106,0.000528491018474924,10.590822
227,12,-9.893875752236308e-06,16.98351939342868,60.12797338394067,0.0005512983522442909,-122.77251
228,01,-1.1099072907757458e-05,24.386054642872143,54.87726956107148,0.00045592296519506595,-212.38626
229,02,-7.893391973560764e-06,12.879144769577753,54.623768248409036,0.000624683462594898,-261.04715
230,03,-1.582076560769428e-05,4.910139277304372,64.38913835901599,0.0006810213565312239,-262.38016
231,04,-2.2395207648413717e-05,-10.670934447903104,67.35853829729425,0.0005132326088525791,-206.02933
233,06,-3.4082233544055876e-05,-13.138249787733287,60.09514157660935,0.001018815234679136,75.4145
234,07,-3.6390916169732936e-05,-13.917790471887077,46.5719772114318,0.0009119439115554566,238.58762
235,08,-3.4686337675251e-05,-19.754633603331865,40.27667498864153,0.0009149996268527415,327.9432
236,09,-2.4247977624205914e-05,0.3736279635959201,55.41774919654528,0.0010404470592029612,287.78644
237,10,-2.3367591303340108e-05,14.50471792602539,57.49670259841796,0.0007692835288216944,174.49693
238,11,-1.186565926222506e-05,4.6568576497395835,50.09492808050447,0.0004236663616776847,29.82131
239,12,-8.802920268002493e-06,22.454611907630838,51.308709990082264,0.0005018636649010024,-103.14893
240,01,-9.430198710966792e-06,24.63400003675235,61.44896206574927,0.0005411838983149154,-193.76688
241,02,-1.079772392194216e-05,13.779260249546594,59.85849182345754,0.0004247924906180526,-244.6951
242,03,-1.3397230129969535e-05,-0.9194605676794566,60.6708199271861,0.000520822167453769,-250.631
243,04,-2.54553507465769e-05,-17.42901027967665,53.24983413987689,0.00045097119342235603,-201.86377
244,05,-3.422614240797327e-05,-20.88572949317194,50.723297991629586,0.0007112033766742989,-86.40375
246,07,-3.775679561435789e-05,-20.12216363230059,34.70881050790896,0.0008227019134094047,228.03714
247,08,-3.318467006672979e-05,-13.657699137697938,45.50563225292391,0.0009116657846986517,323.63177
248,09,-2.59650643648355e-05,-3.5717024329291456,50.26974016195536,0.0010456855732800857,295.57642
249,10,-2.1588807777500546e-05,5.981483147405809,48.24640764357326,0.0006945507025795002,178.18985
250,11,-1.3179962080519347e-05,12.654008286878799,52.50058610761298,0.0005313356323464177,27.991926
251,12,-1.3700721242369786e-05,27.986750325848984,63.54783165261822,0.0004460608781439875,-102.744835
252,01,-6.553396535759588e-06,18.42038040095504,45.80448549491872,0.0004392718665100694,-194.87773
253,02,-1.2230161100386137e-05,18.65321454909752,54.35344561065067,0.0004498816253623835,-251.15285
254,03,-1.4517082142339604e-05,-0.5979741453765541,58.83941007500695,0.0004991599991315802,-254.35777
255,04,-2.355722367422762e-05,-12.813957029554578,60.681698268123455,0.0005945271223715785,-202.47572
256,05,-3.550879427684679e-05,-19.147158501081563,47.704144963514416,0.0006344104929724587,-79.965256
257,06,-3.750390542944741e-05,-27.016546727159287,42.780413097916714,0.0008396627575370277,78.30875
258,07,-3.168135436499142e-05,-21.668345875401656,51.88578506780696,0.0008486174719188665,236.07689
259,08,-3.0941285219664524e-05,-19.063545700565466,39.65101154342005,0.0008177378859400235,327.62616
260,09,-2.4486756719630248e-05,-2.020394458007812,56.817002186003,0.0011746618843225302,294.65576
261,10,-2.1893689024856883e-05,11.235235126454343,57.40779917159772,0.000834898857871064,172.01305
263,12,-1.1904006665214989e-05,20.81303864280127,63.79751548051194,0.0005704053421768659,-108.18317
264,01,-6.723928980547147e-06,14.384707934964087,53.25762820807451,0.00033838884669713326,-204.75525
265,02,-9.421481274265325e-06,7.153048214503697,61.79020408172125,0.00045849606639379885,-251.71118
266,03,-1.3063552253355424e-05,-6.242824222359606,58.59238742218351,0.00043964260734938635,-258.22617
267,04,-2.4765318735565716e-05,-15.737299090576174,60.65160554169682,0.0004324344195720945,-208.60364
268,05,-3.372209000100225e-05,-25.790908090242777,45.58359570831253,0.0006874419770607463,-92.98416
270,07,-3.6646507612448495e-05,-24.41304970722813,43.035889669943884,0.0009577895311687377,236.16283
271,08,-3.349079792080317e-05,-13.273838911159066,49.470468634774605,0.0011785009511229004,324.1949
272,09,-2.8629883362433853e-05,-3.361749937269423,60.89090815499625,0.0008204311439514236,291.53497
274,11,-1.4045017091525046e-05,9.019137569173179,50.75557469189433,0.0006085738384488525,32.34706
275,12,-9.904081011676856e-06,14.487402564920403,52.82181985401466,0.00042967180998163804,-100.89096
279,04,-2.4829810814864887e-05,-14.182246478949653,49.20558492463959,0.0004709443206453266,-201.0238
281,06,-3.5836119472898846e-05,-20.466573669433593,50.7506326838851,0.0009486301975226323,68.76395
282,07,-3.594073215623134e-05,-17.96138944137737,48.60045512300026,0.0010623623587375588,221.2934
283,08,-3.0240783373966385e-05,-12.41071590333344,52.640142950275894,0.001163815572202473,313.5136
285,10,-2.2813934475604865e-05,5.003235001430717,55.25826176021304,0.000718885400139463,170.20996
286,11,-9.433203981300014e-06,10.082439758300783,57.335292302331666,0.0005791067180039236,17.672094
287,12,-9.155090198257839e-06,-0.601292420089886,52.83887711868107,0.0004945328851989802,-114.923874
288,01,-7.996820467572737e-06,16.024269751435966,52.92226850532075,0.00041192595895207524,-215.24596
290,03,-1.4304734281419465e-05,-4.024482163624097,45.80751552796749,0.0004401956440712298,-264.1731
291,04,-2.383696288773839e-05,-17.2942943037245,47.44735419490735,0.0004770017007668381,-213.21535
292,05,-3.0977665722578726e-05,-19.48317038226384,57.695412786129985,0.0007096738202905913,-87.472946
293,06,-3.491794925367785e-05,-29.63445593295627,48.58540389312637,0.0011471253787109367,71.40619
295,08,-3.1032737283929096e-05,-31.771135562691633,39.36124998163152,0.001063466894169325,325.35132
296,09,-2.437035215904568e-05,-12.497950702243381,40.21523504180775,0.0008103102327222991,301.54468
297,10,-2.1305207502659715e-05,-2.352458050143333,49.86598729915773,0.0005624345080602805,179.29204
299,12,-8.986315398414586e-06,16.75842543636855,56.42778465677845,0.0005586620659873345,-104.991356
301,02,-1.1818901434843997e-05,12.780648606925178,58.06078212638148,0.000495099684988787,-250.33168
302,03,-1.5225630396960167e-05,1.0669384965794064,50.376974003080406,0.00036018773000070863,-250.99315
303,04,-2.4217375733618005e-05,-11.611916856553819,59.49211039767795,0.0005477365501182944,-197.98793
304,05,-2.847669872224737e-05,-31.81054322043798,50.857990436966695,0.0006152930506795131,-81.47861
305,06,-3.421590459786078e-05,-30.121984181382924,54.56608841220009,0.0008944627820598017,78.916046
306,07,-3.5823426863228845e-05,-21.040274605699764,48.61712288511441,0.0009030186964724067,239.23581
308,09,-3.09724094837697e-05,1.3779368174235027,41.60773183429904,0.0008935518929530012,292.6571
309,10,-1.9737982986943505e-05,10.8786054316695,45.96995730125903,0.0006333934098819987,180.72325
311,12,-6.509792311736683e-06,12.651209838210898,41.13814304297201,0.0003987152580916455,-96.86487
312,01,-1.0532949036563073e-05,27.835473567839585,50.62756816835045,0.0004537746557087837,-193.40437
313,02,-1.0796667724878803e-05,1.9850640389578682,54.967533898224424,0.00030567886635834556,-243.051
314,03,-1.2645556585016247e-05,2.2825399281491516,62.992716266741034,0.0005048640071809572,-256.16046
316,05,-3.3327865934669755e-05,-23.83920729967343,52.369123788558014,0.0006399812987691344,-81.889275
317,06,-3.715115132452208e-05,-30.632264646063906,50.84424858076307,0.0010480431722563416,82.62056
318,07,-3.409394384040644e-05,-23.561669685609886,47.80977541725482,0.0009847484367624458,245.96164
319,08,-3.320200081173924e-05,-14.21000237282374,41.28222914207624,0.0008214074471167111,335.7215
320,09,-2.545146969718593e-05,-6.704652192857532,39.75358392157654,0.0009221086927508522,310.99658
321,10,-1.7187334372416657e-05,10.538457600583316,41.694871458662455,0.0007750956863858269,189.70383
322,11,-1.4535249143672345e-05,9.326381112670902,61.63253474075529,0.0005952350228117148,42.537285
323,12,-9.12172876785682e-06,14.485518746324761,56.37181309181387,0.0004220962651623558,-101.80071
324,01,-6.5253165958961526e-06,7.280853728591756,43.42763289413273,0.00037462094703483867,-201.99522
325,02,-8.8568046297561e-06,4.634872235616048,55.29220876641359,0.0003650888354684262,-255.52747
327,04,-2.37631702343909e-05,-18.782449027506512,53.65862876264652,0.00045216028320109117,-205.87979
329,06,-3.4785863751151034e-05,-27.11431088460287,44.96967633606062,0.0008772879220370063,73.48273
333,10,-2.0357669840078775e-05,8.929626497002058,49.91160704086961,0.0008570413862924212,182.44336
335,12,-1.1844671387852061e-05,21.158474252352146,51.61357204472506,0.0005773151541380593,-97.53699
336,01,-1.3167410284109127e-05,32.71415653975292,54.798027210791915,0.0005230013527154189,-193.78299
337,02,-9.635896793779033e-06,12.227102448962983,62.05461917357218,0.0005590188341237168,-245.10205
338,03,-1.969343553138324e-05,2.858439688077537,50.951221448258686,0.0004028064890359467,-250.22583
339,04,-2.5420359923575438e-05,-23.728481532796227,35.425640993569964,0.0005033413915325177,-205.04333
340,05,-3.1186685044343005e-05,-23.42358186127037,55.67473245647261,0.0008101687334261413,-90.953094
341,06,-3.458860908376663e-05,-19.802041976589628,51.81401281598541,0.0009322974188374144,69.263145
342,07,-4.0491175616739144e-05,-14.380545316962786,51.51913973191349,0.0009613429224455643,223.22348
344,09,-2.677926907070085e-05,-2.246240928141275,48.58724766878287,0.0008591688969658409,299.65118
345,10,-1.4836711174446523e-05,-1.5530790907336818,46.4751422240952,0.0008285501714110792,183.57422
346,11,-1.4172945336880124e-05,15.984315191311307,55.0159122577058,0.0006465871534172897,35.735477
347,12,-9.103623443880553e-06,18.67049515623687,44.72693699303237,0.0003995294160866323,-96.52658
348,01,-9.98381483742544e-06,30.50790186531313,59.32570013750177,0.0005276380488101,-193.95937
349,02,-9.733829621899499e-06,11.488472740085646,43.235250111784055,0.00042143233519641003,-243.18202
350,03,-2.0140387961912898e-05,4.352542552004578,67.29393991330491,0.0004389440757035161,-249.55579
351,04,-2.446588194630345e-05,-15.287676639472116,50.48518859204715,0.00038008468478427,-196.76501
352,05,-3.326288808405293e-05,-18.37616691179173,46.32872357566895,0.0006870887521260839,-82.3327
353,06,-3.476253857051133e-05,-32.52892781643338,47.80475471985869,0.0008564286241224787,81.00403
354,07,-3.577182100015043e-05,-18.878891244211506,53.425692884929724,0.0011261872946572934,247.45387
355,08,-3.3834556450724496e-05,-9.036356891591062,49.02626591384924,0.001041277370647549,331.3426
356,09,-2.5189189388381943e-05,-2.5223080678304033,46.95382839618127,0.0009044781553824899,299.04272
357,10,-1.8222273044254205e-05,6.518695762716314,54.30898137165141,0.0008543528111196123,178.01575
358,11,-1.2143508331428165e-05,12.723418456013999,55.05112889809742,0.0005676329277205644,33.0651
360,01,-6.219402897665034e-06,13.638463789416898,56.756673166043,0.0004136181822207933,-197.83699
361,02,-6.55127283612057e-06,7.2258432279314295,62.426701213981424,0.00047579284143406164,-248.8003
362,03,-1.4006747319585248e-05,0.15545269151913163,60.10794240493287,0.0004989911271048672,-252.5546
363,04,-2.2896213735516033e-05,-13.763160278998479,44.90089633327524,0.0004889661802240576,-200.84615
364,05,-3.152253704363203e-05,-24.89160391596312,50.72287625494953,0.0007151075125502661,-85.41767
365,06,-3.4585202314802804e-05,-32.20444840494791,47.13420631794532,0.0007885755440597576,79.94614
366,07,-3.995988693131167e-05,-23.939954596078525,46.67216465320125,0.0009029157017727434,237.78683
367,08,-3.326769469126164e-05,-18.63527480389995,42.41847231385144,0.0010581389043553269,326.29285
368,09,-2.396435872586961e-05,-8.675344586181641,43.626415080409586,0.0009490466401233954,284.0246
369,10,-1.8213049179844e-05,4.716025361748153,49.256211021474606,0.0008116932342555208,171.85138
370,11,-1.3997967538165946e-05,28.005924584282763,63.3120259418408,0.0006304514712387844,21.682123
371,12,-8.896478755051119e-06,9.686923075029926,62.37685010996686,0.00038589618015715004,-108.96227
372,01,-6.091251291421628e-06,2.9262350808420488,60.36061479552843,0.0003629201125318107,-204.29724
373,02,-7.65345504045659e-06,5.717629487900508,61.53230691539674,0.0003673177904023817,-254.89941
374,03,-1.4227020407356234e-05,-0.1344084672825314,56.345688745778084,0.0004143901391054961,-260.99652
376,05,-2.827942739082006e-05,-27.387183430333288,51.416537502500645,0.0005531739490862218,-92.50314
377,06,-3.182083758476639e-05,-35.711798379855686,43.71565713060168,0.0008911056623261983,76.34025
378,07,-3.4407490462771055e-05,-31.11366353779454,49.13440625845617,0.0012401764772639779,250.38853
379,08,-3.27152816781925e-05,-15.088779016966459,50.057286181364006,0.0010051635737900273,345.0325
380,09,-2.3803562745282155e-05,-1.7829848341200085,47.799041656389505,0.0008983746668693987,307.0279
381,10,-1.8914465963579488e-05,8.677334267236855,54.52403665949838,0.000821376938233815,174.27374
382,11,-1.1904203317903414e-05,4.708053307088217,64.34552551558414,0.000539917925373298,28.296595
383,12,-7.738160395268594e-06,4.967533013128466,56.59717789244652,0.00034308914540316133,-95.100266
384,01,-4.432973011169315e-06,15.641597058367989,49.85520389962581,0.00040994079856436554,-195.7449
385,02,-7.274441715534998e-06,7.353929252261208,64.81677477946593,0.0005457368057977929,-248.0992
386,03,-1.235675504704564e-05,-6.3443144091534345,43.386579177287324,0.00039190909222795576,-257.96008
387,04,-2.5035789431644346e-05,-14.869033695136176,49.48712501599656,0.0005911379486306348,-208.23325
388,05,-3.0008848766624646e-05,-32.62149781881353,48.67582858574712,0.0006954327806093939,-86.35584
389,06,-3.4230032604055946e-05,-25.01744469502767,49.43961729888122,0.000881464317699061,76.33226
390,07,-3.7348723895911946e-05,-18.427609645064162,51.34294977803511,0.0009686399827052652,242.51514
391,08,-3.274760770019843e-05,-10.64563058373236,50.85391145080519,0.0011464830641275342,332.68268
392,09,-2.5484862159343414e-05,2.648160398695204,48.54894579696125,0.0010463940876720393,299.28186
393,10,-1.916051529891168e-05,8.726722329416583,41.10612051369683,0.0007127288467344178,175.57698
394,11,-8.12447487300637e-06,7.208228931681314,45.10324230610001,0.0006513960211994212,31.869892
395,12,-1.2744765838047034e-05,29.389911852764826,62.27082245179138,0.0004817236066579237,-97.600586
396,01,-9.557997748420493e-06,23.492998173539362,55.985124487241116,0.00043240021513436713,-192.51492
397,02,-6.941694202459045e-06,2.77444112036694,54.92825397600388,0.0004849237747458461,-250.163
398,03,-1.1845709033173812e-05,-9.130659757880753,42.53471919810516,0.00044616643216331627,-254.04965
399,04,-2.412122515035865e-05,-15.116672309705946,65.52592149374486,0.0005342435015494618,-198.30017
400,05,-3.2719707248821014e-05,-19.41600187732328,54.71462800888861,0.0008146372657843473,-69.128784
402,07,-3.9630504535585143e-05,-18.105863085346844,55.33667580591222,0.0010251161839649637,246.71738
403,08,-3.664081436780238e-05,-14.530181596981583,48.63167088847007,0.0010329766651933964,341.5662
405,10,-1.749340033099435e-05,6.576196681525118,62.883388684188155,0.0009416702161500776,184.72955
406,11,-9.782895505729057e-06,13.286790387301977,48.36725960095062,0.0004847364594485018,35.86148
407,12,-8.270612005098982e-06,23.135962751162953,68.44660146777348,0.0005064767144187343,-99.80175
408,01,-7.079607454118081e-06,9.77005108642578,59.36599973937003,0.000497766507189808,-202.15134
409,02,-9.82560560788399e-06,1.2790957768758144,54.799641565576906,0.0003367882807537607,-257.70404
410,03,-1.6003138249269338e-05,-14.11737674147083,62.83003596656937,0.0004201141621528276,-262.29047
411,04,-2.0434202846445263e-05,-16.983018215264217,45.651346360141694,0.0004941429305161389,-208.61392
413,06,-3.319209287441886e-05,-26.815010833062065,45.349666944320994,0.0008767861766169669,86.69706
414,07,-3.405638901301333e-05,-27.630988150319745,40.32137145659744,0.0009992564759155084,257.43445
416,09,-2.475842662511746e-05,-8.054260448540582,49.65095689521101,0.0009952416975374742,306.17258
417,10,-1.765674730958508e-05,13.677036990258001,51.31546706972713,0.0007650325017121314,178.26376
418,11,-1.2026654228591521e-05,13.685960133870443,60.59634180396663,0.0006722915904273629,32.62625
419,12,-9.44601224512954e-06,28.97793200421077,55.46996279250422,0.0005743988471772425,-101.63772
420,01,-8.580053124215514e-06,22.96357862870411,63.49304372530727,0.0004570045449137564,-199.33887
421,02,-1.1990748406116751e-05,26.598223410470148,61.15281964255657,0.000413683501669097,-249.53989
422,03,-1.6731313326227373e-05,-1.3453218475669946,47.843510205716214,0.0004369409978938565,-257.4143
423,04,-2.3883861623916246e-05,-16.521862002224392,58.86005653639768,0.0007145584834816368,-201.42549
424,05,-3.2321809314922687e-05,-17.350711201329386,63.11191008513332,0.0007860145196551182,-81.08354
425,06,-3.645346474101341e-05,-28.120134918891054,43.231891095406475,0.0007369192126624208,87.44138
426,07,-3.570791800838603e-05,-18.498887496784167,52.862582088247414,0.0012707728695600497,254.42802
427,08,-3.5946427165531874e-05,-15.756697428713563,51.75170243226714,0.00083940602619154,350.83478
428,09,-2.0748739615697153e-05,-9.244409510294595,35.08465283191469,0.0007514128688763474,317.89154
432,01,-9.2527426375611e-06,26.340960131573418,62.63006211892765,0.000489844752344597,-198.45007
433,02,-8.153189459681882e-06,8.31590086110433,48.93550452213628,0.0003498088643584164,-248.75224
434,03,-1.5915630637317265e-05,-1.6360386480515998,44.90566300547765,0.00042303985436162447,-252.04378
435,04,-2.4346638547669703e-05,-22.934988667466907,50.17846367060873,0.0005260060907692656,-201.4373
436,05,-3.070366395367009e-05,-25.76910455847299,53.73915812349191,0.0007177736570713329,-74.24445
437,06,-3.477750818122634e-05,-31.860220404391814,46.7203716229452,0.0009790266007457542,88.63393
438,07,-3.7615658574522775e-05,-25.170489753641114,45.05531850020347,0.0010782962788556474,244.25464
439,08,-3.326061218056918e-05,-12.586229408838417,52.3345120203854,0.0013657396460582901,340.64822
440,09,-2.5603061031688413e-05,-1.6679924726698132,46.654843129608366,0.0007566028229298049,304.96722
441,10,-1.3186316454061119e-05,-1.463842040031187,51.45971762442205,0.000853078227212879,181.3392
442,11,-1.4898132296588707e-05,27.46974549831814,55.57987919455502,0.0007983321246238999,36.415592
443,12,-8.385574634596725e-06,33.275967709449034,59.292129598577816,0.0007795188684168917,-95.70105
444,01,-9.004527324929857e-06,20.359526514525058,60.00615774854665,0.000488436789451965,-199.379
447,04,-2.7581765115751797e-05,-20.820068422105575,57.557788026644126,0.0004367676396880408,-202.71443
448,05,-3.16294027814815e-05,-19.310568396455505,50.32535560724812,0.0007176550833915553,-75.793686
449,06,-3.356170396635004e-05,-23.02242342732747,60.87640379265148,0.0010927039331910299,90.00455
450,07,-3.758493633006676e-05,-22.269790681900524,47.74635748879372,0.0010440241232438279,255.13324
451,08,-3.3272750999810424e-05,-17.014684508621052,43.397001161080546,0.0010487866989167115,345.66068
452,09,-2.4645985519115736e-05,-7.889081433783638,37.34792189491059,0.0009151321535124882,308.12952
454,11,-1.1750765303218536e-05,10.89123139716254,54.5964946256227,0.0005619674263660951,32.507603
455,12,-4.447676278540448e-06,15.633635981405934,42.93341399640295,0.000560933945176403,-96.936966
456,01,-6.416161365773257e-06,12.223324068787278,48.97643718384928,0.00038658891371489107,-193.4516
458,03,-1.5800369091061108e-05,2.527072602630943,59.88884960889175,0.0006005471790666234,-253.7076
460,05,-2.9667726341906155e-05,-25.198657173730993,56.839670298081565,0.0009037413714048589,-87.499855
461,06,-3.566179110415154e-05,-31.36642959594727,52.944568701901716,0.0011968786994141958,73.23276
462,07,-3.888270218750779e-05,-23.176640851420746,56.14024401203919,0.0012087215603821659,245.69423
463,08,-3.333480648354688e-05,-12.395997953681537,44.035043613662005,0.0010214693359917133,338.80698
465,10,-2.0550294828412475e-05,15.281469091599986,50.30405073937036,0.000977998422354175,189.70174
466,11,-1.2597567349661808e-05,15.910226154920792,53.90823562632401,0.0005069242515831825,48.26261
467,12,-7.748080553331723e-06,20.40142875687794,63.311030514205655,0.0004944631197981608,-79.61896
468,01,-8.493993727101315e-06,23.796599253992884,55.116003269850566,0.0004060688798143667,-178.074
469,02,-1.1806723732206594e-05,-2.6082788761683875,46.30087924139698,0.0002829947456795624,-232.02562
471,04,-2.4140652476206825e-05,-8.481860700141059,60.03202422682047,0.0007254045517381757,-192.37817
472,05,-3.631899526441482e-05,-17.44638056798135,47.40056218499266,0.0007784020966188845,-70.44415
474,07,-3.4126774513620195e-05,-44.31138712696363,36.16823902212164,0.0009376750856292581,238.74393
477,10,-1.717439320385384e-05,2.0582064438686585,44.893768001867876,0.0008625090847966448,194.74115
478,11,-1.049799736220949e-05,11.533768935139973,58.11769115721252,0.0007007089032915043,48.414894
482,03,-1.7898125718357898e-05,7.876527682396675,54.192069970153995,0.0005073455370986293,-245.57414
483,04,-2.786484313502215e-05,-15.88577495863173,41.53150874974462,0.0003912166226224751,-196.89676
484,05,-2.8741963674400066e-05,-37.081440074305384,54.09692304540707,0.0006720132131989082,-79.98873
486,07,-3.625940142692049e-05,-31.74150496025496,48.734570516079984,0.001190152164367206,250.054
487,08,-3.404563471354698e-05,-17.337182702177312,41.57153246440298,0.0009153493840614355,349.52435
488,09,-2.6543087166161665e-05,-4.24653964674208,45.73786681658825,0.0009920191406140525,316.89813
491,12,-8.260583359534854e-06,25.078029959073632,56.60606037604423,0.0006186688043578876,-89.35424
492,01,-6.012859741277161e-06,22.106840989635838,48.67357203781476,0.0005441964545661171,-183.2493
493,02,-1.5386156723984276e-05,31.748662168305497,64.97568837541958,0.0006172183049920366,-232.16312
494,03,-1.9840231885472768e-05,-1.8349693298339842,46.56073982853019,0.00044156570029401656,-233.4729
495,04,-2.7043378228700023e-05,-24.0670989525689,35.17819720014996,0.00044264087076846477,-182.95796
496,05,-2.995519203009721e-05,-45.04488896819084,46.51938461271666,0.0006991983233638057,-72.1387
497,06,-3.546342912159163e-05,-30.903872137790252,54.092656515480414,0.0009531023765690003,96.379585
498,07,-3.552329937512147e-05,-24.55973527871409,49.31133174363516,0.0011676926252908862,257.66504
499,08,-3.48960954878191e-05,-17.491402352609946,46.845165995435046,0.0011642942770002831,356.05664
500,09,-2.4679065476549213e-05,-6.537764871215822,41.4254565234277,0.0009814041400650556,328.00867
502,11,-1.0186800306089735e-05,15.631692754109702,47.969248177954896,0.0007050563983345021,64.92573
503,12,-6.893300624729055e-06,15.732371215492165,60.65007041392917,0.0004749457487080894,-74.17627
504,01,-7.860778656987515e-06,14.34612370152627,66.80461903254064,0.0004323260738559914,-178.49838
506,03,-1.5948935392546162e-05,-0.9029574194467195,53.47545231677126,0.0004469089032667109,-234.22006
507,04,-2.588563685021654e-05,-27.98602328389486,47.86236142485672,0.0003414452638194754,-180.96008
508,05,-3.230829694098981e-05,-22.4746828918457,60.26473778712485,0.0005485733494364279,-64.22552
509,06,-3.7502937650666964e-05,-26.38411481492784,47.88007799596918,0.0010744130859948195,96.239555
511,08,-3.444879628501263e-05,-12.903870650096605,45.419211714576655,0.000943864032105035,349.33356
512,09,-2.3354238802332672e-05,-7.743464881388346,41.71682162190013,0.0009716396207307595,323.5401
513,10,-1.864643046111826e-05,14.62936670381279,46.729617401201246,0.0007882013383125549,199.14272
514,11,-1.0072340758698473e-05,9.36498726196289,49.88987413275507,0.000526706469721909,54.549248
