,month,MER,MSSHF,RH,SD,TCC
0,01,-7.186377549426466e-06,5.464709561255669,62.6901256937955,0.010292715281568547,0.7674197445941228
1,02,-7.399999772068052e-06,2.729709174746558,52.295623941567676,0.0088853447891417,0.8322987442470734
2,03,-1.408509512223264e-05,7.08405715679866,62.090667984242096,0.00040960040271923105,0.7213765135734314
3,04,-2.191347909663616e-05,-15.59233038906521,62.41300571294825,3.557954761717054e-05,0.7183522930145264
4,05,-2.839083756912113e-05,-16.16055940262989,64.02205650719006,4.408267492889076e-05,0.6820745509978263
5,06,-3.330413338050373e-05,-22.16353809509278,52.028707694198026,0.0,0.624286894607544
6,07,-3.0671342559486147e-05,-22.637875941122733,53.00265082314577,0.0,0.6923592846778133
7,08,-2.8487004876296853e-05,-12.56110269165039,50.14281140049425,0.0,0.6369957595332977
9,10,-1.6345863611966567e-05,2.642213581372333,56.92965585534547,5.061999700402701e-05,0.7263572831512779
10,11,-1.1569333000928361e-05,13.890767045423724,49.679388139549886,8.024262719684175e-05,0.7361187914530437
11,12,-1.207531024335357e-05,24.691616260159407,64.98245628347064,0.00017524099221793556,0.8025561436478809
12,01,-5.795284385228985e-06,8.867661568262244,49.01821534482766,0.000661063572411896,0.7199518989645025
13,02,-7.359469057738698e-06,6.865867059466484,53.581606617508264,0.00011199214540678879,0.797145370790328
14,03,-1.4070489600584629e-05,-6.186828353717764,55.02083505403355,6.114121534491099e-05,0.837744382468603
15,04,-2.282624180893941e-05,-17.872287172783746,48.97103869282801,0.0,0.5745583197275798
17,06,-3.014735746900341e-05,-26.066622504679362,62.37913317463399,0.0,0.7134443809085422
18,07,-3.1905643976779664e-05,-14.025872309859079,48.67037434149174,0.0,0.7010493204260383
19,08,-3.1051088017916934e-05,-11.540256553403795,47.008779259716306,0.0,0.7037623250407558
20,09,-2.365392635981859e-05,-3.0327022542317708,42.946886476458445,0.0,0.653931602774726
21,10,-2.1172643707369163e-05,7.590982919672484,58.4636376896443,0.0,0.7753540998069188
23,12,-7.873070872231058e-06,26.063403682913826,61.380955716897084,0.0016069860227646364,0.7685965811616633
24,01,-7.860688640385075e-06,20.899533713063885,47.875411116570554,0.0019344636983768915,0.746810458316598
25,02,-8.991757432514056e-06,2.888394768487839,50.11619150138895,0.0005664595067501069,0.7581164837337676
26,03,-1.2076194787720939e-05,11.89821663673975,73.37905685201383,0.0001724853964262111,0.8891850105203607
27,04,-2.2320882245185202e-05,-19.334173597547743,50.02077896680037,1.5786700778537326e-06,0.6974979371812609
28,05,-3.0310256707952082e-05,-17.47440350473055,59.34436809112436,9.34754648516255e-08,0.6752075911491151
29,06,-3.0904296795920855e-05,-15.787571440294057,51.69619375912348,0.0,0.7999754805246988
31,08,-2.8741253340065727e-05,-19.03508228654759,42.77699926753197,0.0,0.6846821722625404
32,09,-2.269007780640903e-05,-3.5648343312581385,46.85175361700852,0.0,0.6221041914621989
33,10,-2.174942796122078e-05,9.781940688922843,60.93410625634399,0.0,0.7679681318959883
34,11,-1.4328458308167076e-05,19.586548003133142,54.57233108670976,2.2300614251030816e-06,0.7831729083591039
35,12,-7.687594037497059e-06,8.885675470167591,67.75924336626196,0.012596724167946844,0.8372953305808447
38,03,-1.6001877676116956e-05,1.792558938959594,55.95160838729334,3.8041683935349995e-06,0.6297853519890898
39,04,-2.3437909088230905e-05,-21.874123499891493,46.11000325809585,2.168152067396376e-08,0.6042834651523166
40,05,-2.9170486620455693e-05,-20.4214844770534,47.92201473479629,0.0,0.5381072768344675
41,06,-3.17826830204164e-05,-27.949367026435006,48.16991035015053,0.0,0.6107106636047364
42,07,-3.416977696542745e-05,-21.999847670688425,39.2781192299025,0.0,0.5667834904578425
43,08,-3.1963929242763654e-05,-15.790871219429917,46.55304641459066,0.0,0.6299341235417194
44,09,-2.1331834113273846e-05,-6.238656323920356,43.43915766518911,0.0,0.6479369944254556
45,10,-1.6551261839878706e-05,3.491510892150223,54.79260846710333,0.0,0.7931934629460816
46,11,-1.519573135911843e-05,20.401449884033198,56.70156626680825,5.0221549140082464e-08,0.757184676700168
47,12,-1.0313162028783104e-05,17.753608460457098,55.75187243828721,4.658237964876236e-05,0.7608326711347028
48,01,-1.1369238679367056e-05,31.70380508160335,51.86229076744793,0.00012911142713280135,0.7840179075425671
49,02,-1.1685804688698098e-05,2.732715975443522,46.129101684696614,0.00031034646715436665,0.5929144132704963
50,03,-1.3839232150540515e-05,-0.5926843497983868,57.115805566785156,2.071826688704952e-05,0.7865977866470174
51,04,-2.090864053300013e-05,-10.60586452026367,65.75529212030038,1.1234845055474176e-05,0.742861790678236
53,06,-3.6603149109497395e-05,-25.008415187242296,46.266101067479454,0.0,0.5639335038079155
54,07,-3.282222612492611e-05,-33.091220865229126,44.1499227373741,0.0,0.5684433198744251
55,08,-2.6941880611302234e-05,-27.08358682743196,31.77761535606461,0.0,0.4750448487804782
56,09,-2.725831751290065e-05,0.9693071214463977,44.86737590899468,0.0,0.705576475101047
57,10,-2.1395454446465794e-05,12.186390243366201,47.91972020449689,0.0,0.7011912768374208
58,11,-9.367185011372688e-06,10.117007967122396,41.05919099200301,3.5537613762749565e-08,0.6633599039289689
59,12,-8.522425015388596e-06,21.808005747805364,57.410435429080856,2.6479295504990444e-05,0.7373599862129457
60,01,-1.1848107099418698e-05,28.771229348787696,56.9102486772409,0.0017296655524161556,0.7091302516896237
61,02,-9.682757584759485e-06,6.4267875001403105,47.08914505602986,8.748411584174497e-05,0.6832505156856844
62,03,-1.3818876191033916e-05,-6.2181760956138685,56.610379949503034,9.418372313181559e-05,0.7108914005730743
63,04,-2.3066575134180317e-05,-21.124448284233942,53.13685258980724,5.596658653683133e-05,0.5456292518191869
64,05,-2.301351515928619e-05,-21.276121071107926,61.30564291210714,3.1990530670330086e-06,0.8077163047380344
65,06,-3.0384449369921637e-05,-25.249517172580298,53.14751710217263,0.0,0.6465512983110214
66,07,-3.052118788760435e-05,-16.333257173927887,51.58020934386151,0.0,0.7022927988934261
68,09,-2.2138291550658728e-05,-0.809648367987739,66.94727416271104,0.0,0.8249710806952584
69,10,-1.5594664512004833e-05,12.420039781796033,52.5519555827328,0.0,0.7500587646730484
70,11,-1.2000811908506469e-05,17.20852971835666,62.11537896577253,8.267998695373535e-07,0.7200436461130779
71,12,-7.343828446024142e-06,12.754345215500043,59.86620702467682,1.1825137240912326e-05,0.7815233377846338
74,03,-1.1304150707112197e-05,-2.56875498781922,68.34861116093205,0.0002458149412626861,0.8015634798439599
75,04,-2.3272295822324753e-05,-10.486857863362628,59.37646033687326,3.632929590013292e-07,0.7217336557176378
76,05,-2.800802443084893e-05,-16.149492612120927,55.7763452255995,0.0,0.6990246018440494
77,06,-3.090711121482552e-05,-17.990251360066733,61.34983533646531,0.0,0.6643057591756185
78,07,-3.447742918110781e-05,-15.274860501197074,50.75858460182529,0.0,0.6424117790960497
80,09,-2.244669017984254e-05,-3.3109654418945316,48.444472670045165,0.0,0.6852785703870988
82,11,-1.5779393952086846e-05,2.730464919026692,53.6031213278585,0.0001320727745691935,0.7467017175886366
83,12,-6.748697063030508e-06,22.216181771555252,62.92255071562849,0.0009846030858255202,0.8592321815900905
84,01,-1.0488508364736625e-05,25.802121266682942,67.17732922877546,0.0024635101813142014,0.7623722744193129
85,02,-9.105866422227595e-06,-15.737989101954868,41.279925076501705,0.0001222507996218545,0.6196731731323969
86,03,-1.09558865346488e-05,2.199697240357758,53.96111336709735,0.0001382134986180131,0.6894126181243568
87,04,-1.9242588071877733e-05,-14.953707265557181,61.57429541588492,7.426198323567707e-06,0.7479030370076497
88,05,-3.1224375424332516e-05,-18.680161248648037,54.14751819698144,0.0,0.5674221288209321
89,06,-3.5890827366468634e-05,-24.274000357055662,43.53411597645681,0.0,0.5244118612077501
91,08,-3.1366839325049225e-05,-20.726613564768147,49.22354232249208,0.0,0.686836864348381
92,09,-2.1116000810717296e-05,-5.870355172729491,52.886519872754164,0.0,0.7167194254557292
94,11,-1.2770530823662637e-05,20.62896745435927,57.76803370095226,4.2331218719482425e-08,0.7851363912794326
97,02,-5.771432554432804e-06,6.824847212655203,67.52644709656069,0.00025317513942718504,0.8714824445361185
98,03,-1.3287096029671374e-05,-5.803373095440609,55.151999684815046,7.337508534872401e-05,0.6475759961938345
99,04,-2.2575659647211267e-05,-11.442104777696397,52.015024873095086,1.2648238076104058e-07,0.6293081595102947
100,05,-2.791426425801057e-05,-28.103053294192083,60.924986691195485,0.0,0.7078949788411459
102,07,-3.379324687933062e-05,-20.07741719498173,55.40260847481861,0.0,0.6694636565998037
103,08,-3.0242934917310693e-05,-13.572054321945357,50.633880177582476,0.0,0.7321427008105863
105,10,-1.9746457593286597e-05,13.28605210072507,59.41998880579267,0.0,0.7515758675606018
106,11,-1.2423982501220758e-05,8.69252590874566,58.77474638277293,0.0,0.8495418824089899
107,12,-5.659096497726741e-06,10.619382738339004,50.16868590621025,5.145294307380593e-05,0.841202174976308
109,02,-1.553154618433063e-05,17.196350676788683,61.10995617006565,4.479276722875135e-05,0.7344264186552201
110,03,-1.4791143874625109e-05,4.141464673442225,71.63935923557511,3.25570567961662e-05,0.8021229802613616
111,04,-2.4692344382775542e-05,-22.74501348402235,55.09817502149212,0.0,0.6086693189409044
112,05,-3.182606770285695e-05,-15.882362545546664,52.83810746537357,0.0,0.6065327840825564
114,07,-3.385038605679304e-05,-9.511822006717805,59.07058047961163,0.0,0.7664063766233383
115,08,-3.211179117533902e-05,-13.866469908683532,47.473473327189375,0.0,0.6423366078612625
116,09,-2.5435363158006416e-05,2.907980506727431,49.177534459747214,0.0,0.6917857957204183
119,12,-7.866494279115095e-06,20.208327730240367,52.71666673100892,0.0,0.8517327044907436
120,01,-5.490775168401608e-06,12.580168148245866,46.32122026583841,0.0,0.6960385644974246
121,02,-1.1993180484209699e-05,15.243881237211681,52.799659086113884,4.026403029759725e-06,0.6851143281573341
123,04,-2.3728384267512105e-05,-15.711892689005532,62.36782957411343,7.404155201382107e-06,0.7619601530710854
125,06,-3.3498540398290464e-05,-35.047065074327264,55.710710440916486,0.0,0.5851120146009657
127,08,-3.0036708770112647e-05,-17.0266568734774,43.458151734339296,0.0,0.6336386088709678
128,09,-2.1827326350689368e-05,-6.781363076782227,44.02462579022247,0.0,0.6201116107092963
129,10,-1.9913688146604526e-05,14.103063629806684,48.60193847477949,0.0,0.7060558088159049
130,11,-1.311930024130561e-05,7.912713109334308,43.72629240063826,7.664759953816732e-08,0.5709897992451987
131,12,-7.719866410816296e-06,20.033501539989185,45.286219627095804,2.718377369706349e-05,0.760264010439637
132,01,-9.708490018202875e-06,23.531725362798216,54.619796854420386,3.920951197224279e-06,0.8431987389185095
133,02,-1.709957590030951e-05,31.83555304718018,59.52337883048256,2.0835172562372115e-06,0.6681059597560336
134,03,-1.7018775953137494e-05,2.372058311872584,47.98838851665681,2.4298456407362414e-05,0.6078018044502504
135,04,-2.7999317039636173e-05,-19.276666238742408,46.732171709169286,0.0,0.4856501743316651
136,05,-3.125298669270236e-05,-34.3688931694441,36.06377147361027,0.0,0.4253419031943044
137,06,-3.068480971400681e-05,-23.63770078192817,52.16888050745726,0.0,0.7518713474273683
138,07,-3.559518055198981e-05,-33.07448882301904,37.832517702871755,0.0,0.48145341713197765
139,08,-2.897321149455781e-05,-28.290339532667595,47.590817581110095,0.0,0.5299162357699487
140,09,-2.7407515947157255e-05,-3.6402964202880854,48.108384553693405,0.0,0.7245800940619573
141,10,-1.8407037761653066e-05,10.48773665069252,49.92561818830045,0.0,0.6475190929289786
144,01,-9.804670876438911e-06,24.167181801416536,38.86062395377826,7.464897248052782e-06,0.5920816008865194
147,04,-2.5889148811054637e-05,-18.50936585184733,50.20018549894757,1.8495678901672365e-06,0.5432910179562039
148,05,-2.5811937759284265e-05,-33.066711107479634,47.67298183366304,0.0,0.6777907446994578
149,06,-2.987989489524302e-05,-20.686577268473304,57.62339900992447,0.0,0.7380680046929254
151,08,-2.9805839779475068e-05,-22.79464663072811,38.70661156831249,0.0,0.5833647762011457
152,09,-2.1833397036001162e-05,-8.548686426798504,39.4321560544822,0.0,0.6042274455176458
153,10,-2.004618059737534e-05,2.17344532234438,45.307421456006274,0.0,0.6938537020939652
154,11,-1.4646135411648073e-05,14.444811823866104,60.08639300202131,2.8859506713019477e-05,0.7607454043918185
155,12,-7.654158530845394e-06,17.942148733159545,42.031411531264894,5.5359345610423755e-06,0.6701996401715022
157,02,-7.568776633878318e-06,10.513905402874128,42.596786469010105,3.7069602944385046e-05,0.6980748454126818
158,03,-1.6743815379482177e-05,3.675611719931326,56.535387553599556,1.1341134707132974e-05,0.7537755890712943
159,04,-2.3724830210206465e-05,-12.979907084147134,60.15185276207658,2.5939941406250002e-08,0.687911747233073
160,05,-3.502280750303383e-05,-18.415903687507882,37.98684394011575,0.0,0.40541161912487395
161,06,-3.339920427913765e-05,-25.873405965508358,43.36981476617124,0.0,0.5821381435394287
162,07,-3.3542465003026134e-05,-26.574038988010855,46.61348771423679,0.0,0.5979461164987215
163,08,-3.290884278264643e-05,-13.404264240552024,52.83446418771308,0.0,0.6783674054709815
165,10,-1.9484351597922247e-05,1.9587082073252686,58.379234332862715,1.8078127214985508e-06,0.6918505046393281
166,11,-1.321692710625939e-05,23.694389510769323,50.96693710040848,0.0,0.754426333618164
167,12,-8.425528942156701e-06,11.411874493342573,45.69198678764476,3.2269544498894803e-06,0.710687043384839
168,01,-9.715480358609446e-06,34.39173987899288,57.42208674485646,4.798289268247543e-07,0.7435397178896012
169,02,-8.449411843078754e-06,-1.1622854381742926,41.2482318814184,0.0001454247690382458,0.7323262315023513
170,03,-1.4966802825774622e-05,-6.011914413616221,42.24266758934657,0.00013486407008222353,0.5090522961360152
171,04,-2.191761210872048e-05,-4.539731902737087,59.59964808656376,0.0,0.6899678468916153
172,05,-3.0932743489659034e-05,-26.541132331437964,51.168041845343446,0.0,0.5782415237426759
173,06,-3.281592492067931e-05,-24.277929318237305,46.836056776909025,0.0,0.6491131579928928
174,07,-3.3366269429406925e-05,-23.52127023184171,53.23872095220833,0.0,0.646910205923101
177,10,-1.798888249350155e-05,2.3637267239478326,43.9463890340828,0.0,0.6776582923807124
178,11,-1.1587640056374466e-05,-1.8295716874864363,52.225245416957804,0.00015719194677140975,0.6554577938927545
179,12,-9.250304196792702e-06,31.236705364924607,64.63241229699248,0.00020338165888222312,0.7918248019884992
180,01,-8.814763398506955e-06,28.086010490499522,59.814965074129006,6.143172710172592e-05,0.7457029264716692
182,03,-1.5868986940443404e-05,12.424105568506382,56.25959003628518,9.499826738911291e-08,0.7475124271761985
183,04,-2.4481364455176743e-05,-15.54007357143826,53.21672202842236,6.838602489895291e-06,0.6873039249420165
184,05,-2.8615912740195944e-05,-19.306992470361852,50.8592781971834,0.0,0.7416989493011147
185,06,-3.390126228795352e-05,-22.424498955281575,49.86442946763436,0.0,0.6148267804887558
187,08,-3.527003988845888e-05,-15.806742182249662,41.714041907468136,0.0,0.6527889345640778
188,09,-2.649383951805552e-05,-2.2674784339057075,50.77799905458556,0.0,0.743529254659017
190,11,-8.92097842036795e-06,12.752254605102538,55.27824593100681,0.0,0.8463350632985434
191,12,-1.093666692604627e-05,22.757288210632986,53.902280609893545,6.536950347244099e-07,0.7332173781446233
192,01,-1.2804497735976505e-05,25.385474410518523,57.77612080058489,0.0009627563479126142,0.769013130639189
193,02,-1.271823695051786e-05,20.178666164579848,60.9734689490412,5.487134059270224e-06,0.7695771319071454
194,03,-2.219248033328259e-05,-0.5256330294045062,56.57506640008187,0.00016835869896796444,0.5997859655810941
195,04,-2.3056703787511248e-05,-15.611610607231992,48.9374839578549,0.0,0.676606201256646
196,05,-3.3250014936618425e-05,-29.631465932538433,52.844916530618114,0.0,0.6325727252755113
198,07,-3.591561413959817e-05,-25.92438248894804,39.340810654867084,0.0,0.500560249123522
199,08,-3.331847033315239e-05,-31.29434137422295,33.68999910253863,0.0,0.4308684326910203
200,09,-2.6222378082234683e-05,-4.395296908230251,54.09243484116659,0.0,0.7176794152577717
201,10,-1.4566836962311297e-05,5.514771194293934,41.310020164710224,0.0,0.7215961416100943
203,12,-8.991161045966975e-06,-5.598886509064706,48.51484771922968,0.00015860379254946144,0.6904451063012563
205,02,-7.544903639281147e-06,5.38362545916678,55.18347650017959,0.0006102077837648064,0.8090819851228561
206,03,-1.2827322511164368e-05,-10.990242480862525,51.72073062135199,2.0419359207153323e-05,0.6624436052794098
207,04,-2.0502408365953464e-05,-21.604367342122394,58.54018084150156,2.815988328721788e-08,0.6166294084760878
208,05,-2.4253428110207234e-05,-26.022296560964275,51.92535755428705,0.0,0.7435633220877698
209,06,-2.8253365109311642e-05,-38.732165323215064,41.61192797080808,0.0,0.6266733358171251
210,07,-3.142641031134248e-05,-27.054918192217425,49.82263012584947,0.0,0.6206146289046092
214,11,-1.4551765714713837e-05,14.46901237657335,58.72207561985916,0.00012027359008789062,0.7350521771748861
216,01,-3.583592048936e-06,-1.2817189340899076,35.36421269791357,0.00038023888808424755,0.6917340717930949
217,02,-9.97768289436776e-06,28.48145621345157,61.04910012837534,6.829840796334402e-08,0.778791059085301
218,03,-1.2413017713795421e-05,-3.0697627356744577,49.8996438915832,0.0,0.7020936220640775
221,06,-3.476727682935032e-05,-20.254541469319665,56.16686724849277,0.0,0.6510188685946994
222,07,-3.376502295814329e-05,-20.43258258581674,48.29218798171063,0.0,0.6023651400330248
223,08,-3.064838395117496e-05,-15.397676236060358,39.11490551742816,0.0,0.5104240398612073
224,09,-2.7053925191669103e-05,-10.968042353990342,40.873450344501606,0.0,0.6161735351138645
225,10,-2.0736059433235615e-05,1.8364669255082322,46.07108195983722,0.0,0.6453099249973092
226,11,-1.1372840429430654e-05,5.54297788119846,52.451002673839106,0.0,0.8336406787872315
227,12,-9.893875752236308e-06,16.98351939342868,60.12797338394067,1.687051532089069e-05,0.8134230110004383
228,01,-1.1099072907757458e-05,24.386054642872143,54.87726956107148,2.2409808251165574e-07,0.706566690711565
229,02,-7.893391973560764e-06,12.879144769577753,54.623768248409036,3.740382904098147e-05,0.6531332498732068
230,03,-1.582076560769428e-05,4.910139277304372,64.38913835901599,1.3940626575100807e-05,0.8158999442233833
232,05,-3.182257207745645e-05,-20.036693252071256,51.31070372274871,0.0,0.6138791913678568
233,06,-3.4082233544055876e-05,-13.138249787733287,60.09514157660935,0.0,0.734693268415663
234,07,-3.6390916169732936e-05,-13.917790471887077,46.5719772114318,0.0,0.7049917125496812
235,08,-3.4686337675251e-05,-19.754633603331865,40.27667498864153,0.0,0.617704378968926
236,09,-2.4247977624205914e-05,0.3736279635959201,55.41774919654528,0.0,0.7025377028147378
237,10,-2.3367591303340108e-05,14.50471792602539,57.49670259841796,9.088093234646704e-07,0.7994241635312314
238,11,-1.186565926222506e-05,4.6568576497395835,50.09492808050447,2.143026722802056e-06,0.695817248280843
240,01,-9.430198710966792e-06,24.63400003675235,61.44896206574927,0.00020755073460199501,0.7435347398327242
241,02,-1.079772392194216e-05,13.779260249546594,59.85849182345754,0.0025613292994953337,0.7323656735647293
243,04,-2.54553507465769e-05,-17.42901027967665,53.24983413987689,8.541558848487004e-06,0.5809090511745877
244,05,-3.422614240797327e-05,-20.88572949317194,50.723297991629586,0.0,0.6588638867203909
246,07,-3.775679561435789e-05,-20.12216363230059,34.70881050790896,0.0,0.5384588477842269
247,08,-3.318467006672979e-05,-13.657699137697938,45.50563225292391,0.0,0.7109437208688386
248,09,-2.59650643648355e-05,-3.5717024329291456,50.26974016195536,0.0,0.6188350537194147
249,10,-2.1588807777500546e-05,5.981483147405809,48.24640764357326,0.0,0.6639337637296286
250,11,-1.3179962080519347e-05,12.654008286878799,52.50058610761298,2.0961513784196646e-05,0.7561134220971003
251,12,-1.3700721242369786e-05,27.986750325848984,63.54783165261822,0.0004829321933049028,0.7595967111074798
252,01,-6.553396535759588e-06,18.42038040095504,45.80448549491872,7.689163249026063e-06,0.7846040913571595
253,02,-1.2230161100386137e-05,18.65321454909752,54.35344561065067,3.605513052008618e-05,0.6892225647411128
254,03,-1.4517082142339604e-05,-0.5979741453765541,58.83941007500695,2.188550656841647e-05,0.8120778655595677
255,04,-2.355722367422762e-05,-12.813957029554578,60.681698268123455,8.329312006632488e-07,0.7118717977735731
256,05,-3.550879427684679e-05,-19.147158501081563,47.704144963514416,0.0,0.6232741373944026
257,06,-3.750390542944741e-05,-27.016546727159287,42.780413097916714,0.0,0.5791649541642931
258,07,-3.168135436499142e-05,-21.668345875401656,51.88578506780696,0.0,0.7779165895933747
259,08,-3.0941285219664524e-05,-19.063545700565466,39.65101154342005,0.0,0.5950934829711911
261,10,-2.1893689024856883e-05,11.235235126454343,57.40779917159772,0.0,0.7329834721472954
262,11,-1.5146696185204038e-05,20.892512133110895,68.07071139411661,0.0,0.7944869282616509
263,12,-1.1904006665214989e-05,20.81303864280127,63.79751548051194,0.0006958496250132079,0.7176606500276956
264,01,-6.723928980547147e-06,14.384707934964087,53.25762820807451,0.00041049615926640003,0.6732578391208444
265,02,-9.421481274265325e-06,7.153048214503697,61.79020408172125,0.0006544472773869832,0.7992697193509057
266,03,-1.3063552253355424e-05,-6.242824222359606,58.59238742218351,0.00027922883085025255,0.8346674006472352
268,05,-3.372209000100225e-05,-25.790908090242777,45.58359570831253,0.0,0.5665124677432481
269,06,-3.303585196628976e-05,-31.827683939954966,48.06642211600013,0.0,0.6896868352678089
270,07,-3.6646507612448495e-05,-24.41304970722813,43.035889669943884,0.0,0.609202791316535
271,08,-3.349079792080317e-05,-13.273838911159066,49.470468634774605,0.0,0.6550026206560032
272,09,-2.8629883362433853e-05,-3.361749937269423,60.89090815499625,0.0,0.7758285717010498
274,11,-1.4045017091525046e-05,9.019137569173179,50.75557469189433,0.0,0.8206311488681369
275,12,-9.904081011676856e-06,14.487402564920403,52.82181985401466,0.00022924734956474715,0.6670834625408213
276,01,-6.60295483731882e-06,23.604068570044735,51.65779350411636,0.00012535062912971744,0.7452024029147241
277,02,-1.6342577849974034e-05,27.257544948032923,61.67323920420096,5.277034782228017e-06,0.6965534969057356
278,03,-1.718439095667989e-05,-2.8514695644583754,52.573686629964456,1.5001514906524331e-06,0.6759721070566486
279,04,-2.4829810814864887e-05,-14.182246478949653,49.20558492463959,0.0,0.6064626646253799
280,05,-3.0134792006426703e-05,-17.31557953963741,52.31226475243542,0.0,0.6915594408178842
281,06,-3.5836119472898846e-05,-20.466573669433593,50.7506326838851,0.0,0.6739444850497776
282,07,-3.594073215623134e-05,-17.96138944137737,48.60045512300026,0.0,0.6706292401795746
285,10,-2.2813934475604865e-05,5.003235001430717,55.25826176021304,0.0,0.7211124756105485
286,11,-9.433203981300014e-06,10.082439758300783,57.335292302331666,0.0,0.7533690906524658
288,01,-7.996820467572737e-06,16.024269751435966,52.92226850532075,0.00044667841542151673,0.7041166410138531
290,03,-1.4304734281419465e-05,-4.024482163624097,45.80751552796749,0.0,0.4610075515008742
292,05,-3.0977665722578726e-05,-19.48317038226384,57.695412786129985,0.0,0.6365701963773339
294,07,-3.637924248004731e-05,-25.786057973554062,44.12265574810709,0.0,0.5639495347135811
295,08,-3.1032737283929096e-05,-31.771135562691633,39.36124998163152,0.0,0.5673176327366982
296,09,-2.437035215904568e-05,-12.497950702243381,40.21523504180775,0.0,0.5334368985493979
297,10,-2.1305207502659715e-05,-2.352458050143333,49.86598729915773,1.9682761161558088e-06,0.6066881419356149
299,12,-8.986315398414586e-06,16.75842543636855,56.42778465677845,1.2960655714875909e-05,0.7093791133921633
300,01,-8.992702947169514e-06,20.66453995308825,64.87525535803712,0.0007110370653931812,0.837607708305441
301,02,-1.1818901434843997e-05,12.780648606925178,58.06078212638148,0.0004339445432027181,0.7371907467019968
303,04,-2.4217375733618005e-05,-11.611916856553819,59.49211039767795,0.0,0.6849287313249376
304,05,-2.847669872224737e-05,-31.81054322043798,50.857990436966695,0.0,0.6642094037045716
305,06,-3.421590459786078e-05,-30.121984181382924,54.56608841220009,0.0,0.6948014066060384
306,07,-3.5823426863228845e-05,-21.040274605699764,48.61712288511441,0.0,0.6308969455431865
307,08,-3.442271008691844e-05,-10.630728795861687,53.4802156332962,0.0,0.7090089703221474
308,09,-3.09724094837697e-05,1.3779368174235027,41.60773183429904,0.0,0.5963927018059625
309,10,-1.9737982986943505e-05,10.8786054316695,45.96995730125903,0.0,0.6458563955163442
310,11,-1.219442167142309e-05,8.63346869269477,52.650442458646836,3.3279392454359266e-07,0.8075169110616047
311,12,-6.509792311736683e-06,12.651209838210898,41.13814304297201,0.000107577202140644,0.7556278750922091
312,01,-1.0532949036563073e-05,27.835473567839585,50.62756816835045,0.0002284056717349637,0.6568636556645875
313,02,-1.0796667724878803e-05,1.9850640389578682,54.967533898224424,0.00020228017086074463,0.6938661958603632
314,03,-1.2645556585016247e-05,2.2825399281491516,62.992716266741034,0.002058747031355417,0.8004193943803029
315,04,-2.402455134354872e-05,-12.38321820203993,55.9102142579476,0.0,0.5803865731981066
317,06,-3.715115132452208e-05,-30.632264646063906,50.84424858076307,0.0,0.5993636985354953
318,07,-3.409394384040644e-05,-23.561669685609886,47.80977541725482,0.0,0.6965740315427063
319,08,-3.320200081173924e-05,-14.21000237282374,41.28222914207624,0.0,0.5909341664057907
320,09,-2.545146969718593e-05,-6.704652192857532,39.75358392157654,0.0,0.5590018055809869
321,10,-1.7187334372416657e-05,10.538457600583316,41.694871458662455,0.0,0.5593414502297677
322,11,-1.4535249143672345e-05,9.326381112670902,61.63253474075529,0.0005737135661972894,0.7317150510576037
324,01,-6.5253165958961526e-06,7.280853728591756,43.42763289413273,0.00014880976241122009,0.6964808228195354
325,02,-8.8568046297561e-06,4.634872235616048,55.29220876641359,0.00010614823585464838,0.8162552454812186
326,03,-1.3873502668170125e-05,-4.782673361173239,59.930227692120816,0.0004253186384836833,0.7258663519992624
328,05,-3.370682173148433e-05,-13.439136345319852,55.415879218805216,0.0,0.6765318221635718
330,07,-3.3670624993676266e-05,-35.11209074615151,34.7803111832411,0.0,0.43903611341086773
332,09,-2.4569920312832332e-05,-1.9050392035590278,48.50952039943403,0.0,0.581430229356554
333,10,-2.0357669840078775e-05,8.929626497002058,49.91160704086961,0.0,0.7225601808281356
336,01,-1.3167410284109127e-05,32.71415653975292,54.798027210791915,7.495572490076866e-08,0.7592779756771619
337,02,-9.635896793779033e-06,12.227102448962983,62.05461917357218,0.00012729246417681375,0.8024723008473714
339,04,-2.5420359923575438e-05,-23.728481532796227,35.425640993569964,0.0,0.4152809864044189
340,05,-3.1186685044343005e-05,-23.42358186127037,55.67473245647261,0.0,0.6321231530302314
341,06,-3.458860908376663e-05,-19.802041976589628,51.81401281598541,0.0,0.7590015696631538
342,07,-4.0491175616739144e-05,-14.380545316962786,51.51913973191349,0.0,0.6446249584074942
343,08,-3.430768915528969e-05,-11.902402343421853,46.669440629773256,0.0,0.646553179505051
344,09,-2.677926907070085e-05,-2.246240928141275,48.58724766878287,0.0,0.7133160124460857
347,12,-9.103623443880553e-06,18.67049515623687,44.72693699303237,1.9495038576023557e-06,0.6842597386760096
348,01,-9.98381483742544e-06,30.50790186531313,59.32570013750177,3.1635838170205394e-06,0.7874816801830005
349,02,-9.733829621899499e-06,11.488472740085646,43.235250111784055,9.416011558181937e-06,0.617157705548166
350,03,-2.0140387961912898e-05,4.352542552004578,67.29393991330491,6.198341231192312e-05,0.734719601292764
351,04,-2.446588194630345e-05,-15.287676639472116,50.48518859204715,0.0,0.6687994009229871
352,05,-3.326288808405293e-05,-18.37616691179173,46.32872357566895,0.0,0.5134422774776336
355,08,-3.3834556450724496e-05,-9.036356891591062,49.02626591384924,0.0,0.6873497964182208
356,09,-2.5189189388381943e-05,-2.5223080678304033,46.95382839618127,0.0,0.6436648470984564
358,11,-1.2143508331428165e-05,12.723418456013999,55.05112889809742,0.00035360905991660223,0.825160391023424
360,01,-6.219402897665034e-06,13.638463789416898,56.756673166043,0.00026115813434764905,0.7386991263769006
361,02,-6.55127283612057e-06,7.2258432279314295,62.426701213981424,5.497220584324428e-05,0.8361105517886935
362,03,-1.4006747319585248e-05,0.15545269151913163,60.10794240493287,4.5311066412156626e-07,0.7025409626294208
363,04,-2.2896213735516033e-05,-13.763160278998479,44.90089633327524,7.51813252766927e-09,0.48498084653218587
364,05,-3.152253704363203e-05,-24.89160391596312,50.72287625494953,0.0,0.5892127600639097
365,06,-3.4585202314802804e-05,-32.20444840494791,47.13420631794532,0.0,0.6027756735907661
367,08,-3.326769469126164e-05,-18.63527480389995,42.41847231385144,0.0,0.5826293396078129
368,09,-2.396435872586961e-05,-8.675344586181641,43.626415080409586,0.0,0.6611582132975261
369,10,-1.8213049179844e-05,4.716025361748153,49.256211021474606,0.0,0.7351699196600144
370,11,-1.3997967538165946e-05,28.005924584282763,63.3120259418408,7.164478302001954e-09,0.7561563105689154
371,12,-8.896478755051119e-06,9.686923075029926,62.37685010996686,0.0033527605789963914,0.773688859754993
372,01,-6.091251291421628e-06,2.9262350808420488,60.36061479552843,0.002126177963390145,0.8002005400298742
373,02,-7.65345504045659e-06,5.717629487900508,61.53230691539674,0.0021790685525962285,0.840362766038804
374,03,-1.4227020407356234e-05,-0.1344084672825314,56.345688745778084,1.3550689143519247e-05,0.7215320573622181
375,04,-2.4690822054900404e-05,-20.66956467929416,50.227940069592,2.4727185567220055e-07,0.5461734185960557
376,05,-2.827942739082006e-05,-27.387183430333288,51.416537502500645,0.0,0.6631700312706732
379,08,-3.27152816781925e-05,-15.088779016966459,50.057286181364006,0.0,0.6841084087740991
380,09,-2.3803562745282155e-05,-1.7829848341200085,47.799041656389505,0.0,0.723202462302314
381,10,-1.8914465963579488e-05,8.677334267236855,54.52403665949838,0.0,0.6923922203228039
382,11,-1.1904203317903414e-05,4.708053307088217,64.34552551558414,0.0002805316183302138,0.8344782119750976
385,02,-7.274441715534998e-06,7.353929252261208,64.81677477946593,0.00014321758775483995,0.8188976639793034
387,04,-2.5035789431644346e-05,-14.869033695136176,49.48712501599656,0.0,0.48454507878621417
388,05,-3.0008848766624646e-05,-32.62149781881353,48.67582858574712,0.0,0.5843146355331587
389,06,-3.4230032604055946e-05,-25.01744469502767,49.43961729888122,0.0,0.6491867294311522
390,07,-3.7348723895911946e-05,-18.427609645064162,51.34294977803511,0.0,0.6786915706101284
392,09,-2.5484862159343414e-05,2.648160398695204,48.54894579696125,0.0,0.6202911757998997
393,10,-1.916051529891168e-05,8.726722329416583,41.10612051369683,1.6692376905871977e-07,0.5575945420624107
395,12,-1.2744765838047034e-05,29.389911852764826,62.27082245179138,8.855871231325211e-05,0.7914767973705006
396,01,-9.557997748420493e-06,23.492998173539362,55.985124487241116,3.76804490243235e-05,0.6659661495249759
397,02,-6.941694202459045e-06,2.77444112036694,54.92825397600388,0.0013561625960229456,0.6845141228862192
398,03,-1.1845709033173812e-05,-9.130659757880753,42.53471919810516,5.560450656439668e-06,0.5974054069108861
399,04,-2.412122515035865e-05,-15.116672309705946,65.52592149374486,0.0,0.7068757977379695
401,06,-3.633841799156573e-05,-15.284035491265191,54.862410076340026,0.0,0.687191437657674
402,07,-3.9630504535585143e-05,-18.105863085346844,55.33667580591222,0.0,0.5855628573920137
403,08,-3.664081436780238e-05,-14.530181596981583,48.63167088847007,0.0,0.5989026939638199
404,09,-2.780254297756781e-05,-4.337274759928387,47.643611919113,0.0,0.6738562953525119
405,10,-1.749340033099435e-05,6.576196681525118,62.883388684188155,1.6571373067876343e-08,0.7348696861267091
406,11,-9.782895505729057e-06,13.286790387301977,48.36725960095062,0.0,0.7111550628238256
407,12,-8.270612005098982e-06,23.135962751162953,68.44660146777348,0.0004308112231633996,0.7871684615842758
408,01,-7.079607454118081e-06,9.77005108642578,59.36599973937003,0.0024007742763847433,0.7646267884367255
410,03,-1.6003138249269338e-05,-14.11737674147083,62.83003596656937,0.00018706004465779953,0.6927704286882953
412,05,-2.7662325821888435e-05,-23.158452428017892,56.92952051083376,0.0,0.7251711857703425
413,06,-3.319209287441886e-05,-26.815010833062065,45.349666944320994,0.0,0.6919906041463215
415,08,-3.2683108437937644e-05,-17.84199171037572,39.46305893081491,0.0,0.5766515417201544
416,09,-2.475842662511746e-05,-8.054260448540582,49.65095689521101,0.0,0.6528738148583305
417,10,-1.765674730958508e-05,13.677036990258001,51.31546706972713,0.0,0.6837250661952521
418,11,-1.2026654228591521e-05,13.685960133870443,60.59634180396663,8.762069013383654e-05,0.8003848901536729
419,12,-9.44601224512954e-06,28.97793200421077,55.46996279250422,5.1136837210706475e-05,0.7417389381162581
420,01,-8.580053124215514e-06,22.96357862870411,63.49304372530727,1.0653635506988855e-05,0.7983653154680804
421,02,-1.1990748406116751e-05,26.598223410470148,61.15281964255657,1.0926482223329089e-06,0.6781761727560135
425,06,-3.645346474101341e-05,-28.120134918891054,43.231891095406475,0.0,0.5881563861846926
426,07,-3.570791800838603e-05,-18.498887496784167,52.862582088247414,0.0,0.6470219174046671
427,08,-3.5946427165531874e-05,-15.756697428713563,51.75170243226714,0.0,0.6329949576265069
429,10,-1.6616273676728237e-05,8.951883064844276,46.06859467966968,0.0,0.7446583362292218
431,12,-1.0581146033268115e-05,22.95546643394552,54.273882943514856,0.0004054831791949528,0.7436095230348649
432,01,-9.2527426375611e-06,26.340960131573418,62.63006211892765,0.00016244323407450028,0.7490556118872858
434,03,-1.5915630637317265e-05,-1.6360386480515998,44.90566300547765,2.4049384619600027e-06,0.6124300711847119
436,05,-3.070366395367009e-05,-25.76910455847299,53.73915812349191,0.0,0.6242730488520797
437,06,-3.477750818122634e-05,-31.860220404391814,46.7203716229452,0.0,0.5883308154635959
438,07,-3.7615658574522775e-05,-25.170489753641114,45.05531850020347,0.0,0.5755130044670517
439,08,-3.326061218056918e-05,-12.586229408838417,52.3345120203854,0.0,0.6391717044871341
441,10,-1.3186316454061119e-05,-1.463842040031187,51.45971762442205,0.0,0.6930619200019426
442,11,-1.4898132296588707e-05,27.46974549831814,55.57987919455502,4.5776367187500004e-09,0.7604801555633546
443,12,-8.385574634596725e-06,33.275967709449034,59.292129598577816,0.0,0.8201382914307299
446,03,-1.4810545610421827e-05,-5.396197126162949,59.004922374092125,3.62938924502301e-05,0.7097408081382832
447,04,-2.7581765115751797e-05,-20.820068422105575,57.557788026644126,1.3241238064236113e-07,0.636205225669013
448,05,-3.16294027814815e-05,-19.310568396455505,50.32535560724812,0.0,0.6191458486331407
449,06,-3.356170396635004e-05,-23.02242342732747,60.87640379265148,0.0,0.7205961045159235
450,07,-3.758493633006676e-05,-22.269790681900524,47.74635748879372,0.0,0.6224200283583774
451,08,-3.3272750999810424e-05,-17.014684508621052,43.397001161080546,0.0,0.4912049850545904
452,09,-2.4645985519115736e-05,-7.889081433783638,37.34792189491059,0.0,0.524225977367825
453,10,-1.526362983537594e-05,-3.798430909843855,48.34944315867911,0.0,0.6597179581426803
454,11,-1.1750765303218536e-05,10.89123139716254,54.5964946256227,3.956906927956475e-05,0.707203536605835
455,12,-4.447676278540448e-06,15.633635981405934,42.93341399640295,3.86891185596425e-06,0.7323895825621903
457,02,-8.18821650381367e-06,12.903916228158135,62.959067062718525,0.00023337035661651976,0.7587214859099616
459,04,-2.5679135762624757e-05,-26.331729773288306,46.84454056873057,0.0,0.5841366430070666
460,05,-2.9667726341906155e-05,-25.198657173730993,56.839670298081565,0.0,0.6373602849898801
461,06,-3.566179110415154e-05,-31.36642959594727,52.944568701901716,0.0,0.6336122379302978
462,07,-3.888270218750779e-05,-23.176640851420746,56.14024401203919,0.0,0.7181722790707824
463,08,-3.333480648354688e-05,-12.395997953681537,44.035043613662005,0.0,0.6615275659868795
464,09,-2.5415033401845397e-05,-5.530321179199219,52.86381167994076,0.0,0.6659469718509251
465,10,-2.0550294828412475e-05,15.281469091599986,50.30405073937036,0.0,0.7391711337592011
466,11,-1.2597567349661808e-05,15.910226154920792,53.90823562632401,3.65040037367079e-07,0.7324336131201851
467,12,-7.748080553331723e-06,20.40142875687794,63.311030514205655,0.0006995919622400755,0.8281377038853143
468,01,-8.493993727101315e-06,23.796599253992884,55.116003269850566,1.641540501707344e-05,0.773939332449308
470,03,-1.3339704251535219e-05,-6.768148279333628,63.03257818707726,0.00012620726580260901,0.7746929998910554
471,04,-2.4140652476206825e-05,-8.481860700141059,60.03202422682047,0.0,0.6661409033033583
472,05,-3.631899526441482e-05,-17.44638056798135,47.40056218499266,0.0,0.5143529167175294
474,07,-3.4126774513620195e-05,-44.31138712696363,36.16823902212164,0.0,0.37328913009807624
475,08,-3.324744642680256e-05,-25.59706884437479,43.61733073811633,0.0,0.6070490633236465
476,09,-2.7110998255941223e-05,-4.088550005425346,48.59134079140956,0.0,0.6058865221235487
477,10,-1.717439320385384e-05,2.0582064438686585,44.893768001867876,1.104806956424508e-05,0.639095217099754
478,11,-1.049799736220949e-05,11.533768935139973,58.11769115721252,4.4242540995279946e-07,0.6753578060574001
479,12,-7.425197422547768e-06,21.47761040308142,53.53903508252609,5.2109628595331655e-05,0.7783618319521668
480,01,-8.170035396257738e-06,18.813249751593478,61.34680531404607,0.0003725200532585062,0.7528509053055958
481,02,-8.232899953890454e-06,13.675333238874163,51.283400613031226,6.108944188980828e-05,0.5672636126563663
482,03,-1.7898125718357898e-05,7.876527682396675,54.192069970153995,0.0,0.721235720644715
483,04,-2.786484313502215e-05,-15.88577495863173,41.53150874974462,0.0,0.4812803420596652
485,06,-3.9525050331051005e-05,-23.208365014648436,47.86380608810849,0.0,0.5841832686954074
486,07,-3.625940142692049e-05,-31.74150496025496,48.734570516079984,0.0,0.5832159745411206
488,09,-2.6543087166161665e-05,-4.24653964674208,45.73786681658825,0.0,0.6424437209659153
489,10,-1.8569231195137014e-05,10.235854191605762,54.45598049366731,0.0,0.7636217814209639
490,11,-1.0039879183467646e-05,10.335369747924807,64.20363267016013,0.0,0.7561230901506213
491,12,-8.260583359534854e-06,25.078029959073632,56.60606037604423,0.0,0.7474534945334158
492,01,-6.012859741277161e-06,22.106840989635838,48.67357203781476,1.4043623401272683e-08,0.7904847107343776
493,02,-1.5386156723984276e-05,31.748662168305497,64.97568837541958,1.7729275528041798e-05,0.7392679562185004
496,05,-2.995519203009721e-05,-45.04488896819084,46.51938461271666,0.0,0.46418218013804446
497,06,-3.546342912159163e-05,-30.903872137790252,54.092656515480414,0.0,0.661922571267022
498,07,-3.552329937512147e-05,-24.55973527871409,49.31133174363516,0.0,0.6232217548739526
500,09,-2.4679065476549213e-05,-6.537764871215822,41.4254565234277,0.0,0.5480422061920166
501,10,-1.848353834580477e-05,14.114419966174706,59.132486595437086,0.0,0.7742676958063597
502,11,-1.0186800306089735e-05,15.631692754109702,47.969248177954896,0.0,0.7008724307590062
503,12,-6.893300624729055e-06,15.732371215492165,60.65007041392917,1.2867758350987586e-06,0.8102792325583837
504,01,-7.860778656987515e-06,14.34612370152627,66.80461903254064,3.849816578690723e-05,0.8221443897780552
505,02,-9.005972841740524e-06,9.622026147751583,54.51137783175566,0.0020311918883096605,0.7260083712169102
506,03,-1.5948935392546162e-05,-0.9029574194467195,53.47545231677126,8.298632919147451e-08,0.6499336244726693
507,04,-2.588563685021654e-05,-27.98602328389486,47.86236142485672,1.457011964586046e-05,0.5903446748521592
509,06,-3.7502937650666964e-05,-26.38411481492784,47.88007799596918,0.0,0.6145602842542861
510,07,-3.6336240956178925e-05,-19.074829963273896,48.14752719921964,0.0,0.6512409119554747
511,08,-3.444879628501263e-05,-12.903870650096605,45.419211714576655,0.0,0.6586032222214565
512,09,-2.3354238802332672e-05,-7.743464881388346,41.71682162190013,0.0,0.6791360401577418
514,11,-1.0072340758698473e-05,9.36498726196289,49.88987413275507,2.1571267975701224e-05,0.77442657178243
