,month,MER,MSSHF,RH,NAO,sst
0,01,-7.186377549426466e-06,5.464709561255669,62.6901256937955,-2.12,-207.979
1,02,-7.399999772068052e-06,2.729709174746558,52.295623941567676,-1.2,-252.42694
2,03,-1.408509512223264e-05,7.08405715679866,62.090667984242096,0.41,-260.4831
3,04,-2.191347909663616e-05,-15.59233038906521,62.41300571294825,-2.01,-213.25368
4,05,-2.839083756912113e-05,-16.16055940262989,64.02205650719006,-0.9,-108.493515
5,06,-3.330413338050373e-05,-22.16353809509278,52.028707694198026,1.92,57.063114
7,08,-2.8487004876296853e-05,-12.56110269165039,50.14281140049425,1.11,300.16028
9,10,-1.6345863611966567e-05,2.642213581372333,56.92965585534547,0.18,152.00443
10,11,-1.1569333000928361e-05,13.890767045423724,49.679388139549886,0.42,14.21734
11,12,-1.207531024335357e-05,24.691616260159407,64.98245628347064,0.84,-112.118256
12,01,-5.795284385228985e-06,8.867661568262244,49.01821534482766,-1.38,-208.41037
14,03,-1.4070489600584629e-05,-6.186828353717764,55.02083505403355,-0.73,-266.8048
15,04,-2.282624180893941e-05,-17.872287172783746,48.97103869282801,1.26,-220.49896
17,06,-3.014735746900341e-05,-26.066622504679362,62.37913317463399,-0.07,52.55159
18,07,-3.1905643976779664e-05,-14.025872309859079,48.67037434149174,-0.39,211.09654
19,08,-3.1051088017916934e-05,-11.540256553403795,47.008779259716306,-3.01,298.19498
20,09,-2.365392635981859e-05,-3.0327022542317708,42.946886476458445,0.79,262.636
21,10,-2.1172643707369163e-05,7.590982919672484,58.4636376896443,-1.41,138.8486
23,12,-7.873070872231058e-06,26.063403682913826,61.380955716897084,0.63,-121.42105
24,01,-7.860688640385075e-06,20.899533713063885,47.875411116570554,-0.08,-214.06897
25,02,-8.991757432514056e-06,2.888394768487839,50.11619150138895,0.6,-258.52765
26,03,-1.2076194787720939e-05,11.89821663673975,73.37905685201383,-1.65,-264.33105
27,04,-2.2320882245185202e-05,-19.334173597547743,50.02077896680037,0.25,-210.70721
28,05,-3.0310256707952082e-05,-17.47440350473055,59.34436809112436,0.24,-100.50826
30,07,-3.173775886429094e-05,-20.80200322239373,49.75860673643311,0.08,212.86374
31,08,-2.8741253340065727e-05,-19.03508228654759,42.77699926753197,0.38,307.04828
32,09,-2.269007780640903e-05,-3.5648343312581385,46.85175361700852,-1.27,276.183
33,10,-2.174942796122078e-05,9.781940688922843,60.93410625634399,-0.96,159.5602
34,11,-1.4328458308167076e-05,19.586548003133142,54.57233108670976,-0.53,13.977854
35,12,-7.687594037497059e-06,8.885675470167591,67.75924336626196,-0.11,-114.87118
36,01,-5.276928763964617e-06,11.574925520045783,58.01885871766587,-1.55,-212.05186
39,04,-2.3437909088230905e-05,-21.874123499891493,46.11000325809585,-0.04,-213.37378
41,06,-3.17826830204164e-05,-27.949367026435006,48.16991035015053,-1.34,47.418163
42,07,-3.416977696542745e-05,-21.999847670688425,39.2781192299025,1.18,192.27461
43,08,-3.1963929242763654e-05,-15.790871219429917,46.55304641459066,0.21,286.43484
44,09,-2.1331834113273846e-05,-6.238656323920356,43.43915766518911,1.86,260.7105
45,10,-1.6551261839878706e-05,3.491510892150223,54.79260846710333,-0.29,143.86343
46,11,-1.519573135911843e-05,20.401449884033198,56.70156626680825,1.55,8.107261
47,12,-1.0313162028783104e-05,17.753608460457098,55.75187243828721,1.56,-125.98476
48,01,-1.1369238679367056e-05,31.70380508160335,51.86229076744793,1.34,-217.52554
49,02,-1.1685804688698098e-05,2.732715975443522,46.129101684696614,-1.04,-267.28833
50,03,-1.3839232150540515e-05,-0.5926843497983868,57.115805566785156,0.59,-273.5264
51,04,-2.090864053300013e-05,-10.60586452026367,65.75529212030038,-1.07,-224.8805
52,05,-2.6606813441591635e-05,-11.409518621957432,66.050863289825,-0.01,-107.005516
53,06,-3.6603149109497395e-05,-25.008415187242296,46.266101067479454,1.31,38.16655
54,07,-3.282222612492611e-05,-33.091220865229126,44.1499227373741,1.22,191.09427
55,08,-2.6941880611302234e-05,-27.08358682743196,31.77761535606461,1.95,292.01987
56,09,-2.725831751290065e-05,0.9693071214463977,44.86737590899468,-0.95,269.73578
57,10,-2.1395454446465794e-05,12.186390243366201,47.91972020449689,1.22,152.6903
59,12,-8.522425015388596e-06,21.808005747805364,57.410435429080856,0.18,-119.55095
60,01,-1.1848107099418698e-05,28.771229348787696,56.9102486772409,1.42,-217.4993
62,03,-1.3818876191033916e-05,-6.2181760956138685,56.610379949503034,-0.79,-271.7729
63,04,-2.3066575134180317e-05,-21.124448284233942,53.13685258980724,-0.45,-224.64597
64,05,-2.301351515928619e-05,-21.276121071107926,61.30564291210714,0.55,-104.127426
65,06,-3.0384449369921637e-05,-25.249517172580298,53.14751710217263,-0.12,54.38507
66,07,-3.052118788760435e-05,-16.333257173927887,51.58020934386151,-0.04,216.22104
67,08,-2.8069958612225798e-05,-17.017802792784988,42.472240740586344,1.35,307.21948
68,09,-2.2138291550658728e-05,-0.809648367987739,66.94727416271104,0.31,272.12405
69,10,-1.5594664512004833e-05,12.420039781796033,52.5519555827328,0.43,149.69824
71,12,-7.343828446024142e-06,12.754345215500043,59.86620702467682,-0.09,-118.0208
72,01,-6.201572312694294e-06,7.789162023728894,59.71689801232405,-2.38,-219.30385
73,02,-7.646551471441942e-06,-7.170963860648018,49.17462651499538,-1.0,-267.3543
74,03,-1.1304150707112197e-05,-2.56875498781922,68.34861116093205,-0.19,-269.56
76,05,-2.800802443084893e-05,-16.149492612120927,55.7763452255995,-0.4,-110.962036
77,06,-3.090711121482552e-05,-17.990251360066733,61.34983533646531,-0.5,46.19188
78,07,-3.447742918110781e-05,-15.274860501197074,50.75858460182529,1.25,197.96213
79,08,-3.3271033724499884e-05,-4.3656862228557625,49.79625837316948,-0.74,291.0097
82,11,-1.5779393952086846e-05,2.730464919026692,53.6031213278585,-0.84,13.003511
83,12,-6.748697063030508e-06,22.216181771555252,62.92255071562849,0.11,-119.826935
84,01,-1.0488508364736625e-05,25.802121266682942,67.17732922877546,0.78,-213.62769
85,02,-9.105866422227595e-06,-15.737989101954868,41.279925076501705,-1.58,-265.77124
87,04,-1.9242588071877733e-05,-14.953707265557181,61.57429541588492,-0.79,-218.79605
88,05,-3.1224375424332516e-05,-18.680161248648037,54.14751819698144,0.84,-105.6769
90,07,-3.000731417455182e-05,-30.125119514383297,48.19723509739805,0.15,194.86728
91,08,-3.1366839325049225e-05,-20.726613564768147,49.22354232249208,-1.53,296.3839
92,09,-2.1116000810717296e-05,-5.870355172729491,52.886519872754164,-0.95,269.69824
94,11,-1.2770530823662637e-05,20.62896745435927,57.76803370095226,2.27,8.612568
95,12,-1.128779906788603e-05,28.043287035542146,58.52688881322774,0.83,-120.94076
97,02,-5.771432554432804e-06,6.824847212655203,67.52644709656069,-1.27,-266.92883
100,05,-2.791426425801057e-05,-28.103053294192083,60.924986691195485,0.96,-116.834595
101,06,-2.8837502824555686e-05,-20.989433822292757,61.5306473079814,-1.53,36.216217
102,07,-3.379324687933062e-05,-20.07741719498173,55.40260847481861,0.55,189.40414
104,09,-2.5696148892024614e-05,-3.969099077690972,51.22118268649578,-1.04,253.98546
106,11,-1.2423982501220758e-05,8.69252590874566,58.77474638277293,0.06,5.704147
108,01,-9.400724827868036e-06,23.76198229324177,64.8158600401199,0.68,-213.11919
109,02,-1.553154618433063e-05,17.196350676788683,61.10995617006565,0.42,-266.61612
110,03,-1.4791143874625109e-05,4.141464673442225,71.63935923557511,-0.58,-269.3839
111,04,-2.4692344382775542e-05,-22.74501348402235,55.09817502149212,-1.42,-214.59613
113,06,-2.7714982728361462e-05,-28.63852083367242,47.29024293223089,1.19,55.20655
115,08,-3.211179117533902e-05,-13.866469908683532,47.473473327189375,-0.07,300.5581
117,10,-1.6347254436593455e-05,7.273599919801116,47.520342997120274,-0.66,152.66937
118,11,-1.0307503538792339e-05,7.8851572241889105,46.36847800110711,-0.49,8.197376
119,12,-7.866494279115095e-06,20.208327730240367,52.71666673100892,0.48,-117.146255
120,01,-5.490775168401608e-06,12.580168148245866,46.32122026583841,0.85,-208.64578
121,02,-1.1993180484209699e-05,15.243881237211681,52.799659086113884,1.82,-251.46814
122,03,-1.7582771425163286e-05,5.919001820882161,61.97907953674307,1.54,-258.11777
123,04,-2.3728384267512105e-05,-15.711892689005532,62.36782957411343,0.16,-202.90872
124,05,-3.2913617601255e-05,-32.404015432706444,43.15242019264416,1.33,-91.08402
126,07,-3.3625666249610085e-05,-27.510599928661055,42.19065745926929,1.0,222.0888
127,08,-3.0036708770112647e-05,-17.0266568734774,43.458151734339296,-0.11,316.8208
129,10,-1.9913688146604526e-05,14.103063629806684,48.60193847477949,0.48,158.55188
130,11,-1.311930024130561e-05,7.912713109334308,43.72629240063826,0.03,20.278307
132,01,-9.708490018202875e-06,23.531725362798216,54.619796854420386,0.7,-199.14908
133,02,-1.709957590030951e-05,31.83555304718018,59.52337883048256,1.16,-248.15332
134,03,-1.7018775953137494e-05,2.372058311872584,47.98838851665681,1.13,-247.73
135,04,-2.7999317039636173e-05,-19.276666238742408,46.732171709169286,2.03,-202.98108
136,05,-3.125298669270236e-05,-34.3688931694441,36.06377147361027,-1.37,-92.162285
137,06,-3.068480971400681e-05,-23.63770078192817,52.16888050745726,0.29,63.621655
140,09,-2.7407515947157255e-05,-3.6402964202880854,48.108384553693405,1.18,294.93445
141,10,-1.8407037761653066e-05,10.48773665069252,49.92561818830045,0.76,177.50766
142,11,-1.0645134954231454e-05,8.876481322224937,54.38112868225972,-0.39,37.329845
146,03,-1.2629808311264428e-05,-0.5304674036169569,53.76618897918476,-0.61,-246.87715
148,05,-2.5811937759284265e-05,-33.066711107479634,47.67298183366304,0.12,-96.8408
149,06,-2.987989489524302e-05,-20.686577268473304,57.62339900992447,-0.52,65.93703
150,07,-3.606362330103894e-05,-12.26554677852508,46.37869990175771,-0.46,218.30492
151,08,-2.9805839779475068e-05,-22.79464663072811,38.70661156831249,1.46,306.27548
152,09,-2.1833397036001162e-05,-8.548686426798504,39.4321560544822,0.61,275.5757
153,10,-2.004618059737534e-05,2.17344532234438,45.307421456006274,0.3,164.89062
157,02,-7.568776633878318e-06,10.513905402874128,42.596786469010105,0.77,-250.7322
158,03,-1.6743815379482177e-05,3.675611719931326,56.535387553599556,0.51,-253.41312
159,04,-2.3724830210206465e-05,-12.979907084147134,60.15185276207658,1.88,-207.17482
160,05,-3.502280750303383e-05,-18.415903687507882,37.98684394011575,2.49,-100.61338
161,06,-3.339920427913765e-05,-25.873405965508358,43.36981476617124,0.51,59.837303
162,07,-3.3542465003026134e-05,-26.574038988010855,46.61348771423679,0.19,200.0188
164,09,-2.5466491539959356e-05,-1.4094354346381297,48.6797681992597,-0.28,266.91885
165,10,-1.9484351597922247e-05,1.9587082073252686,58.379234332862715,-1.4,146.04567
166,11,-1.321692710625939e-05,23.694389510769323,50.96693710040848,1.12,7.0188293
167,12,-8.425528942156701e-06,11.411874493342573,45.69198678764476,0.35,-115.99453
168,01,-9.715480358609446e-06,34.39173987899288,57.42208674485646,1.35,-202.76523
169,02,-8.449411843078754e-06,-1.1622854381742926,41.2482318814184,0.12,-250.75449
170,03,-1.4966802825774622e-05,-6.011914413616221,42.24266758934657,0.3,-257.92767
171,04,-2.191761210872048e-05,-4.539731902737087,59.59964808656376,0.91,-212.42365
172,05,-3.0932743489659034e-05,-26.541132331437964,51.168041845343446,-0.67,-100.16648
174,07,-3.3366269429406925e-05,-23.52127023184171,53.23872095220833,-3.14,201.29193
175,08,-3.234485571499712e-05,-11.285276480397874,49.79429166342623,0.03,293.5925
176,09,-2.2725771390226628e-05,-2.4448908416748045,57.50485973500145,-0.41,265.4382
177,10,-1.798888249350155e-05,2.3637267239478326,43.9463890340828,-0.26,149.40921
178,11,-1.1587640056374466e-05,-1.8295716874864363,52.225245416957804,2.56,11.299915
179,12,-9.250304196792702e-06,31.236705364924607,64.63241229699248,1.36,-116.75624
180,01,-8.814763398506955e-06,28.086010490499522,59.814965074129006,0.7,-207.54631
182,03,-1.5868986940443404e-05,12.424105568506382,56.25959003628518,0.92,-255.22075
183,04,-2.4481364455176743e-05,-15.54007357143826,53.21672202842236,1.1,-203.34296
184,05,-2.8615912740195944e-05,-19.306992470361852,50.8592781971834,-0.48,-93.42757
185,06,-3.390126228795352e-05,-22.424498955281575,49.86442946763436,1.84,64.51035
186,07,-3.466171150601792e-05,-32.442688338413035,36.16844127948567,1.34,229.46754
187,08,-3.527003988845888e-05,-15.806742182249662,41.714041907468136,0.36,325.3847
188,09,-2.649383951805552e-05,-2.2674784339057075,50.77799905458556,-1.14,293.3866
189,10,-1.8016295581522476e-05,4.47270425086893,52.33998963107474,-0.54,179.52966
190,11,-8.92097842036795e-06,12.752254605102538,55.27824593100681,0.54,30.339931
191,12,-1.093666692604627e-05,22.757288210632986,53.902280609893545,1.78,-98.794235
193,02,-1.271823695051786e-05,20.178666164579848,60.9734689490412,0.85,-252.29314
196,05,-3.3250014936618425e-05,-29.631465932538433,52.844916530618114,-1.33,-97.05144
197,06,-3.44918315846169e-05,-24.446217814466692,49.08188772321145,0.44,60.004253
198,07,-3.591561413959817e-05,-25.92438248894804,39.340810654867084,-0.19,217.18842
200,09,-2.6222378082234683e-05,-4.395296908230251,54.09243484116659,0.45,279.0511
201,10,-1.4566836962311297e-05,5.514771194293934,41.310020164710224,0.72,164.24811
202,11,-1.3042386322538529e-05,9.068964893934462,58.53600206141338,-1.59,24.393358
203,12,-8.991161045966975e-06,-5.598886509064706,48.51484771922968,-1.64,-104.435425
204,01,-7.460320452180465e-06,-0.4728464959257379,45.67560021059616,-0.65,-204.17978
205,02,-7.544903639281147e-06,5.38362545916678,55.18347650017959,-0.52,-256.90765
207,04,-2.0502408365953464e-05,-21.604367342122394,58.54018084150156,-0.33,-209.3224
208,05,-2.4253428110207234e-05,-26.022296560964275,51.92535755428705,-0.93,-96.34259
209,06,-2.8253365109311642e-05,-38.732165323215064,41.61192797080808,0.87,59.96337
210,07,-3.142641031134248e-05,-27.054918192217425,49.82263012584947,0.7,213.3809
213,10,-1.7171301486478214e-05,8.106230379494288,51.02844809201841,0.15,159.13782
214,11,-1.4551765714713837e-05,14.46901237657335,58.72207561985916,-0.72,15.059456
215,12,-8.836182103413613e-06,1.1414017176474303,51.832999992789766,-1.4,-109.1221
216,01,-3.583592048936e-06,-1.2817189340899076,35.36421269791357,-1.08,-198.90479
217,02,-9.97768289436776e-06,28.48145621345157,61.04910012837534,1.48,-244.2365
218,03,-1.2413017713795421e-05,-3.0697627356744577,49.8996438915832,1.13,-250.67969
219,04,-2.201332183204714e-05,-17.60772253417969,50.15108422283994,-1.25,-201.45981
220,05,-3.085946982284968e-05,-22.07697987414944,55.658551038389554,-0.21,-87.8926
221,06,-3.476727682935032e-05,-20.254541469319665,56.16686724849277,-1.17,63.534073
222,07,-3.376502295814329e-05,-20.43258258581674,48.29218798171063,0.37,226.7881
223,08,-3.064838395117496e-05,-15.397676236060358,39.11490551742816,0.94,311.5421
224,09,-2.7053925191669103e-05,-10.968042353990342,40.873450344501606,0.74,277.60754
226,11,-1.1372840429430654e-05,5.54297788119846,52.451002673839106,-1.08,11.327038
227,12,-9.893875752236308e-06,16.98351939342868,60.12797338394067,-0.98,-122.03817
228,01,-1.1099072907757458e-05,24.386054642872143,54.87726956107148,-0.05,-211.49947
229,02,-7.893391973560764e-06,12.879144769577753,54.623768248409036,-0.57,-260.0757
230,03,-1.582076560769428e-05,4.910139277304372,64.38913835901599,0.51,-261.31058
232,05,-3.182257207745645e-05,-20.036693252071256,51.31070372274871,-1.17,-86.194954
234,07,-3.6390916169732936e-05,-13.917790471887077,46.5719772114318,-0.45,238.79373
235,08,-3.4686337675251e-05,-19.754633603331865,40.27667498864153,-0.15,328.05817
236,09,-2.4247977624205914e-05,0.3736279635959201,55.41774919654528,-1.8,287.76523
237,10,-2.3367591303340108e-05,14.50471792602539,57.49670259841796,0.2,174.36806
238,11,-1.186565926222506e-05,4.6568576497395835,50.09492808050447,-0.43,29.628906
240,01,-9.430198710966792e-06,24.63400003675235,61.44896206574927,0.39,-193.95915
241,02,-1.079772392194216e-05,13.779260249546594,59.85849182345754,-0.11,-244.50705
242,03,-1.3397230129969535e-05,-0.9194605676794566,60.6708199271861,-0.16,-250.16357
243,04,-2.54553507465769e-05,-17.42901027967665,53.24983413987689,-1.18,-201.37863
244,05,-3.422614240797327e-05,-20.88572949317194,50.723297991629586,0.9,-85.950745
245,06,-3.759346314859108e-05,-24.964019442409946,49.104056137108806,1.44,73.332
246,07,-3.775679561435789e-05,-20.12216363230059,34.70881050790896,-0.87,228.04175
248,09,-2.59650643648355e-05,-3.5717024329291456,50.26974016195536,0.5,295.30304
251,12,-1.3700721242369786e-05,27.986750325848984,63.54783165261822,1.4,-103.19251
252,01,-6.553396535759588e-06,18.42038040095504,45.80448549491872,0.19,-195.19714
253,02,-1.2230161100386137e-05,18.65321454909752,54.35344561065067,1.48,-251.1511
255,04,-2.355722367422762e-05,-12.813957029554578,60.681698268123455,-0.18,-201.90639
256,05,-3.550879427684679e-05,-19.147158501081563,47.704144963514416,1.52,-79.53238
257,06,-3.750390542944741e-05,-27.016546727159287,42.780413097916714,0.28,78.47633
258,07,-3.168135436499142e-05,-21.668345875401656,51.88578506780696,-1.0,236.14597
259,08,-3.0941285219664524e-05,-19.063545700565466,39.65101154342005,-0.5,327.6033
260,09,-2.4486756719630248e-05,-2.020394458007812,56.817002186003,-0.06,294.56696
261,10,-2.1893689024856883e-05,11.235235126454343,57.40779917159772,1.51,171.86044
262,11,-1.5146696185204038e-05,20.892512133110895,68.07071139411661,-1.1,24.887676
264,01,-6.723928980547147e-06,14.384707934964087,53.25762820807451,-0.22,-204.87086
265,02,-9.421481274265325e-06,7.153048214503697,61.79020408172125,0.07,-251.5396
266,03,-1.3063552253355424e-05,-6.242824222359606,58.59238742218351,-1.73,-257.65097
267,04,-2.4765318735565716e-05,-15.737299090576174,60.65160554169682,-0.15,-207.9075
269,06,-3.303585196628976e-05,-31.827683939954966,48.06642211600013,0.11,73.77787
270,07,-3.6646507612448495e-05,-24.41304970722813,43.035889669943884,-0.22,236.29994
272,09,-2.8629883362433853e-05,-3.361749937269423,60.89090815499625,-0.49,291.398
273,10,-1.872843477780094e-05,15.499699002173642,52.0420637966638,0.25,174.71637
274,11,-1.4045017091525046e-05,9.019137569173179,50.75557469189433,0.53,32.136116
276,01,-6.60295483731882e-06,23.604068570044735,51.65779350411636,0.0,-203.4064
277,02,-1.6342577849974034e-05,27.257544948032923,61.67323920420096,0.8,-246.67496
278,03,-1.718439095667989e-05,-2.8514695644583754,52.573686629964456,0.32,-254.08127
279,04,-2.4829810814864887e-05,-14.182246478949653,49.20558492463959,1.14,-200.4336
280,05,-3.0134792006426703e-05,-17.31557953963741,52.31226475243542,-0.15,-81.79997
281,06,-3.5836119472898846e-05,-20.466573669433593,50.7506326838851,0.69,69.29688
282,07,-3.594073215623134e-05,-17.96138944137737,48.60045512300026,0.65,221.66968
283,08,-3.0240783373966385e-05,-12.41071590333344,52.640142950275894,0.36,313.81134
284,09,-2.726855740998468e-05,-6.606480073716904,41.46046437310777,-0.54,287.54993
287,12,-9.155090198257839e-06,-0.601292420089886,52.83887711868107,-0.96,-114.74637
288,01,-7.996820467572737e-06,16.024269751435966,52.92226850532075,-0.32,-215.14023
289,02,-9.213011075579354e-06,1.6289639434814458,40.65915042115535,0.26,-260.01422
290,03,-1.4304734281419465e-05,-4.024482163624097,45.80751552796749,-0.07,-263.65924
291,04,-2.383696288773839e-05,-17.2942943037245,47.44735419490735,-0.34,-212.69368
293,06,-3.491794925367785e-05,-29.63445593295627,48.58540389312637,0.24,71.662415
295,08,-3.1032737283929096e-05,-31.771135562691633,39.36124998163152,-0.22,325.38782
296,09,-2.437035215904568e-05,-12.497950702243381,40.21523504180775,0.16,301.55603
297,10,-2.1305207502659715e-05,-2.352458050143333,49.86598729915773,-0.86,179.39345
298,11,-8.746191556262298e-06,13.336127873399521,55.471923015075255,0.77,32.69427
299,12,-8.986315398414586e-06,16.75842543636855,56.42778465677845,0.5,-104.958405
300,01,-8.992702947169514e-06,20.66453995308825,64.87525535803712,-0.85,-195.87846
301,02,-1.1818901434843997e-05,12.780648606925178,58.06078212638148,-0.6,-250.13707
302,03,-1.5225630396960167e-05,1.0669384965794064,50.376974003080406,0.67,-250.55466
303,04,-2.4217375733618005e-05,-11.611916856553819,59.49211039767795,1.11,-197.4235
304,05,-2.847669872224737e-05,-31.81054322043798,50.857990436966695,0.23,-81.02524
307,08,-3.442271008691844e-05,-10.630728795861687,53.4802156332962,-0.74,329.6402
308,09,-3.09724094837697e-05,1.3779368174235027,41.60773183429904,0.52,292.77582
309,10,-1.9737982986943505e-05,10.8786054316695,45.96995730125903,-0.69,180.84222
310,11,-1.219442167142309e-05,8.63346869269477,52.650442458646836,0.63,37.12819
311,12,-6.509792311736683e-06,12.651209838210898,41.13814304297201,1.03,-96.72794
313,02,-1.0796667724878803e-05,1.9850640389578682,54.967533898224424,-0.51,-242.78366
314,03,-1.2645556585016247e-05,2.2825399281491516,62.992716266741034,-2.32,-255.67911
315,04,-2.402455134354872e-05,-12.38321820203993,55.9102142579476,-0.47,-199.83453
316,05,-3.3327865934669755e-05,-23.83920729967343,52.369123788558014,-1.11,-81.27717
318,07,-3.409394384040644e-05,-23.561669685609886,47.80977541725482,-0.48,246.29593
319,08,-3.320200081173924e-05,-14.21000237282374,41.28222914207624,0.35,335.91992
321,10,-1.7187334372416657e-05,10.538457600583316,41.694871458662455,-0.55,189.65466
322,11,-1.4535249143672345e-05,9.326381112670902,61.63253474075529,-0.46,42.384605
323,12,-9.12172876785682e-06,14.485518746324761,56.37181309181387,-0.5,-102.02518
324,01,-6.5253165958961526e-06,7.280853728591756,43.42763289413273,0.97,-202.0532
326,03,-1.3873502668170125e-05,-4.782673361173239,59.930227692120816,-1.75,-259.1735
327,04,-2.37631702343909e-05,-18.782449027506512,53.65862876264652,1.2,-205.34473
328,05,-3.370682173148433e-05,-13.439136345319852,55.415879218805216,-1.01,-88.26546
329,06,-3.4785863751151034e-05,-27.11431088460287,44.96967633606062,1.15,73.91705
330,07,-3.3670624993676266e-05,-35.11209074615151,34.7803111832411,0.93,235.0757
331,08,-3.203818718891423e-05,-14.970106861073484,56.166526000266416,-2.35,336.0367
332,09,-2.4569920312832332e-05,-1.9050392035590278,48.50952039943403,-1.43,301.26062
333,10,-2.0357669840078775e-05,8.929626497002058,49.91160704086961,-1.92,182.77219
334,11,-1.6638314112929544e-05,21.698549422539603,51.20864173750348,0.33,41.199753
335,12,-1.1844671387852061e-05,21.158474252352146,51.61357204472506,1.15,-97.24438
337,02,-9.635896793779033e-06,12.227102448962983,62.05461917357218,-0.98,-244.71584
339,04,-2.5420359923575438e-05,-23.728481532796227,35.425640993569964,0.04,-204.39453
342,07,-4.0491175616739144e-05,-14.380545316962786,51.51913973191349,-0.55,223.37653
343,08,-3.430768915528969e-05,-11.902402343421853,46.669440629773256,-0.31,320.5876
344,09,-2.677926907070085e-05,-2.246240928141275,48.58724766878287,0.85,299.39307
345,10,-1.4836711174446523e-05,-1.5530790907336818,46.4751422240952,1.0,183.1493
346,11,-1.4172945336880124e-05,15.984315191311307,55.0159122577058,0.48,35.31546
347,12,-9.103623443880553e-06,18.67049515623687,44.72693699303237,0.23,-96.88389
348,01,-9.98381483742544e-06,30.50790186531313,59.32570013750177,0.53,-194.25687
349,02,-9.733829621899499e-06,11.488472740085646,43.235250111784055,0.38,-243.26056
350,03,-2.0140387961912898e-05,4.352542552004578,67.29393991330491,-0.32,-249.31003
351,04,-2.446588194630345e-05,-15.287676639472116,50.48518859204715,-1.31,-196.29565
352,05,-3.326288808405293e-05,-18.37616691179173,46.32872357566895,-1.55,-81.804924
353,06,-3.476253857051133e-05,-32.52892781643338,47.80475471985869,-1.09,81.43024
356,09,-2.5189189388381943e-05,-2.5223080678304033,46.95382839618127,1.14,299.0873
357,10,-1.8222273044254205e-05,6.518695762716314,54.30898137165141,0.47,177.9635
358,11,-1.2143508331428165e-05,12.723418456013999,55.05112889809742,-0.47,32.97268
359,12,-6.623100362498576e-06,8.910789440196046,51.189781416840454,-0.35,-97.2685
360,01,-6.219402897665034e-06,13.638463789416898,56.756673166043,-0.52,-197.90431
361,02,-6.55127283612057e-06,7.2258432279314295,62.426701213981424,-0.38,-248.61392
362,03,-1.4006747319585248e-05,0.15545269151913163,60.10794240493287,0.19,-252.15784
365,06,-3.4585202314802804e-05,-32.20444840494791,47.13420631794532,-0.91,80.55614
367,08,-3.326769469126164e-05,-18.63527480389995,42.41847231385144,-0.37,326.53522
368,09,-2.396435872586961e-05,-8.675344586181641,43.626415080409586,1.62,284.15747
370,11,-1.3997967538165946e-05,28.005924584282763,63.3120259418408,-0.16,21.838846
371,12,-8.896478755051119e-06,9.686923075029926,62.37685010996686,-1.88,-108.75055
372,01,-6.091251291421628e-06,2.9262350808420488,60.36061479552843,-1.8,-204.11124
373,02,-7.65345504045659e-06,5.717629487900508,61.53230691539674,-2.69,-254.59494
374,03,-1.4227020407356234e-05,-0.1344084672825314,56.345688745778084,-1.33,-260.5313
375,04,-2.4690822054900404e-05,-20.66956467929416,50.227940069592,-0.93,-209.04207
376,05,-2.827942739082006e-05,-27.387183430333288,51.416537502500645,-1.33,-92.070206
377,06,-3.182083758476639e-05,-35.711798379855686,43.71565713060168,-0.52,76.51487
379,08,-3.27152816781925e-05,-15.088779016966459,50.057286181364006,-1.69,344.8189
380,09,-2.3803562745282155e-05,-1.7829848341200085,47.799041656389505,-0.62,306.66412
381,10,-1.8914465963579488e-05,8.677334267236855,54.52403665949838,-0.5,173.74606
382,11,-1.1904203317903414e-05,4.708053307088217,64.34552551558414,-1.84,27.814564
384,01,-4.432973011169315e-06,15.641597058367989,49.85520389962581,-1.53,-196.09427
385,02,-7.274441715534998e-06,7.353929252261208,64.81677477946593,0.35,-248.11023
386,03,-1.235675504704564e-05,-6.3443144091534345,43.386579177287324,0.24,-257.70526
387,04,-2.5035789431644346e-05,-14.869033695136176,49.48712501599656,2.55,-207.66467
388,05,-3.0008848766624646e-05,-32.62149781881353,48.67582858574712,-0.01,-85.830696
389,06,-3.4230032604055946e-05,-25.01744469502767,49.43961729888122,-0.98,76.74231
390,07,-3.7348723895911946e-05,-18.427609645064162,51.34294977803511,-1.48,242.69571
391,08,-3.274760770019843e-05,-10.64563058373236,50.85391145080519,-1.85,332.7085
392,09,-2.5484862159343414e-05,2.648160398695204,48.54894579696125,0.67,299.17987
393,10,-1.916051529891168e-05,8.726722329416583,41.10612051369683,0.94,175.2962
394,11,-8.12447487300637e-06,7.208228931681314,45.10324230610001,1.3,31.559235
395,12,-1.2744765838047034e-05,29.389911852764826,62.27082245179138,2.25,-97.89079
396,01,-9.557997748420493e-06,23.492998173539362,55.985124487241116,0.86,-192.63269
397,02,-6.941694202459045e-06,2.77444112036694,54.92825397600388,0.03,-249.86845
398,03,-1.1845709033173812e-05,-9.130659757880753,42.53471919810516,0.93,-253.55219
400,05,-3.2719707248821014e-05,-19.41600187732328,54.71462800888861,-0.79,-68.416046
401,06,-3.633841799156573e-05,-15.284035491265191,54.862410076340026,-2.25,82.73981
402,07,-3.9630504535585143e-05,-18.105863085346844,55.33667580591222,-1.29,247.16017
403,08,-3.664081436780238e-05,-14.530181596981583,48.63167088847007,-1.39,341.97986
404,09,-2.780254297756781e-05,-4.337274759928387,47.643611919113,-0.43,308.66455
405,10,-1.749340033099435e-05,6.576196681525118,62.883388684188155,-1.73,184.8481
407,12,-8.270612005098982e-06,23.135962751162953,68.44660146777348,0.07,-99.86219
408,01,-7.079607454118081e-06,9.77005108642578,59.36599973937003,-0.11,-202.15869
409,02,-9.82560560788399e-06,1.2790957768758144,54.799641565576906,-0.96,-257.45248
410,03,-1.6003138249269338e-05,-14.11737674147083,62.83003596656937,-2.09,-261.76898
411,04,-2.0434202846445263e-05,-16.983018215264217,45.651346360141694,0.6,-207.9788
412,05,-2.7662325821888435e-05,-23.158452428017892,56.92952051083376,0.58,-79.04308
414,07,-3.405638901301333e-05,-27.630988150319745,40.32137145659744,0.7,257.54675
415,08,-3.2683108437937644e-05,-17.84199171037572,39.46305893081491,1.12,347.0213
417,10,-1.765674730958508e-05,13.677036990258001,51.31546706972713,-0.88,178.24779
418,11,-1.2026654228591521e-05,13.685960133870443,60.59634180396663,0.81,32.636047
419,12,-9.44601224512954e-06,28.97793200421077,55.46996279250422,0.79,-101.66861
420,01,-8.580053124215514e-06,22.96357862870411,63.49304372530727,-0.17,-199.28192
423,04,-2.3883861623916246e-05,-16.521862002224392,58.86005653639768,0.19,-200.71404
424,05,-3.2321809314922687e-05,-17.350711201329386,63.11191008513332,-0.8,-80.41417
425,06,-3.645346474101341e-05,-28.120134918891054,43.231891095406475,-0.67,88.01412
426,07,-3.570791800838603e-05,-18.498887496784167,52.862582088247414,0.21,254.83545
427,08,-3.5946427165531874e-05,-15.756697428713563,51.75170243226714,-2.28,351.15887
428,09,-2.0748739615697153e-05,-9.244409510294595,35.08465283191469,1.72,318.06247
429,10,-1.6616273676728237e-05,8.951883064844276,46.06859467966968,-0.87,184.15054
431,12,-1.0581146033268115e-05,22.95546643394552,54.273882943514856,1.63,-101.45714
432,01,-9.2527426375611e-06,26.340960131573418,62.63006211892765,1.57,-198.2916
433,02,-8.153189459681882e-06,8.31590086110433,48.93550452213628,1.05,-248.38225
434,03,-1.5915630637317265e-05,-1.6360386480515998,44.90566300547765,1.12,-251.46185
437,06,-3.477750818122634e-05,-31.860220404391814,46.7203716229452,0.24,89.30439
439,08,-3.326061218056918e-05,-12.586229408838417,52.3345120203854,-1.1,341.26926
440,09,-2.5603061031688413e-05,-1.6679924726698132,46.654843129608366,-0.49,305.60535
444,01,-9.004527324929857e-06,20.359526514525058,60.00615774854665,-0.37,-198.73651
446,03,-1.4810545610421827e-05,-5.396197126162949,59.004922374092125,0.37,-256.75885
447,04,-2.7581765115751797e-05,-20.820068422105575,57.557788026644126,0.26,-201.80515
449,06,-3.356170396635004e-05,-23.02242342732747,60.87640379265148,-0.13,90.4997
450,07,-3.758493633006676e-05,-22.269790681900524,47.74635748879372,-1.72,255.40656
451,08,-3.3272750999810424e-05,-17.014684508621052,43.397001161080546,-2.24,345.8274
452,09,-2.4645985519115736e-05,-7.889081433783638,37.34792189491059,0.74,308.17538
453,10,-1.526362983537594e-05,-3.798430909843855,48.34944315867911,0.96,179.81194
454,11,-1.1750765303218536e-05,10.89123139716254,54.5964946256227,-0.31,32.434307
455,12,-4.447676278540448e-06,15.633635981405934,42.93341399640295,0.35,-97.001785
456,01,-6.416161365773257e-06,12.223324068787278,48.97643718384928,0.05,-193.40092
459,04,-2.5679135762624757e-05,-26.331729773288306,46.84454056873057,1.74,-200.59552
460,05,-2.9667726341906155e-05,-25.198657173730993,56.839670298081565,-1.72,-86.81758
461,06,-3.566179110415154e-05,-31.36642959594727,52.944568701901716,0.35,73.62642
462,07,-3.888270218750779e-05,-23.176640851420746,56.14024401203919,1.28,245.92572
463,08,-3.333480648354688e-05,-12.395997953681537,44.035043613662005,-1.53,338.9098
466,11,-1.2597567349661808e-05,15.910226154920792,53.90823562632401,-0.14,48.026733
467,12,-7.748080553331723e-06,20.40142875687794,63.311030514205655,0.73,-79.938835
469,02,-1.1806723732206594e-05,-2.6082788761683875,46.30087924139698,1.34,-231.9431
470,03,-1.3339704251535219e-05,-6.768148279333628,63.03257818707726,-1.38,-237.90897
472,05,-3.631899526441482e-05,-17.44638056798135,47.40056218499266,2.02,-69.93884
473,06,-3.447691067930363e-05,-33.33076165534125,39.74884000571834,1.41,81.33794
474,07,-3.4126774513620195e-05,-44.31138712696363,36.16823902212164,1.42,239.018
475,08,-3.324744642680256e-05,-25.59706884437479,43.61733073811633,2.4,334.56885
477,10,-1.717439320385384e-05,2.0582064438686585,44.893768001867876,1.53,194.8964
478,11,-1.049799736220949e-05,11.533768935139973,58.11769115721252,-0.25,48.6215
479,12,-7.425197422547768e-06,21.47761040308142,53.53903508252609,0.48,-92.41063
481,02,-8.232899953890454e-06,13.675333238874163,51.283400613031226,-0.11,-241.10712
482,03,-1.7898125718357898e-05,7.876527682396675,54.192069970153995,0.89,-244.94324
483,04,-2.786484313502215e-05,-15.88577495863173,41.53150874974462,0.36,-196.09845
484,05,-2.8741963674400066e-05,-37.081440074305384,54.09692304540707,-2.38,-79.256714
485,06,-3.9525050331051005e-05,-23.208365014648436,47.86380608810849,-0.79,86.05394
486,07,-3.625940142692049e-05,-31.74150496025496,48.734570516079984,-1.39,250.3417
487,08,-3.404563471354698e-05,-17.337182702177312,41.57153246440298,-1.62,349.62585
488,09,-2.6543087166161665e-05,-4.24653964674208,45.73786681658825,-0.01,316.88776
489,10,-1.8569231195137014e-05,10.235854191605762,54.45598049366731,-1.03,196.81097
490,11,-1.0039879183467646e-05,10.335369747924807,64.20363267016013,0.16,51.662273
491,12,-8.260583359534854e-06,25.078029959073632,56.60606037604423,1.02,-89.239815
492,01,-6.012859741277161e-06,22.106840989635838,48.67357203781476,1.05,-183.04726
493,02,-1.5386156723984276e-05,31.748662168305497,64.97568837541958,0.98,-231.82716
494,03,-1.9840231885472768e-05,-1.8349693298339842,46.56073982853019,0.66,-232.9101
495,04,-2.7043378228700023e-05,-24.0670989525689,35.17819720014996,-1.26,-182.18405
496,05,-2.995519203009721e-05,-45.04488896819084,46.51938461271666,-0.33,-71.64029
497,06,-3.546342912159163e-05,-30.903872137790252,54.092656515480414,0.16,96.66078
498,07,-3.552329937512147e-05,-24.55973527871409,49.31133174363516,-1.19,257.81107
500,09,-2.4679065476549213e-05,-6.537764871215822,41.4254565234277,1.11,327.77045
501,10,-1.848353834580477e-05,14.114419966174706,59.132486595437086,-0.2,210.07143
502,11,-1.0186800306089735e-05,15.631692754109702,47.969248177954896,2.54,64.61235
503,12,-6.893300624729055e-06,15.732371215492165,60.65007041392917,-0.37,-74.44646
505,02,-9.005972841740524e-06,9.622026147751583,54.51137783175566,-0.29,-227.63321
506,03,-1.5948935392546162e-05,-0.9029574194467195,53.47545231677126,0.36,-233.85759
507,04,-2.588563685021654e-05,-27.98602328389486,47.86236142485672,-1.69,-180.45749
508,05,-3.230829694098981e-05,-22.4746828918457,60.26473778712485,-1.1,-63.722633
509,06,-3.7502937650666964e-05,-26.38411481492784,47.88007799596918,1.08,96.69776
510,07,-3.6336240956178925e-05,-19.074829963273896,48.14752719921964,0.06,263.2079
511,08,-3.444879628501263e-05,-12.903870650096605,45.419211714576655,-0.49,349.4558
512,09,-2.3354238802332672e-05,-7.743464881388346,41.71682162190013,-0.06,323.48572
513,10,-1.864643046111826e-05,14.62936670381279,46.729617401201246,-1.98,198.919
514,11,-1.0072340758698473e-05,9.36498726196289,49.88987413275507,-0.33,54.291603
