,month,MER,MSSHF,RH,UW,sst
0,01,-7.186377549426466e-06,5.464709561255669,62.6901256937955,8.566814722819995,-208.3489
1,02,-7.399999772068052e-06,2.729709174746558,52.295623941567676,5.242820933818818,-252.69824
2,03,-1.408509512223264e-05,7.08405715679866,62.090667984242096,13.765281541639759,-260.59793
3,04,-2.191347909663616e-05,-15.59233038906521,62.41300571294825,5.253018767907886,-213.1099
4,05,-2.839083756912113e-05,-16.16055940262989,64.02205650719006,9.909492792170534,-108.19641
5,06,-3.330413338050373e-05,-22.16353809509278,52.028707694198026,5.934494112353855,57.27854
6,07,-3.0671342559486147e-05,-22.637875941122733,53.00265082314577,13.328552245519495,208.4819
7,08,-2.8487004876296853e-05,-12.56110269165039,50.14281140049425,9.79633006227145,299.90778
8,09,-2.3132900744369383e-05,-4.023202255249023,42.3501046719922,12.264388197920056,270.43872
10,11,-1.1569333000928361e-05,13.890767045423724,49.679388139549886,15.572536984846325,14.040796
11,12,-1.207531024335357e-05,24.691616260159407,64.98245628347064,15.22025654595898,-112.34679
12,01,-5.795284385228985e-06,8.867661568262244,49.01821534482766,5.114125808059528,-208.71979
13,02,-7.359469057738698e-06,6.865867059466484,53.581606617508264,7.856037982940672,-261.23224
14,03,-1.4070489600584629e-05,-6.186828353717764,55.02083505403355,7.28385072402544,-266.85773
15,04,-2.282624180893941e-05,-17.872287172783746,48.97103869282801,0.1369029037899443,-220.29218
17,06,-3.014735746900341e-05,-26.066622504679362,62.37913317463399,6.837710131094192,52.808052
18,07,-3.1905643976779664e-05,-14.025872309859079,48.67037434149174,7.28260863685608,211.04465
19,08,-3.1051088017916934e-05,-11.540256553403795,47.008779259716306,13.212725781204876,297.922
20,09,-2.365392635981859e-05,-3.0327022542317708,42.946886476458445,12.575276836034986,262.24753
21,10,-2.1172643707369163e-05,7.590982919672484,58.4636376896443,13.979145259652089,138.62498
23,12,-7.873070872231058e-06,26.063403682913826,61.380955716897084,13.964713369225944,-121.71103
24,01,-7.860688640385075e-06,20.899533713063885,47.875411116570554,12.33075755956096,-214.51804
25,02,-8.991757432514056e-06,2.888394768487839,50.11619150138895,4.826553443431854,-258.86517
26,03,-1.2076194787720939e-05,11.89821663673975,73.37905685201383,13.306958838185956,-264.3952
28,05,-3.0310256707952082e-05,-17.47440350473055,59.34436809112436,4.588270763663836,-100.14164
29,06,-3.0904296795920855e-05,-15.787571440294057,51.69619375912348,11.143315948295594,58.798126
30,07,-3.173775886429094e-05,-20.80200322239373,49.75860673643311,10.426191270602645,212.91452
31,08,-2.8741253340065727e-05,-19.03508228654759,42.77699926753197,7.685691989857664,306.81366
32,09,-2.269007780640903e-05,-3.5648343312581385,46.85175361700852,8.593244362915888,275.92944
35,12,-7.687594037497059e-06,8.885675470167591,67.75924336626196,9.12891215738686,-115.1192
37,02,-7.864293709969517e-06,5.468580898829869,51.56958197040644,2.3612015480768114,-258.10785
38,03,-1.6001877676116956e-05,1.792558938959594,55.95160838729334,6.721166247665241,-258.31277
39,04,-2.3437909088230905e-05,-21.874123499891493,46.11000325809585,4.110112059911092,-213.27267
40,05,-2.9170486620455693e-05,-20.4214844770534,47.92201473479629,9.468134508666173,-100.544044
41,06,-3.17826830204164e-05,-27.949367026435006,48.16991035015053,8.309710549185011,47.622696
42,07,-3.416977696542745e-05,-21.999847670688425,39.2781192299025,2.935726840890864,192.26904
43,08,-3.1963929242763654e-05,-15.790871219429917,46.55304641459066,12.161826806775984,286.23898
44,09,-2.1331834113273846e-05,-6.238656323920356,43.43915766518911,11.304056086709762,260.49136
45,10,-1.6551261839878706e-05,3.491510892150223,54.79260846710333,6.952388475377072,143.76498
51,04,-2.090864053300013e-05,-10.60586452026367,65.75529212030038,9.872940920575457,-224.43102
54,07,-3.282222612492611e-05,-33.091220865229126,44.1499227373741,7.109862047544089,191.53506
55,08,-2.6941880611302234e-05,-27.08358682743196,31.77761535606461,0.022965281558293076,292.1609
56,09,-2.725831751290065e-05,0.9693071214463977,44.86737590899468,17.08183361146715,269.62256
57,10,-2.1395454446465794e-05,12.186390243366201,47.91972020449689,17.807696523379256,152.5953
58,11,-9.367185011372688e-06,10.117007967122396,41.05919099200301,7.654566838243273,13.045491
59,12,-8.522425015388596e-06,21.808005747805364,57.410435429080856,13.30256360898992,-119.71904
61,02,-9.682757584759485e-06,6.4267875001403105,47.08914505602986,1.374231495539348,-267.61185
62,03,-1.3818876191033916e-05,-6.2181760956138685,56.610379949503034,1.7070786961791335,-271.86353
63,04,-2.3066575134180317e-05,-21.124448284233942,53.13685258980724,2.0456456870185007,-224.45181
64,05,-2.301351515928619e-05,-21.276121071107926,61.30564291210714,-3.17149069710188,-103.81164
67,08,-2.8069958612225798e-05,-17.017802792784988,42.472240740586344,2.872892107502107,306.91135
68,09,-2.2138291550658728e-05,-0.809648367987739,66.94727416271104,10.311384230168663,271.76666
69,10,-1.5594664512004833e-05,12.420039781796033,52.5519555827328,15.485334654428625,149.35861
70,11,-1.2000811908506469e-05,17.20852971835666,62.11537896577253,10.336642698266768,6.051553
71,12,-7.343828446024142e-06,12.754345215500043,59.86620702467682,8.305007507467783,-118.42573
72,01,-6.201572312694294e-06,7.789162023728894,59.71689801232405,3.3671332889679944,-219.74858
73,02,-7.646551471441942e-06,-7.170963860648018,49.17462651499538,5.9333629534131,-267.73615
74,03,-1.1304150707112197e-05,-2.56875498781922,68.34861116093205,5.728958231320945,-269.76108
75,04,-2.3272295822324753e-05,-10.486857863362628,59.37646033687326,12.875126613341438,-220.8773
76,05,-2.800802443084893e-05,-16.149492612120927,55.7763452255995,0.7978462683975057,-110.8512
77,06,-3.090711121482552e-05,-17.990251360066733,61.34983533646531,9.56488656516605,46.25248
79,08,-3.3271033724499884e-05,-4.3656862228557625,49.79625837316948,15.87532358626909,290.63593
82,11,-1.5779393952086846e-05,2.730464919026692,53.6031213278585,8.510707509316338,12.613541
83,12,-6.748697063030508e-06,22.216181771555252,62.92255071562849,19.30713940606066,-120.26062
84,01,-1.0488508364736625e-05,25.802121266682942,67.17732922877546,14.171719384019092,-214.13605
85,02,-9.105866422227595e-06,-15.737989101954868,41.279925076501705,-5.740575921649026,-266.14334
86,03,-1.09558865346488e-05,2.199697240357758,53.96111336709735,11.289218418552027,-273.7453
87,04,-1.9242588071877733e-05,-14.953707265557181,61.57429541588492,5.863026918029785,-218.82262
88,05,-3.1224375424332516e-05,-18.680161248648037,54.14751819698144,12.02608065945615,-105.48653
90,07,-3.000731417455182e-05,-30.125119514383297,48.19723509739805,12.281629657273651,194.75075
91,08,-3.1366839325049225e-05,-20.726613564768147,49.22354232249208,13.797753053542104,296.0279
92,09,-2.1116000810717296e-05,-5.870355172729491,52.886519872754164,13.824011871359083,269.29028
93,10,-1.7202233669146365e-05,6.4104873591597356,48.62927366667281,15.84836222144096,143.27026
94,11,-1.2770530823662637e-05,20.62896745435927,57.76803370095226,15.672534009382458,8.350451
95,12,-1.128779906788603e-05,28.043287035542146,58.52688881322774,15.426232051849366,-121.25634
96,01,-8.849628261046861e-06,-8.473066081057311,52.03738375666833,3.380256105915193,-217.62827
97,02,-5.771432554432804e-06,6.824847212655203,67.52644709656069,7.183116704645611,-267.16623
98,03,-1.3287096029671374e-05,-5.803373095440609,55.151999684815046,8.146193476933306,-273.41852
101,06,-2.8837502824555686e-05,-20.989433822292757,61.5306473079814,12.883800532786049,36.6784
102,07,-3.379324687933062e-05,-20.07741719498173,55.40260847481861,8.933421974059073,189.67712
103,08,-3.0242934917310693e-05,-13.572054321945357,50.633880177582476,13.210910544979956,277.65027
104,09,-2.5696148892024614e-05,-3.969099077690972,51.22118268649578,18.18680549267663,253.99875
105,10,-1.9746457593286597e-05,13.28605210072507,59.41998880579267,8.569977047376735,142.13641
106,11,-1.2423982501220758e-05,8.69252590874566,58.77474638277293,6.046647794045342,5.715022
107,12,-5.659096497726741e-06,10.619382738339004,50.16868590621025,10.722129596197476,-122.09859
108,01,-9.400724827868036e-06,23.76198229324177,64.8158600401199,14.951265936513103,-213.2363
109,02,-1.553154618433063e-05,17.196350676788683,61.10995617006565,13.528206202342595,-266.73
113,06,-2.7714982728361462e-05,-28.63852083367242,47.29024293223089,-0.37918123620351224,55.440445
115,08,-3.211179117533902e-05,-13.866469908683532,47.473473327189375,13.94590260669749,300.2932
116,09,-2.5435363158006416e-05,2.907980506727431,49.177534459747214,11.980116043281555,265.148
117,10,-1.6347254436593455e-05,7.273599919801116,47.520342997120274,9.869671590989638,152.4396
118,11,-1.0307503538792339e-05,7.8851572241889105,46.36847800110711,9.089208542802597,8.000284
120,01,-5.490775168401608e-06,12.580168148245866,46.32122026583841,10.294662934293028,-209.04288
121,02,-1.1993180484209699e-05,15.243881237211681,52.799659086113884,16.366795333748772,-251.70601
123,04,-2.3728384267512105e-05,-15.711892689005532,62.36782957411343,5.260100383440654,-202.81535
124,05,-3.2913617601255e-05,-32.404015432706444,43.15242019264416,6.0320307345851765,-90.90953
125,06,-3.3498540398290464e-05,-35.047065074327264,55.710710440916486,4.440140065659417,63.37963
129,10,-1.9913688146604526e-05,14.103063629806684,48.60193847477949,14.940329161633727,158.19844
130,11,-1.311930024130561e-05,7.912713109334308,43.72629240063826,6.5622522730721355,19.968037
131,12,-7.719866410816296e-06,20.033501539989185,45.286219627095804,13.531202857314899,-108.07953
133,02,-1.709957590030951e-05,31.83555304718018,59.52337883048256,22.9481457257952,-248.36163
134,03,-1.7018775953137494e-05,2.372058311872584,47.98838851665681,13.333049105408369,-247.77509
136,05,-3.125298669270236e-05,-34.3688931694441,36.06377147361027,5.1684694324001175,-91.92389
137,06,-3.068480971400681e-05,-23.63770078192817,52.16888050745726,7.454946297454835,63.674927
140,09,-2.7407515947157255e-05,-3.6402964202880854,48.108384553693405,12.827943298954434,294.55273
141,10,-1.8407037761653066e-05,10.48773665069252,49.92561818830045,8.42830417339776,177.11824
142,11,-1.0645134954231454e-05,8.876481322224937,54.38112868225972,5.109709851434498,36.94082
143,12,-1.0178729378000547e-05,19.264495642221096,49.02194799312469,5.829736719623688,-96.04758
144,01,-9.804670876438911e-06,24.167181801416536,38.86062395377826,8.86982310034639,-189.07678
145,02,-6.996622216688376e-06,0.507544446309408,46.996895068120395,2.419369213149661,-242.22653
146,03,-1.2629808311264428e-05,-0.5304674036169569,53.76618897918476,5.395416858201385,-247.20323
147,04,-2.5889148811054637e-05,-18.50936585184733,50.20018549894757,5.61995390847524,-197.0304
148,05,-2.5811937759284265e-05,-33.066711107479634,47.67298183366304,0.8872901309023614,-96.65978
151,08,-2.9805839779475068e-05,-22.79464663072811,38.70661156831249,11.01385874016054,305.9677
152,09,-2.1833397036001162e-05,-8.548686426798504,39.4321560544822,9.955680732430352,275.28015
153,10,-2.004618059737534e-05,2.17344532234438,45.307421456006274,4.971583007299772,164.63269
154,11,-1.4646135411648073e-05,14.444811823866104,60.08639300202131,11.738773440445796,25.780903
155,12,-7.654158530845394e-06,17.942148733159545,42.031411531264894,8.257994727001396,-105.03653
156,01,-5.988280283046514e-06,9.900324605634134,41.55076964045469,3.217538565153716,-201.36502
158,03,-1.6743815379482177e-05,3.675611719931326,56.535387553599556,12.80877443896058,-253.43732
159,04,-2.3724830210206465e-05,-12.979907084147134,60.15185276207658,11.795587993537051,-206.92682
160,05,-3.502280750303383e-05,-18.415903687507882,37.98684394011575,3.870598782180457,-100.21573
162,07,-3.3542465003026134e-05,-26.574038988010855,46.61348771423679,10.104954804943455,199.94287
163,08,-3.290884278264643e-05,-13.404264240552024,52.83446418771308,17.78341034901527,290.0694
164,09,-2.5466491539959356e-05,-1.4094354346381297,48.6797681992597,9.088945560031467,266.44778
165,10,-1.9484351597922247e-05,1.9587082073252686,58.379234332862715,6.554792054104549,145.65164
166,11,-1.321692710625939e-05,23.694389510769323,50.96693710040848,20.914857090568542,6.70243
167,12,-8.425528942156701e-06,11.411874493342573,45.69198678764476,8.596278399949433,-116.37455
168,01,-9.715480358609446e-06,34.39173987899288,57.42208674485646,24.59790798663068,-203.18985
169,02,-8.449411843078754e-06,-1.1622854381742926,41.2482318814184,2.4115948096456985,-251.00862
171,04,-2.191761210872048e-05,-4.539731902737087,59.59964808656376,3.7300693186442064,-212.24075
172,05,-3.0932743489659034e-05,-26.541132331437964,51.168041845343446,3.497821047116352,-99.78458
173,06,-3.281592492067931e-05,-24.277929318237305,46.836056776909025,9.25905919657813,54.86598
174,07,-3.3366269429406925e-05,-23.52127023184171,53.23872095220833,13.991837543220932,201.27304
176,09,-2.2725771390226628e-05,-2.4448908416748045,57.50485973500145,4.56495947757297,265.07748
177,10,-1.798888249350155e-05,2.3637267239478326,43.9463890340828,3.003415204591649,149.08476
179,12,-9.250304196792702e-06,31.236705364924607,64.63241229699248,20.999137792648806,-117.18035
180,01,-8.814763398506955e-06,28.086010490499522,59.814965074129006,17.509481018681676,-208.00674
181,02,-9.681430163471391e-06,-2.9269207930791947,54.97462990093799,6.761308108556839,-252.02127
183,04,-2.4481364455176743e-05,-15.54007357143826,53.21672202842236,5.804787655745612,-203.25992
185,06,-3.390126228795352e-05,-22.424498955281575,49.86442946763436,12.548458471997579,64.653496
186,07,-3.466171150601792e-05,-32.442688338413035,36.16844127948567,4.388184303857946,229.33713
187,08,-3.527003988845888e-05,-15.806742182249662,41.714041907468136,12.279929775791784,325.01172
188,09,-2.649383951805552e-05,-2.2674784339057075,50.77799905458556,9.422944353548688,292.96344
189,10,-1.8016295581522476e-05,4.47270425086893,52.33998963107474,9.331117238485684,179.2431
190,11,-8.92097842036795e-06,12.752254605102538,55.27824593100681,10.65475141023,30.052496
191,12,-1.093666692604627e-05,22.757288210632986,53.902280609893545,16.48587201194353,-99.16672
193,02,-1.271823695051786e-05,20.178666164579848,60.9734689490412,20.19777915863764,-252.56247
194,03,-2.219248033328259e-05,-0.5256330294045062,56.57506640008187,14.015041863861907,-257.11432
195,04,-2.3056703787511248e-05,-15.611610607231992,48.9374839578549,8.932633039940727,-210.50502
196,05,-3.3250014936618425e-05,-29.631465932538433,52.844916530618114,9.018692946013585,-96.84018
199,08,-3.331847033315239e-05,-31.29434137422295,33.68999910253863,0.6543888631225918,317.4204
200,09,-2.6222378082234683e-05,-4.395296908230251,54.09243484116659,5.966960947651334,278.75668
201,10,-1.4566836962311297e-05,5.514771194293934,41.310020164710224,12.37252014750819,164.01364
202,11,-1.3042386322538529e-05,9.068964893934462,58.53600206141338,6.407606474367777,24.154211
203,12,-8.991161045966975e-06,-5.598886509064706,48.51484771922968,2.4333651795746185,-104.70077
204,01,-7.460320452180465e-06,-0.4728464959257379,45.67560021059616,1.658294647544943,-204.53862
205,02,-7.544903639281147e-06,5.38362545916678,55.18347650017959,4.37647370480943,-257.21497
207,04,-2.0502408365953464e-05,-21.604367342122394,58.54018084150156,4.561729153993395,-209.22293
208,05,-2.4253428110207234e-05,-26.022296560964275,51.92535755428705,9.13497221109944,-96.11188
209,06,-2.8253365109311642e-05,-38.732165323215064,41.61192797080808,9.433004859309726,60.118706
210,07,-3.142641031134248e-05,-27.054918192217425,49.82263012584947,10.088768128179733,213.33107
211,08,-2.9903093116464793e-05,-15.358725825155936,42.33743624172287,2.895004055515413,317.2251
212,09,-2.534073391895315e-05,-7.00570699428982,43.673043699496326,0.038807996008131576,283.92316
213,10,-1.7171301486478214e-05,8.106230379494288,51.02844809201841,10.03043698339565,158.83405
215,12,-8.836182103413613e-06,1.1414017176474303,51.832999992789766,4.368369198132585,-109.479485
216,01,-3.583592048936e-06,-1.2817189340899076,35.36421269791357,-1.286656943434028,-199.30457
217,02,-9.97768289436776e-06,28.48145621345157,61.04910012837534,22.079497913224362,-244.55002
219,04,-2.201332183204714e-05,-17.60772253417969,50.15108422283994,7.54457913983663,-201.19882
220,05,-3.085946982284968e-05,-22.07697987414944,55.658551038389554,8.545581844842562,-87.44628
221,06,-3.476727682935032e-05,-20.254541469319665,56.16686724849277,3.493047113927205,63.971497
222,07,-3.376502295814329e-05,-20.43258258581674,48.29218798171063,6.435511002550844,226.98666
224,09,-2.7053925191669103e-05,-10.968042353990342,40.873450344501606,12.051192799843681,277.61957
226,11,-1.1372840429430654e-05,5.54297788119846,52.451002673839106,4.724241298357645,11.534021
229,02,-7.893391973560764e-06,12.879144769577753,54.623768248409036,14.813645704178581,-259.91028
230,03,-1.582076560769428e-05,4.910139277304372,64.38913835901599,11.045111331426973,-260.95755
232,05,-3.182257207745645e-05,-20.036693252071256,51.31070372274871,3.9262605809857765,-85.507286
233,06,-3.4082233544055876e-05,-13.138249787733287,60.09514157660935,13.012940218522813,76.258804
234,07,-3.6390916169732936e-05,-13.917790471887077,46.5719772114318,15.677108238486833,239.00449
235,08,-3.4686337675251e-05,-19.754633603331865,40.27667498864153,14.429789518274287,328.09375
236,09,-2.4247977624205914e-05,0.3736279635959201,55.41774919654528,3.919208845329285,287.69913
239,12,-8.802920268002493e-06,22.454611907630838,51.308709990082264,12.782658350072886,-103.638054
240,01,-9.430198710966792e-06,24.63400003675235,61.44896206574927,16.481189683155343,-194.26474
243,04,-2.54553507465769e-05,-17.42901027967665,53.24983413987689,5.066782274542914,-201.18489
244,05,-3.422614240797327e-05,-20.88572949317194,50.723297991629586,8.779698450191047,-85.681946
245,06,-3.759346314859108e-05,-24.964019442409946,49.104056137108806,9.589524438858033,73.47337
246,07,-3.775679561435789e-05,-20.12216363230059,34.70881050790896,6.7905215421697145,227.9784
247,08,-3.318467006672979e-05,-13.657699137697938,45.50563225292391,8.883778229928788,323.24078
248,09,-2.59650643648355e-05,-3.5717024329291456,50.26974016195536,5.929397126367357,295.027
249,10,-2.1588807777500546e-05,5.981483147405809,48.24640764357326,9.68599304804238,177.60583
250,11,-1.3179962080519347e-05,12.654008286878799,52.50058610761298,4.796225587866042,27.38264
252,01,-6.553396535759588e-06,18.42038040095504,45.80448549491872,10.353726586782804,-195.55188
253,02,-1.2230161100386137e-05,18.65321454909752,54.35344561065067,19.062788032948287,-251.41246
254,03,-1.4517082142339604e-05,-0.5979741453765541,58.83941007500695,9.49542429823516,-253.98395
255,04,-2.355722367422762e-05,-12.813957029554578,60.681698268123455,4.805695806566875,-201.69388
256,05,-3.550879427684679e-05,-19.147158501081563,47.704144963514416,6.9489958812139365,-79.242546
257,06,-3.750390542944741e-05,-27.016546727159287,42.780413097916714,14.330717013740538,78.57869
258,07,-3.168135436499142e-05,-21.668345875401656,51.88578506780696,6.044026700850455,235.97581
259,08,-3.0941285219664524e-05,-19.063545700565466,39.65101154342005,11.04517762957337,327.2998
260,09,-2.4486756719630248e-05,-2.020394458007812,56.817002186003,7.933719080649483,294.1681
261,10,-2.1893689024856883e-05,11.235235126454343,57.40779917159772,12.005480048866684,171.5351
262,11,-1.5146696185204038e-05,20.892512133110895,68.07071139411661,12.342221737946403,24.624027
263,12,-1.1904006665214989e-05,20.81303864280127,63.79751548051194,12.820332980145691,-108.68029
264,01,-6.723928980547147e-06,14.384707934964087,53.25762820807451,6.1000643886237995,-205.21951
265,02,-9.421481274265325e-06,7.153048214503697,61.79020408172125,11.07230871765954,-251.73528
266,03,-1.3063552253355424e-05,-6.242824222359606,58.59238742218351,13.09184503670149,-257.6128
267,04,-2.4765318735565716e-05,-15.737299090576174,60.65160554169682,10.400624713431462,-207.67917
268,05,-3.372209000100225e-05,-25.790908090242777,45.58359570831253,7.128588644150765,-92.08801
269,06,-3.303585196628976e-05,-31.827683939954966,48.06642211600013,12.22468430902693,73.95244
270,07,-3.6646507612448495e-05,-24.41304970722813,43.035889669943884,8.167003860658214,236.19467
272,09,-2.8629883362433853e-05,-3.361749937269423,60.89090815499625,7.402657788870068,291.0516
273,10,-1.872843477780094e-05,15.499699002173642,52.0420637966638,14.544020690487276,174.45093
274,11,-1.4045017091525046e-05,9.019137569173179,50.75557469189433,7.708632052760654,31.910318
277,02,-1.6342577849974034e-05,27.257544948032923,61.67323920420096,20.7849390369824,-246.93384
278,03,-1.718439095667989e-05,-2.8514695644583754,52.573686629964456,12.162814038861184,-254.18585
279,04,-2.4829810814864887e-05,-14.182246478949653,49.20558492463959,2.687068967501322,-200.30283
280,05,-3.0134792006426703e-05,-17.31557953963741,52.31226475243542,4.80779668205015,-81.6334
281,06,-3.5836119472898846e-05,-20.466573669433593,50.7506326838851,14.10018485385047,69.4972
282,07,-3.594073215623134e-05,-17.96138944137737,48.60045512300026,8.125416749031315,221.63406
283,08,-3.0240783373966385e-05,-12.41071590333344,52.640142950275894,0.3693177606316022,313.51276
284,09,-2.726855740998468e-05,-6.606480073716904,41.46046437310777,-0.6506538895077175,287.19498
285,10,-2.2813934475604865e-05,5.003235001430717,55.25826176021304,15.801558265091272,170.14682
286,11,-9.433203981300014e-06,10.082439758300783,57.335292302331666,8.362891557502746,17.714588
287,12,-9.155090198257839e-06,-0.601292420089886,52.83887711868107,3.7487439302218855,-114.93808
288,01,-7.996820467572737e-06,16.024269751435966,52.92226850532075,7.2308413329791,-215.44156
289,02,-9.213011075579354e-06,1.6289639434814458,40.65915042115535,-2.7782855909211293,-260.2776
290,03,-1.4304734281419465e-05,-4.024482163624097,45.80751552796749,5.931675549784015,-263.74124
291,04,-2.383696288773839e-05,-17.2942943037245,47.44735419490735,1.776840329636468,-212.53816
293,06,-3.491794925367785e-05,-29.63445593295627,48.58540389312637,15.360014124997457,71.89196
294,07,-3.637924248004731e-05,-25.786057973554062,44.12265574810709,7.717995313931539,231.90631
296,09,-2.437035215904568e-05,-12.497950702243381,40.21523504180775,8.71134063267178,301.26868
297,10,-2.1305207502659715e-05,-2.352458050143333,49.86598729915773,5.868036298526231,179.28796
298,11,-8.746191556262298e-06,13.336127873399521,55.471923015075255,9.657236481560602,32.510124
299,12,-8.986315398414586e-06,16.75842543636855,56.42778465677845,8.24986906863797,-105.217804
300,01,-8.992702947169514e-06,20.66453995308825,64.87525535803712,12.400445861242154,-196.19354
303,04,-2.4217375733618005e-05,-11.611916856553819,59.49211039767795,3.0342327328787904,-197.18878
304,05,-2.847669872224737e-05,-31.81054322043798,50.857990436966695,3.692849372720206,-80.76811
305,06,-3.421590459786078e-05,-30.121984181382924,54.56608841220009,13.141829840681288,79.34221
306,07,-3.5823426863228845e-05,-21.040274605699764,48.61712288511441,11.099155380125966,239.24655
307,08,-3.442271008691844e-05,-10.630728795861687,53.4802156332962,7.505057596555321,329.28778
309,10,-1.9737982986943505e-05,10.8786054316695,45.96995730125903,11.938783076604208,180.49893
310,11,-1.219442167142309e-05,8.63346869269477,52.650442458646836,7.877422987598844,36.844322
311,12,-6.509792311736683e-06,12.651209838210898,41.13814304297201,9.412742538349605,-97.04364
312,01,-1.0532949036563073e-05,27.835473567839585,50.62756816835045,13.787942452297413,-193.68048
313,02,-1.0796667724878803e-05,1.9850640389578682,54.967533898224424,-0.5147282207352782,-243.14868
314,03,-1.2645556585016247e-05,2.2825399281491516,62.992716266741034,6.881408927343225,-255.72716
315,04,-2.402455134354872e-05,-12.38321820203993,55.9102142579476,5.966150120883517,-199.6224
316,05,-3.3327865934669755e-05,-23.83920729967343,52.369123788558014,12.497400639995453,-80.81816
317,06,-3.715115132452208e-05,-30.632264646063906,50.84424858076307,10.793446467632718,83.41574
318,07,-3.409394384040644e-05,-23.561669685609886,47.80977541725482,6.903388320861324,246.33636
319,08,-3.320200081173924e-05,-14.21000237282374,41.28222914207624,7.691539144146827,335.77124
320,09,-2.545146969718593e-05,-6.704652192857532,39.75358392157654,6.048352263323466,310.6837
321,10,-1.7187334372416657e-05,10.538457600583316,41.694871458662455,6.321603889998569,189.3753
322,11,-1.4535249143672345e-05,9.326381112670902,61.63253474075529,8.41573143863678,42.095856
323,12,-9.12172876785682e-06,14.485518746324761,56.37181309181387,6.250331046853014,-102.46217
324,01,-6.5253165958961526e-06,7.280853728591756,43.42763289413273,-1.198527814270348,-202.44641
325,02,-8.8568046297561e-06,4.634872235616048,55.29220876641359,2.863534123965672,-255.60724
326,03,-1.3873502668170125e-05,-4.782673361173239,59.930227692120816,8.711972299124605,-259.29706
327,04,-2.37631702343909e-05,-18.782449027506512,53.65862876264652,13.231339445326062,-205.24231
329,06,-3.4785863751151034e-05,-27.11431088460287,44.96967633606062,6.44561336379581,74.07957
330,07,-3.3670624993676266e-05,-35.11209074615151,34.7803111832411,5.194669483061761,235.0623
331,08,-3.203818718891423e-05,-14.970106861073484,56.166526000266416,5.139944788245744,335.81607
333,10,-2.0357669840078775e-05,8.929626497002058,49.91160704086961,11.764139995021203,182.58913
334,11,-1.6638314112929544e-05,21.698549422539603,51.20864173750348,16.657310976600645,41.089577
336,01,-1.3167410284109127e-05,32.71415653975292,54.798027210791915,20.381366841223937,-193.68599
337,02,-9.635896793779033e-06,12.227102448962983,62.05461917357218,11.984527422791432,-244.90988
338,03,-1.969343553138324e-05,2.858439688077537,50.951221448258686,3.589432570611277,-249.77034
339,04,-2.5420359923575438e-05,-23.728481532796227,35.425640993569964,3.3506547569486838,-204.2221
340,05,-3.1186685044343005e-05,-23.42358186127037,55.67473245647261,10.869236741629978,-90.10471
341,06,-3.458860908376663e-05,-19.802041976589628,51.81401281598541,5.424472069888645,69.910675
343,08,-3.430768915528969e-05,-11.902402343421853,46.669440629773256,6.611389506945046,320.31598
344,09,-2.677926907070085e-05,-2.246240928141275,48.58724766878287,8.22912563188341,299.02936
345,10,-1.4836711174446523e-05,-1.5530790907336818,46.4751422240952,4.005545213678831,182.81358
347,12,-9.103623443880553e-06,18.67049515623687,44.72693699303237,6.526885977427164,-97.2437
348,01,-9.98381483742544e-06,30.50790186531313,59.32570013750177,20.154622732100943,-194.6247
350,03,-2.0140387961912898e-05,4.352542552004578,67.29393991330491,15.45844951196896,-249.35211
351,04,-2.446588194630345e-05,-15.287676639472116,50.48518859204715,7.088551215807597,-196.07045
353,06,-3.476253857051133e-05,-32.52892781643338,47.80475471985869,12.328733485349018,81.68968
354,07,-3.577182100015043e-05,-18.878891244211506,53.425692884929724,7.46280018252711,247.78967
355,08,-3.3834556450724496e-05,-9.036356891591062,49.02626591384924,13.036809177316645,331.3898
356,09,-2.5189189388381943e-05,-2.5223080678304033,46.95382839618127,4.18150704068078,298.91074
357,10,-1.8222273044254205e-05,6.518695762716314,54.30898137165141,13.949120030803067,177.84175
358,11,-1.2143508331428165e-05,12.723418456013999,55.05112889809742,9.143233898650275,32.77527
359,12,-6.623100362498576e-06,8.910789440196046,51.189781416840454,3.3564824344881106,-97.62464
360,01,-6.219402897665034e-06,13.638463789416898,56.756673166043,4.487606855351436,-198.31216
361,02,-6.55127283612057e-06,7.2258432279314295,62.426701213981424,6.029134575253441,-248.94238
362,03,-1.4006747319585248e-05,0.15545269151913163,60.10794240493287,9.182660163920414,-252.32211
363,04,-2.2896213735516033e-05,-13.763160278998479,44.90089633327524,-0.685411971897549,-200.0684
364,05,-3.152253704363203e-05,-24.89160391596312,50.72287625494953,12.152716374838224,-84.436104
366,07,-3.995988693131167e-05,-23.939954596078525,46.67216465320125,12.934066957371208,238.22946
368,09,-2.396435872586961e-05,-8.675344586181641,43.626415080409586,5.422410661633809,283.94446
369,10,-1.8213049179844e-05,4.716025361748153,49.256211021474606,10.755346892162034,171.78444
370,11,-1.3997967538165946e-05,28.005924584282763,63.3120259418408,16.328244664086235,21.702154
371,12,-8.896478755051119e-06,9.686923075029926,62.37685010996686,7.806057778881443,-108.93373
373,02,-7.65345504045659e-06,5.717629487900508,61.53230691539674,8.026179726691472,-254.78604
374,03,-1.4227020407356234e-05,-0.1344084672825314,56.345688745778084,6.929926506247573,-260.4604
375,04,-2.4690822054900404e-05,-20.66956467929416,50.227940069592,6.223680580245124,-208.73196
376,05,-2.827942739082006e-05,-27.387183430333288,51.416537502500645,6.36290959364368,-91.69198
377,06,-3.182083758476639e-05,-35.711798379855686,43.71565713060168,5.184164862230089,76.775955
378,07,-3.4407490462771055e-05,-31.11366353779454,49.13440625845617,10.114219836901592,250.25389
379,08,-3.27152816781925e-05,-15.088779016966459,50.057286181364006,11.199890485086746,344.50723
380,09,-2.3803562745282155e-05,-1.7829848341200085,47.799041656389505,7.507118406274583,306.31445
381,10,-1.8914465963579488e-05,8.677334267236855,54.52403665949838,6.946783918237173,173.52753
382,11,-1.1904203317903414e-05,4.708053307088217,64.34552551558414,11.954520990626015,27.608389
383,12,-7.738160395268594e-06,4.967533013128466,56.59717789244652,9.098118736759309,-95.93067
384,01,-4.432973011169315e-06,15.641597058367989,49.85520389962581,7.8899931685950175,-196.45694
385,02,-7.274441715534998e-06,7.353929252261208,64.81677477946593,12.228949002470287,-248.3931
386,03,-1.235675504704564e-05,-6.3443144091534345,43.386579177287324,6.132339461931618,-257.78012
388,05,-3.0008848766624646e-05,-32.62149781881353,48.67582858574712,12.94653068993681,-85.54299
389,06,-3.4230032604055946e-05,-25.01744469502767,49.43961729888122,9.191161323695713,76.91078
390,07,-3.7348723895911946e-05,-18.427609645064162,51.34294977803511,5.025835220500987,242.62955
392,09,-2.5484862159343414e-05,2.648160398695204,48.54894579696125,15.945109005716112,298.85974
393,10,-1.916051529891168e-05,8.726722329416583,41.10612051369683,11.441918302064302,175.12073
394,11,-8.12447487300637e-06,7.208228931681314,45.10324230610001,5.92565191201104,31.321362
395,12,-1.2744765838047034e-05,29.389911852764826,62.27082245179138,20.643361183248544,-98.22604
396,01,-9.557997748420493e-06,23.492998173539362,55.985124487241116,15.473656117552068,-192.95456
397,02,-6.941694202459045e-06,2.77444112036694,54.92825397600388,2.178728864450564,-250.08089
398,03,-1.1845709033173812e-05,-9.130659757880753,42.53471919810516,4.415157397813695,-253.62106
399,04,-2.412122515035865e-05,-15.116672309705946,65.52592149374486,9.397371100213794,-197.3519
400,05,-3.2719707248821014e-05,-19.41600187732328,54.71462800888861,6.590203753809776,-68.05369
401,06,-3.633841799156573e-05,-15.284035491265191,54.862410076340026,15.388559870190088,83.00037
403,08,-3.664081436780238e-05,-14.530181596981583,48.63167088847007,11.868504572201799,341.77515
408,01,-7.079607454118081e-06,9.77005108642578,59.36599973937003,11.252236509794832,-202.51503
409,02,-9.82560560788399e-06,1.2790957768758144,54.799641565576906,-1.159094538597833,-257.6771
410,03,-1.6003138249269338e-05,-14.11737674147083,62.83003596656937,4.0497559374942576,-261.72394
411,04,-2.0434202846445263e-05,-16.983018215264217,45.651346360141694,11.989419890530904,-207.776
412,05,-2.7662325821888435e-05,-23.158452428017892,56.92952051083376,2.4006520103946807,-78.84357
414,07,-3.405638901301333e-05,-27.630988150319745,40.32137145659744,6.063395621740689,257.36716
415,08,-3.2683108437937644e-05,-17.84199171037572,39.46305893081491,9.443083260218303,346.67715
417,10,-1.765674730958508e-05,13.677036990258001,51.31546706972713,9.855143433540098,177.96507
418,11,-1.2026654228591521e-05,13.685960133870443,60.59634180396663,7.8996081568612,32.365784
419,12,-9.44601224512954e-06,28.97793200421077,55.46996279250422,17.02456877497191,-102.09054
422,03,-1.6731313326227373e-05,-1.3453218475669946,47.843510205716214,8.635303588846677,-257.06808
423,04,-2.3883861623916246e-05,-16.521862002224392,58.86005653639768,4.371208240678578,-200.59659
424,05,-3.2321809314922687e-05,-17.350711201329386,63.11191008513332,4.460978497023224,-80.135254
425,06,-3.645346474101341e-05,-28.120134918891054,43.231891095406475,8.551404417122734,88.172714
426,07,-3.570791800838603e-05,-18.498887496784167,52.862582088247414,2.4712541101312127,254.79161
427,08,-3.5946427165531874e-05,-15.756697428713563,51.75170243226714,11.565455817253357,350.9049
428,09,-2.0748739615697153e-05,-9.244409510294595,35.08465283191469,4.304754424497816,317.7245
430,11,-1.0089955154782932e-05,6.784489759657117,59.376273723493675,5.4755702130211725,30.531738
431,12,-1.0581146033268115e-05,22.95546643394552,54.273882943514856,14.305220015987274,-101.72885
432,01,-9.2527426375611e-06,26.340960131573418,62.63006211892765,18.644701262320243,-198.69687
433,02,-8.153189459681882e-06,8.31590086110433,48.93550452213628,2.498706819670541,-248.80505
434,03,-1.5915630637317265e-05,-1.6360386480515998,44.90566300547765,10.029118978069674,-251.67426
436,05,-3.070366395367009e-05,-25.76910455847299,53.73915812349191,16.856304020481723,-73.166176
438,07,-3.7615658574522775e-05,-25.170489753641114,45.05531850020347,17.498685590497907,244.91649
439,08,-3.326061218056918e-05,-12.586229408838417,52.3345120203854,9.09200456961765,341.16177
440,09,-2.5603061031688413e-05,-1.6679924726698132,46.654843129608366,4.154875349871318,305.44086
441,10,-1.3186316454061119e-05,-1.463842040031187,51.45971762442205,-0.8720540958937775,181.93701
442,11,-1.4898132296588707e-05,27.46974549831814,55.57987919455502,19.895228572103715,37.07505
443,12,-8.385574634596725e-06,33.275967709449034,59.292129598577816,20.310897958140217,-95.16321
444,01,-9.004527324929857e-06,20.359526514525058,60.00615774854665,14.172474664052327,-198.83752
445,02,-1.2519085415486441e-05,14.879537966322628,54.698993667597065,15.577092767211214,-251.9848
446,03,-1.4810545610421827e-05,-5.396197126162949,59.004922374092125,3.1354650305676195,-256.62006
447,04,-2.7581765115751797e-05,-20.820068422105575,57.557788026644126,10.033905906762017,-201.4714
448,05,-3.16294027814815e-05,-19.310568396455505,50.32535560724812,2.073139207963021,-74.627266
449,06,-3.356170396635004e-05,-23.02242342732747,60.87640379265148,5.402156425751581,90.81372
450,07,-3.758493633006676e-05,-22.269790681900524,47.74635748879372,14.40303122233319,255.38898
451,08,-3.3272750999810424e-05,-17.014684508621052,43.397001161080546,12.400393611907957,345.5432
454,11,-1.1750765303218536e-05,10.89123139716254,54.5964946256227,10.592714350276527,32.291622
455,12,-4.447676278540448e-06,15.633635981405934,42.93341399640295,10.629026270692066,-97.21343
456,01,-6.416161365773257e-06,12.223324068787278,48.97643718384928,3.00486104214576,-193.70428
458,03,-1.5800369091061108e-05,2.527072602630943,59.88884960889175,12.592574200394331,-253.06848
459,04,-2.5679135762624757e-05,-26.331729773288306,46.84454056873057,9.407489323573644,-200.39197
461,06,-3.566179110415154e-05,-31.36642959594727,52.944568701901716,13.948579157532585,73.91638
462,07,-3.888270218750779e-05,-23.176640851420746,56.14024401203919,13.697072580809232,245.95834
463,08,-3.333480648354688e-05,-12.395997953681537,44.035043613662005,13.987586888959333,338.7167
465,10,-2.0550294828412475e-05,15.281469091599986,50.30405073937036,16.963595434599025,189.30473
466,11,-1.2597567349661808e-05,15.910226154920792,53.90823562632401,13.279509921370614,47.752415
468,01,-8.493993727101315e-06,23.796599253992884,55.116003269850566,17.663954543821273,-178.78018
470,03,-1.3339704251535219e-05,-6.768148279333628,63.03257818707726,5.418887780302315,-238.11877
472,05,-3.631899526441482e-05,-17.44638056798135,47.40056218499266,-1.2031118744265645,-69.71741
473,06,-3.447691067930363e-05,-33.33076165534125,39.74884000571834,5.857450155003866,81.471954
474,07,-3.4126774513620195e-05,-44.31138712696363,36.16823902212164,3.485621720426826,238.91183
475,08,-3.324744642680256e-05,-25.59706884437479,43.61733073811633,11.77572594638537,334.2497
477,10,-1.717439320385384e-05,2.0582064438686585,44.893768001867876,9.415437937746768,194.55063
478,11,-1.049799736220949e-05,11.533768935139973,58.11769115721252,2.182743043751187,48.28977
479,12,-7.425197422547768e-06,21.47761040308142,53.53903508252609,13.274201738193474,-92.78975
480,01,-8.170035396257738e-06,18.813249751593478,61.34680531404607,7.291034113053352,-191.74011
482,03,-1.7898125718357898e-05,7.876527682396675,54.192069970153995,15.248105977909537,-245.01447
483,04,-2.786484313502215e-05,-15.88577495863173,41.53150874974462,-1.5698741665522258,-195.93079
484,05,-2.8741963674400066e-05,-37.081440074305384,54.09692304540707,7.031841904855544,-78.93371
485,06,-3.9525050331051005e-05,-23.208365014648436,47.86380608810849,8.609806874932184,86.28088
486,07,-3.625940142692049e-05,-31.74150496025496,48.734570516079984,9.829136697256438,250.31485
487,08,-3.404563471354698e-05,-17.337182702177312,41.57153246440298,12.387275987091884,349.32608
488,09,-2.6543087166161665e-05,-4.24653964674208,45.73786681658825,13.203323169390362,316.4973
490,11,-1.0039879183467646e-05,10.335369747924807,64.20363267016013,4.349684637090895,51.31846
491,12,-8.260583359534854e-06,25.078029959073632,56.60606037604423,14.065375561703918,-89.58705
492,01,-6.012859741277161e-06,22.106840989635838,48.67357203781476,12.273396517066544,-183.37157
493,02,-1.5386156723984276e-05,31.748662168305497,64.97568837541958,24.30691208471101,-232.083
494,03,-1.9840231885472768e-05,-1.8349693298339842,46.56073982853019,8.99767588207286,-232.95963
496,05,-2.995519203009721e-05,-45.04488896819084,46.51938461271666,10.13006349647686,-71.30404
497,06,-3.546342912159163e-05,-30.903872137790252,54.092656515480414,3.432671832127041,96.88736
498,07,-3.552329937512147e-05,-24.55973527871409,49.31133174363516,16.479953436000375,257.70398
500,09,-2.4679065476549213e-05,-6.537764871215822,41.4254565234277,5.957221874258255,327.3512
501,10,-1.848353834580477e-05,14.114419966174706,59.132486595437086,10.385557453668246,209.70758
504,01,-7.860778656987515e-06,14.34612370152627,66.80461903254064,10.133833827295609,-178.98018
505,02,-9.005972841740524e-06,9.622026147751583,54.51137783175566,11.546674844446638,-227.90945
506,03,-1.5948935392546162e-05,-0.9029574194467195,53.47545231677126,7.127447119456466,-233.90118
507,04,-2.588563685021654e-05,-27.98602328389486,47.86236142485672,6.313839817237854,-180.34612
508,05,-3.230829694098981e-05,-22.4746828918457,60.26473778712485,9.505540847839844,-63.5616
509,06,-3.7502937650666964e-05,-26.38411481492784,47.88007799596918,4.540895039600795,96.793015
510,07,-3.6336240956178925e-05,-19.074829963273896,48.14752719921964,4.705716874132874,263.09134
511,08,-3.444879628501263e-05,-12.903870650096605,45.419211714576655,7.435324650220974,349.10812
512,09,-2.3354238802332672e-05,-7.743464881388346,41.71682162190013,5.674252790345087,323.09576
513,10,-1.864643046111826e-05,14.62936670381279,46.729617401201246,12.118540854689897,198.6066
514,11,-1.0072340758698473e-05,9.36498726196289,49.88987413275507,6.842058276134069,54.037285
