,month,MER,MSSHF,RH,TCC,TCWV
0,01,-7.186377549426466e-06,5.464709561255669,62.6901256937955,0.7674197445941228,8.14543241929367
3,04,-2.191347909663616e-05,-15.59233038906521,62.41300571294825,0.7183522930145264,12.183705327253872
4,05,-2.839083756912113e-05,-16.16055940262989,64.02205650719006,0.6820745509978263,17.216401719138187
5,06,-3.330413338050373e-05,-22.16353809509278,52.028707694198026,0.624286894607544,22.014874159757298
6,07,-3.0671342559486147e-05,-22.637875941122733,53.00265082314577,0.6923592846778133,23.12972981539721
7,08,-2.8487004876296853e-05,-12.56110269165039,50.14281140049425,0.6369957595332977,22.75220546986083
8,09,-2.3132900744369383e-05,-4.023202255249023,42.3501046719922,0.6538724135504828,21.151945761863388
9,10,-1.6345863611966567e-05,2.642213581372333,56.92965585534547,0.7263572831512779,19.721688314687825
10,11,-1.1569333000928361e-05,13.890767045423724,49.679388139549886,0.7361187914530437,13.441472351654372
11,12,-1.207531024335357e-05,24.691616260159407,64.98245628347064,0.8025561436478809,13.014830520187658
12,01,-5.795284385228985e-06,8.867661568262244,49.01821534482766,0.7199518989645025,9.088685051160473
13,02,-7.359469057738698e-06,6.865867059466484,53.581606617508264,0.797145370790328,12.12962919981178
14,03,-1.4070489600584629e-05,-6.186828353717764,55.02083505403355,0.837744382468603,11.427750095593034
15,04,-2.282624180893941e-05,-17.872287172783746,48.97103869282801,0.5745583197275798,11.357650041418605
18,07,-3.1905643976779664e-05,-14.025872309859079,48.67037434149174,0.7010493204260383,23.41994776180611
19,08,-3.1051088017916934e-05,-11.540256553403795,47.008779259716306,0.7037623250407558,25.701051704905364
21,10,-2.1172643707369163e-05,7.590982919672484,58.4636376896443,0.7753540998069188,16.11280749658359
22,11,-1.4279194747299093e-05,14.235161112806532,54.54851769668525,0.7181861507415772,13.396459855666425
23,12,-7.873070872231058e-06,26.063403682913826,61.380955716897084,0.7685965811616633,11.703535817465474
24,01,-7.860688640385075e-06,20.899533713063885,47.875411116570554,0.746810458316598,10.644810918326018
25,02,-8.991757432514056e-06,2.888394768487839,50.11619150138895,0.7581164837337676,9.000017916314658
26,03,-1.2076194787720939e-05,11.89821663673975,73.37905685201383,0.8891850105203607,15.744720834609
27,04,-2.2320882245185202e-05,-19.334173597547743,50.02077896680037,0.6974979371812609,13.077067014764415
28,05,-3.0310256707952082e-05,-17.47440350473055,59.34436809112436,0.6752075911491151,18.54690212902715
29,06,-3.0904296795920855e-05,-15.787571440294057,51.69619375912348,0.7999754805246988,21.37912677978939
30,07,-3.173775886429094e-05,-20.80200322239373,49.75860673643311,0.656765679923437,23.73428546353951
31,08,-2.8741253340065727e-05,-19.03508228654759,42.77699926753197,0.6846821722625404,24.403104924806982
33,10,-2.174942796122078e-05,9.781940688922843,60.93410625634399,0.7679681318959883,15.963218076816172
34,11,-1.4328458308167076e-05,19.586548003133142,54.57233108670976,0.7831729083591039,14.317446869442199
35,12,-7.687594037497059e-06,8.885675470167591,67.75924336626196,0.8372953305808447,9.079969420325373
37,02,-7.864293709969517e-06,5.468580898829869,51.56958197040644,0.6381152653467087,10.334659840992519
38,03,-1.6001877676116956e-05,1.792558938959594,55.95160838729334,0.6297853519890898,9.970802344655477
39,04,-2.3437909088230905e-05,-21.874123499891493,46.11000325809585,0.6042834651523166,11.432875588513745
40,05,-2.9170486620455693e-05,-20.4214844770534,47.92201473479629,0.5381072768344675,15.03766018853521
41,06,-3.17826830204164e-05,-27.949367026435006,48.16991035015053,0.6107106636047364,22.511012832081317
42,07,-3.416977696542745e-05,-21.999847670688425,39.2781192299025,0.5667834904578425,24.456834705301517
43,08,-3.1963929242763654e-05,-15.790871219429917,46.55304641459066,0.6299341235417194,24.45286580407748
44,09,-2.1331834113273846e-05,-6.238656323920356,43.43915766518911,0.6479369944254556,22.404552868395385
45,10,-1.6551261839878706e-05,3.491510892150223,54.79260846710333,0.7931934629460816,19.132922751236986
46,11,-1.519573135911843e-05,20.401449884033198,56.70156626680825,0.757184676700168,15.306237562237841
47,12,-1.0313162028783104e-05,17.753608460457098,55.75187243828721,0.7608326711347028,11.54048159815932
48,01,-1.1369238679367056e-05,31.70380508160335,51.86229076744793,0.7840179075425671,12.54478739766921
49,02,-1.1685804688698098e-05,2.732715975443522,46.129101684696614,0.5929144132704963,7.829569845487675
50,03,-1.3839232150540515e-05,-0.5926843497983868,57.115805566785156,0.7865977866470174,11.947326620060911
54,07,-3.282222612492611e-05,-33.091220865229126,44.1499227373741,0.5684433198744251,27.130274066945557
55,08,-2.6941880611302234e-05,-27.08358682743196,31.77761535606461,0.4750448487804782,24.006322544676
56,09,-2.725831751290065e-05,0.9693071214463977,44.86737590899468,0.705576475101047,21.1710378525734
58,11,-9.367185011372688e-06,10.117007967122396,41.05919099200301,0.6633599039289689,14.363651190684902
60,01,-1.1848107099418698e-05,28.771229348787696,56.9102486772409,0.7091302516896237,10.191702869721642
61,02,-9.682757584759485e-06,6.4267875001403105,47.08914505602986,0.6832505156856844,9.158349270805545
62,03,-1.3818876191033916e-05,-6.2181760956138685,56.610379949503034,0.7108914005730743,9.797240060637074
64,05,-2.301351515928619e-05,-21.276121071107926,61.30564291210714,0.8077163047380344,17.356259771243217
65,06,-3.0384449369921637e-05,-25.249517172580298,53.14751710217263,0.6465512983110214,19.618736166115596
66,07,-3.052118788760435e-05,-16.333257173927887,51.58020934386151,0.7022927988934261,22.990089238066826
67,08,-2.8069958612225798e-05,-17.017802792784988,42.472240740586344,0.4993924576133809,23.504970162709558
68,09,-2.2138291550658728e-05,-0.809648367987739,66.94727416271104,0.8249710806952584,22.38970984335343
69,10,-1.5594664512004833e-05,12.420039781796033,52.5519555827328,0.7500587646730484,19.463715816155556
70,11,-1.2000811908506469e-05,17.20852971835666,62.11537896577253,0.7200436461130779,16.40034759771559
71,12,-7.343828446024142e-06,12.754345215500043,59.86620702467682,0.7815233377846338,13.293887527272263
72,01,-6.201572312694294e-06,7.789162023728894,59.71689801232405,0.7623330554757067,8.008615290749457
73,02,-7.646551471441942e-06,-7.170963860648018,49.17462651499538,0.6680685249964396,8.483470379527834
74,03,-1.1304150707112197e-05,-2.56875498781922,68.34861116093205,0.8015634798439599,10.938059937977021
75,04,-2.3272295822324753e-05,-10.486857863362628,59.37646033687326,0.7217336557176378,13.55916669224368
77,06,-3.090711121482552e-05,-17.990251360066733,61.34983533646531,0.6643057591756185,19.0323849847277
78,07,-3.447742918110781e-05,-15.274860501197074,50.75858460182529,0.6424117790960497,24.054852292717143
79,08,-3.3271033724499884e-05,-4.3656862228557625,49.79625837316948,0.6493248435810047,23.133719152373654
80,09,-2.244669017984254e-05,-3.3109654418945316,48.444472670045165,0.6852785703870988,22.995913738518293
83,12,-6.748697063030508e-06,22.216181771555252,62.92255071562849,0.8592321815900905,14.085127126652706
84,01,-1.0488508364736625e-05,25.802121266682942,67.17732922877546,0.7623722744193129,10.206371892220231
85,02,-9.105866422227595e-06,-15.737989101954868,41.279925076501705,0.6196731731323969,5.607975746361981
86,03,-1.09558865346488e-05,2.199697240357758,53.96111336709735,0.6894126181243568,10.942116465018639
89,06,-3.5890827366468634e-05,-24.274000357055662,43.53411597645681,0.5244118612077501,20.289311543525592
90,07,-3.000731417455182e-05,-30.125119514383297,48.19723509739805,0.6702686336066134,23.818925079271356
91,08,-3.1366839325049225e-05,-20.726613564768147,49.22354232249208,0.686836864348381,21.520708266890182
92,09,-2.1116000810717296e-05,-5.870355172729491,52.886519872754164,0.7167194254557292,18.77687866865794
93,10,-1.7202233669146365e-05,6.4104873591597356,48.62927366667281,0.714295039597378,19.589035635976384
95,12,-1.128779906788603e-05,28.043287035542146,58.52688881322774,0.7719007456789735,12.267536138803731
99,04,-2.2575659647211267e-05,-11.442104777696397,52.015024873095086,0.6293081595102947,14.52642838770946
101,06,-2.8837502824555686e-05,-20.989433822292757,61.5306473079814,0.7672273565504287,21.273624211708704
102,07,-3.379324687933062e-05,-20.07741719498173,55.40260847481861,0.6694636565998037,24.62420682204411
103,08,-3.0242934917310693e-05,-13.572054321945357,50.633880177582476,0.7321427008105863,24.83616227820099
104,09,-2.5696148892024614e-05,-3.969099077690972,51.22118268649578,0.696313075680203,22.86273651031123
106,11,-1.2423982501220758e-05,8.69252590874566,58.77474638277293,0.8495418824089899,14.093879046629535
107,12,-5.659096497726741e-06,10.619382738339004,50.16868590621025,0.841202174976308,13.523867330752395
108,01,-9.400724827868036e-06,23.76198229324177,64.8158600401199,0.8154185586744739,13.478511014884521
109,02,-1.553154618433063e-05,17.196350676788683,61.10995617006565,0.7344264186552201,10.345760452389717
110,03,-1.4791143874625109e-05,4.141464673442225,71.63935923557511,0.8021229802613616,11.452679470425014
111,04,-2.4692344382775542e-05,-22.74501348402235,55.09817502149212,0.6086693189409044,12.66216660157707
112,05,-3.182606770285695e-05,-15.882362545546664,52.83810746537357,0.6065327840825564,18.308951694468018
113,06,-2.7714982728361462e-05,-28.63852083367242,47.29024293223089,0.787963741853502,21.301890547300708
115,08,-3.211179117533902e-05,-13.866469908683532,47.473473327189375,0.6423366078612625,23.52457447757131
117,10,-1.6347254436593455e-05,7.273599919801116,47.520342997120274,0.740862602603051,19.266358468080078
119,12,-7.866494279115095e-06,20.208327730240367,52.71666673100892,0.8517327044907436,14.357002457380297
120,01,-5.490775168401608e-06,12.580168148245866,46.32122026583841,0.6960385644974246,11.883489435585597
123,04,-2.3728384267512105e-05,-15.711892689005532,62.36782957411343,0.7619601530710854,12.549550183918742
124,05,-3.2913617601255e-05,-32.404015432706444,43.15242019264416,0.41460931174985816,15.407821862953968
130,11,-1.311930024130561e-05,7.912713109334308,43.72629240063826,0.5709897992451987,12.214345464632247
132,01,-9.708490018202875e-06,23.531725362798216,54.619796854420386,0.8431987389185095,13.03048595025206
133,02,-1.709957590030951e-05,31.83555304718018,59.52337883048256,0.6681059597560336,12.68034689824212
134,03,-1.7018775953137494e-05,2.372058311872584,47.98838851665681,0.6078018044502504,11.869843073837217
135,04,-2.7999317039636173e-05,-19.276666238742408,46.732171709169286,0.4856501743316651,12.065731884741782
136,05,-3.125298669270236e-05,-34.3688931694441,36.06377147361027,0.4253419031943044,14.324859504516404
137,06,-3.068480971400681e-05,-23.63770078192817,52.16888050745726,0.7518713474273683,20.68230553075605
138,07,-3.559518055198981e-05,-33.07448882301904,37.832517702871755,0.48145341713197765,20.875357654766372
140,09,-2.7407515947157255e-05,-3.6402964202880854,48.108384553693405,0.7245800940619573,20.220626075602905
142,11,-1.0645134954231454e-05,8.876481322224937,54.38112868225972,0.7074830526563856,13.421097168287966
143,12,-1.0178729378000547e-05,19.264495642221096,49.02194799312469,0.741313444240119,11.535513428002275
144,01,-9.804670876438911e-06,24.167181801416536,38.86062395377826,0.5920816008865194,8.955749408001543
145,02,-6.996622216688376e-06,0.507544446309408,46.996895068120395,0.6594038436526344,8.221342761926708
146,03,-1.2629808311264428e-05,-0.5304674036169569,53.76618897918476,0.6779174129937285,14.275736472201602
147,04,-2.5889148811054637e-05,-18.50936585184733,50.20018549894757,0.5432910179562039,10.986529590508672
148,05,-2.5811937759284265e-05,-33.066711107479634,47.67298183366304,0.6777907446994578,14.460797650952493
149,06,-2.987989489524302e-05,-20.686577268473304,57.62339900992447,0.7380680046929254,18.702801296479173
150,07,-3.606362330103894e-05,-12.26554677852508,46.37869990175771,0.6136622345216813,25.921418963223378
151,08,-2.9805839779475068e-05,-22.79464663072811,38.70661156831249,0.5833647762011457,23.833731042867065
152,09,-2.1833397036001162e-05,-8.548686426798504,39.4321560544822,0.6042274455176458,20.83496838520235
153,10,-2.004618059737534e-05,2.17344532234438,45.307421456006274,0.6938537020939652,17.674736063961063
154,11,-1.4646135411648073e-05,14.444811823866104,60.08639300202131,0.7607454043918185,14.225457465975815
155,12,-7.654158530845394e-06,17.942148733159545,42.031411531264894,0.6701996401715022,11.076515356142036
157,02,-7.568776633878318e-06,10.513905402874128,42.596786469010105,0.6980748454126818,11.196383694080101
158,03,-1.6743815379482177e-05,3.675611719931326,56.535387553599556,0.7537755890712943,12.269467439161831
159,04,-2.3724830210206465e-05,-12.979907084147134,60.15185276207658,0.687911747233073,12.85867560589181
161,06,-3.339920427913765e-05,-25.873405965508358,43.36981476617124,0.5821381435394287,21.26468744079934
162,07,-3.3542465003026134e-05,-26.574038988010855,46.61348771423679,0.5979461164987215,24.872119238017707
163,08,-3.290884278264643e-05,-13.404264240552024,52.83446418771308,0.6783674054709815,25.45110419567298
164,09,-2.5466491539959356e-05,-1.4094354346381297,48.6797681992597,0.6656476938883462,21.089136655476363
165,10,-1.9484351597922247e-05,1.9587082073252686,58.379234332862715,0.6918505046393281,14.223404862920445
166,11,-1.321692710625939e-05,23.694389510769323,50.96693710040848,0.754426333618164,14.199872933730813
168,01,-9.715480358609446e-06,34.39173987899288,57.42208674485646,0.7435397178896012,12.073609010492602
169,02,-8.449411843078754e-06,-1.1622854381742926,41.2482318814184,0.7323262315023513,10.165785772635825
170,03,-1.4966802825774622e-05,-6.011914413616221,42.24266758934657,0.5090522961360152,10.57913865132614
171,04,-2.191761210872048e-05,-4.539731902737087,59.59964808656376,0.6899678468916153,14.761491688218381
172,05,-3.0932743489659034e-05,-26.541132331437964,51.168041845343446,0.5782415237426759,18.49295009515106
173,06,-3.281592492067931e-05,-24.277929318237305,46.836056776909025,0.6491131579928928,21.09136703202724
175,08,-3.234485571499712e-05,-11.285276480397874,49.79429166342623,0.65965662880354,21.499373248984732
176,09,-2.2725771390226628e-05,-2.4448908416748045,57.50485973500145,0.8023041222466362,20.6290178585887
177,10,-1.798888249350155e-05,2.3637267239478326,43.9463890340828,0.6776582923807124,14.716569644813896
178,11,-1.1587640056374466e-05,-1.8295716874864363,52.225245416957804,0.6554577938927545,11.321686016183431
179,12,-9.250304196792702e-06,31.236705364924607,64.63241229699248,0.7918248019884992,12.371003425172582
181,02,-9.681430163471391e-06,-2.9269207930791947,54.97462990093799,0.6523898104713076,9.542274346257958
182,03,-1.5868986940443404e-05,12.424105568506382,56.25959003628518,0.7475124271761985,13.046672808460013
183,04,-2.4481364455176743e-05,-15.54007357143826,53.21672202842236,0.6873039249420165,12.108356564888691
184,05,-2.8615912740195944e-05,-19.306992470361852,50.8592781971834,0.7416989493011147,16.437750189096697
185,06,-3.390126228795352e-05,-22.424498955281575,49.86442946763436,0.6148267804887558,21.024796435148186
188,09,-2.649383951805552e-05,-2.2674784339057075,50.77799905458556,0.743529254659017,20.662340495669845
189,10,-1.8016295581522476e-05,4.47270425086893,52.33998963107474,0.7289226303100587,16.282121984560003
190,11,-8.92097842036795e-06,12.752254605102538,55.27824593100681,0.8463350632985434,18.250592901670938
191,12,-1.093666692604627e-05,22.757288210632986,53.902280609893545,0.7332173781446233,13.035411139304921
193,02,-1.271823695051786e-05,20.178666164579848,60.9734689490412,0.7695771319071454,12.205283860994237
194,03,-2.219248033328259e-05,-0.5256330294045062,56.57506640008187,0.5997859655810941,9.68667776564885
195,04,-2.3056703787511248e-05,-15.611610607231992,48.9374839578549,0.676606201256646,13.610398491528297
196,05,-3.3250014936618425e-05,-29.631465932538433,52.844916530618114,0.6325727252755113,14.887000348762799
197,06,-3.44918315846169e-05,-24.446217814466692,49.08188772321145,0.620938918601142,19.14153311720292
198,07,-3.591561413959817e-05,-25.92438248894804,39.340810654867084,0.500560249123522,26.651675874188385
200,09,-2.6222378082234683e-05,-4.395296908230251,54.09243484116659,0.7176794152577717,21.198522507119172
201,10,-1.4566836962311297e-05,5.514771194293934,41.310020164710224,0.7215961416100943,19.556401405724145
203,12,-8.991161045966975e-06,-5.598886509064706,48.51484771922968,0.6904451063012563,9.520831813155645
204,01,-7.460320452180465e-06,-0.4728464959257379,45.67560021059616,0.6517847482004473,10.440877024148103
205,02,-7.544903639281147e-06,5.38362545916678,55.18347650017959,0.8090819851228561,8.869372559355593
206,03,-1.2827322511164368e-05,-10.990242480862525,51.72073062135199,0.6624436052794098,9.525472053571415
208,05,-2.4253428110207234e-05,-26.022296560964275,51.92535755428705,0.7435633220877698,15.523370743020891
209,06,-2.8253365109311642e-05,-38.732165323215064,41.61192797080808,0.6266733358171251,18.80213339232339
210,07,-3.142641031134248e-05,-27.054918192217425,49.82263012584947,0.6206146289046092,21.689672550591094
211,08,-2.9903093116464793e-05,-15.358725825155936,42.33743624172287,0.5714169844350507,22.9990404958584
212,09,-2.534073391895315e-05,-7.00570699428982,43.673043699496326,0.6079831231011285,17.80062923739222
213,10,-1.7171301486478214e-05,8.106230379494288,51.02844809201841,0.7336558953972274,18.058174803824834
214,11,-1.4551765714713837e-05,14.46901237657335,58.72207561985916,0.7350521771748861,13.013740698712404
215,12,-8.836182103413613e-06,1.1414017176474303,51.832999992789766,0.728104033603463,9.593377716324662
216,01,-3.583592048936e-06,-1.2817189340899076,35.36421269791357,0.6917340717930949,8.961908747665344
219,04,-2.201332183204714e-05,-17.60772253417969,50.15108422283994,0.6222039408365886,11.840950494820543
220,05,-3.085946982284968e-05,-22.07697987414944,55.658551038389554,0.6941719493250693,16.664446066212914
221,06,-3.476727682935032e-05,-20.254541469319665,56.16686724849277,0.6510188685946994,20.78134989303483
222,07,-3.376502295814329e-05,-20.43258258581674,48.29218798171063,0.6023651400330248,23.78260384443754
223,08,-3.064838395117496e-05,-15.397676236060358,39.11490551742816,0.5104240398612073,26.16295267547331
224,09,-2.7053925191669103e-05,-10.968042353990342,40.873450344501606,0.6161735351138645,19.439216820406912
226,11,-1.1372840429430654e-05,5.54297788119846,52.451002673839106,0.8336406787872315,14.74272731684049
227,12,-9.893875752236308e-06,16.98351939342868,60.12797338394067,0.8134230110004383,13.047354222416878
228,01,-1.1099072907757458e-05,24.386054642872143,54.87726956107148,0.706566690711565,11.066128452862465
229,02,-7.893391973560764e-06,12.879144769577753,54.623768248409036,0.6531332498732068,12.837736519389209
230,03,-1.582076560769428e-05,4.910139277304372,64.38913835901599,0.8158999442233833,14.007189303759604
231,04,-2.2395207648413717e-05,-10.670934447903104,67.35853829729425,0.8237251260121663,14.318035180071991
232,05,-3.182257207745645e-05,-20.036693252071256,51.31070372274871,0.6138791913678568,18.25652126416596
233,06,-3.4082233544055876e-05,-13.138249787733287,60.09514157660935,0.734693268415663,23.464375189109646
234,07,-3.6390916169732936e-05,-13.917790471887077,46.5719772114318,0.7049917125496812,22.643103410513174
235,08,-3.4686337675251e-05,-19.754633603331865,40.27667498864153,0.617704378968926,21.998242530926582
236,09,-2.4247977624205914e-05,0.3736279635959201,55.41774919654528,0.7025377028147378,23.421663728037153
237,10,-2.3367591303340108e-05,14.50471792602539,57.49670259841796,0.7994241635312314,17.60276400920909
238,11,-1.186565926222506e-05,4.6568576497395835,50.09492808050447,0.695817248280843,11.023035687553882
239,12,-8.802920268002493e-06,22.454611907630838,51.308709990082264,0.7541032600402832,12.303671738373337
240,01,-9.430198710966792e-06,24.63400003675235,61.44896206574927,0.7435347398327242,12.195444267046069
242,03,-1.3397230129969535e-05,-0.9194605676794566,60.6708199271861,0.7651577397008096,13.508820564555867
243,04,-2.54553507465769e-05,-17.42901027967665,53.24983413987689,0.5809090511745877,13.930574816384583
244,05,-3.422614240797327e-05,-20.88572949317194,50.723297991629586,0.6588638867203909,17.992914966178198
246,07,-3.775679561435789e-05,-20.12216363230059,34.70881050790896,0.5384588477842269,24.06717719546313
247,08,-3.318467006672979e-05,-13.657699137697938,45.50563225292391,0.7109437208688386,23.8488504817614
248,09,-2.59650643648355e-05,-3.5717024329291456,50.26974016195536,0.6188350537194147,25.80820150032573
251,12,-1.3700721242369786e-05,27.986750325848984,63.54783165261822,0.7595967111074798,11.135898228195407
252,01,-6.553396535759588e-06,18.42038040095504,45.80448549491872,0.7846040913571595,11.324720192924623
253,02,-1.2230161100386137e-05,18.65321454909752,54.35344561065067,0.6892225647411128,11.535072371006011
254,03,-1.4517082142339604e-05,-0.5979741453765541,58.83941007500695,0.8120778655595677,13.146086779553404
255,04,-2.355722367422762e-05,-12.813957029554578,60.681698268123455,0.7118717977735731,14.799168964303863
256,05,-3.550879427684679e-05,-19.147158501081563,47.704144963514416,0.6232741373944026,18.64379195670543
257,06,-3.750390542944741e-05,-27.016546727159287,42.780413097916714,0.5791649541642931,20.217285911058053
258,07,-3.168135436499142e-05,-21.668345875401656,51.88578506780696,0.7779165895933747,22.884604032078098
261,10,-2.1893689024856883e-05,11.235235126454343,57.40779917159772,0.7329834721472954,19.02933904491702
262,11,-1.5146696185204038e-05,20.892512133110895,68.07071139411661,0.7944869282616509,14.33508744482597
263,12,-1.1904006665214989e-05,20.81303864280127,63.79751548051194,0.7176606500276956,12.55957897350352
264,01,-6.723928980547147e-06,14.384707934964087,53.25762820807451,0.6732578391208444,10.276413458688285
265,02,-9.421481274265325e-06,7.153048214503697,61.79020408172125,0.7992697193509057,11.304749446694343
266,03,-1.3063552253355424e-05,-6.242824222359606,58.59238742218351,0.8346674006472352,11.94844622561111
268,05,-3.372209000100225e-05,-25.790908090242777,45.58359570831253,0.5665124677432481,16.882564342469298
269,06,-3.303585196628976e-05,-31.827683939954966,48.06642211600013,0.6896868352678089,18.788384712798067
270,07,-3.6646507612448495e-05,-24.41304970722813,43.035889669943884,0.609202791316535,25.123447815056778
272,09,-2.8629883362433853e-05,-3.361749937269423,60.89090815499625,0.7758285717010498,20.705136747317844
273,10,-1.872843477780094e-05,15.499699002173642,52.0420637966638,0.7502056204683036,21.72099201665899
274,11,-1.4045017091525046e-05,9.019137569173179,50.75557469189433,0.8206311488681369,14.766802187086476
275,12,-9.904081011676856e-06,14.487402564920403,52.82181985401466,0.6670834625408213,10.6310780278957
276,01,-6.60295483731882e-06,23.604068570044735,51.65779350411636,0.7452024029147241,12.109373243094772
277,02,-1.6342577849974034e-05,27.257544948032923,61.67323920420096,0.6965534969057356,11.585383370463337
278,03,-1.718439095667989e-05,-2.8514695644583754,52.573686629964456,0.6759721070566486,11.607923356689431
280,05,-3.0134792006426703e-05,-17.31557953963741,52.31226475243542,0.6915594408178842,17.86483551645279
283,08,-3.0240783373966385e-05,-12.41071590333344,52.640142950275894,0.6742144519846925,28.186662356700946
284,09,-2.726855740998468e-05,-6.606480073716904,41.46046437310777,0.6465029381222195,19.46754291381571
286,11,-9.433203981300014e-06,10.082439758300783,57.335292302331666,0.7533690906524658,14.819048055042161
287,12,-9.155090198257839e-06,-0.601292420089886,52.83887711868107,0.773043066619545,12.703119583929736
288,01,-7.996820467572737e-06,16.024269751435966,52.92226850532075,0.7041166410138531,10.557260232224259
289,02,-9.213011075579354e-06,1.6289639434814458,40.65915042115535,0.44601174649738135,7.618574587362154
290,03,-1.4304734281419465e-05,-4.024482163624097,45.80751552796749,0.4610075515008742,10.201501829046073
291,04,-2.383696288773839e-05,-17.2942943037245,47.44735419490735,0.5701265349917942,11.80928153449032
292,05,-3.0977665722578726e-05,-19.48317038226384,57.695412786129985,0.6365701963773339,17.237994223952292
294,07,-3.637924248004731e-05,-25.786057973554062,44.12265574810709,0.5639495347135811,25.262484286273676
295,08,-3.1032737283929096e-05,-31.771135562691633,39.36124998163152,0.5673176327366982,23.719839718063675
297,10,-2.1305207502659715e-05,-2.352458050143333,49.86598729915773,0.6066881419356149,12.834833942158248
298,11,-8.746191556262298e-06,13.336127873399521,55.471923015075255,0.747657346555922,15.444975968167515
300,01,-8.992702947169514e-06,20.66453995308825,64.87525535803712,0.837607708305441,11.204803152650916
302,03,-1.5225630396960167e-05,1.0669384965794064,50.376974003080406,0.6286395969185776,10.998717471243236
303,04,-2.4217375733618005e-05,-11.611916856553819,59.49211039767795,0.6849287313249376,14.257841776642534
304,05,-2.847669872224737e-05,-31.81054322043798,50.857990436966695,0.6642094037045716,15.359272943048065
305,06,-3.421590459786078e-05,-30.121984181382924,54.56608841220009,0.6948014066060384,21.4024883570883
306,07,-3.5823426863228845e-05,-21.040274605699764,48.61712288511441,0.6308969455431865,23.3933894850977
308,09,-3.09724094837697e-05,1.3779368174235027,41.60773183429904,0.5963927018059625,20.335168852259056
310,11,-1.219442167142309e-05,8.63346869269477,52.650442458646836,0.8075169110616047,13.982692417393787
311,12,-6.509792311736683e-06,12.651209838210898,41.13814304297201,0.7556278750922091,10.708026006760138
312,01,-1.0532949036563073e-05,27.835473567839585,50.62756816835045,0.6568636556645875,11.058444803249454
313,02,-1.0796667724878803e-05,1.9850640389578682,54.967533898224424,0.6938661958603632,8.97967280293788
314,03,-1.2645556585016247e-05,2.2825399281491516,62.992716266741034,0.8004193943803029,13.200527901346966
315,04,-2.402455134354872e-05,-12.38321820203993,55.9102142579476,0.5803865731981066,14.237437394865355
316,05,-3.3327865934669755e-05,-23.83920729967343,52.369123788558014,0.6124563446455105,16.13438991110812
317,06,-3.715115132452208e-05,-30.632264646063906,50.84424858076307,0.5993636985354953,21.792493984187978
320,09,-2.545146969718593e-05,-6.704652192857532,39.75358392157654,0.5590018055809869,22.82103427496221
321,10,-1.7187334372416657e-05,10.538457600583316,41.694871458662455,0.5593414502297677,20.637318765312116
322,11,-1.4535249143672345e-05,9.326381112670902,61.63253474075529,0.7317150510576037,14.740219080596498
324,01,-6.5253165958961526e-06,7.280853728591756,43.42763289413273,0.6964808228195354,8.982065612998058
325,02,-8.8568046297561e-06,4.634872235616048,55.29220876641359,0.8162552454812186,9.648650506130284
326,03,-1.3873502668170125e-05,-4.782673361173239,59.930227692120816,0.7258663519992624,9.928221458632457
327,04,-2.37631702343909e-05,-18.782449027506512,53.65862876264652,0.6540204958173964,12.557103431734772
328,05,-3.370682173148433e-05,-13.439136345319852,55.415879218805216,0.6765318221635718,16.937964208655462
329,06,-3.4785863751151034e-05,-27.11431088460287,44.96967633606062,0.5200850902981229,20.177302681291106
331,08,-3.203818718891423e-05,-14.970106861073484,56.166526000266416,0.7095366280258342,24.020286544034562
333,10,-2.0357669840078775e-05,8.929626497002058,49.91160704086961,0.7225601808281356,21.241959986229094
334,11,-1.6638314112929544e-05,21.698549422539603,51.20864173750348,0.6935433432685004,14.983468749819865
335,12,-1.1844671387852061e-05,21.158474252352146,51.61357204472506,0.8296075471447361,13.297097678603667
336,01,-1.3167410284109127e-05,32.71415653975292,54.798027210791915,0.7592779756771619,13.106980731325766
337,02,-9.635896793779033e-06,12.227102448962983,62.05461917357218,0.8024723008473714,12.45363125636322
338,03,-1.969343553138324e-05,2.858439688077537,50.951221448258686,0.5542246515827793,11.756546522871137
339,04,-2.5420359923575438e-05,-23.728481532796227,35.425640993569964,0.4152809864044189,14.029402746246918
340,05,-3.1186685044343005e-05,-23.42358186127037,55.67473245647261,0.6321231530302314,19.129142921575937
342,07,-4.0491175616739144e-05,-14.380545316962786,51.51913973191349,0.6446249584074942,23.765559630895176
343,08,-3.430768915528969e-05,-11.902402343421853,46.669440629773256,0.646553179505051,24.276185533899135
344,09,-2.677926907070085e-05,-2.246240928141275,48.58724766878287,0.7133160124460857,21.141295356886918
345,10,-1.4836711174446523e-05,-1.5530790907336818,46.4751422240952,0.701923614009734,17.69225229575172
346,11,-1.4172945336880124e-05,15.984315191311307,55.0159122577058,0.7046124215443929,14.289930684622128
347,12,-9.103623443880553e-06,18.67049515623687,44.72693699303237,0.6842597386760096,10.617689527364186
349,02,-9.733829621899499e-06,11.488472740085646,43.235250111784055,0.617157705548166,9.918647395893075
350,03,-2.0140387961912898e-05,4.352542552004578,67.29393991330491,0.734719601292764,11.024969367623331
353,06,-3.476253857051133e-05,-32.52892781643338,47.80475471985869,0.614883675257365,20.658758763898746
354,07,-3.577182100015043e-05,-18.878891244211506,53.425692884929724,0.656665866605697,25.707979306942672
355,08,-3.3834556450724496e-05,-9.036356891591062,49.02626591384924,0.6873497964182208,25.532705715393504
356,09,-2.5189189388381943e-05,-2.5223080678304033,46.95382839618127,0.6436648470984564,19.755159920113613
357,10,-1.8222273044254205e-05,6.518695762716314,54.30898137165141,0.7249526161686066,16.76005811733328
358,11,-1.2143508331428165e-05,12.723418456013999,55.05112889809742,0.825160391023424,14.737761704242228
359,12,-6.623100362498576e-06,8.910789440196046,51.189781416840454,0.6488331320977981,10.188280075834642
361,02,-6.55127283612057e-06,7.2258432279314295,62.426701213981424,0.8361105517886935,11.645883812596404
363,04,-2.2896213735516033e-05,-13.763160278998479,44.90089633327524,0.48498084653218587,14.887117676052782
365,06,-3.4585202314802804e-05,-32.20444840494791,47.13420631794532,0.6027756735907661,18.887264902786413
366,07,-3.995988693131167e-05,-23.939954596078525,46.67216465320125,0.5932403564042943,23.57777746359636
367,08,-3.326769469126164e-05,-18.63527480389995,42.41847231385144,0.5826293396078129,24.330370817279302
368,09,-2.396435872586961e-05,-8.675344586181641,43.626415080409586,0.6611582132975261,22.162491116016437
369,10,-1.8213049179844e-05,4.716025361748153,49.256211021474606,0.7351699196600144,17.60658678425256
370,11,-1.3997967538165946e-05,28.005924584282763,63.3120259418408,0.7561563105689154,15.272984667379328
371,12,-8.896478755051119e-06,9.686923075029926,62.37685010996686,0.773688859754993,10.664877343126522
372,01,-6.091251291421628e-06,2.9262350808420488,60.36061479552843,0.8002005400298742,9.084873129739556
375,04,-2.4690822054900404e-05,-20.66956467929416,50.227940069592,0.5461734185960557,11.397826892315017
376,05,-2.827942739082006e-05,-27.387183430333288,51.416537502500645,0.6631700312706732,14.071137885897391
377,06,-3.182083758476639e-05,-35.711798379855686,43.71565713060168,0.5540890511406792,19.529956096535262
378,07,-3.4407490462771055e-05,-31.11366353779454,49.13440625845617,0.5566342890339513,27.35150430944914
379,08,-3.27152816781925e-05,-15.088779016966459,50.057286181364006,0.6841084087740991,25.141525758176723
380,09,-2.3803562745282155e-05,-1.7829848341200085,47.799041656389505,0.723202462302314,21.12537328449091
381,10,-1.8914465963579488e-05,8.677334267236855,54.52403665949838,0.6923922203228039,17.27257944951775
382,11,-1.1904203317903414e-05,4.708053307088217,64.34552551558414,0.8344782119750976,13.104098462952505
383,12,-7.738160395268594e-06,4.967533013128466,56.59717789244652,0.8155857144017373,8.428497275237117
384,01,-4.432973011169315e-06,15.641597058367989,49.85520389962581,0.7540054655997985,10.790953362373896
385,02,-7.274441715534998e-06,7.353929252261208,64.81677477946593,0.8188976639793034,12.025972804131962
386,03,-1.235675504704564e-05,-6.3443144091534345,43.386579177287324,0.5508660727059971,10.456544133351697
388,05,-3.0008848766624646e-05,-32.62149781881353,48.67582858574712,0.5843146355331587,16.91407297216308
389,06,-3.4230032604055946e-05,-25.01744469502767,49.43961729888122,0.6491867294311522,21.81825442208979
390,07,-3.7348723895911946e-05,-18.427609645064162,51.34294977803511,0.6786915706101284,22.20925140021052
391,08,-3.274760770019843e-05,-10.64563058373236,50.85391145080519,0.7099633308328608,25.6041415031533
393,10,-1.916051529891168e-05,8.726722329416583,41.10612051369683,0.5575945420624107,18.000692696975126
394,11,-8.12447487300637e-06,7.208228931681314,45.10324230610001,0.701429992167155,15.098697719383242
395,12,-1.2744765838047034e-05,29.389911852764826,62.27082245179138,0.7914767973705006,12.64775550762171
396,01,-9.557997748420493e-06,23.492998173539362,55.985124487241116,0.6659661495249759,11.476601598980604
397,02,-6.941694202459045e-06,2.77444112036694,54.92825397600388,0.6845141228862192,10.29393062870804
399,04,-2.412122515035865e-05,-15.116672309705946,65.52592149374486,0.7068757977379695,12.959454562992518
400,05,-3.2719707248821014e-05,-19.41600187732328,54.71462800888861,0.6124644136736471,19.47343097171732
402,07,-3.9630504535585143e-05,-18.105863085346844,55.33667580591222,0.5855628573920137,23.770940406066114
403,08,-3.664081436780238e-05,-14.530181596981583,48.63167088847007,0.5989026939638199,25.032045431551115
404,09,-2.780254297756781e-05,-4.337274759928387,47.643611919113,0.6738562953525119,20.29766017638975
405,10,-1.749340033099435e-05,6.576196681525118,62.883388684188155,0.7348696861267091,19.45141905994441
406,11,-9.782895505729057e-06,13.286790387301977,48.36725960095062,0.7111550628238256,13.530393645091852
407,12,-8.270612005098982e-06,23.135962751162953,68.44660146777348,0.7871684615842758,12.410677929641098
408,01,-7.079607454118081e-06,9.77005108642578,59.36599973937003,0.7646267884367255,10.500852505586481
410,03,-1.6003138249269338e-05,-14.11737674147083,62.83003596656937,0.6927704286882953,8.8088545557581
411,04,-2.0434202846445263e-05,-16.983018215264217,45.651346360141694,0.6542446823967828,11.91540409259134
412,05,-2.7662325821888435e-05,-23.158452428017892,56.92952051083376,0.7251711857703425,16.579097982118206
413,06,-3.319209287441886e-05,-26.815010833062065,45.349666944320994,0.6919906041463215,20.551190380279227
415,08,-3.2683108437937644e-05,-17.84199171037572,39.46305893081491,0.5766515417201544,23.693631909804957
417,10,-1.765674730958508e-05,13.677036990258001,51.31546706972713,0.6837250661952521,19.146578139390993
419,12,-9.44601224512954e-06,28.97793200421077,55.46996279250422,0.7417389381162581,12.755031762801186
421,02,-1.1990748406116751e-05,26.598223410470148,61.15281964255657,0.6781761727560135,11.46738722245466
424,05,-3.2321809314922687e-05,-17.350711201329386,63.11191008513332,0.6571485758955761,17.91922860039819
425,06,-3.645346474101341e-05,-28.120134918891054,43.231891095406475,0.5881563861846926,19.652886832084917
426,07,-3.570791800838603e-05,-18.498887496784167,52.862582088247414,0.6470219174046671,27.574913323899757
427,08,-3.5946427165531874e-05,-15.756697428713563,51.75170243226714,0.6329949576265069,22.186411076767474
428,09,-2.0748739615697153e-05,-9.244409510294595,35.08465283191469,0.5887444709353976,22.670960359727015
429,10,-1.6616273676728237e-05,8.951883064844276,46.06859467966968,0.7446583362292218,21.249415780923695
431,12,-1.0581146033268115e-05,22.95546643394552,54.273882943514856,0.7436095230348649,12.032215354372097
432,01,-9.2527426375611e-06,26.340960131573418,62.63006211892765,0.7490556118872858,11.101973199181659
433,02,-8.153189459681882e-06,8.31590086110433,48.93550452213628,0.6187316334588188,9.554675642374013
434,03,-1.5915630637317265e-05,-1.6360386480515998,44.90566300547765,0.6124300711847119,10.268197295402967
435,04,-2.4346638547669703e-05,-22.934988667466907,50.17846367060873,0.5820095488230386,11.4696420110782
437,06,-3.477750818122634e-05,-31.860220404391814,46.7203716229452,0.5883308154635959,19.765049702053602
438,07,-3.7615658574522775e-05,-25.170489753641114,45.05531850020347,0.5755130044670517,24.844298535511058
439,08,-3.326061218056918e-05,-12.586229408838417,52.3345120203854,0.6391717044871341,27.893779480126597
440,09,-2.5603061031688413e-05,-1.6679924726698132,46.654843129608366,0.6096027513292099,19.359477819336785
441,10,-1.3186316454061119e-05,-1.463842040031187,51.45971762442205,0.6930619200019426,17.587374542541404
442,11,-1.4898132296588707e-05,27.46974549831814,55.57987919455502,0.7604801555633546,17.272885030308036
444,01,-9.004527324929857e-06,20.359526514525058,60.00615774854665,0.7548654516896893,12.302332713373247
445,02,-1.2519085415486441e-05,14.879537966322628,54.698993667597065,0.6743794851193482,10.2782587918509
446,03,-1.4810545610421827e-05,-5.396197126162949,59.004922374092125,0.7097408081382832,10.437647663715065
447,04,-2.7581765115751797e-05,-20.820068422105575,57.557788026644126,0.636205225669013,11.800390531207455
448,05,-3.16294027814815e-05,-19.310568396455505,50.32535560724812,0.6191458486331407,17.92110827917566
449,06,-3.356170396635004e-05,-23.02242342732747,60.87640379265148,0.7205961045159235,25.228303343276185
450,07,-3.758493633006676e-05,-22.269790681900524,47.74635748879372,0.6224200283583774,25.57397250136893
451,08,-3.3272750999810424e-05,-17.014684508621052,43.397001161080546,0.4912049850545904,24.996205532712324
452,09,-2.4645985519115736e-05,-7.889081433783638,37.34792189491059,0.524225977367825,24.11319072261387
453,10,-1.526362983537594e-05,-3.798430909843855,48.34944315867911,0.6597179581426803,17.225026653107776
454,11,-1.1750765303218536e-05,10.89123139716254,54.5964946256227,0.707203536605835,13.316576630128754
456,01,-6.416161365773257e-06,12.223324068787278,48.97643718384928,0.6294768250988375,9.654886861660149
457,02,-8.18821650381367e-06,12.903916228158135,62.959067062718525,0.7587214859099616,12.805091260918546
458,03,-1.5800369091061108e-05,2.527072602630943,59.88884960889175,0.6677468735889723,13.275623237716257
459,04,-2.5679135762624757e-05,-26.331729773288306,46.84454056873057,0.5841366430070666,11.854652500814861
460,05,-2.9667726341906155e-05,-25.198657173730993,56.839670298081565,0.6373602849898801,20.08667393688617
461,06,-3.566179110415154e-05,-31.36642959594727,52.944568701901716,0.6336122379302978,24.920626615144148
462,07,-3.888270218750779e-05,-23.176640851420746,56.14024401203919,0.7181722790707824,25.7952684127118
463,08,-3.333480648354688e-05,-12.395997953681537,44.035043613662005,0.6615275659868795,24.6443350070715
464,09,-2.5415033401845397e-05,-5.530321179199219,52.86381167994076,0.6659469718509251,21.336988494233296
465,10,-2.0550294828412475e-05,15.281469091599986,50.30405073937036,0.7391711337592011,21.25215219498321
466,11,-1.2597567349661808e-05,15.910226154920792,53.90823562632401,0.7324336131201851,13.703532370326256
468,01,-8.493993727101315e-06,23.796599253992884,55.116003269850566,0.773939332449308,11.85726924298784
469,02,-1.1806723732206594e-05,-2.6082788761683875,46.30087924139698,0.49758824085053943,7.208972067391589
470,03,-1.3339704251535219e-05,-6.768148279333628,63.03257818707726,0.7746929998910554,11.490985864388046
471,04,-2.4140652476206825e-05,-8.481860700141059,60.03202422682047,0.6661409033033583,16.594467750182417
472,05,-3.631899526441482e-05,-17.44638056798135,47.40056218499266,0.5143529167175294,19.263493356326578
474,07,-3.4126774513620195e-05,-44.31138712696363,36.16823902212164,0.37328913009807624,24.748706597475596
475,08,-3.324744642680256e-05,-25.59706884437479,43.61733073811633,0.6070490633236465,25.458101015994625
476,09,-2.7110998255941223e-05,-4.088550005425346,48.59134079140956,0.6058865221235487,22.0211015687267
477,10,-1.717439320385384e-05,2.0582064438686585,44.893768001867876,0.639095217099754,19.248132997887105
480,01,-8.170035396257738e-06,18.813249751593478,61.34680531404607,0.7528509053055958,10.371796175769582
483,04,-2.786484313502215e-05,-15.88577495863173,41.53150874974462,0.4812803420596652,12.17203074105051
484,05,-2.8741963674400066e-05,-37.081440074305384,54.09692304540707,0.6394303563435872,16.092180326128517
485,06,-3.9525050331051005e-05,-23.208365014648436,47.86380608810849,0.5841832686954074,23.5430796470099
486,07,-3.625940142692049e-05,-31.74150496025496,48.734570516079984,0.5832159745411206,25.33940084237309
487,08,-3.404563471354698e-05,-17.337182702177312,41.57153246440298,0.5233138246843891,24.424641755612946
488,09,-2.6543087166161665e-05,-4.24653964674208,45.73786681658825,0.6424437209659153,22.349180271658632
489,10,-1.8569231195137014e-05,10.235854191605762,54.45598049366731,0.7636217814209639,19.84700183868793
491,12,-8.260583359534854e-06,25.078029959073632,56.60606037604423,0.7474534945334158,13.37290997615809
493,02,-1.5386156723984276e-05,31.748662168305497,64.97568837541958,0.7392679562185004,12.667990640856756
494,03,-1.9840231885472768e-05,-1.8349693298339842,46.56073982853019,0.5246091230248892,10.753236534503198
495,04,-2.7043378228700023e-05,-24.0670989525689,35.17819720014996,0.3913077477349175,11.874213944729169
496,05,-2.995519203009721e-05,-45.04488896819084,46.51938461271666,0.46418218013804446,15.459495272367233
497,06,-3.546342912159163e-05,-30.903872137790252,54.092656515480414,0.661922571267022,22.70657669124338
500,09,-2.4679065476549213e-05,-6.537764871215822,41.4254565234277,0.5480422061920166,21.540383629229332
501,10,-1.848353834580477e-05,14.114419966174706,59.132486595437086,0.7742676958063597,18.9628441576868
502,11,-1.0186800306089735e-05,15.631692754109702,47.969248177954896,0.7008724307590062,17.017071428382398
503,12,-6.893300624729055e-06,15.732371215492165,60.65007041392917,0.8102792325583837,13.366138016835336
504,01,-7.860778656987515e-06,14.34612370152627,66.80461903254064,0.8221443897780552,10.656338111351893
505,02,-9.005972841740524e-06,9.622026147751583,54.51137783175566,0.7260083712169102,12.087850346680197
506,03,-1.5948935392546162e-05,-0.9029574194467195,53.47545231677126,0.6499336244726693,10.827575914138107
507,04,-2.588563685021654e-05,-27.98602328389486,47.86236142485672,0.5903446748521592,9.781603732807106
508,05,-3.230829694098981e-05,-22.4746828918457,60.26473778712485,0.6661243219273064,15.16792012552164
509,06,-3.7502937650666964e-05,-26.38411481492784,47.88007799596918,0.6145602842542861,25.49175883189704
510,07,-3.6336240956178925e-05,-19.074829963273896,48.14752719921964,0.6512409119554747,26.729435961833566
511,08,-3.444879628501263e-05,-12.903870650096605,45.419211714576655,0.6586032222214565,24.521988378733717
512,09,-2.3354238802332672e-05,-7.743464881388346,41.71682162190013,0.6791360401577418,23.398362704971102
513,10,-1.864643046111826e-05,14.62936670381279,46.729617401201246,0.7194449672083701,18.430376787841958
514,11,-1.0072340758698473e-05,9.36498726196289,49.88987413275507,0.77442657178243,15.007591073438855
