,month,MER,MSSHF,RH,TCWV,msl
0,01,-7.186377549426466e-06,5.464709561255669,62.6901256937955,8.14543241929367,482.79407
1,02,-7.399999772068052e-06,2.729709174746558,52.295623941567676,8.97375713603837,235.64644
2,03,-1.408509512223264e-05,7.08405715679866,62.090667984242096,11.168600756099146,208.60185
4,05,-2.839083756912113e-05,-16.16055940262989,64.02205650719006,17.216401719138187,-189.43771
5,06,-3.330413338050373e-05,-22.16353809509278,52.028707694198026,22.014874159757298,-433.9989
6,07,-3.0671342559486147e-05,-22.637875941122733,53.00265082314577,23.12972981539721,-494.43536
8,09,-2.3132900744369383e-05,-4.023202255249023,42.3501046719922,21.151945761863388,-128.87851
9,10,-1.6345863611966567e-05,2.642213581372333,56.92965585534547,19.721688314687825,74.82727
10,11,-1.1569333000928361e-05,13.890767045423724,49.679388139549886,13.441472351654372,322.31622
11,12,-1.207531024335357e-05,24.691616260159407,64.98245628347064,13.014830520187658,377.45236
12,01,-5.795284385228985e-06,8.867661568262244,49.01821534482766,9.088685051160473,490.98758
13,02,-7.359469057738698e-06,6.865867059466484,53.581606617508264,12.12962919981178,562.7247
15,04,-2.282624180893941e-05,-17.872287172783746,48.97103869282801,11.357650041418605,8.940113
16,05,-2.9285246377967465e-05,-30.998830406271004,47.47244699586335,13.246584139289395,-247.78444
17,06,-3.014735746900341e-05,-26.066622504679362,62.37913317463399,21.07108883677324,-462.28705
18,07,-3.1905643976779664e-05,-14.025872309859079,48.67037434149174,23.41994776180611,-508.89664
19,08,-3.1051088017916934e-05,-11.540256553403795,47.008779259716306,25.701051704905364,-427.94873
20,09,-2.365392635981859e-05,-3.0327022542317708,42.946886476458445,23.25748233046532,-159.41653
21,10,-2.1172643707369163e-05,7.590982919672484,58.4636376896443,16.11280749658359,108.56522
22,11,-1.4279194747299093e-05,14.235161112806532,54.54851769668525,13.396459855666425,205.8097
23,12,-7.873070872231058e-06,26.063403682913826,61.380955716897084,11.703535817465474,476.15637
24,01,-7.860688640385075e-06,20.899533713063885,47.875411116570554,10.644810918326018,633.4802
25,02,-8.991757432514056e-06,2.888394768487839,50.11619150138895,9.000017916314658,406.55185
26,03,-1.2076194787720939e-05,11.89821663673975,73.37905685201383,15.744720834609,184.59984
27,04,-2.2320882245185202e-05,-19.334173597547743,50.02077896680037,13.077067014764415,-84.738434
28,05,-3.0310256707952082e-05,-17.47440350473055,59.34436809112436,18.54690212902715,-196.80505
29,06,-3.0904296795920855e-05,-15.787571440294057,51.69619375912348,21.37912677978939,-405.64758
30,07,-3.173775886429094e-05,-20.80200322239373,49.75860673643311,23.73428546353951,-537.35046
31,08,-2.8741253340065727e-05,-19.03508228654759,42.77699926753197,24.403104924806982,-416.20148
33,10,-2.174942796122078e-05,9.781940688922843,60.93410625634399,15.963218076816172,77.58303
36,01,-5.276928763964617e-06,11.574925520045783,58.01885871766587,11.162234676566175,428.9739
37,02,-7.864293709969517e-06,5.468580898829869,51.56958197040644,10.334659840992519,329.98553
38,03,-1.6001877676116956e-05,1.792558938959594,55.95160838729334,9.970802344655477,120.088776
39,04,-2.3437909088230905e-05,-21.874123499891493,46.11000325809585,11.432875588513745,-89.56671
40,05,-2.9170486620455693e-05,-20.4214844770534,47.92201473479629,15.03766018853521,-236.71811
44,09,-2.1331834113273846e-05,-6.238656323920356,43.43915766518911,22.404552868395385,-171.88623
45,10,-1.6551261839878706e-05,3.491510892150223,54.79260846710333,19.132922751236986,9.763164
46,11,-1.519573135911843e-05,20.401449884033198,56.70156626680825,15.306237562237841,284.36737
47,12,-1.0313162028783104e-05,17.753608460457098,55.75187243828721,11.54048159815932,437.22882
48,01,-1.1369238679367056e-05,31.70380508160335,51.86229076744793,12.54478739766921,570.646
49,02,-1.1685804688698098e-05,2.732715975443522,46.129101684696614,7.829569845487675,479.46436
50,03,-1.3839232150540515e-05,-0.5926843497983868,57.115805566785156,11.947326620060911,299.04398
52,05,-2.6606813441591635e-05,-11.409518621957432,66.050863289825,16.563480364199606,-257.33917
53,06,-3.6603149109497395e-05,-25.008415187242296,46.266101067479454,20.88666345251666,-325.6223
54,07,-3.282222612492611e-05,-33.091220865229126,44.1499227373741,27.130274066945557,-511.18713
55,08,-2.6941880611302234e-05,-27.08358682743196,31.77761535606461,24.006322544676,-456.26398
56,09,-2.725831751290065e-05,0.9693071214463977,44.86737590899468,21.1710378525734,-258.06647
57,10,-2.1395454446465794e-05,12.186390243366201,47.91972020449689,17.054838546397864,45.833885
58,11,-9.367185011372688e-06,10.117007967122396,41.05919099200301,14.363651190684902,285.71487
59,12,-8.522425015388596e-06,21.808005747805364,57.410435429080856,12.56604288422677,448.3851
60,01,-1.1848107099418698e-05,28.771229348787696,56.9102486772409,10.191702869721642,558.25055
62,03,-1.3818876191033916e-05,-6.2181760956138685,56.610379949503034,9.797240060637074,275.75003
63,04,-2.3066575134180317e-05,-21.124448284233942,53.13685258980724,10.647589474581345,-92.49671
64,05,-2.301351515928619e-05,-21.276121071107926,61.30564291210714,17.356259771243217,-261.06573
65,06,-3.0384449369921637e-05,-25.249517172580298,53.14751710217263,19.618736166115596,-465.95355
66,07,-3.052118788760435e-05,-16.333257173927887,51.58020934386151,22.990089238066826,-542.8379
67,08,-2.8069958612225798e-05,-17.017802792784988,42.472240740586344,23.504970162709558,-434.0464
68,09,-2.2138291550658728e-05,-0.809648367987739,66.94727416271104,22.38970984335343,-129.19475
69,10,-1.5594664512004833e-05,12.420039781796033,52.5519555827328,19.463715816155556,59.784775
70,11,-1.2000811908506469e-05,17.20852971835666,62.11537896577253,16.40034759771559,264.69174
71,12,-7.343828446024142e-06,12.754345215500043,59.86620702467682,13.293887527272263,511.00714
72,01,-6.201572312694294e-06,7.789162023728894,59.71689801232405,8.008615290749457,569.9142
73,02,-7.646551471441942e-06,-7.170963860648018,49.17462651499538,8.483470379527834,276.5366
74,03,-1.1304150707112197e-05,-2.56875498781922,68.34861116093205,10.938059937977021,231.02635
75,04,-2.3272295822324753e-05,-10.486857863362628,59.37646033687326,13.55916669224368,-148.48657
76,05,-2.800802443084893e-05,-16.149492612120927,55.7763452255995,18.50802798619578,-264.0539
77,06,-3.090711121482552e-05,-17.990251360066733,61.34983533646531,19.0323849847277,-460.7846
79,08,-3.3271033724499884e-05,-4.3656862228557625,49.79625837316948,23.133719152373654,-472.57895
80,09,-2.244669017984254e-05,-3.3109654418945316,48.444472670045165,22.995913738518293,-145.00449
82,11,-1.5779393952086846e-05,2.730464919026692,53.6031213278585,10.760161425473955,239.74423
83,12,-6.748697063030508e-06,22.216181771555252,62.92255071562849,14.085127126652706,529.91895
84,01,-1.0488508364736625e-05,25.802121266682942,67.17732922877546,10.206371892220231,548.9846
85,02,-9.105866422227595e-06,-15.737989101954868,41.279925076501705,5.607975746361981,516.7165
86,03,-1.09558865346488e-05,2.199697240357758,53.96111336709735,10.942116465018639,225.14804
87,04,-1.9242588071877733e-05,-14.953707265557181,61.57429541588492,11.382743049732845,-89.19624
88,05,-3.1224375424332516e-05,-18.680161248648037,54.14751819698144,17.007801973546705,-267.114
90,07,-3.000731417455182e-05,-30.125119514383297,48.19723509739805,23.818925079271356,-483.7702
91,08,-3.1366839325049225e-05,-20.726613564768147,49.22354232249208,21.520708266890182,-409.96735
92,09,-2.1116000810717296e-05,-5.870355172729491,52.886519872754164,18.77687866865794,-168.36082
94,11,-1.2770530823662637e-05,20.62896745435927,57.76803370095226,15.246456928649215,321.55298
95,12,-1.128779906788603e-05,28.043287035542146,58.52688881322774,12.267536138803731,487.27084
96,01,-8.849628261046861e-06,-8.473066081057311,52.03738375666833,8.603436328787955,506.61304
97,02,-5.771432554432804e-06,6.824847212655203,67.52644709656069,10.734177145354804,420.68802
99,04,-2.2575659647211267e-05,-11.442104777696397,52.015024873095086,14.52642838770946,-40.479897
100,05,-2.791426425801057e-05,-28.103053294192083,60.924986691195485,14.467633944537052,-241.36487
101,06,-2.8837502824555686e-05,-20.989433822292757,61.5306473079814,21.273624211708704,-361.67654
102,07,-3.379324687933062e-05,-20.07741719498173,55.40260847481861,24.62420682204411,-483.44165
103,08,-3.0242934917310693e-05,-13.572054321945357,50.633880177582476,24.83616227820099,-427.213
104,09,-2.5696148892024614e-05,-3.969099077690972,51.22118268649578,22.86273651031123,-215.53366
105,10,-1.9746457593286597e-05,13.28605210072507,59.41998880579267,18.012657082369252,107.46356
106,11,-1.2423982501220758e-05,8.69252590874566,58.77474638277293,14.093879046629535,342.57947
109,02,-1.553154618433063e-05,17.196350676788683,61.10995617006565,10.345760452389717,560.1412
110,03,-1.4791143874625109e-05,4.141464673442225,71.63935923557511,11.452679470425014,226.66489
111,04,-2.4692344382775542e-05,-22.74501348402235,55.09817502149212,12.66216660157707,-51.54391
112,05,-3.182606770285695e-05,-15.882362545546664,52.83810746537357,18.308951694468018,-235.65549
115,08,-3.211179117533902e-05,-13.866469908683532,47.473473327189375,23.52457447757131,-422.11966
116,09,-2.5435363158006416e-05,2.907980506727431,49.177534459747214,21.290678543053733,-194.43195
117,10,-1.6347254436593455e-05,7.273599919801116,47.520342997120274,19.266358468080078,81.33648
119,12,-7.866494279115095e-06,20.208327730240367,52.71666673100892,14.357002457380297,392.07477
122,03,-1.7582771425163286e-05,5.919001820882161,61.97907953674307,13.789131960060006,167.4411
123,04,-2.3728384267512105e-05,-15.711892689005532,62.36782957411343,12.549550183918742,-73.291084
124,05,-3.2913617601255e-05,-32.404015432706444,43.15242019264416,15.407821862953968,-262.47577
125,06,-3.3498540398290464e-05,-35.047065074327264,55.710710440916486,18.088483912891817,-393.19363
126,07,-3.3625666249610085e-05,-27.510599928661055,42.19065745926929,24.40308312683977,-472.5895
127,08,-3.0036708770112647e-05,-17.0266568734774,43.458151734339296,23.732882308342127,-413.72925
128,09,-2.1827326350689368e-05,-6.781363076782227,44.02462579022247,23.486319775686,-184.5109
130,11,-1.311930024130561e-05,7.912713109334308,43.72629240063826,12.214345464632247,287.1699
131,12,-7.719866410816296e-06,20.033501539989185,45.286219627095804,12.302766914845797,423.55725
132,01,-9.708490018202875e-06,23.531725362798216,54.619796854420386,13.03048595025206,475.85678
133,02,-1.709957590030951e-05,31.83555304718018,59.52337883048256,12.68034689824212,283.44162
134,03,-1.7018775953137494e-05,2.372058311872584,47.98838851665681,11.869843073837217,207.54865
135,04,-2.7999317039636173e-05,-19.276666238742408,46.732171709169286,12.065731884741782,-66.318474
137,06,-3.068480971400681e-05,-23.63770078192817,52.16888050745726,20.68230553075605,-471.73132
138,07,-3.559518055198981e-05,-33.07448882301904,37.832517702871755,20.875357654766372,-529.7418
139,08,-2.897321149455781e-05,-28.290339532667595,47.590817581110095,24.33309032836268,-417.64896
140,09,-2.7407515947157255e-05,-3.6402964202880854,48.108384553693405,20.220626075602905,-210.53639
141,10,-1.8407037761653066e-05,10.48773665069252,49.92561818830045,18.95590408874968,-6.3716664
142,11,-1.0645134954231454e-05,8.876481322224937,54.38112868225972,13.421097168287966,137.89946
143,12,-1.0178729378000547e-05,19.264495642221096,49.02194799312469,11.535513428002275,346.41425
145,02,-6.996622216688376e-06,0.507544446309408,46.996895068120395,8.221342761926708,505.36212
146,03,-1.2629808311264428e-05,-0.5304674036169569,53.76618897918476,14.275736472201602,143.2333
147,04,-2.5889148811054637e-05,-18.50936585184733,50.20018549894757,10.986529590508672,-9.148596
148,05,-2.5811937759284265e-05,-33.066711107479634,47.67298183366304,14.460797650952493,-203.71133
149,06,-2.987989489524302e-05,-20.686577268473304,57.62339900992447,18.702801296479173,-408.72327
151,08,-2.9805839779475068e-05,-22.79464663072811,38.70661156831249,23.833731042867065,-407.67648
152,09,-2.1833397036001162e-05,-8.548686426798504,39.4321560544822,20.83496838520235,-137.75937
153,10,-2.004618059737534e-05,2.17344532234438,45.307421456006274,17.674736063961063,32.184036
155,12,-7.654158530845394e-06,17.942148733159545,42.031411531264894,11.076515356142036,442.59103
157,02,-7.568776633878318e-06,10.513905402874128,42.596786469010105,11.196383694080101,330.21722
158,03,-1.6743815379482177e-05,3.675611719931326,56.535387553599556,12.269467439161831,260.37045
162,07,-3.3542465003026134e-05,-26.574038988010855,46.61348771423679,24.872119238017707,-498.12592
163,08,-3.290884278264643e-05,-13.404264240552024,52.83446418771308,25.45110419567298,-386.9084
164,09,-2.5466491539959356e-05,-1.4094354346381297,48.6797681992597,21.089136655476363,-163.3031
165,10,-1.9484351597922247e-05,1.9587082073252686,58.379234332862715,14.223404862920445,103.728004
167,12,-8.425528942156701e-06,11.411874493342573,45.69198678764476,11.040920949630838,342.64087
168,01,-9.715480358609446e-06,34.39173987899288,57.42208674485646,12.073609010492602,448.56848
169,02,-8.449411843078754e-06,-1.1622854381742926,41.2482318814184,10.165785772635825,419.25354
170,03,-1.4966802825774622e-05,-6.011914413616221,42.24266758934657,10.57913865132614,223.83383
173,06,-3.281592492067931e-05,-24.277929318237305,46.836056776909025,21.09136703202724,-435.56506
174,07,-3.3366269429406925e-05,-23.52127023184171,53.23872095220833,23.766084752114875,-508.43622
175,08,-3.234485571499712e-05,-11.285276480397874,49.79429166342623,21.499373248984732,-413.0315
176,09,-2.2725771390226628e-05,-2.4448908416748045,57.50485973500145,20.6290178585887,-223.82346
177,10,-1.798888249350155e-05,2.3637267239478326,43.9463890340828,14.716569644813896,89.4825
178,11,-1.1587640056374466e-05,-1.8295716874864363,52.225245416957804,11.321686016183431,305.0355
179,12,-9.250304196792702e-06,31.236705364924607,64.63241229699248,12.371003425172582,497.6957
180,01,-8.814763398506955e-06,28.086010490499522,59.814965074129006,11.951160548843365,446.77924
182,03,-1.5868986940443404e-05,12.424105568506382,56.25959003628518,13.046672808460013,227.51535
183,04,-2.4481364455176743e-05,-15.54007357143826,53.21672202842236,12.108356564888691,-59.086624
185,06,-3.390126228795352e-05,-22.424498955281575,49.86442946763436,21.024796435148186,-456.84778
186,07,-3.466171150601792e-05,-32.442688338413035,36.16844127948567,25.164367288179292,-578.4923
188,09,-2.649383951805552e-05,-2.2674784339057075,50.77799905458556,20.662340495669845,-152.43799
190,11,-8.92097842036795e-06,12.752254605102538,55.27824593100681,18.250592901670938,136.41553
191,12,-1.093666692604627e-05,22.757288210632986,53.902280609893545,13.035411139304921,508.19144
193,02,-1.271823695051786e-05,20.178666164579848,60.9734689490412,12.205283860994237,419.17438
195,04,-2.3056703787511248e-05,-15.611610607231992,48.9374839578549,13.610398491528297,-25.532438
196,05,-3.3250014936618425e-05,-29.631465932538433,52.844916530618114,14.887000348762799,-218.81583
197,06,-3.44918315846169e-05,-24.446217814466692,49.08188772321145,19.14153311720292,-413.9915
198,07,-3.591561413959817e-05,-25.92438248894804,39.340810654867084,26.651675874188385,-540.1142
199,08,-3.331847033315239e-05,-31.29434137422295,33.68999910253863,22.036511386484225,-460.07748
201,10,-1.4566836962311297e-05,5.514771194293934,41.310020164710224,19.556401405724145,25.62355
202,11,-1.3042386322538529e-05,9.068964893934462,58.53600206141338,14.086958012714652,197.78539
203,12,-8.991161045966975e-06,-5.598886509064706,48.51484771922968,9.520831813155645,583.2893
204,01,-7.460320452180465e-06,-0.4728464959257379,45.67560021059616,10.440877024148103,494.3175
205,02,-7.544903639281147e-06,5.38362545916678,55.18347650017959,8.869372559355593,422.27612
208,05,-2.4253428110207234e-05,-26.022296560964275,51.92535755428705,15.523370743020891,-220.62764
209,06,-2.8253365109311642e-05,-38.732165323215064,41.61192797080808,18.80213339232339,-424.53806
210,07,-3.142641031134248e-05,-27.054918192217425,49.82263012584947,21.689672550591094,-478.2477
211,08,-2.9903093116464793e-05,-15.358725825155936,42.33743624172287,22.9990404958584,-395.83075
212,09,-2.534073391895315e-05,-7.00570699428982,43.673043699496326,17.80062923739222,-214.9404
213,10,-1.7171301486478214e-05,8.106230379494288,51.02844809201841,18.058174803824834,36.25821
214,11,-1.4551765714713837e-05,14.46901237657335,58.72207561985916,13.013740698712404,358.71588
215,12,-8.836182103413613e-06,1.1414017176474303,51.832999992789766,9.593377716324662,370.23065
216,01,-3.583592048936e-06,-1.2817189340899076,35.36421269791357,8.961908747665344,469.68286
217,02,-9.97768289436776e-06,28.48145621345157,61.04910012837534,12.171147674492426,438.4395
219,04,-2.201332183204714e-05,-17.60772253417969,50.15108422283994,11.840950494820543,2.0383773
221,06,-3.476727682935032e-05,-20.254541469319665,56.16686724849277,20.78134989303483,-429.5265
222,07,-3.376502295814329e-05,-20.43258258581674,48.29218798171063,23.78260384443754,-516.99207
223,08,-3.064838395117496e-05,-15.397676236060358,39.11490551742816,26.16295267547331,-440.62448
224,09,-2.7053925191669103e-05,-10.968042353990342,40.873450344501606,19.439216820406912,-111.90177
225,10,-2.0736059433235615e-05,1.8364669255082322,46.07108195983722,16.4008664570893,66.462616
226,11,-1.1372840429430654e-05,5.54297788119846,52.451002673839106,14.74272731684049,274.2331
227,12,-9.893875752236308e-06,16.98351939342868,60.12797338394067,13.047354222416878,393.53473
228,01,-1.1099072907757458e-05,24.386054642872143,54.87726956107148,11.066128452862465,581.6636
229,02,-7.893391973560764e-06,12.879144769577753,54.623768248409036,12.837736519389209,376.9524
230,03,-1.582076560769428e-05,4.910139277304372,64.38913835901599,14.007189303759604,244.8184
232,05,-3.182257207745645e-05,-20.036693252071256,51.31070372274871,18.25652126416596,-243.5361
233,06,-3.4082233544055876e-05,-13.138249787733287,60.09514157660935,23.464375189109646,-452.7425
234,07,-3.6390916169732936e-05,-13.917790471887077,46.5719772114318,22.643103410513174,-524.10364
235,08,-3.4686337675251e-05,-19.754633603331865,40.27667498864153,21.998242530926582,-422.583
236,09,-2.4247977624205914e-05,0.3736279635959201,55.41774919654528,23.421663728037153,-248.93634
237,10,-2.3367591303340108e-05,14.50471792602539,57.49670259841796,17.60276400920909,9.180093
239,12,-8.802920268002493e-06,22.454611907630838,51.308709990082264,12.303671738373337,407.1421
241,02,-1.079772392194216e-05,13.779260249546594,59.85849182345754,10.259473174222878,392.88837
242,03,-1.3397230129969535e-05,-0.9194605676794566,60.6708199271861,13.508820564555867,145.26186
243,04,-2.54553507465769e-05,-17.42901027967665,53.24983413987689,13.930574816384583,-125.236
244,05,-3.422614240797327e-05,-20.88572949317194,50.723297991629586,17.992914966178198,-251.63669
246,07,-3.775679561435789e-05,-20.12216363230059,34.70881050790896,24.06717719546313,-558.1804
249,10,-2.1588807777500546e-05,5.981483147405809,48.24640764357326,16.691097016297363,23.827644
250,11,-1.3179962080519347e-05,12.654008286878799,52.50058610761298,13.172062302903335,237.95532
252,01,-6.553396535759588e-06,18.42038040095504,45.80448549491872,11.324720192924623,461.53894
253,02,-1.2230161100386137e-05,18.65321454909752,54.35344561065067,11.535072371006011,460.65225
254,03,-1.4517082142339604e-05,-0.5979741453765541,58.83941007500695,13.146086779553404,209.65833
255,04,-2.355722367422762e-05,-12.813957029554578,60.681698268123455,14.799168964303863,-120.57554
258,07,-3.168135436499142e-05,-21.668345875401656,51.88578506780696,22.884604032078098,-525.22723
259,08,-3.0941285219664524e-05,-19.063545700565466,39.65101154342005,23.377618400014857,-446.7349
260,09,-2.4486756719630248e-05,-2.020394458007812,56.817002186003,25.28914702420103,-199.07272
261,10,-2.1893689024856883e-05,11.235235126454343,57.40779917159772,19.02933904491702,86.44285
262,11,-1.5146696185204038e-05,20.892512133110895,68.07071139411661,14.33508744482597,376.297
263,12,-1.1904006665214989e-05,20.81303864280127,63.79751548051194,12.55957897350352,496.0951
264,01,-6.723928980547147e-06,14.384707934964087,53.25762820807451,10.276413458688285,523.647
266,03,-1.3063552253355424e-05,-6.242824222359606,58.59238742218351,11.94844622561111,105.55977
267,04,-2.4765318735565716e-05,-15.737299090576174,60.65160554169682,12.39155946132872,-90.49148
268,05,-3.372209000100225e-05,-25.790908090242777,45.58359570831253,16.882564342469298,-312.31247
269,06,-3.303585196628976e-05,-31.827683939954966,48.06642211600013,18.788384712798067,-490.41052
270,07,-3.6646507612448495e-05,-24.41304970722813,43.035889669943884,25.123447815056778,-531.0808
274,11,-1.4045017091525046e-05,9.019137569173179,50.75557469189433,14.766802187086476,289.06857
275,12,-9.904081011676856e-06,14.487402564920403,52.82181985401466,10.6310780278957,577.2628
276,01,-6.60295483731882e-06,23.604068570044735,51.65779350411636,12.109373243094772,396.95654
277,02,-1.6342577849974034e-05,27.257544948032923,61.67323920420096,11.585383370463337,339.3216
278,03,-1.718439095667989e-05,-2.8514695644583754,52.573686629964456,11.607923356689431,32.263367
279,04,-2.4829810814864887e-05,-14.182246478949653,49.20558492463959,12.332358963489533,-98.85739
280,05,-3.0134792006426703e-05,-17.31557953963741,52.31226475243542,17.86483551645279,-221.96649
281,06,-3.5836119472898846e-05,-20.466573669433593,50.7506326838851,21.94502347338862,-431.67538
282,07,-3.594073215623134e-05,-17.96138944137737,48.60045512300026,25.717054898814485,-483.39523
283,08,-3.0240783373966385e-05,-12.41071590333344,52.640142950275894,28.186662356700946,-421.94818
285,10,-2.2813934475604865e-05,5.003235001430717,55.25826176021304,15.544581788047665,122.840805
286,11,-9.433203981300014e-06,10.082439758300783,57.335292302331666,14.819048055042161,325.66135
287,12,-9.155090198257839e-06,-0.601292420089886,52.83887711868107,12.703119583929736,531.1908
288,01,-7.996820467572737e-06,16.024269751435966,52.92226850532075,10.557260232224259,558.6051
289,02,-9.213011075579354e-06,1.6289639434814458,40.65915042115535,7.618574587362154,358.68817
292,05,-3.0977665722578726e-05,-19.48317038226384,57.695412786129985,17.237994223952292,-232.19516
294,07,-3.637924248004731e-05,-25.786057973554062,44.12265574810709,25.262484286273676,-522.2611
295,08,-3.1032737283929096e-05,-31.771135562691633,39.36124998163152,23.719839718063675,-379.9651
296,09,-2.437035215904568e-05,-12.497950702243381,40.21523504180775,18.67727894531356,-171.51022
297,10,-2.1305207502659715e-05,-2.352458050143333,49.86598729915773,12.834833942158248,72.01921
298,11,-8.746191556262298e-06,13.336127873399521,55.471923015075255,15.444975968167515,203.04605
299,12,-8.986315398414586e-06,16.75842543636855,56.42778465677845,12.111972078078535,471.7897
300,01,-8.992702947169514e-06,20.66453995308825,64.87525535803712,11.204803152650916,519.6818
301,02,-1.1818901434843997e-05,12.780648606925178,58.06078212638148,11.609675477981567,402.102
302,03,-1.5225630396960167e-05,1.0669384965794064,50.376974003080406,10.998717471243236,157.0672
303,04,-2.4217375733618005e-05,-11.611916856553819,59.49211039767795,14.257841776642534,-74.349106
304,05,-2.847669872224737e-05,-31.81054322043798,50.857990436966695,15.359272943048065,-286.09103
305,06,-3.421590459786078e-05,-30.121984181382924,54.56608841220009,21.4024883570883,-416.6989
306,07,-3.5823426863228845e-05,-21.040274605699764,48.61712288511441,23.3933894850977,-466.6302
307,08,-3.442271008691844e-05,-10.630728795861687,53.4802156332962,26.830953647472523,-386.35074
308,09,-3.09724094837697e-05,1.3779368174235027,41.60773183429904,20.335168852259056,-188.04022
311,12,-6.509792311736683e-06,12.651209838210898,41.13814304297201,10.708026006760138,450.48703
312,01,-1.0532949036563073e-05,27.835473567839585,50.62756816835045,11.058444803249454,535.6581
313,02,-1.0796667724878803e-05,1.9850640389578682,54.967533898224424,8.97967280293788,473.2932
314,03,-1.2645556585016247e-05,2.2825399281491516,62.992716266741034,13.200527901346966,218.9017
315,04,-2.402455134354872e-05,-12.38321820203993,55.9102142579476,14.237437394865355,-49.615906
316,05,-3.3327865934669755e-05,-23.83920729967343,52.369123788558014,16.13438991110812,-214.30228
317,06,-3.715115132452208e-05,-30.632264646063906,50.84424858076307,21.792493984187978,-476.2361
318,07,-3.409394384040644e-05,-23.561669685609886,47.80977541725482,25.305337204162793,-526.915
319,08,-3.320200081173924e-05,-14.21000237282374,41.28222914207624,22.598466931248222,-417.1219
320,09,-2.545146969718593e-05,-6.704652192857532,39.75358392157654,22.82103427496221,-217.38966
321,10,-1.7187334372416657e-05,10.538457600583316,41.694871458662455,20.637318765312116,54.153416
322,11,-1.4535249143672345e-05,9.326381112670902,61.63253474075529,14.740219080596498,210.6771
323,12,-9.12172876785682e-06,14.485518746324761,56.37181309181387,11.177854364097762,642.59607
324,01,-6.5253165958961526e-06,7.280853728591756,43.42763289413273,8.982065612998058,508.38123
325,02,-8.8568046297561e-06,4.634872235616048,55.29220876641359,9.648650506130284,326.5033
326,03,-1.3873502668170125e-05,-4.782673361173239,59.930227692120816,9.928221458632457,87.7773
328,05,-3.370682173148433e-05,-13.439136345319852,55.415879218805216,16.937964208655462,-249.50166
329,06,-3.4785863751151034e-05,-27.11431088460287,44.96967633606062,20.177302681291106,-434.83948
331,08,-3.203818718891423e-05,-14.970106861073484,56.166526000266416,24.020286544034562,-461.72845
332,09,-2.4569920312832332e-05,-1.9050392035590278,48.50952039943403,25.35001326700052,-199.89111
333,10,-2.0357669840078775e-05,8.929626497002058,49.91160704086961,21.241959986229094,-22.17543
334,11,-1.6638314112929544e-05,21.698549422539603,51.20864173750348,14.983468749819865,185.4667
336,01,-1.3167410284109127e-05,32.71415653975292,54.798027210791915,13.106980731325766,506.3943
337,02,-9.635896793779033e-06,12.227102448962983,62.05461917357218,12.45363125636322,267.88342
338,03,-1.969343553138324e-05,2.858439688077537,50.951221448258686,11.756546522871137,190.38701
339,04,-2.5420359923575438e-05,-23.728481532796227,35.425640993569964,14.029402746246918,23.717457
340,05,-3.1186685044343005e-05,-23.42358186127037,55.67473245647261,19.129142921575937,-296.80823
341,06,-3.458860908376663e-05,-19.802041976589628,51.81401281598541,24.706341961563957,-469.25714
346,11,-1.4172945336880124e-05,15.984315191311307,55.0159122577058,14.289930684622128,278.4157
350,03,-2.0140387961912898e-05,4.352542552004578,67.29393991330491,11.024969367623331,79.36974
351,04,-2.446588194630345e-05,-15.287676639472116,50.48518859204715,11.81326274435123,-144.18266
356,09,-2.5189189388381943e-05,-2.5223080678304033,46.95382839618127,19.755159920113613,-208.10794
357,10,-1.8222273044254205e-05,6.518695762716314,54.30898137165141,16.76005811733328,13.888153
358,11,-1.2143508331428165e-05,12.723418456013999,55.05112889809742,14.737761704242228,262.17218
359,12,-6.623100362498576e-06,8.910789440196046,51.189781416840454,10.188280075834642,365.61252
360,01,-6.219402897665034e-06,13.638463789416898,56.756673166043,8.690243806926153,494.66058
361,02,-6.55127283612057e-06,7.2258432279314295,62.426701213981424,11.645883812596404,232.98907
362,03,-1.4006747319585248e-05,0.15545269151913163,60.10794240493287,11.059879185275365,87.63217
363,04,-2.2896213735516033e-05,-13.763160278998479,44.90089633327524,14.887117676052782,-97.17409
364,05,-3.152253704363203e-05,-24.89160391596312,50.72287625494953,17.44448770763798,-251.8743
365,06,-3.4585202314802804e-05,-32.20444840494791,47.13420631794532,18.887264902786413,-392.95322
366,07,-3.995988693131167e-05,-23.939954596078525,46.67216465320125,23.57777746359636,-519.0741
367,08,-3.326769469126164e-05,-18.63527480389995,42.41847231385144,24.330370817279302,-388.8483
368,09,-2.396435872586961e-05,-8.675344586181641,43.626415080409586,22.162491116016437,-176.23819
369,10,-1.8213049179844e-05,4.716025361748153,49.256211021474606,17.60658678425256,67.716805
370,11,-1.3997967538165946e-05,28.005924584282763,63.3120259418408,15.272984667379328,283.19565
371,12,-8.896478755051119e-06,9.686923075029926,62.37685010996686,10.664877343126522,451.0114
374,03,-1.4227020407356234e-05,-0.1344084672825314,56.345688745778084,10.645667281794292,196.5485
375,04,-2.4690822054900404e-05,-20.66956467929416,50.227940069592,11.397826892315017,-16.098553
378,07,-3.4407490462771055e-05,-31.11366353779454,49.13440625845617,27.35150430944914,-510.94867
379,08,-3.27152816781925e-05,-15.088779016966459,50.057286181364006,25.141525758176723,-426.79193
380,09,-2.3803562745282155e-05,-1.7829848341200085,47.799041656389505,21.12537328449091,-166.6146
381,10,-1.8914465963579488e-05,8.677334267236855,54.52403665949838,17.27257944951775,55.93229
382,11,-1.1904203317903414e-05,4.708053307088217,64.34552551558414,13.104098462952505,140.17947
384,01,-4.432973011169315e-06,15.641597058367989,49.85520389962581,10.790953362373896,669.0658
386,03,-1.235675504704564e-05,-6.3443144091534345,43.386579177287324,10.456544133351697,294.0019
387,04,-2.5035789431644346e-05,-14.869033695136176,49.48712501599656,15.158912003555566,-86.44694
388,05,-3.0008848766624646e-05,-32.62149781881353,48.67582858574712,16.91407297216308,-241.80894
389,06,-3.4230032604055946e-05,-25.01744469502767,49.43961729888122,21.81825442208979,-490.95337
390,07,-3.7348723895911946e-05,-18.427609645064162,51.34294977803511,22.20925140021052,-520.95215
391,08,-3.274760770019843e-05,-10.64563058373236,50.85391145080519,25.6041415031533,-442.8932
392,09,-2.5484862159343414e-05,2.648160398695204,48.54894579696125,22.98564577755134,-192.82144
393,10,-1.916051529891168e-05,8.726722329416583,41.10612051369683,18.000692696975126,26.121735
394,11,-8.12447487300637e-06,7.208228931681314,45.10324230610001,15.098697719383242,197.011
395,12,-1.2744765838047034e-05,29.389911852764826,62.27082245179138,12.64775550762171,520.73083
396,01,-9.557997748420493e-06,23.492998173539362,55.985124487241116,11.476601598980604,562.9896
397,02,-6.941694202459045e-06,2.77444112036694,54.92825397600388,10.29393062870804,458.9223
398,03,-1.1845709033173812e-05,-9.130659757880753,42.53471919810516,12.56907799679105,141.90463
399,04,-2.412122515035865e-05,-15.116672309705946,65.52592149374486,12.959454562992518,-151.22995
400,05,-3.2719707248821014e-05,-19.41600187732328,54.71462800888861,19.47343097171732,-279.56012
401,06,-3.633841799156573e-05,-15.284035491265191,54.862410076340026,20.928866900479797,-477.51718
402,07,-3.9630504535585143e-05,-18.105863085346844,55.33667580591222,23.770940406066114,-538.3834
403,08,-3.664081436780238e-05,-14.530181596981583,48.63167088847007,25.032045431551115,-459.8147
405,10,-1.749340033099435e-05,6.576196681525118,62.883388684188155,19.45141905994441,51.344933
406,11,-9.782895505729057e-06,13.286790387301977,48.36725960095062,13.530393645091852,212.91829
407,12,-8.270612005098982e-06,23.135962751162953,68.44660146777348,12.410677929641098,457.97052
408,01,-7.079607454118081e-06,9.77005108642578,59.36599973937003,10.500852505586481,469.01743
410,03,-1.6003138249269338e-05,-14.11737674147083,62.83003596656937,8.8088545557581,61.21571
411,04,-2.0434202846445263e-05,-16.983018215264217,45.651346360141694,11.91540409259134,-76.99448
412,05,-2.7662325821888435e-05,-23.158452428017892,56.92952051083376,16.579097982118206,-288.90594
413,06,-3.319209287441886e-05,-26.815010833062065,45.349666944320994,20.551190380279227,-437.79144
414,07,-3.405638901301333e-05,-27.630988150319745,40.32137145659744,24.74629142739055,-577.01074
415,08,-3.2683108437937644e-05,-17.84199171037572,39.46305893081491,23.693631909804957,-413.45984
416,09,-2.475842662511746e-05,-8.054260448540582,49.65095689521101,21.14314986570544,-217.61205
417,10,-1.765674730958508e-05,13.677036990258001,51.31546706972713,19.146578139390993,44.85948
421,02,-1.1990748406116751e-05,26.598223410470148,61.15281964255657,11.46738722245466,464.3802
423,04,-2.3883861623916246e-05,-16.521862002224392,58.86005653639768,16.86577033540408,5.7555485
425,06,-3.645346474101341e-05,-28.120134918891054,43.231891095406475,19.652886832084917,-420.62607
426,07,-3.570791800838603e-05,-18.498887496784167,52.862582088247414,27.574913323899757,-518.2173
427,08,-3.5946427165531874e-05,-15.756697428713563,51.75170243226714,22.186411076767474,-376.59442
428,09,-2.0748739615697153e-05,-9.244409510294595,35.08465283191469,22.670960359727015,-175.3293
429,10,-1.6616273676728237e-05,8.951883064844276,46.06859467966968,21.249415780923695,52.735645
430,11,-1.0089955154782932e-05,6.784489759657117,59.376273723493675,16.452237505469057,277.09906
431,12,-1.0581146033268115e-05,22.95546643394552,54.273882943514856,12.032215354372097,501.37323
432,01,-9.2527426375611e-06,26.340960131573418,62.63006211892765,11.101973199181659,519.2438
433,02,-8.153189459681882e-06,8.31590086110433,48.93550452213628,9.554675642374013,373.41153
434,03,-1.5915630637317265e-05,-1.6360386480515998,44.90566300547765,10.268197295402967,217.94427
436,05,-3.070366395367009e-05,-25.76910455847299,53.73915812349191,15.192477716480534,-262.44
437,06,-3.477750818122634e-05,-31.860220404391814,46.7203716229452,19.765049702053602,-411.9183
438,07,-3.7615658574522775e-05,-25.170489753641114,45.05531850020347,24.844298535511058,-507.90546
439,08,-3.326061218056918e-05,-12.586229408838417,52.3345120203854,27.893779480126597,-393.94952
441,10,-1.3186316454061119e-05,-1.463842040031187,51.45971762442205,17.587374542541404,56.361763
444,01,-9.004527324929857e-06,20.359526514525058,60.00615774854665,12.302332713373247,651.917
445,02,-1.2519085415486441e-05,14.879537966322628,54.698993667597065,10.2782587918509,536.2234
446,03,-1.4810545610421827e-05,-5.396197126162949,59.004922374092125,10.437647663715065,185.12424
447,04,-2.7581765115751797e-05,-20.820068422105575,57.557788026644126,11.800390531207455,-49.736786
448,05,-3.16294027814815e-05,-19.310568396455505,50.32535560724812,17.92110827917566,-274.23395
449,06,-3.356170396635004e-05,-23.02242342732747,60.87640379265148,25.228303343276185,-424.32104
451,08,-3.3272750999810424e-05,-17.014684508621052,43.397001161080546,24.996205532712324,-397.56882
452,09,-2.4645985519115736e-05,-7.889081433783638,37.34792189491059,24.11319072261387,-206.521
453,10,-1.526362983537594e-05,-3.798430909843855,48.34944315867911,17.225026653107776,151.46596
456,01,-6.416161365773257e-06,12.223324068787278,48.97643718384928,9.654886861660149,443.56982
457,02,-8.18821650381367e-06,12.903916228158135,62.959067062718525,12.805091260918546,396.39215
458,03,-1.5800369091061108e-05,2.527072602630943,59.88884960889175,13.275623237716257,255.3865
459,04,-2.5679135762624757e-05,-26.331729773288306,46.84454056873057,11.854652500814861,-43.538578
460,05,-2.9667726341906155e-05,-25.198657173730993,56.839670298081565,20.08667393688617,-248.521
461,06,-3.566179110415154e-05,-31.36642959594727,52.944568701901716,24.920626615144148,-403.23328
462,07,-3.888270218750779e-05,-23.176640851420746,56.14024401203919,25.7952684127118,-519.8568
463,08,-3.333480648354688e-05,-12.395997953681537,44.035043613662005,24.6443350070715,-371.74454
464,09,-2.5415033401845397e-05,-5.530321179199219,52.86381167994076,21.336988494233296,-212.26762
465,10,-2.0550294828412475e-05,15.281469091599986,50.30405073937036,21.25215219498321,39.808132
466,11,-1.2597567349661808e-05,15.910226154920792,53.90823562632401,13.703532370326256,194.76959
467,12,-7.748080553331723e-06,20.40142875687794,63.311030514205655,12.457500854338369,495.39978
468,01,-8.493993727101315e-06,23.796599253992884,55.116003269850566,11.85726924298784,552.3153
469,02,-1.1806723732206594e-05,-2.6082788761683875,46.30087924139698,7.208972067391589,343.08716
471,04,-2.4140652476206825e-05,-8.481860700141059,60.03202422682047,16.594467750182417,-25.076155
472,05,-3.631899526441482e-05,-17.44638056798135,47.40056218499266,19.263493356326578,-256.9528
473,06,-3.447691067930363e-05,-33.33076165534125,39.74884000571834,22.747421039063397,-443.939
474,07,-3.4126774513620195e-05,-44.31138712696363,36.16823902212164,24.748706597475596,-548.49536
476,09,-2.7110998255941223e-05,-4.088550005425346,48.59134079140956,22.0211015687267,-161.56067
477,10,-1.717439320385384e-05,2.0582064438686585,44.893768001867876,19.248132997887105,104.39162
478,11,-1.049799736220949e-05,11.533768935139973,58.11769115721252,14.188456836369303,291.07916
479,12,-7.425197422547768e-06,21.47761040308142,53.53903508252609,13.385659862127355,547.1251
480,01,-8.170035396257738e-06,18.813249751593478,61.34680531404607,10.371796175769582,506.5898
481,02,-8.232899953890454e-06,13.675333238874163,51.283400613031226,11.63011999922565,331.9513
482,03,-1.7898125718357898e-05,7.876527682396675,54.192069970153995,13.107204236979122,168.65897
483,04,-2.786484313502215e-05,-15.88577495863173,41.53150874974462,12.17203074105051,-41.19387
484,05,-2.8741963674400066e-05,-37.081440074305384,54.09692304540707,16.092180326128517,-208.25336
485,06,-3.9525050331051005e-05,-23.208365014648436,47.86380608810849,23.5430796470099,-438.5688
487,08,-3.404563471354698e-05,-17.337182702177312,41.57153246440298,24.424641755612946,-423.27304
488,09,-2.6543087166161665e-05,-4.24653964674208,45.73786681658825,22.349180271658632,-213.94331
490,11,-1.0039879183467646e-05,10.335369747924807,64.20363267016013,13.91127883404626,334.65
491,12,-8.260583359534854e-06,25.078029959073632,56.60606037604423,13.37290997615809,404.0219
492,01,-6.012859741277161e-06,22.106840989635838,48.67357203781476,13.501913585694883,405.26514
494,03,-1.9840231885472768e-05,-1.8349693298339842,46.56073982853019,10.753236534503198,36.311806
495,04,-2.7043378228700023e-05,-24.0670989525689,35.17819720014996,11.874213944729169,16.369696
496,05,-2.995519203009721e-05,-45.04488896819084,46.51938461271666,15.459495272367233,-201.58017
497,06,-3.546342912159163e-05,-30.903872137790252,54.092656515480414,22.70657669124338,-432.42932
498,07,-3.552329937512147e-05,-24.55973527871409,49.31133174363516,24.6124194765155,-484.14133
499,08,-3.48960954878191e-05,-17.491402352609946,46.845165995435046,28.500981259279346,-428.90567
500,09,-2.4679065476549213e-05,-6.537764871215822,41.4254565234277,21.540383629229332,-177.45592
501,10,-1.848353834580477e-05,14.114419966174706,59.132486595437086,18.9628441576868,66.12016
502,11,-1.0186800306089735e-05,15.631692754109702,47.969248177954896,17.017071428382398,301.2602
503,12,-6.893300624729055e-06,15.732371215492165,60.65007041392917,13.366138016835336,550.62177
504,01,-7.860778656987515e-06,14.34612370152627,66.80461903254064,10.656338111351893,507.06842
505,02,-9.005972841740524e-06,9.622026147751583,54.51137783175566,12.087850346680197,318.6266
507,04,-2.588563685021654e-05,-27.98602328389486,47.86236142485672,9.781603732807106,-23.09592
508,05,-3.230829694098981e-05,-22.4746828918457,60.26473778712485,15.16792012552164,-237.3631
509,06,-3.7502937650666964e-05,-26.38411481492784,47.88007799596918,25.49175883189704,-391.5582
510,07,-3.6336240956178925e-05,-19.074829963273896,48.14752719921964,26.729435961833566,-534.0218
514,11,-1.0072340758698473e-05,9.36498726196289,49.88987413275507,15.007591073438855,234.2173
