,month,MER,MSSHF,RH,UW,msl
0,01,-7.186377549426466e-06,5.464709561255669,62.6901256937955,8.566814722819995,483.8662
1,02,-7.399999772068052e-06,2.729709174746558,52.295623941567676,5.242820933818818,251.30319
2,03,-1.408509512223264e-05,7.08405715679866,62.090667984242096,13.765281541639759,208.57741
5,06,-3.330413338050373e-05,-22.16353809509278,52.028707694198026,5.934494112353855,-434.6527
6,07,-3.0671342559486147e-05,-22.637875941122733,53.00265082314577,13.328552245519495,-499.02554
7,08,-2.8487004876296853e-05,-12.56110269165039,50.14281140049425,9.79633006227145,-401.85132
8,09,-2.3132900744369383e-05,-4.023202255249023,42.3501046719922,12.264388197920056,-127.00185
9,10,-1.6345863611966567e-05,2.642213581372333,56.92965585534547,4.59894328461924,80.49425
10,11,-1.1569333000928361e-05,13.890767045423724,49.679388139549886,15.572536984846325,328.3418
12,01,-5.795284385228985e-06,8.867661568262244,49.01821534482766,5.114125808059528,493.90027
14,03,-1.4070489600584629e-05,-6.186828353717764,55.02083505403355,7.28385072402544,250.2772
15,04,-2.282624180893941e-05,-17.872287172783746,48.97103869282801,0.1369029037899443,14.123092
16,05,-2.9285246377967465e-05,-30.998830406271004,47.47244699586335,-4.025603452805551,-241.9091
17,06,-3.014735746900341e-05,-26.066622504679362,62.37913317463399,6.837710131094192,-465.49536
18,07,-3.1905643976779664e-05,-14.025872309859079,48.67037434149174,7.28260863685608,-513.0765
19,08,-3.1051088017916934e-05,-11.540256553403795,47.008779259716306,13.212725781204876,-426.6013
22,11,-1.4279194747299093e-05,14.235161112806532,54.54851769668525,8.777663723097907,217.28824
23,12,-7.873070872231058e-06,26.063403682913826,61.380955716897084,13.964713369225944,469.294
24,01,-7.860688640385075e-06,20.899533713063885,47.875411116570554,12.33075755956096,626.3485
26,03,-1.2076194787720939e-05,11.89821663673975,73.37905685201383,13.306958838185956,196.20877
27,04,-2.2320882245185202e-05,-19.334173597547743,50.02077896680037,2.920826218308343,-81.363525
28,05,-3.0310256707952082e-05,-17.47440350473055,59.34436809112436,4.588270763663836,-196.42303
29,06,-3.0904296795920855e-05,-15.787571440294057,51.69619375912348,11.143315948295594,-403.748
31,08,-2.8741253340065727e-05,-19.03508228654759,42.77699926753197,7.685691989857664,-418.3085
32,09,-2.269007780640903e-05,-3.5648343312581385,46.85175361700852,8.593244362915888,-155.39929
33,10,-2.174942796122078e-05,9.781940688922843,60.93410625634399,16.650438065046906,82.60409
35,12,-7.687594037497059e-06,8.885675470167591,67.75924336626196,9.12891215738686,444.1696
36,01,-5.276928763964617e-06,11.574925520045783,58.01885871766587,10.828720034978724,433.71133
37,02,-7.864293709969517e-06,5.468580898829869,51.56958197040644,2.3612015480768114,335.23196
39,04,-2.3437909088230905e-05,-21.874123499891493,46.11000325809585,4.110112059911092,-85.16123
40,05,-2.9170486620455693e-05,-20.4214844770534,47.92201473479629,9.468134508666173,-232.34659
41,06,-3.17826830204164e-05,-27.949367026435006,48.16991035015053,8.309710549185011,-385.9839
42,07,-3.416977696542745e-05,-21.999847670688425,39.2781192299025,2.935726840890864,-510.76962
43,08,-3.1963929242763654e-05,-15.790871219429917,46.55304641459066,12.161826806775984,-442.31305
44,09,-2.1331834113273846e-05,-6.238656323920356,43.43915766518911,11.304056086709762,-171.35645
45,10,-1.6551261839878706e-05,3.491510892150223,54.79260846710333,6.952388475377072,19.673323
46,11,-1.519573135911843e-05,20.401449884033198,56.70156626680825,14.35263231576284,287.5636
47,12,-1.0313162028783104e-05,17.753608460457098,55.75187243828721,13.39048569564409,438.54633
49,02,-1.1685804688698098e-05,2.732715975443522,46.129101684696614,-0.6980405422619412,484.4489
50,03,-1.3839232150540515e-05,-0.5926843497983868,57.115805566785156,13.265807060569843,302.34784
51,04,-2.090864053300013e-05,-10.60586452026367,65.75529212030038,9.872940920575457,-131.69693
56,09,-2.725831751290065e-05,0.9693071214463977,44.86737590899468,17.08183361146715,-255.60622
57,10,-2.1395454446465794e-05,12.186390243366201,47.91972020449689,17.807696523379256,49.52961
58,11,-9.367185011372688e-06,10.117007967122396,41.05919099200301,7.654566838243273,294.00134
60,01,-1.1848107099418698e-05,28.771229348787696,56.9102486772409,17.3053938906885,553.73035
61,02,-9.682757584759485e-06,6.4267875001403105,47.08914505602986,1.374231495539348,546.4523
62,03,-1.3818876191033916e-05,-6.2181760956138685,56.610379949503034,1.7070786961791335,278.95532
63,04,-2.3066575134180317e-05,-21.124448284233942,53.13685258980724,2.0456456870185007,-81.40106
64,05,-2.301351515928619e-05,-21.276121071107926,61.30564291210714,-3.17149069710188,-259.68457
65,06,-3.0384449369921637e-05,-25.249517172580298,53.14751710217263,7.471991460397509,-467.4302
66,07,-3.052118788760435e-05,-16.333257173927887,51.58020934386151,9.1474737645221,-547.5712
67,08,-2.8069958612225798e-05,-17.017802792784988,42.472240740586344,2.872892107502107,-436.13193
68,09,-2.2138291550658728e-05,-0.809648367987739,66.94727416271104,10.311384230168663,-129.36742
69,10,-1.5594664512004833e-05,12.420039781796033,52.5519555827328,15.485334654428625,66.19408
71,12,-7.343828446024142e-06,12.754345215500043,59.86620702467682,8.305007507467783,518.4911
73,02,-7.646551471441942e-06,-7.170963860648018,49.17462651499538,5.9333629534131,282.13223
74,03,-1.1304150707112197e-05,-2.56875498781922,68.34861116093205,5.728958231320945,245.50865
75,04,-2.3272295822324753e-05,-10.486857863362628,59.37646033687326,12.875126613341438,-142.1683
77,06,-3.090711121482552e-05,-17.990251360066733,61.34983533646531,9.56488656516605,-464.78564
78,07,-3.447742918110781e-05,-15.274860501197074,50.75858460182529,13.101680323898153,-516.9436
79,08,-3.3271033724499884e-05,-4.3656862228557625,49.79625837316948,15.87532358626909,-472.8916
80,09,-2.244669017984254e-05,-3.3109654418945316,48.444472670045165,17.991419761784872,-143.7081
81,10,-1.5745955748394817e-05,1.4800897167574978,41.847355274659336,3.9228212014475177,1.8713512
82,11,-1.5779393952086846e-05,2.730464919026692,53.6031213278585,8.510707509316338,244.70148
83,12,-6.748697063030508e-06,22.216181771555252,62.92255071562849,19.30713940606066,526.1493
84,01,-1.0488508364736625e-05,25.802121266682942,67.17732922877546,14.171719384019092,545.78845
85,02,-9.105866422227595e-06,-15.737989101954868,41.279925076501705,-5.740575921649026,519.4561
86,03,-1.09558865346488e-05,2.199697240357758,53.96111336709735,11.289218418552027,230.32892
87,04,-1.9242588071877733e-05,-14.953707265557181,61.57429541588492,5.863026918029785,-81.60327
89,06,-3.5890827366468634e-05,-24.274000357055662,43.53411597645681,3.068294317224291,-415.44977
90,07,-3.000731417455182e-05,-30.125119514383297,48.19723509739805,12.281629657273651,-487.893
91,08,-3.1366839325049225e-05,-20.726613564768147,49.22354232249208,13.797753053542104,-412.92072
92,09,-2.1116000810717296e-05,-5.870355172729491,52.886519872754164,13.824011871359083,-166.87936
94,11,-1.2770530823662637e-05,20.62896745435927,57.76803370095226,15.672534009382458,328.10104
95,12,-1.128779906788603e-05,28.043287035542146,58.52688881322774,15.426232051849366,487.31122
96,01,-8.849628261046861e-06,-8.473066081057311,52.03738375666833,3.380256105915193,514.34973
97,02,-5.771432554432804e-06,6.824847212655203,67.52644709656069,7.183116704645611,429.93268
98,03,-1.3287096029671374e-05,-5.803373095440609,55.151999684815046,8.146193476933306,216.91653
99,04,-2.2575659647211267e-05,-11.442104777696397,52.015024873095086,4.7397296148724015,-36.108765
100,05,-2.791426425801057e-05,-28.103053294192083,60.924986691195485,5.088691424010902,-238.44586
101,06,-2.8837502824555686e-05,-20.989433822292757,61.5306473079814,12.883800532786049,-361.53296
102,07,-3.379324687933062e-05,-20.07741719498173,55.40260847481861,8.933421974059073,-486.40933
103,08,-3.0242934917310693e-05,-13.572054321945357,50.633880177582476,13.210910544979956,-430.005
105,10,-1.9746457593286597e-05,13.28605210072507,59.41998880579267,8.569977047376735,112.836075
106,11,-1.2423982501220758e-05,8.69252590874566,58.77474638277293,6.046647794045342,350.55597
108,01,-9.400724827868036e-06,23.76198229324177,64.8158600401199,14.951265936513103,453.698
109,02,-1.553154618433063e-05,17.196350676788683,61.10995617006565,13.528206202342595,555.9937
110,03,-1.4791143874625109e-05,4.141464673442225,71.63935923557511,13.992932746682113,230.31454
111,04,-2.4692344382775542e-05,-22.74501348402235,55.09817502149212,6.067272683482699,-39.21282
112,05,-3.182606770285695e-05,-15.882362545546664,52.83810746537357,2.950671381858087,-232.3468
113,06,-2.7714982728361462e-05,-28.63852083367242,47.29024293223089,-0.37918123620351224,-438.70886
114,07,-3.385038605679304e-05,-9.511822006717805,59.07058047961163,15.473679856002972,-554.54974
115,08,-3.211179117533902e-05,-13.866469908683532,47.473473327189375,13.94590260669749,-423.1126
116,09,-2.5435363158006416e-05,2.907980506727431,49.177534459747214,11.980116043281555,-192.62982
119,12,-7.866494279115095e-06,20.208327730240367,52.71666673100892,12.202970729561263,390.6619
120,01,-5.490775168401608e-06,12.580168148245866,46.32122026583841,10.294662934293028,388.40674
121,02,-1.1993180484209699e-05,15.243881237211681,52.799659086113884,16.366795333748772,334.0011
122,03,-1.7582771425163286e-05,5.919001820882161,61.97907953674307,17.954782301687423,171.545
123,04,-2.3728384267512105e-05,-15.711892689005532,62.36782957411343,5.260100383440654,-69.298615
124,05,-3.2913617601255e-05,-32.404015432706444,43.15242019264416,6.0320307345851765,-261.8731
125,06,-3.3498540398290464e-05,-35.047065074327264,55.710710440916486,4.440140065659417,-394.76376
127,08,-3.0036708770112647e-05,-17.0266568734774,43.458151734339296,11.918716067467969,-417.35577
128,09,-2.1827326350689368e-05,-6.781363076782227,44.02462579022247,2.8825163167741565,-186.95027
133,02,-1.709957590030951e-05,31.83555304718018,59.52337883048256,22.9481457257952,292.2305
134,03,-1.7018775953137494e-05,2.372058311872584,47.98838851665681,13.333049105408369,206.7461
136,05,-3.125298669270236e-05,-34.3688931694441,36.06377147361027,5.1684694324001175,-241.97299
137,06,-3.068480971400681e-05,-23.63770078192817,52.16888050745726,7.454946297454835,-475.6142
139,08,-2.897321149455781e-05,-28.290339532667595,47.590817581110095,9.989635868913387,-421.7655
141,10,-1.8407037761653066e-05,10.48773665069252,49.92561818830045,8.42830417339776,2.3064132
142,11,-1.0645134954231454e-05,8.876481322224937,54.38112868225972,5.109709851434498,149.669
143,12,-1.0178729378000547e-05,19.264495642221096,49.02194799312469,5.829736719623688,349.03333
144,01,-9.804670876438911e-06,24.167181801416536,38.86062395377826,8.86982310034639,465.2333
146,03,-1.2629808311264428e-05,-0.5304674036169569,53.76618897918476,5.395416858201385,156.56244
147,04,-2.5889148811054637e-05,-18.50936585184733,50.20018549894757,5.61995390847524,-2.9867516
148,05,-2.5811937759284265e-05,-33.066711107479634,47.67298183366304,0.8872901309023614,-202.32045
149,06,-2.987989489524302e-05,-20.686577268473304,57.62339900992447,14.718036211374072,-408.36963
151,08,-2.9805839779475068e-05,-22.79464663072811,38.70661156831249,11.01385874016054,-409.86505
152,09,-2.1833397036001162e-05,-8.548686426798504,39.4321560544822,9.955680732430352,-141.05042
153,10,-2.004618059737534e-05,2.17344532234438,45.307421456006274,4.971583007299772,34.728962
154,11,-1.4646135411648073e-05,14.444811823866104,60.08639300202131,11.738773440445796,325.91714
155,12,-7.654158530845394e-06,17.942148733159545,42.031411531264894,8.257994727001396,448.17633
156,01,-5.988280283046514e-06,9.900324605634134,41.55076964045469,3.217538565153716,530.7401
157,02,-7.568776633878318e-06,10.513905402874128,42.596786469010105,11.67841455961644,332.74738
158,03,-1.6743815379482177e-05,3.675611719931326,56.535387553599556,12.80877443896058,260.72345
159,04,-2.3724830210206465e-05,-12.979907084147134,60.15185276207658,11.795587993537051,-72.05681
160,05,-3.502280750303383e-05,-18.415903687507882,37.98684394011575,3.870598782180457,-183.4324
161,06,-3.339920427913765e-05,-25.873405965508358,43.36981476617124,-2.726851222144233,-363.2326
162,07,-3.3542465003026134e-05,-26.574038988010855,46.61348771423679,10.104954804943455,-499.9116
163,08,-3.290884278264643e-05,-13.404264240552024,52.83446418771308,17.78341034901527,-390.2672
164,09,-2.5466491539959356e-05,-1.4094354346381297,48.6797681992597,9.088945560031467,-160.32947
165,10,-1.9484351597922247e-05,1.9587082073252686,58.379234332862715,6.554792054104549,106.29031
166,11,-1.321692710625939e-05,23.694389510769323,50.96693710040848,20.914857090568542,327.23755
168,01,-9.715480358609446e-06,34.39173987899288,57.42208674485646,24.59790798663068,447.88184
169,02,-8.449411843078754e-06,-1.1622854381742926,41.2482318814184,2.4115948096456985,415.24878
170,03,-1.4966802825774622e-05,-6.011914413616221,42.24266758934657,6.541541600606773,224.15424
171,04,-2.191761210872048e-05,-4.539731902737087,59.59964808656376,3.7300693186442064,41.227554
172,05,-3.0932743489659034e-05,-26.541132331437964,51.168041845343446,3.497821047116352,-208.11897
175,08,-3.234485571499712e-05,-11.285276480397874,49.79429166342623,14.445863279670796,-417.02036
176,09,-2.2725771390226628e-05,-2.4448908416748045,57.50485973500145,4.56495947757297,-227.65323
177,10,-1.798888249350155e-05,2.3637267239478326,43.9463890340828,3.003415204591649,93.95667
178,11,-1.1587640056374466e-05,-1.8295716874864363,52.225245416957804,2.3298814604229396,313.68207
179,12,-9.250304196792702e-06,31.236705364924607,64.63241229699248,20.999137792648806,500.44305
180,01,-8.814763398506955e-06,28.086010490499522,59.814965074129006,17.509481018681676,443.39105
181,02,-9.681430163471391e-06,-2.9269207930791947,54.97462990093799,6.761308108556839,336.80115
183,04,-2.4481364455176743e-05,-15.54007357143826,53.21672202842236,5.804787655745612,-56.134834
184,05,-2.8615912740195944e-05,-19.306992470361852,50.8592781971834,4.769940718599545,-256.464
185,06,-3.390126228795352e-05,-22.424498955281575,49.86442946763436,12.548458471997579,-459.5285
186,07,-3.466171150601792e-05,-32.442688338413035,36.16844127948567,4.388184303857946,-583.7417
187,08,-3.527003988845888e-05,-15.806742182249662,41.714041907468136,12.279929775791784,-479.37402
188,09,-2.649383951805552e-05,-2.2674784339057075,50.77799905458556,9.422944353548688,-147.70319
189,10,-1.8016295581522476e-05,4.47270425086893,52.33998963107474,9.331117238485684,118.67239
190,11,-8.92097842036795e-06,12.752254605102538,55.27824593100681,10.65475141023,149.4899
191,12,-1.093666692604627e-05,22.757288210632986,53.902280609893545,16.48587201194353,514.2792
192,01,-1.2804497735976505e-05,25.385474410518523,57.77612080058489,14.218067233526579,576.52094
193,02,-1.271823695051786e-05,20.178666164579848,60.9734689490412,20.19777915863764,415.01093
195,04,-2.3056703787511248e-05,-15.611610607231992,48.9374839578549,8.932633039940727,-16.72707
196,05,-3.3250014936618425e-05,-29.631465932538433,52.844916530618114,9.018692946013585,-212.52893
197,06,-3.44918315846169e-05,-24.446217814466692,49.08188772321145,4.274826041094461,-416.5634
198,07,-3.591561413959817e-05,-25.92438248894804,39.340810654867084,7.295851527121759,-542.7781
200,09,-2.6222378082234683e-05,-4.395296908230251,54.09243484116659,5.966960947651334,-143.38843
201,10,-1.4566836962311297e-05,5.514771194293934,41.310020164710224,12.37252014750819,33.270634
202,11,-1.3042386322538529e-05,9.068964893934462,58.53600206141338,6.407606474367777,200.92915
203,12,-8.991161045966975e-06,-5.598886509064706,48.51484771922968,2.4333651795746185,591.5593
204,01,-7.460320452180465e-06,-0.4728464959257379,45.67560021059616,1.658294647544943,501.38922
205,02,-7.544903639281147e-06,5.38362545916678,55.18347650017959,4.37647370480943,423.26788
207,04,-2.0502408365953464e-05,-21.604367342122394,58.54018084150156,4.561729153993395,40.0686
208,05,-2.4253428110207234e-05,-26.022296560964275,51.92535755428705,9.13497221109944,-219.84131
209,06,-2.8253365109311642e-05,-38.732165323215064,41.61192797080808,9.433004859309726,-423.75787
210,07,-3.142641031134248e-05,-27.054918192217425,49.82263012584947,10.088768128179733,-484.40253
211,08,-2.9903093116464793e-05,-15.358725825155936,42.33743624172287,2.895004055515413,-395.4264
214,11,-1.4551765714713837e-05,14.46901237657335,58.72207561985916,12.736440114508735,362.27417
215,12,-8.836182103413613e-06,1.1414017176474303,51.832999992789766,4.368369198132585,377.92383
216,01,-3.583592048936e-06,-1.2817189340899076,35.36421269791357,-1.286656943434028,469.102
217,02,-9.97768289436776e-06,28.48145621345157,61.04910012837534,22.079497913224362,436.78918
219,04,-2.201332183204714e-05,-17.60772253417969,50.15108422283994,7.54457913983663,6.865412
220,05,-3.085946982284968e-05,-22.07697987414944,55.658551038389554,8.545581844842562,-225.60373
221,06,-3.476727682935032e-05,-20.254541469319665,56.16686724849277,3.493047113927205,-428.8507
222,07,-3.376502295814329e-05,-20.43258258581674,48.29218798171063,6.435511002550844,-519.86316
223,08,-3.064838395117496e-05,-15.397676236060358,39.11490551742816,4.405646029728714,-443.71182
224,09,-2.7053925191669103e-05,-10.968042353990342,40.873450344501606,12.051192799843681,-109.27412
225,10,-2.0736059433235615e-05,1.8364669255082322,46.07108195983722,11.233670121797948,74.76634
226,11,-1.1372840429430654e-05,5.54297788119846,52.451002673839106,4.724241298357645,286.4956
228,01,-1.1099072907757458e-05,24.386054642872143,54.87726956107148,9.809003644122871,585.68744
229,02,-7.893391973560764e-06,12.879144769577753,54.623768248409036,14.813645704178581,384.924
230,03,-1.582076560769428e-05,4.910139277304372,64.38913835901599,11.045111331426973,244.61325
232,05,-3.182257207745645e-05,-20.036693252071256,51.31070372274871,3.9262605809857765,-239.17026
233,06,-3.4082233544055876e-05,-13.138249787733287,60.09514157660935,13.012940218522813,-451.7409
235,08,-3.4686337675251e-05,-19.754633603331865,40.27667498864153,14.429789518274287,-424.18884
236,09,-2.4247977624205914e-05,0.3736279635959201,55.41774919654528,3.919208845329285,-243.4445
237,10,-2.3367591303340108e-05,14.50471792602539,57.49670259841796,15.000559230353243,17.69389
238,11,-1.186565926222506e-05,4.6568576497395835,50.09492808050447,7.878285733710395,299.4536
239,12,-8.802920268002493e-06,22.454611907630838,51.308709990082264,12.782658350072886,412.82538
241,02,-1.079772392194216e-05,13.779260249546594,59.85849182345754,13.373481011186328,398.6833
242,03,-1.3397230129969535e-05,-0.9194605676794566,60.6708199271861,9.409900608575471,155.27243
243,04,-2.54553507465769e-05,-17.42901027967665,53.24983413987689,5.066782274542914,-116.610214
244,05,-3.422614240797327e-05,-20.88572949317194,50.723297991629586,8.779698450191047,-248.92932
246,07,-3.775679561435789e-05,-20.12216363230059,34.70881050790896,6.7905215421697145,-560.5526
247,08,-3.318467006672979e-05,-13.657699137697938,45.50563225292391,8.883778229928788,-430.5346
248,09,-2.59650643648355e-05,-3.5717024329291456,50.26974016195536,5.929397126367357,-223.73445
249,10,-2.1588807777500546e-05,5.981483147405809,48.24640764357326,9.68599304804238,28.393093
250,11,-1.3179962080519347e-05,12.654008286878799,52.50058610761298,4.796225587866042,244.62671
251,12,-1.3700721242369786e-05,27.986750325848984,63.54783165261822,19.86696872741945,451.69775
252,01,-6.553396535759588e-06,18.42038040095504,45.80448549491872,10.353726586782804,461.58704
253,02,-1.2230161100386137e-05,18.65321454909752,54.35344561065067,19.062788032948287,455.12494
254,03,-1.4517082142339604e-05,-0.5979741453765541,58.83941007500695,9.49542429823516,213.61186
255,04,-2.355722367422762e-05,-12.813957029554578,60.681698268123455,4.805695806566875,-118.677246
256,05,-3.550879427684679e-05,-19.147158501081563,47.704144963514416,6.9489958812139365,-327.1898
257,06,-3.750390542944741e-05,-27.016546727159287,42.780413097916714,14.330717013740538,-433.20752
258,07,-3.168135436499142e-05,-21.668345875401656,51.88578506780696,6.044026700850455,-528.4865
260,09,-2.4486756719630248e-05,-2.020394458007812,56.817002186003,7.933719080649483,-197.87994
261,10,-2.1893689024856883e-05,11.235235126454343,57.40779917159772,12.005480048866684,94.05705
262,11,-1.5146696185204038e-05,20.892512133110895,68.07071139411661,12.342221737946403,386.14154
263,12,-1.1904006665214989e-05,20.81303864280127,63.79751548051194,12.820332980145691,497.03516
264,01,-6.723928980547147e-06,14.384707934964087,53.25762820807451,6.1000643886237995,528.5741
265,02,-9.421481274265325e-06,7.153048214503697,61.79020408172125,11.07230871765954,364.6383
266,03,-1.3063552253355424e-05,-6.242824222359606,58.59238742218351,13.09184503670149,114.480255
267,04,-2.4765318735565716e-05,-15.737299090576174,60.65160554169682,10.400624713431462,-83.08103
268,05,-3.372209000100225e-05,-25.790908090242777,45.58359570831253,7.128588644150765,-308.40625
270,07,-3.6646507612448495e-05,-24.41304970722813,43.035889669943884,8.167003860658214,-534.6502
271,08,-3.349079792080317e-05,-13.273838911159066,49.470468634774605,10.676284386645083,-410.2558
272,09,-2.8629883362433853e-05,-3.361749937269423,60.89090815499625,7.402657788870068,-171.11282
273,10,-1.872843477780094e-05,15.499699002173642,52.0420637966638,14.544020690487276,28.05307
276,01,-6.60295483731882e-06,23.604068570044735,51.65779350411636,13.556759391107867,402.3296
277,02,-1.6342577849974034e-05,27.257544948032923,61.67323920420096,20.7849390369824,338.77332
278,03,-1.718439095667989e-05,-2.8514695644583754,52.573686629964456,12.162814038861184,31.018196
279,04,-2.4829810814864887e-05,-14.182246478949653,49.20558492463959,2.687068967501322,-96.38783
280,05,-3.0134792006426703e-05,-17.31557953963741,52.31226475243542,4.80779668205015,-221.54034
282,07,-3.594073215623134e-05,-17.96138944137737,48.60045512300026,8.125416749031315,-488.626
284,09,-2.726855740998468e-05,-6.606480073716904,41.46046437310777,-0.6506538895077175,-176.69446
285,10,-2.2813934475604865e-05,5.003235001430717,55.25826176021304,15.801558265091272,123.35736
286,11,-9.433203981300014e-06,10.082439758300783,57.335292302331666,8.362891557502746,329.35373
287,12,-9.155090198257839e-06,-0.601292420089886,52.83887711868107,3.7487439302218855,542.1028
288,01,-7.996820467572737e-06,16.024269751435966,52.92226850532075,7.2308413329791,553.7628
289,02,-9.213011075579354e-06,1.6289639434814458,40.65915042115535,-2.7782855909211293,359.51068
290,03,-1.4304734281419465e-05,-4.024482163624097,45.80751552796749,5.931675549784015,240.81622
291,04,-2.383696288773839e-05,-17.2942943037245,47.44735419490735,1.776840329636468,-50.134285
293,06,-3.491794925367785e-05,-29.63445593295627,48.58540389312637,15.360014124997457,-416.51187
294,07,-3.637924248004731e-05,-25.786057973554062,44.12265574810709,7.717995313931539,-525.8586
296,09,-2.437035215904568e-05,-12.497950702243381,40.21523504180775,8.71134063267178,-170.25627
297,10,-2.1305207502659715e-05,-2.352458050143333,49.86598729915773,5.868036298526231,70.8193
298,11,-8.746191556262298e-06,13.336127873399521,55.471923015075255,9.657236481560602,213.92274
299,12,-8.986315398414586e-06,16.75842543636855,56.42778465677845,8.24986906863797,478.90674
301,02,-1.1818901434843997e-05,12.780648606925178,58.06078212638148,8.718364602428743,403.98383
302,03,-1.5225630396960167e-05,1.0669384965794064,50.376974003080406,5.864473087290283,163.23323
303,04,-2.4217375733618005e-05,-11.611916856553819,59.49211039767795,3.0342327328787904,-74.83426
305,06,-3.421590459786078e-05,-30.121984181382924,54.56608841220009,13.141829840681288,-418.00537
306,07,-3.5823426863228845e-05,-21.040274605699764,48.61712288511441,11.099155380125966,-471.3834
307,08,-3.442271008691844e-05,-10.630728795861687,53.4802156332962,7.505057596555321,-390.5696
310,11,-1.219442167142309e-05,8.63346869269477,52.650442458646836,7.877422987598844,222.3365
311,12,-6.509792311736683e-06,12.651209838210898,41.13814304297201,9.412742538349605,450.68304
312,01,-1.0532949036563073e-05,27.835473567839585,50.62756816835045,13.787942452297413,531.443
314,03,-1.2645556585016247e-05,2.2825399281491516,62.992716266741034,6.881408927343225,227.07925
317,06,-3.715115132452208e-05,-30.632264646063906,50.84424858076307,10.793446467632718,-474.0676
320,09,-2.545146969718593e-05,-6.704652192857532,39.75358392157654,6.048352263323466,-213.14526
324,01,-6.5253165958961526e-06,7.280853728591756,43.42763289413273,-1.198527814270348,517.76794
326,03,-1.3873502668170125e-05,-4.782673361173239,59.930227692120816,8.711972299124605,100.02425
328,05,-3.370682173148433e-05,-13.439136345319852,55.415879218805216,11.327168507647768,-245.00418
329,06,-3.4785863751151034e-05,-27.11431088460287,44.96967633606062,6.44561336379581,-439.3676
330,07,-3.3670624993676266e-05,-35.11209074615151,34.7803111832411,5.194669483061761,-515.85156
331,08,-3.203818718891423e-05,-14.970106861073484,56.166526000266416,5.139944788245744,-461.93124
332,09,-2.4569920312832332e-05,-1.9050392035590278,48.50952039943403,7.6637080093383805,-198.05966
333,10,-2.0357669840078775e-05,8.929626497002058,49.91160704086961,11.764139995021203,-16.78273
334,11,-1.6638314112929544e-05,21.698549422539603,51.20864173750348,16.657310976600645,190.69138
335,12,-1.1844671387852061e-05,21.158474252352146,51.61357204472506,13.276590780688874,470.39746
336,01,-1.3167410284109127e-05,32.71415653975292,54.798027210791915,20.381366841223937,504.73483
337,02,-9.635896793779033e-06,12.227102448962983,62.05461917357218,11.984527422791432,275.60785
338,03,-1.969343553138324e-05,2.858439688077537,50.951221448258686,3.589432570611277,196.58731
339,04,-2.5420359923575438e-05,-23.728481532796227,35.425640993569964,3.3506547569486838,31.024048
340,05,-3.1186685044343005e-05,-23.42358186127037,55.67473245647261,10.869236741629978,-295.395
341,06,-3.458860908376663e-05,-19.802041976589628,51.81401281598541,5.424472069888645,-468.17273
342,07,-4.0491175616739144e-05,-14.380545316962786,51.51913973191349,13.94707431110259,-516.9676
343,08,-3.430768915528969e-05,-11.902402343421853,46.669440629773256,6.611389506945046,-436.0241
344,09,-2.677926907070085e-05,-2.246240928141275,48.58724766878287,8.22912563188341,-218.93674
345,10,-1.4836711174446523e-05,-1.5530790907336818,46.4751422240952,4.005545213678831,110.2621
346,11,-1.4172945336880124e-05,15.984315191311307,55.0159122577058,10.173234992345176,278.89728
347,12,-9.103623443880553e-06,18.67049515623687,44.72693699303237,6.526885977427164,400.5902
348,01,-9.98381483742544e-06,30.50790186531313,59.32570013750177,20.154622732100943,564.95435
349,02,-9.733829621899499e-06,11.488472740085646,43.235250111784055,12.265323426432992,496.36017
351,04,-2.446588194630345e-05,-15.287676639472116,50.48518859204715,7.088551215807597,-136.80875
352,05,-3.326288808405293e-05,-18.37616691179173,46.32872357566895,0.6533463385182041,-254.42401
353,06,-3.476253857051133e-05,-32.52892781643338,47.80475471985869,12.328733485349018,-487.11298
354,07,-3.577182100015043e-05,-18.878891244211506,53.425692884929724,7.46280018252711,-546.99243
355,08,-3.3834556450724496e-05,-9.036356891591062,49.02626591384924,13.036809177316645,-423.72607
356,09,-2.5189189388381943e-05,-2.5223080678304033,46.95382839618127,4.18150704068078,-208.09605
357,10,-1.8222273044254205e-05,6.518695762716314,54.30898137165141,13.949120030803067,20.671494
359,12,-6.623100362498576e-06,8.910789440196046,51.189781416840454,3.3564824344881106,370.076
361,02,-6.55127283612057e-06,7.2258432279314295,62.426701213981424,6.029134575253441,237.9274
362,03,-1.4006747319585248e-05,0.15545269151913163,60.10794240493287,9.182660163920414,93.49936
363,04,-2.2896213735516033e-05,-13.763160278998479,44.90089633327524,-0.685411971897549,-96.01793
364,05,-3.152253704363203e-05,-24.89160391596312,50.72287625494953,12.152716374838224,-252.9754
366,07,-3.995988693131167e-05,-23.939954596078525,46.67216465320125,12.934066957371208,-524.04584
367,08,-3.326769469126164e-05,-18.63527480389995,42.41847231385144,12.439483702608335,-389.15616
369,10,-1.8213049179844e-05,4.716025361748153,49.256211021474606,10.755346892162034,75.9514
370,11,-1.3997967538165946e-05,28.005924584282763,63.3120259418408,16.328244664086235,295.0152
371,12,-8.896478755051119e-06,9.686923075029926,62.37685010996686,7.806057778881443,452.4177
372,01,-6.091251291421628e-06,2.9262350808420488,60.36061479552843,4.086005965673795,614.7785
373,02,-7.65345504045659e-06,5.717629487900508,61.53230691539674,8.026179726691472,424.54373
374,03,-1.4227020407356234e-05,-0.1344084672825314,56.345688745778084,6.929926506247573,208.69254
375,04,-2.4690822054900404e-05,-20.66956467929416,50.227940069592,6.223680580245124,-4.701771
376,05,-2.827942739082006e-05,-27.387183430333288,51.416537502500645,6.36290959364368,-241.79706
377,06,-3.182083758476639e-05,-35.711798379855686,43.71565713060168,5.184164862230089,-422.117
378,07,-3.4407490462771055e-05,-31.11366353779454,49.13440625845617,10.114219836901592,-514.4949
379,08,-3.27152816781925e-05,-15.088779016966459,50.057286181364006,11.199890485086746,-426.31323
380,09,-2.3803562745282155e-05,-1.7829848341200085,47.799041656389505,7.507118406274583,-163.38155
382,11,-1.1904203317903414e-05,4.708053307088217,64.34552551558414,11.954520990626015,149.71538
383,12,-7.738160395268594e-06,4.967533013128466,56.59717789244652,9.098118736759309,312.31903
384,01,-4.432973011169315e-06,15.641597058367989,49.85520389962581,7.8899931685950175,669.2542
385,02,-7.274441715534998e-06,7.353929252261208,64.81677477946593,12.228949002470287,236.74158
386,03,-1.235675504704564e-05,-6.3443144091534345,43.386579177287324,6.132339461931618,301.6223
388,05,-3.0008848766624646e-05,-32.62149781881353,48.67582858574712,12.94653068993681,-239.68222
389,06,-3.4230032604055946e-05,-25.01744469502767,49.43961729888122,9.191161323695713,-490.3126
390,07,-3.7348723895911946e-05,-18.427609645064162,51.34294977803511,5.025835220500987,-522.061
391,08,-3.274760770019843e-05,-10.64563058373236,50.85391145080519,14.01876132214454,-441.66122
392,09,-2.5484862159343414e-05,2.648160398695204,48.54894579696125,15.945109005716112,-191.0424
393,10,-1.916051529891168e-05,8.726722329416583,41.10612051369683,11.441918302064302,34.692177
395,12,-1.2744765838047034e-05,29.389911852764826,62.27082245179138,20.643361183248544,520.611
396,01,-9.557997748420493e-06,23.492998173539362,55.985124487241116,15.473656117552068,563.87585
397,02,-6.941694202459045e-06,2.77444112036694,54.92825397600388,2.178728864450564,462.3984
399,04,-2.412122515035865e-05,-15.116672309705946,65.52592149374486,9.397371100213794,-149.86008
400,05,-3.2719707248821014e-05,-19.41600187732328,54.71462800888861,6.590203753809776,-276.47226
401,06,-3.633841799156573e-05,-15.284035491265191,54.862410076340026,15.388559870190088,-473.92062
402,07,-3.9630504535585143e-05,-18.105863085346844,55.33667580591222,9.643338416766094,-541.687
403,08,-3.664081436780238e-05,-14.530181596981583,48.63167088847007,11.868504572201799,-461.548
404,09,-2.780254297756781e-05,-4.337274759928387,47.643611919113,13.954834382735358,-213.0928
405,10,-1.749340033099435e-05,6.576196681525118,62.883388684188155,14.909538201732023,55.057495
406,11,-9.782895505729057e-06,13.286790387301977,48.36725960095062,12.563796591271297,218.3971
407,12,-8.270612005098982e-06,23.135962751162953,68.44660146777348,14.61453167242645,469.73633
408,01,-7.079607454118081e-06,9.77005108642578,59.36599973937003,11.252236509794832,470.0775
409,02,-9.82560560788399e-06,1.2790957768758144,54.799641565576906,-1.159094538597833,400.02087
410,03,-1.6003138249269338e-05,-14.11737674147083,62.83003596656937,4.0497559374942576,70.17636
412,05,-2.7662325821888435e-05,-23.158452428017892,56.92952051083376,2.4006520103946807,-290.61957
413,06,-3.319209287441886e-05,-26.815010833062065,45.349666944320994,8.969547468270196,-440.78677
414,07,-3.405638901301333e-05,-27.630988150319745,40.32137145659744,6.063395621740689,-581.5996
416,09,-2.475842662511746e-05,-8.054260448540582,49.65095689521101,9.695096008894179,-213.59583
417,10,-1.765674730958508e-05,13.677036990258001,51.31546706972713,9.855143433540098,50.00634
418,11,-1.2026654228591521e-05,13.685960133870443,60.59634180396663,7.8996081568612,197.7402
419,12,-9.44601224512954e-06,28.97793200421077,55.46996279250422,17.02456877497191,405.90274
420,01,-8.580053124215514e-06,22.96357862870411,63.49304372530727,12.436592943314585,484.2012
421,02,-1.1990748406116751e-05,26.598223410470148,61.15281964255657,13.365070623874661,468.8424
423,04,-2.3883861623916246e-05,-16.521862002224392,58.86005653639768,4.371208240678578,12.555287
426,07,-3.570791800838603e-05,-18.498887496784167,52.862582088247414,2.4712541101312127,-523.6321
428,09,-2.0748739615697153e-05,-9.244409510294595,35.08465283191469,4.304754424497816,-176.42468
429,10,-1.6616273676728237e-05,8.951883064844276,46.06859467966968,13.233899098078409,62.407883
430,11,-1.0089955154782932e-05,6.784489759657117,59.376273723493675,5.4755702130211725,280.85477
431,12,-1.0581146033268115e-05,22.95546643394552,54.273882943514856,14.305220015987274,500.85486
436,05,-3.070366395367009e-05,-25.76910455847299,53.73915812349191,16.856304020481723,-265.77142
437,06,-3.477750818122634e-05,-31.860220404391814,46.7203716229452,14.235752619510228,-414.26767
439,08,-3.326061218056918e-05,-12.586229408838417,52.3345120203854,9.09200456961765,-393.77332
440,09,-2.5603061031688413e-05,-1.6679924726698132,46.654843129608366,4.154875349871318,-165.34497
441,10,-1.3186316454061119e-05,-1.463842040031187,51.45971762442205,-0.8720540958937775,60.492367
442,11,-1.4898132296588707e-05,27.46974549831814,55.57987919455502,19.895228572103715,230.0169
443,12,-8.385574634596725e-06,33.275967709449034,59.292129598577816,20.310897958140217,435.25684
445,02,-1.2519085415486441e-05,14.879537966322628,54.698993667597065,15.577092767211214,533.7075
446,03,-1.4810545610421827e-05,-5.396197126162949,59.004922374092125,3.1354650305676195,188.99472
447,04,-2.7581765115751797e-05,-20.820068422105575,57.557788026644126,10.033905906762017,-48.640495
448,05,-3.16294027814815e-05,-19.310568396455505,50.32535560724812,2.073139207963021,-273.92603
450,07,-3.758493633006676e-05,-22.269790681900524,47.74635748879372,14.40303122233319,-546.18945
451,08,-3.3272750999810424e-05,-17.014684508621052,43.397001161080546,12.400393611907957,-399.15424
452,09,-2.4645985519115736e-05,-7.889081433783638,37.34792189491059,7.136507175445558,-206.4439
453,10,-1.526362983537594e-05,-3.798430909843855,48.34944315867911,3.3976095040639245,158.99994
454,11,-1.1750765303218536e-05,10.89123139716254,54.5964946256227,10.592714350276527,336.1202
455,12,-4.447676278540448e-06,15.633635981405934,42.93341399640295,10.629026270692066,324.12277
456,01,-6.416161365773257e-06,12.223324068787278,48.97643718384928,3.00486104214576,445.85895
457,02,-8.18821650381367e-06,12.903916228158135,62.959067062718525,8.4660046029545,399.5921
458,03,-1.5800369091061108e-05,2.527072602630943,59.88884960889175,12.592574200394331,260.08612
460,05,-2.9667726341906155e-05,-25.198657173730993,56.839670298081565,3.779986991472142,-242.38933
461,06,-3.566179110415154e-05,-31.36642959594727,52.944568701901716,13.948579157532585,-405.64008
462,07,-3.888270218750779e-05,-23.176640851420746,56.14024401203919,13.697072580809232,-524.9476
463,08,-3.333480648354688e-05,-12.395997953681537,44.035043613662005,13.987586888959333,-372.90314
465,10,-2.0550294828412475e-05,15.281469091599986,50.30405073937036,16.963595434599025,43.69169
466,11,-1.2597567349661808e-05,15.910226154920792,53.90823562632401,13.279509921370614,202.68353
467,12,-7.748080553331723e-06,20.40142875687794,63.311030514205655,11.00165480297868,492.63904
470,03,-1.3339704251535219e-05,-6.768148279333628,63.03257818707726,5.418887780302315,40.3992
471,04,-2.4140652476206825e-05,-8.481860700141059,60.03202422682047,9.565616241603427,-21.864182
472,05,-3.631899526441482e-05,-17.44638056798135,47.40056218499266,-1.2031118744265645,-255.97314
473,06,-3.447691067930363e-05,-33.33076165534125,39.74884000571834,5.857450155003866,-445.12814
474,07,-3.4126774513620195e-05,-44.31138712696363,36.16823902212164,3.485621720426826,-557.63965
475,08,-3.324744642680256e-05,-25.59706884437479,43.61733073811633,11.77572594638537,-432.7221
476,09,-2.7110998255941223e-05,-4.088550005425346,48.59134079140956,14.669336867396035,-161.21762
477,10,-1.717439320385384e-05,2.0582064438686585,44.893768001867876,9.415437937746768,107.78714
478,11,-1.049799736220949e-05,11.533768935139973,58.11769115721252,2.182743043751187,302.4824
480,01,-8.170035396257738e-06,18.813249751593478,61.34680531404607,7.291034113053352,502.57233
481,02,-8.232899953890454e-06,13.675333238874163,51.283400613031226,10.586008830433798,336.11017
482,03,-1.7898125718357898e-05,7.876527682396675,54.192069970153995,15.248105977909537,162.7668
483,04,-2.786484313502215e-05,-15.88577495863173,41.53150874974462,-1.5698741665522258,-37.015488
484,05,-2.8741963674400066e-05,-37.081440074305384,54.09692304540707,7.031841904855544,-202.08191
485,06,-3.9525050331051005e-05,-23.208365014648436,47.86380608810849,8.609806874932184,-440.08533
486,07,-3.625940142692049e-05,-31.74150496025496,48.734570516079984,9.829136697256438,-517.5302
487,08,-3.404563471354698e-05,-17.337182702177312,41.57153246440298,12.387275987091884,-426.3056
488,09,-2.6543087166161665e-05,-4.24653964674208,45.73786681658825,13.203323169390362,-210.2398
489,10,-1.8569231195137014e-05,10.235854191605762,54.45598049366731,17.260129265016122,36.935722
490,11,-1.0039879183467646e-05,10.335369747924807,64.20363267016013,4.349684637090895,339.4245
491,12,-8.260583359534854e-06,25.078029959073632,56.60606037604423,14.065375561703918,412.80255
492,01,-6.012859741277161e-06,22.106840989635838,48.67357203781476,12.273396517066544,412.31152
494,03,-1.9840231885472768e-05,-1.8349693298339842,46.56073982853019,8.99767588207286,40.79356
495,04,-2.7043378228700023e-05,-24.0670989525689,35.17819720014996,5.183640297359891,16.465073
496,05,-2.995519203009721e-05,-45.04488896819084,46.51938461271666,10.13006349647686,-202.22614
498,07,-3.552329937512147e-05,-24.55973527871409,49.31133174363516,16.479953436000375,-484.65475
501,10,-1.848353834580477e-05,14.114419966174706,59.132486595437086,10.385557453668246,68.3306
503,12,-6.893300624729055e-06,15.732371215492165,60.65007041392917,7.658956028005128,555.96844
504,01,-7.860778656987515e-06,14.34612370152627,66.80461903254064,10.133833827295609,518.462
506,03,-1.5948935392546162e-05,-0.9029574194467195,53.47545231677126,7.127447119456466,40.597733
507,04,-2.588563685021654e-05,-27.98602328389486,47.86236142485672,6.313839817237854,-17.171867
509,06,-3.7502937650666964e-05,-26.38411481492784,47.88007799596918,4.540895039600795,-393.97156
510,07,-3.6336240956178925e-05,-19.074829963273896,48.14752719921964,4.705716874132874,-537.6765
511,08,-3.444879628501263e-05,-12.903870650096605,45.419211714576655,7.435324650220974,-389.50983
514,11,-1.0072340758698473e-05,9.36498726196289,49.88987413275507,6.842058276134069,240.13007
