,month,MER,MSSHF,RH,UW,z
0,01,-7.186377549426466e-06,5.464709561255669,62.6901256937955,8.566814722819995,-12979.535
1,02,-7.399999772068052e-06,2.729709174746558,52.295623941567676,5.242820933818818,-11698.689
2,03,-1.408509512223264e-05,7.08405715679866,62.090667984242096,13.765281541639759,-8943.442
3,04,-2.191347909663616e-05,-15.59233038906521,62.41300571294825,5.253018767907886,-3374.1091
4,05,-2.839083756912113e-05,-16.16055940262989,64.02205650719006,9.909492792170534,2626.7595
5,06,-3.330413338050373e-05,-22.16353809509278,52.028707694198026,5.934494112353855,9082.44
6,07,-3.0671342559486147e-05,-22.637875941122733,53.00265082314577,13.328552245519495,12621.0625
7,08,-2.8487004876296853e-05,-12.56110269165039,50.14281140049425,9.79633006227145,11213.448
8,09,-2.3132900744369383e-05,-4.023202255249023,42.3501046719922,12.264388197920056,7517.2607
10,11,-1.1569333000928361e-05,13.890767045423724,49.679388139549886,15.572536984846325,-3831.0881
11,12,-1.207531024335357e-05,24.691616260159407,64.98245628347064,15.22025654595898,-8613.311
12,01,-5.795284385228985e-06,8.867661568262244,49.01821534482766,5.114125808059528,-12910.133
13,02,-7.359469057738698e-06,6.865867059466484,53.581606617508264,7.856037982940672,-13626.879
14,03,-1.4070489600584629e-05,-6.186828353717764,55.02083505403355,7.28385072402544,-10374.354
15,04,-2.282624180893941e-05,-17.872287172783746,48.97103869282801,0.1369029037899443,-4124.1533
16,05,-2.9285246377967465e-05,-30.998830406271004,47.47244699586335,-4.025603452805551,1779.8462
19,08,-3.1051088017916934e-05,-11.540256553403795,47.008779259716306,13.212725781204876,12215.173
20,09,-2.365392635981859e-05,-3.0327022542317708,42.946886476458445,12.575276836034986,7417.3896
21,10,-2.1172643707369163e-05,7.590982919672484,58.4636376896443,13.979145259652089,546.41187
22,11,-1.4279194747299093e-05,14.235161112806532,54.54851769668525,8.777663723097907,-5547.9434
23,12,-7.873070872231058e-06,26.063403682913826,61.380955716897084,13.964713369225944,-9422.211
24,01,-7.860688640385075e-06,20.899533713063885,47.875411116570554,12.33075755956096,-12705.256
25,02,-8.991757432514056e-06,2.888394768487839,50.11619150138895,4.826553443431854,-11524.162
26,03,-1.2076194787720939e-05,11.89821663673975,73.37905685201383,13.306958838185956,-10422.872
27,04,-2.2320882245185202e-05,-19.334173597547743,50.02077896680037,2.920826218308343,-2988.6763
28,05,-3.0310256707952082e-05,-17.47440350473055,59.34436809112436,4.588270763663836,2617.019
29,06,-3.0904296795920855e-05,-15.787571440294057,51.69619375912348,11.143315948295594,8237.627
30,07,-3.173775886429094e-05,-20.80200322239373,49.75860673643311,10.426191270602645,13446.418
31,08,-2.8741253340065727e-05,-19.03508228654759,42.77699926753197,7.685691989857664,12496.885
32,09,-2.269007780640903e-05,-3.5648343312581385,46.85175361700852,8.593244362915888,7802.5234
33,10,-2.174942796122078e-05,9.781940688922843,60.93410625634399,16.650438065046906,2122.3606
34,11,-1.4328458308167076e-05,19.586548003133142,54.57233108670976,17.251836509937714,-5283.398
35,12,-7.687594037497059e-06,8.885675470167591,67.75924336626196,9.12891215738686,-10034.953
36,01,-5.276928763964617e-06,11.574925520045783,58.01885871766587,10.828720034978724,-12741.911
37,02,-7.864293709969517e-06,5.468580898829869,51.56958197040644,2.3612015480768114,-11912.293
38,03,-1.6001877676116956e-05,1.792558938959594,55.95160838729334,6.721166247665241,-9478.735
39,04,-2.3437909088230905e-05,-21.874123499891493,46.11000325809585,4.110112059911092,-2415.0222
40,05,-2.9170486620455693e-05,-20.4214844770534,47.92201473479629,9.468134508666173,3274.4834
41,06,-3.17826830204164e-05,-27.949367026435006,48.16991035015053,8.309710549185011,7291.7944
42,07,-3.416977696542745e-05,-21.999847670688425,39.2781192299025,2.935726840890864,11986.184
43,08,-3.1963929242763654e-05,-15.790871219429917,46.55304641459066,12.161826806775984,11946.261
45,10,-1.6551261839878706e-05,3.491510892150223,54.79260846710333,6.952388475377072,1851.4237
46,11,-1.519573135911843e-05,20.401449884033198,56.70156626680825,14.35263231576284,-5348.9746
47,12,-1.0313162028783104e-05,17.753608460457098,55.75187243828721,13.39048569564409,-9699.486
48,01,-1.1369238679367056e-05,31.70380508160335,51.86229076744793,23.507062125913563,-12114.441
49,02,-1.1685804688698098e-05,2.732715975443522,46.129101684696614,-0.6980405422619412,-13632.251
50,03,-1.3839232150540515e-05,-0.5926843497983868,57.115805566785156,13.265807060569843,-9386.844
51,04,-2.090864053300013e-05,-10.60586452026367,65.75529212030038,9.872940920575457,-3006.6396
52,05,-2.6606813441591635e-05,-11.409518621957432,66.050863289825,6.826091371003018,2282.3982
53,06,-3.6603149109497395e-05,-25.008415187242296,46.266101067479454,7.4451282612482705,7723.1787
54,07,-3.282222612492611e-05,-33.091220865229126,44.1499227373741,7.109862047544089,12317.324
55,08,-2.6941880611302234e-05,-27.08358682743196,31.77761535606461,0.022965281558293076,13190.646
56,09,-2.725831751290065e-05,0.9693071214463977,44.86737590899468,17.08183361146715,8101.211
57,10,-2.1395454446465794e-05,12.186390243366201,47.91972020449689,17.807696523379256,2093.6523
58,11,-9.367185011372688e-06,10.117007967122396,41.05919099200301,7.654566838243273,-5490.0767
59,12,-8.522425015388596e-06,21.808005747805364,57.410435429080856,13.30256360898992,-10100.713
61,02,-9.682757584759485e-06,6.4267875001403105,47.08914505602986,1.374231495539348,-11553.105
63,04,-2.3066575134180317e-05,-21.124448284233942,53.13685258980724,2.0456456870185007,-3471.8682
65,06,-3.0384449369921637e-05,-25.249517172580298,53.14751710217263,7.471991460397509,8214.622
66,07,-3.052118788760435e-05,-16.333257173927887,51.58020934386151,9.1474737645221,12353.294
67,08,-2.8069958612225798e-05,-17.017802792784988,42.472240740586344,2.872892107502107,12324.727
69,10,-1.5594664512004833e-05,12.420039781796033,52.5519555827328,15.485334654428625,996.9579
70,11,-1.2000811908506469e-05,17.20852971835666,62.11537896577253,10.336642698266768,-6405.503
72,01,-6.201572312694294e-06,7.789162023728894,59.71689801232405,3.3671332889679944,-14607.516
73,02,-7.646551471441942e-06,-7.170963860648018,49.17462651499538,5.9333629534131,-11619.4
74,03,-1.1304150707112197e-05,-2.56875498781922,68.34861116093205,5.728958231320945,-8751.801
75,04,-2.3272295822324753e-05,-10.486857863362628,59.37646033687326,12.875126613341438,-3348.5208
76,05,-2.800802443084893e-05,-16.149492612120927,55.7763452255995,0.7978462683975057,2143.2695
77,06,-3.090711121482552e-05,-17.990251360066733,61.34983533646531,9.56488656516605,7226.4233
79,08,-3.3271033724499884e-05,-4.3656862228557625,49.79625837316948,15.87532358626909,12334.773
80,09,-2.244669017984254e-05,-3.3109654418945316,48.444472670045165,17.991419761784872,7779.3037
81,10,-1.5745955748394817e-05,1.4800897167574978,41.847355274659336,3.9228212014475177,1638.2783
82,11,-1.5779393952086846e-05,2.730464919026692,53.6031213278585,8.510707509316338,-5187.5073
83,12,-6.748697063030508e-06,22.216181771555252,62.92255071562849,19.30713940606066,-11301.929
84,01,-1.0488508364736625e-05,25.802121266682942,67.17732922877546,14.171719384019092,-12915.536
85,02,-9.105866422227595e-06,-15.737989101954868,41.279925076501705,-5.740575921649026,-13650.977
86,03,-1.09558865346488e-05,2.199697240357758,53.96111336709735,11.289218418552027,-9236.525
87,04,-1.9242588071877733e-05,-14.953707265557181,61.57429541588492,5.863026918029785,-2435.02
88,05,-3.1224375424332516e-05,-18.680161248648037,54.14751819698144,12.02608065945615,2798.894
89,06,-3.5890827366468634e-05,-24.274000357055662,43.53411597645681,3.068294317224291,7884.255
90,07,-3.000731417455182e-05,-30.125119514383297,48.19723509739805,12.281629657273651,12581.902
91,08,-3.1366839325049225e-05,-20.726613564768147,49.22354232249208,13.797753053542104,11976.855
92,09,-2.1116000810717296e-05,-5.870355172729491,52.886519872754164,13.824011871359083,8297.763
94,11,-1.2770530823662637e-05,20.62896745435927,57.76803370095226,15.672534009382458,-4922.5884
95,12,-1.128779906788603e-05,28.043287035542146,58.52688881322774,15.426232051849366,-10502.207
96,01,-8.849628261046861e-06,-8.473066081057311,52.03738375666833,3.380256105915193,-12968.145
98,03,-1.3287096029671374e-05,-5.803373095440609,55.151999684815046,8.146193476933306,-9365.532
100,05,-2.791426425801057e-05,-28.103053294192083,60.924986691195485,5.088691424010902,3050.4358
101,06,-2.8837502824555686e-05,-20.989433822292757,61.5306473079814,12.883800532786049,8490.535
102,07,-3.379324687933062e-05,-20.07741719498173,55.40260847481861,8.933421974059073,11789.607
105,10,-1.9746457593286597e-05,13.28605210072507,59.41998880579267,8.569977047376735,2112.5344
106,11,-1.2423982501220758e-05,8.69252590874566,58.77474638277293,6.046647794045342,-4760.5083
108,01,-9.400724827868036e-06,23.76198229324177,64.8158600401199,14.951265936513103,-12894.8955
110,03,-1.4791143874625109e-05,4.141464673442225,71.63935923557511,13.992932746682113,-8944.948
111,04,-2.4692344382775542e-05,-22.74501348402235,55.09817502149212,6.067272683482699,-3410.0896
112,05,-3.182606770285695e-05,-15.882362545546664,52.83810746537357,2.950671381858087,2626.0156
114,07,-3.385038605679304e-05,-9.511822006717805,59.07058047961163,15.473679856002972,13044.708
115,08,-3.211179117533902e-05,-13.866469908683532,47.473473327189375,13.94590260669749,12565.461
116,09,-2.5435363158006416e-05,2.907980506727431,49.177534459747214,11.980116043281555,8909.445
118,11,-1.0307503538792339e-05,7.8851572241889105,46.36847800110711,9.089208542802597,-5200.624
119,12,-7.866494279115095e-06,20.208327730240367,52.71666673100892,12.202970729561263,-9385.358
121,02,-1.1993180484209699e-05,15.243881237211681,52.799659086113884,16.366795333748772,-10391.767
123,04,-2.3728384267512105e-05,-15.711892689005532,62.36782957411343,5.260100383440654,-3087.167
124,05,-3.2913617601255e-05,-32.404015432706444,43.15242019264416,6.0320307345851765,3820.5935
125,06,-3.3498540398290464e-05,-35.047065074327264,55.710710440916486,4.440140065659417,9234.174
127,08,-3.0036708770112647e-05,-17.0266568734774,43.458151734339296,11.918716067467969,12090.117
129,10,-1.9913688146604526e-05,14.103063629806684,48.60193847477949,14.940329161633727,2722.1392
130,11,-1.311930024130561e-05,7.912713109334308,43.72629240063826,6.5622522730721355,-4527.1646
131,12,-7.719866410816296e-06,20.033501539989185,45.286219627095804,13.531202857314899,-10395.523
133,02,-1.709957590030951e-05,31.83555304718018,59.52337883048256,22.9481457257952,-9901.511
134,03,-1.7018775953137494e-05,2.372058311872584,47.98838851665681,13.333049105408369,-6715.616
135,04,-2.7999317039636173e-05,-19.276666238742408,46.732171709169286,3.7507871259901253,-2493.9546
136,05,-3.125298669270236e-05,-34.3688931694441,36.06377147361027,5.1684694324001175,2843.0244
139,08,-2.897321149455781e-05,-28.290339532667595,47.590817581110095,9.989635868913387,12555.307
141,10,-1.8407037761653066e-05,10.48773665069252,49.92561818830045,8.42830417339776,2786.3564
142,11,-1.0645134954231454e-05,8.876481322224937,54.38112868225972,5.109709851434498,-2559.7783
144,01,-9.804670876438911e-06,24.167181801416536,38.86062395377826,8.86982310034639,-11722.017
145,02,-6.996622216688376e-06,0.507544446309408,46.996895068120395,2.419369213149661,-12303.29
146,03,-1.2629808311264428e-05,-0.5304674036169569,53.76618897918476,5.395416858201385,-8242.377
147,04,-2.5889148811054637e-05,-18.50936585184733,50.20018549894757,5.61995390847524,-2415.5928
148,05,-2.5811937759284265e-05,-33.066711107479634,47.67298183366304,0.8872901309023614,3495.0088
150,07,-3.606362330103894e-05,-12.26554677852508,46.37869990175771,6.619193799377769,12258.581
151,08,-2.9805839779475068e-05,-22.79464663072811,38.70661156831249,11.01385874016054,12717.645
152,09,-2.1833397036001162e-05,-8.548686426798504,39.4321560544822,9.955680732430352,7930.6133
154,11,-1.4646135411648073e-05,14.444811823866104,60.08639300202131,11.738773440445796,-4155.6953
155,12,-7.654158530845394e-06,17.942148733159545,42.031411531264894,8.257994727001396,-9244.799
157,02,-7.568776633878318e-06,10.513905402874128,42.596786469010105,11.67841455961644,-12018.975
158,03,-1.6743815379482177e-05,3.675611719931326,56.535387553599556,12.80877443896058,-8760.104
159,04,-2.3724830210206465e-05,-12.979907084147134,60.15185276207658,11.795587993537051,-4342.3647
160,05,-3.502280750303383e-05,-18.415903687507882,37.98684394011575,3.870598782180457,3268.2144
161,06,-3.339920427913765e-05,-25.873405965508358,43.36981476617124,-2.726851222144233,7477.488
162,07,-3.3542465003026134e-05,-26.574038988010855,46.61348771423679,10.104954804943455,11200.402
163,08,-3.290884278264643e-05,-13.404264240552024,52.83446418771308,17.78341034901527,11853.156
164,09,-2.5466491539959356e-05,-1.4094354346381297,48.6797681992597,9.088945560031467,7662.6626
165,10,-1.9484351597922247e-05,1.9587082073252686,58.379234332862715,6.554792054104549,1734.4004
166,11,-1.321692710625939e-05,23.694389510769323,50.96693710040848,20.914857090568542,-4731.884
167,12,-8.425528942156701e-06,11.411874493342573,45.69198678764476,8.596278399949433,-8410.826
168,01,-9.715480358609446e-06,34.39173987899288,57.42208674485646,24.59790798663068,-11322.08
169,02,-8.449411843078754e-06,-1.1622854381742926,41.2482318814184,2.4115948096456985,-11636.431
170,03,-1.4966802825774622e-05,-6.011914413616221,42.24266758934657,6.541541600606773,-9100.122
172,05,-3.0932743489659034e-05,-26.541132331437964,51.168041845343446,3.497821047116352,1824.7056
173,06,-3.281592492067931e-05,-24.277929318237305,46.836056776909025,9.25905919657813,7371.186
174,07,-3.3366269429406925e-05,-23.52127023184171,53.23872095220833,13.991837543220932,12321.443
176,09,-2.2725771390226628e-05,-2.4448908416748045,57.50485973500145,4.56495947757297,7284.8823
177,10,-1.798888249350155e-05,2.3637267239478326,43.9463890340828,3.003415204591649,1856.6978
178,11,-1.1587640056374466e-05,-1.8295716874864363,52.225245416957804,2.3298814604229396,-4274.1704
180,01,-8.814763398506955e-06,28.086010490499522,59.814965074129006,17.509481018681676,-12297.145
181,02,-9.681430163471391e-06,-2.9269207930791947,54.97462990093799,6.761308108556839,-12549.78
182,03,-1.5868986940443404e-05,12.424105568506382,56.25959003628518,25.385559077929432,-8458.61
183,04,-2.4481364455176743e-05,-15.54007357143826,53.21672202842236,5.804787655745612,-3705.222
184,05,-2.8615912740195944e-05,-19.306992470361852,50.8592781971834,4.769940718599545,2277.5322
185,06,-3.390126228795352e-05,-22.424498955281575,49.86442946763436,12.548458471997579,9006.877
186,07,-3.466171150601792e-05,-32.442688338413035,36.16844127948567,4.388184303857946,12570.076
188,09,-2.649383951805552e-05,-2.2674784339057075,50.77799905458556,9.422944353548688,8993.715
189,10,-1.8016295581522476e-05,4.47270425086893,52.33998963107474,9.331117238485684,2833.4575
191,12,-1.093666692604627e-05,22.757288210632986,53.902280609893545,16.48587201194353,-9213.804
193,02,-1.271823695051786e-05,20.178666164579848,60.9734689490412,20.19777915863764,-11494.64
194,03,-2.219248033328259e-05,-0.5256330294045062,56.57506640008187,14.015041863861907,-7848.955
196,05,-3.3250014936618425e-05,-29.631465932538433,52.844916530618114,9.018692946013585,2289.0427
199,08,-3.331847033315239e-05,-31.29434137422295,33.68999910253863,0.6543888631225918,12239.991
200,09,-2.6222378082234683e-05,-4.395296908230251,54.09243484116659,5.966960947651334,7575.3965
201,10,-1.4566836962311297e-05,5.514771194293934,41.310020164710224,12.37252014750819,2407.2769
202,11,-1.3042386322538529e-05,9.068964893934462,58.53600206141338,6.407606474367777,-4038.3086
203,12,-8.991161045966975e-06,-5.598886509064706,48.51484771922968,2.4333651795746185,-10581.127
204,01,-7.460320452180465e-06,-0.4728464959257379,45.67560021059616,1.658294647544943,-12512.349
206,03,-1.2827322511164368e-05,-10.990242480862525,51.72073062135199,1.0527366366232593,-8968.936
209,06,-2.8253365109311642e-05,-38.732165323215064,41.61192797080808,9.433004859309726,9040.297
210,07,-3.142641031134248e-05,-27.054918192217425,49.82263012584947,10.088768128179733,13320.596
211,08,-2.9903093116464793e-05,-15.358725825155936,42.33743624172287,2.895004055515413,12907.707
212,09,-2.534073391895315e-05,-7.00570699428982,43.673043699496326,0.038807996008131576,7073.1025
213,10,-1.7171301486478214e-05,8.106230379494288,51.02844809201841,10.03043698339565,1780.3826
215,12,-8.836182103413613e-06,1.1414017176474303,51.832999992789766,4.368369198132585,-9238.012
216,01,-3.583592048936e-06,-1.2817189340899076,35.36421269791357,-1.286656943434028,-12691.661
217,02,-9.97768289436776e-06,28.48145621345157,61.04910012837534,22.079497913224362,-12117.414
219,04,-2.201332183204714e-05,-17.60772253417969,50.15108422283994,7.54457913983663,-4015.5703
221,06,-3.476727682935032e-05,-20.254541469319665,56.16686724849277,3.493047113927205,7838.4775
224,09,-2.7053925191669103e-05,-10.968042353990342,40.873450344501606,12.051192799843681,7802.2773
225,10,-2.0736059433235615e-05,1.8364669255082322,46.07108195983722,11.233670121797948,1959.9353
227,12,-9.893875752236308e-06,16.98351939342868,60.12797338394067,7.438668075274396,-10242.83
229,02,-7.893391973560764e-06,12.879144769577753,54.623768248409036,14.813645704178581,-11499.068
230,03,-1.582076560769428e-05,4.910139277304372,64.38913835901599,11.045111331426973,-8195.787
231,04,-2.2395207648413717e-05,-10.670934447903104,67.35853829729425,7.908418326038785,-2391.3315
232,05,-3.182257207745645e-05,-20.036693252071256,51.31070372274871,3.9262605809857765,3909.789
233,06,-3.4082233544055876e-05,-13.138249787733287,60.09514157660935,13.012940218522813,9765.996
234,07,-3.6390916169732936e-05,-13.917790471887077,46.5719772114318,15.677108238486833,13473.04
235,08,-3.4686337675251e-05,-19.754633603331865,40.27667498864153,14.429789518274287,13832.092
236,09,-2.4247977624205914e-05,0.3736279635959201,55.41774919654528,3.919208845329285,8414.971
238,11,-1.186565926222506e-05,4.6568576497395835,50.09492808050447,7.878285733710395,-5517.536
240,01,-9.430198710966792e-06,24.63400003675235,61.44896206574927,16.481189683155343,-11342.533
243,04,-2.54553507465769e-05,-17.42901027967665,53.24983413987689,5.066782274542914,-2225.2036
244,05,-3.422614240797327e-05,-20.88572949317194,50.723297991629586,8.779698450191047,3515.7373
245,06,-3.759346314859108e-05,-24.964019442409946,49.104056137108806,9.589524438858033,8817.1875
246,07,-3.775679561435789e-05,-20.12216363230059,34.70881050790896,6.7905215421697145,13183.879
248,09,-2.59650643648355e-05,-3.5717024329291456,50.26974016195536,5.929397126367357,8156.8057
251,12,-1.3700721242369786e-05,27.986750325848984,63.54783165261822,19.86696872741945,-8037.0537
253,02,-1.2230161100386137e-05,18.65321454909752,54.35344561065067,19.062788032948287,-12785.383
254,03,-1.4517082142339604e-05,-0.5979741453765541,58.83941007500695,9.49542429823516,-9404.373
256,05,-3.550879427684679e-05,-19.147158501081563,47.704144963514416,6.9489958812139365,2952.8584
257,06,-3.750390542944741e-05,-27.016546727159287,42.780413097916714,14.330717013740538,8818.543
258,07,-3.168135436499142e-05,-21.668345875401656,51.88578506780696,6.044026700850455,12851.498
259,08,-3.0941285219664524e-05,-19.063545700565466,39.65101154342005,11.04517762957337,13328.801
260,09,-2.4486756719630248e-05,-2.020394458007812,56.817002186003,7.933719080649483,8227.26
261,10,-2.1893689024856883e-05,11.235235126454343,57.40779917159772,12.005480048866684,1792.7947
262,11,-1.5146696185204038e-05,20.892512133110895,68.07071139411661,12.342221737946403,-5160.9263
263,12,-1.1904006665214989e-05,20.81303864280127,63.79751548051194,12.820332980145691,-11338.881
264,01,-6.723928980547147e-06,14.384707934964087,53.25762820807451,6.1000643886237995,-12929.076
266,03,-1.3063552253355424e-05,-6.242824222359606,58.59238742218351,13.09184503670149,-9041.868
267,04,-2.4765318735565716e-05,-15.737299090576174,60.65160554169682,10.400624713431462,-2367.9014
268,05,-3.372209000100225e-05,-25.790908090242777,45.58359570831253,7.128588644150765,3743.814
269,06,-3.303585196628976e-05,-31.827683939954966,48.06642211600013,12.22468430902693,8378.695
270,07,-3.6646507612448495e-05,-24.41304970722813,43.035889669943884,8.167003860658214,13015.99
272,09,-2.8629883362433853e-05,-3.361749937269423,60.89090815499625,7.402657788870068,8182.1274
273,10,-1.872843477780094e-05,15.499699002173642,52.0420637966638,14.544020690487276,2267.8508
274,11,-1.4045017091525046e-05,9.019137569173179,50.75557469189433,7.708632052760654,-4197.6646
275,12,-9.904081011676856e-06,14.487402564920403,52.82181985401466,5.938569107137702,-9408.486
276,01,-6.60295483731882e-06,23.604068570044735,51.65779350411636,13.556759391107867,-11355.298
277,02,-1.6342577849974034e-05,27.257544948032923,61.67323920420096,20.7849390369824,-10173.859
278,03,-1.718439095667989e-05,-2.8514695644583754,52.573686629964456,12.162814038861184,-8659.621
279,04,-2.4829810814864887e-05,-14.182246478949653,49.20558492463959,2.687068967501322,-1709.459
280,05,-3.0134792006426703e-05,-17.31557953963741,52.31226475243542,4.80779668205015,2660.836
281,06,-3.5836119472898846e-05,-20.466573669433593,50.7506326838851,14.10018485385047,8111.2686
282,07,-3.594073215623134e-05,-17.96138944137737,48.60045512300026,8.125416749031315,13527.916
283,08,-3.0240783373966385e-05,-12.41071590333344,52.640142950275894,0.3693177606316022,12606.76
284,09,-2.726855740998468e-05,-6.606480073716904,41.46046437310777,-0.6506538895077175,8740.652
285,10,-2.2813934475604865e-05,5.003235001430717,55.25826176021304,15.801558265091272,667.0401
286,11,-9.433203981300014e-06,10.082439758300783,57.335292302331666,8.362891557502746,-6312.079
287,12,-9.155090198257839e-06,-0.601292420089886,52.83887711868107,3.7487439302218855,-11286.336
288,01,-7.996820467572737e-06,16.024269751435966,52.92226850532075,7.2308413329791,-12378.976
289,02,-9.213011075579354e-06,1.6289639434814458,40.65915042115535,-2.7782855909211293,-12377.252
290,03,-1.4304734281419465e-05,-4.024482163624097,45.80751552796749,5.931675549784015,-9046.402
291,04,-2.383696288773839e-05,-17.2942943037245,47.44735419490735,1.776840329636468,-3004.2456
292,05,-3.0977665722578726e-05,-19.48317038226384,57.695412786129985,13.447643165608888,3982.5925
293,06,-3.491794925367785e-05,-29.63445593295627,48.58540389312637,15.360014124997457,8085.285
294,07,-3.637924248004731e-05,-25.786057973554062,44.12265574810709,7.717995313931539,13259.109
295,08,-3.1032737283929096e-05,-31.771135562691633,39.36124998163152,10.79600291262391,13153.254
296,09,-2.437035215904568e-05,-12.497950702243381,40.21523504180775,8.71134063267178,9007.498
297,10,-2.1305207502659715e-05,-2.352458050143333,49.86598729915773,5.868036298526231,2320.5894
299,12,-8.986315398414586e-06,16.75842543636855,56.42778465677845,8.24986906863797,-8542.887
300,01,-8.992702947169514e-06,20.66453995308825,64.87525535803712,12.400445861242154,-12570.149
301,02,-1.1818901434843997e-05,12.780648606925178,58.06078212638148,8.718364602428743,-12031.731
302,03,-1.5225630396960167e-05,1.0669384965794064,50.376974003080406,5.864473087290283,-6897.386
305,06,-3.421590459786078e-05,-30.121984181382924,54.56608841220009,13.141829840681288,8673.09
306,07,-3.5823426863228845e-05,-21.040274605699764,48.61712288511441,11.099155380125966,12294.696
307,08,-3.442271008691844e-05,-10.630728795861687,53.4802156332962,7.505057596555321,11873.598
309,10,-1.9737982986943505e-05,10.8786054316695,45.96995730125903,11.938783076604208,2745.5635
310,11,-1.219442167142309e-05,8.63346869269477,52.650442458646836,7.877422987598844,-3149.2036
312,01,-1.0532949036563073e-05,27.835473567839585,50.62756816835045,13.787942452297413,-10835.759
314,03,-1.2645556585016247e-05,2.2825399281491516,62.992716266741034,6.881408927343225,-9782.491
315,04,-2.402455134354872e-05,-12.38321820203993,55.9102142579476,5.966150120883517,-2362.3706
317,06,-3.715115132452208e-05,-30.632264646063906,50.84424858076307,10.793446467632718,8353.94
318,07,-3.409394384040644e-05,-23.561669685609886,47.80977541725482,6.903388320861324,13376.342
319,08,-3.320200081173924e-05,-14.21000237282374,41.28222914207624,7.691539144146827,12884.828
320,09,-2.545146969718593e-05,-6.704652192857532,39.75358392157654,6.048352263323466,9689.368
322,11,-1.4535249143672345e-05,9.326381112670902,61.63253474075529,8.41573143863678,-3200.23
324,01,-6.5253165958961526e-06,7.280853728591756,43.42763289413273,-1.198527814270348,-11471.58
325,02,-8.8568046297561e-06,4.634872235616048,55.29220876641359,2.863534123965672,-11268.014
326,03,-1.3873502668170125e-05,-4.782673361173239,59.930227692120816,8.711972299124605,-8582.943
327,04,-2.37631702343909e-05,-18.782449027506512,53.65862876264652,13.231339445326062,-2587.5847
329,06,-3.4785863751151034e-05,-27.11431088460287,44.96967633606062,6.44561336379581,10089.918
330,07,-3.3670624993676266e-05,-35.11209074615151,34.7803111832411,5.194669483061761,12993.307
331,08,-3.203818718891423e-05,-14.970106861073484,56.166526000266416,5.139944788245744,12920.572
333,10,-2.0357669840078775e-05,8.929626497002058,49.91160704086961,11.764139995021203,2258.4326
335,12,-1.1844671387852061e-05,21.158474252352146,51.61357204472506,13.276590780688874,-9068.106
337,02,-9.635896793779033e-06,12.227102448962983,62.05461917357218,11.984527422791432,-12567.939
338,03,-1.969343553138324e-05,2.858439688077537,50.951221448258686,3.589432570611277,-7273.8833
340,05,-3.1186685044343005e-05,-23.42358186127037,55.67473245647261,10.869236741629978,3234.607
341,06,-3.458860908376663e-05,-19.802041976589628,51.81401281598541,5.424472069888645,8771.105
342,07,-4.0491175616739144e-05,-14.380545316962786,51.51913973191349,13.94707431110259,11991.002
343,08,-3.430768915528969e-05,-11.902402343421853,46.669440629773256,6.611389506945046,12792.248
344,09,-2.677926907070085e-05,-2.246240928141275,48.58724766878287,8.22912563188341,9166.5
345,10,-1.4836711174446523e-05,-1.5530790907336818,46.4751422240952,4.005545213678831,3338.2544
346,11,-1.4172945336880124e-05,15.984315191311307,55.0159122577058,10.173234992345176,-4724.0864
347,12,-9.103623443880553e-06,18.67049515623687,44.72693699303237,6.526885977427164,-9027.4375
348,01,-9.98381483742544e-06,30.50790186531313,59.32570013750177,20.154622732100943,-11599.201
349,02,-9.733829621899499e-06,11.488472740085646,43.235250111784055,12.265323426432992,-11748.946
351,04,-2.446588194630345e-05,-15.287676639472116,50.48518859204715,7.088551215807597,-1618.6992
353,06,-3.476253857051133e-05,-32.52892781643338,47.80475471985869,12.328733485349018,8973.728
355,08,-3.3834556450724496e-05,-9.036356891591062,49.02626591384924,13.036809177316645,11984.281
356,09,-2.5189189388381943e-05,-2.5223080678304033,46.95382839618127,4.18150704068078,8316.877
357,10,-1.8222273044254205e-05,6.518695762716314,54.30898137165141,13.949120030803067,3304.7568
358,11,-1.2143508331428165e-05,12.723418456013999,55.05112889809742,9.143233898650275,-3608.1912
359,12,-6.623100362498576e-06,8.910789440196046,51.189781416840454,3.3564824344881106,-7684.9946
360,01,-6.219402897665034e-06,13.638463789416898,56.756673166043,4.487606855351436,-11210.146
362,03,-1.4006747319585248e-05,0.15545269151913163,60.10794240493287,9.182660163920414,-7096.585
364,05,-3.152253704363203e-05,-24.89160391596312,50.72287625494953,12.152716374838224,2948.1958
365,06,-3.4585202314802804e-05,-32.20444840494791,47.13420631794532,8.964238966602748,8040.9004
366,07,-3.995988693131167e-05,-23.939954596078525,46.67216465320125,12.934066957371208,11915.17
367,08,-3.326769469126164e-05,-18.63527480389995,42.41847231385144,12.439483702608335,12284.541
368,09,-2.396435872586961e-05,-8.675344586181641,43.626415080409586,5.422410661633809,8962.551
369,10,-1.8213049179844e-05,4.716025361748153,49.256211021474606,10.755346892162034,1276.732
370,11,-1.3997967538165946e-05,28.005924584282763,63.3120259418408,16.328244664086235,-3955.3208
372,01,-6.091251291421628e-06,2.9262350808420488,60.36061479552843,4.086005965673795,-11994.463
373,02,-7.65345504045659e-06,5.717629487900508,61.53230691539674,8.026179726691472,-12861.859
375,04,-2.4690822054900404e-05,-20.66956467929416,50.227940069592,6.223680580245124,-3111.3591
376,05,-2.827942739082006e-05,-27.387183430333288,51.416537502500645,6.36290959364368,3431.9849
377,06,-3.182083758476639e-05,-35.711798379855686,43.71565713060168,5.184164862230089,9475.059
379,08,-3.27152816781925e-05,-15.088779016966459,50.057286181364006,11.199890485086746,13854.742
380,09,-2.3803562745282155e-05,-1.7829848341200085,47.799041656389505,7.507118406274583,8443.494
383,12,-7.738160395268594e-06,4.967533013128466,56.59717789244652,9.098118736759309,-8057.9546
384,01,-4.432973011169315e-06,15.641597058367989,49.85520389962581,7.8899931685950175,-12089.025
385,02,-7.274441715534998e-06,7.353929252261208,64.81677477946593,12.228949002470287,-11356.756
386,03,-1.235675504704564e-05,-6.3443144091534345,43.386579177287324,6.132339461931618,-8749.871
387,04,-2.5035789431644346e-05,-14.869033695136176,49.48712501599656,3.5041900164074367,-3777.516
388,05,-3.0008848766624646e-05,-32.62149781881353,48.67582858574712,12.94653068993681,3024.4119
390,07,-3.7348723895911946e-05,-18.427609645064162,51.34294977803511,5.025835220500987,13294.583
393,10,-1.916051529891168e-05,8.726722329416583,41.10612051369683,11.441918302064302,2836.2266
394,11,-8.12447487300637e-06,7.208228931681314,45.10324230610001,5.92565191201104,-4196.967
395,12,-1.2744765838047034e-05,29.389911852764826,62.27082245179138,20.643361183248544,-8236.407
396,01,-9.557997748420493e-06,23.492998173539362,55.985124487241116,15.473656117552068,-11728.391
397,02,-6.941694202459045e-06,2.77444112036694,54.92825397600388,2.178728864450564,-12287.772
398,03,-1.1845709033173812e-05,-9.130659757880753,42.53471919810516,4.415157397813695,-8179.0176
399,04,-2.412122515035865e-05,-15.116672309705946,65.52592149374486,9.397371100213794,-2465.1948
400,05,-3.2719707248821014e-05,-19.41600187732328,54.71462800888861,6.590203753809776,4455.944
401,06,-3.633841799156573e-05,-15.284035491265191,54.862410076340026,15.388559870190088,9084.576
402,07,-3.9630504535585143e-05,-18.105863085346844,55.33667580591222,9.643338416766094,13767.198
403,08,-3.664081436780238e-05,-14.530181596981583,48.63167088847007,11.868504572201799,13337.006
404,09,-2.780254297756781e-05,-4.337274759928387,47.643611919113,13.954834382735358,9614.297
405,10,-1.749340033099435e-05,6.576196681525118,62.883388684188155,14.909538201732023,2479.7969
406,11,-9.782895505729057e-06,13.286790387301977,48.36725960095062,12.563796591271297,-3602.2632
407,12,-8.270612005098982e-06,23.135962751162953,68.44660146777348,14.61453167242645,-9453.388
408,01,-7.079607454118081e-06,9.77005108642578,59.36599973937003,11.252236509794832,-12105.103
409,02,-9.82560560788399e-06,1.2790957768758144,54.799641565576906,-1.159094538597833,-11179.961
410,03,-1.6003138249269338e-05,-14.11737674147083,62.83003596656937,4.0497559374942576,-8753.601
412,05,-2.7662325821888435e-05,-23.158452428017892,56.92952051083376,2.4006520103946807,4319.715
413,06,-3.319209287441886e-05,-26.815010833062065,45.349666944320994,8.969547468270196,9293.859
414,07,-3.405638901301333e-05,-27.630988150319745,40.32137145659744,6.063395621740689,13346.386
416,09,-2.475842662511746e-05,-8.054260448540582,49.65095689521101,9.695096008894179,8732.674
417,10,-1.765674730958508e-05,13.677036990258001,51.31546706972713,9.855143433540098,3201.3499
418,11,-1.2026654228591521e-05,13.685960133870443,60.59634180396663,7.8996081568612,-2618.208
419,12,-9.44601224512954e-06,28.97793200421077,55.46996279250422,17.02456877497191,-8316.534
420,01,-8.580053124215514e-06,22.96357862870411,63.49304372530727,12.436592943314585,-12817.722
421,02,-1.1990748406116751e-05,26.598223410470148,61.15281964255657,13.365070623874661,-11517.684
422,03,-1.6731313326227373e-05,-1.3453218475669946,47.843510205716214,8.635303588846677,-9017.801
423,04,-2.3883861623916246e-05,-16.521862002224392,58.86005653639768,4.371208240678578,-3025.0195
424,05,-3.2321809314922687e-05,-17.350711201329386,63.11191008513332,4.460978497023224,4442.681
425,06,-3.645346474101341e-05,-28.120134918891054,43.231891095406475,8.551404417122734,9440.776
427,08,-3.5946427165531874e-05,-15.756697428713563,51.75170243226714,11.565455817253357,13173.863
428,09,-2.0748739615697153e-05,-9.244409510294595,35.08465283191469,4.304754424497816,8517.711
431,12,-1.0581146033268115e-05,22.95546643394552,54.273882943514856,14.305220015987274,-8224.27
432,01,-9.2527426375611e-06,26.340960131573418,62.63006211892765,18.644701262320243,-10172.508
433,02,-8.153189459681882e-06,8.31590086110433,48.93550452213628,2.498706819670541,-10027.955
434,03,-1.5915630637317265e-05,-1.6360386480515998,44.90566300547765,10.029118978069674,-7050.6143
435,04,-2.4346638547669703e-05,-22.934988667466907,50.17846367060873,10.873251885689628,-2702.3838
436,05,-3.070366395367009e-05,-25.76910455847299,53.73915812349191,16.856304020481723,3178.45
438,07,-3.7615658574522775e-05,-25.170489753641114,45.05531850020347,17.498685590497907,12428.99
439,08,-3.326061218056918e-05,-12.586229408838417,52.3345120203854,9.09200456961765,13578.934
441,10,-1.3186316454061119e-05,-1.463842040031187,51.45971762442205,-0.8720540958937775,2615.96
442,11,-1.4898132296588707e-05,27.46974549831814,55.57987919455502,19.895228572103715,-2227.732
444,01,-9.004527324929857e-06,20.359526514525058,60.00615774854665,14.172474664052327,-12839.838
445,02,-1.2519085415486441e-05,14.879537966322628,54.698993667597065,15.577092767211214,-10597.701
447,04,-2.7581765115751797e-05,-20.820068422105575,57.557788026644126,10.033905906762017,-3208.8574
448,05,-3.16294027814815e-05,-19.310568396455505,50.32535560724812,2.073139207963021,4141.174
449,06,-3.356170396635004e-05,-23.02242342732747,60.87640379265148,5.402156425751581,9941.053
450,07,-3.758493633006676e-05,-22.269790681900524,47.74635748879372,14.40303122233319,14255.492
452,09,-2.4645985519115736e-05,-7.889081433783638,37.34792189491059,7.136507175445558,9776.764
453,10,-1.526362983537594e-05,-3.798430909843855,48.34944315867911,3.3976095040639245,1856.6838
454,11,-1.1750765303218536e-05,10.89123139716254,54.5964946256227,10.592714350276527,-3727.0032
455,12,-4.447676278540448e-06,15.633635981405934,42.93341399640295,10.629026270692066,-8524.706
456,01,-6.416161365773257e-06,12.223324068787278,48.97643718384928,3.00486104214576,-10698.508
457,02,-8.18821650381367e-06,12.903916228158135,62.959067062718525,8.4660046029545,-10770.788
459,04,-2.5679135762624757e-05,-26.331729773288306,46.84454056873057,9.407489323573644,-3060.1624
461,06,-3.566179110415154e-05,-31.36642959594727,52.944568701901716,13.948579157532585,8296.313
462,07,-3.888270218750779e-05,-23.176640851420746,56.14024401203919,13.697072580809232,13479.906
463,08,-3.333480648354688e-05,-12.395997953681537,44.035043613662005,13.987586888959333,13497.807
464,09,-2.5415033401845397e-05,-5.530321179199219,52.86381167994076,8.872825825288562,8963.25
465,10,-2.0550294828412475e-05,15.281469091599986,50.30405073937036,16.963595434599025,3305.918
466,11,-1.2597567349661808e-05,15.910226154920792,53.90823562632401,13.279509921370614,-2988.4397
467,12,-7.748080553331723e-06,20.40142875687794,63.311030514205655,11.00165480297868,-8112.0923
468,01,-8.493993727101315e-06,23.796599253992884,55.116003269850566,17.663954543821273,-10298.659
470,03,-1.3339704251535219e-05,-6.768148279333628,63.03257818707726,5.418887780302315,-6831.002
471,04,-2.4140652476206825e-05,-8.481860700141059,60.03202422682047,9.565616241603427,-2871.0884
474,07,-3.4126774513620195e-05,-44.31138712696363,36.16823902212164,3.485621720426826,15129.721
475,08,-3.324744642680256e-05,-25.59706884437479,43.61733073811633,11.77572594638537,13798.11
476,09,-2.7110998255941223e-05,-4.088550005425346,48.59134079140956,14.669336867396035,9811.842
477,10,-1.717439320385384e-05,2.0582064438686585,44.893768001867876,9.415437937746768,2813.8184
478,11,-1.049799736220949e-05,11.533768935139973,58.11769115721252,2.182743043751187,-3948.2373
479,12,-7.425197422547768e-06,21.47761040308142,53.53903508252609,13.274201738193474,-8674.646
480,01,-8.170035396257738e-06,18.813249751593478,61.34680531404607,7.291034113053352,-11595.525
481,02,-8.232899953890454e-06,13.675333238874163,51.283400613031226,10.586008830433798,-10529.974
482,03,-1.7898125718357898e-05,7.876527682396675,54.192069970153995,15.248105977909537,-8336.4795
483,04,-2.786484313502215e-05,-15.88577495863173,41.53150874974462,-1.5698741665522258,-3481.0005
484,05,-2.8741963674400066e-05,-37.081440074305384,54.09692304540707,7.031841904855544,2902.5325
485,06,-3.9525050331051005e-05,-23.208365014648436,47.86380608810849,8.609806874932184,9566.754
486,07,-3.625940142692049e-05,-31.74150496025496,48.734570516079984,9.829136697256438,13085.793
487,08,-3.404563471354698e-05,-17.337182702177312,41.57153246440298,12.387275987091884,13322.695
488,09,-2.6543087166161665e-05,-4.24653964674208,45.73786681658825,13.203323169390362,9514.814
489,10,-1.8569231195137014e-05,10.235854191605762,54.45598049366731,17.260129265016122,4089.923
491,12,-8.260583359534854e-06,25.078029959073632,56.60606037604423,14.065375561703918,-8657.617
495,04,-2.7043378228700023e-05,-24.0670989525689,35.17819720014996,5.183640297359891,-2497.6953
496,05,-2.995519203009721e-05,-45.04488896819084,46.51938461271666,10.13006349647686,3394.4585
497,06,-3.546342912159163e-05,-30.903872137790252,54.092656515480414,3.432671832127041,9654.471
498,07,-3.552329937512147e-05,-24.55973527871409,49.31133174363516,16.479953436000375,13890.401
499,08,-3.48960954878191e-05,-17.491402352609946,46.845165995435046,8.51712136036863,12775.229
500,09,-2.4679065476549213e-05,-6.537764871215822,41.4254565234277,5.957221874258255,9978.085
501,10,-1.848353834580477e-05,14.114419966174706,59.132486595437086,10.385557453668246,3888.7188
502,11,-1.0186800306089735e-05,15.631692754109702,47.969248177954896,12.617822023794385,-2100.252
503,12,-6.893300624729055e-06,15.732371215492165,60.65007041392917,7.658956028005128,-9278.797
504,01,-7.860778656987515e-06,14.34612370152627,66.80461903254064,10.133833827295609,-11126.018
505,02,-9.005972841740524e-06,9.622026147751583,54.51137783175566,11.546674844446638,-10593.889
506,03,-1.5948935392546162e-05,-0.9029574194467195,53.47545231677126,7.127447119456466,-5803.334
507,04,-2.588563685021654e-05,-27.98602328389486,47.86236142485672,6.313839817237854,-444.77127
508,05,-3.230829694098981e-05,-22.4746828918457,60.26473778712485,9.505540847839844,3595.1924
510,07,-3.6336240956178925e-05,-19.074829963273896,48.14752719921964,4.705716874132874,15009.182
511,08,-3.444879628501263e-05,-12.903870650096605,45.419211714576655,7.435324650220974,14173.082
512,09,-2.3354238802332672e-05,-7.743464881388346,41.71682162190013,5.674252790345087,9609.625
513,10,-1.864643046111826e-05,14.62936670381279,46.729617401201246,12.118540854689897,4171.236
514,11,-1.0072340758698473e-05,9.36498726196289,49.88987413275507,6.842058276134069,-3019.4795
