,month,MER,MSSHF,SD,t2m,TCWV
0,01,-7.186377549426466e-06,5.464709561255669,0.010292715281568547,271.0374221375988,8.14543241929367
2,03,-1.408509512223264e-05,7.08405715679866,0.00040960040271923105,277.5071083010602,11.168600756099146
5,06,-3.330413338050373e-05,-22.16353809509278,0.0,287.5916414632162,22.014874159757298
6,07,-3.0671342559486147e-05,-22.637875941122733,0.0,288.5937503051758,23.12972981539721
9,10,-1.6345863611966567e-05,2.642213581372333,5.061999700402701e-05,284.1524093375258,19.721688314687825
10,11,-1.1569333000928361e-05,13.890767045423724,8.024262719684175e-05,279.5115746341281,13.441472351654372
11,12,-1.207531024335357e-05,24.691616260159407,0.00017524099221793556,278.9589235103156,13.014830520187658
12,01,-5.795284385228985e-06,8.867661568262244,0.000661063572411896,273.9435328466764,9.088685051160473
13,02,-7.359469057738698e-06,6.865867059466484,0.00011199214540678879,277.9200598216879,12.12962919981178
14,03,-1.4070489600584629e-05,-6.186828353717764,6.114121534491099e-05,277.7412255432786,11.427750095593034
16,05,-2.9285246377967465e-05,-30.998830406271004,0.0,284.48860593045146,13.246584139289395
17,06,-3.014735746900341e-05,-26.066622504679362,0.0,287.3835177541096,21.07108883677324
18,07,-3.1905643976779664e-05,-14.025872309859079,0.0,288.3328994714881,23.41994776180611
20,09,-2.365392635981859e-05,-3.0327022542317708,0.0,288.5418778632271,23.25748233046532
22,11,-1.4279194747299093e-05,14.235161112806532,0.0015326325999365914,278.42969395684133,13.396459855666425
23,12,-7.873070872231058e-06,26.063403682913826,0.0016069860227646364,277.40736817940336,11.703535817465474
24,01,-7.860688640385075e-06,20.899533713063885,0.0019344636983768915,276.2877688055551,10.644810918326018
26,03,-1.2076194787720939e-05,11.89821663673975,0.0001724853964262111,280.6608627738133,15.744720834609
27,04,-2.2320882245185202e-05,-19.334173597547743,1.5786700778537326e-06,280.8875384987725,13.077067014764415
28,05,-3.0310256707952082e-05,-17.47440350473055,9.34754648516255e-08,285.6955955049248,18.54690212902715
29,06,-3.0904296795920855e-05,-15.787571440294057,0.0,286.96279334038627,21.37912677978939
32,09,-2.269007780640903e-05,-3.5648343312581385,0.0,288.2523063490126,21.203304509778818
34,11,-1.4328458308167076e-05,19.586548003133142,2.2300614251030816e-06,280.54755887637674,14.317446869442199
35,12,-7.687594037497059e-06,8.885675470167591,0.012596724167946844,273.28184220705754,9.079969420325373
36,01,-5.276928763964617e-06,11.574925520045783,0.0001972472347239012,274.71989871035333,11.162234676566175
37,02,-7.864293709969517e-06,5.468580898829869,2.739869412921724e-07,276.0330576188678,10.334659840992519
38,03,-1.6001877676116956e-05,1.792558938959594,3.8041683935349995e-06,278.2745939710473,9.970802344655477
39,04,-2.3437909088230905e-05,-21.874123499891493,2.168152067396376e-08,280.3653982337103,11.432875588513745
40,05,-2.9170486620455693e-05,-20.4214844770534,0.0,285.1203722468551,15.03766018853521
41,06,-3.17826830204164e-05,-27.949367026435006,0.0,288.8242188401964,22.511012832081317
42,07,-3.416977696542745e-05,-21.999847670688425,0.0,291.04000476303924,24.456834705301517
43,08,-3.1963929242763654e-05,-15.790871219429917,0.0,290.1174927072832,24.45286580407748
44,09,-2.1331834113273846e-05,-6.238656323920356,0.0,288.8515710662842,22.404552868395385
45,10,-1.6551261839878706e-05,3.491510892150223,0.0,284.4179603883477,19.132922751236986
46,11,-1.519573135911843e-05,20.401449884033198,5.0221549140082464e-08,281.542423581526,15.306237562237841
47,12,-1.0313162028783104e-05,17.753608460457098,4.658237964876236e-05,277.1484120603172,11.54048159815932
48,01,-1.1369238679367056e-05,31.70380508160335,0.00012911142713280135,279.3915269172832,12.54478739766921
49,02,-1.1685804688698098e-05,2.732715975443522,0.00031034646715436665,274.1075286789849,7.829569845487675
50,03,-1.3839232150540515e-05,-0.5926843497983868,2.071826688704952e-05,278.44128489291285,11.947326620060911
51,04,-2.090864053300013e-05,-10.60586452026367,1.1234845055474176e-05,281.01254923197433,13.397991041318578
52,05,-2.6606813441591635e-05,-11.409518621957432,0.0,283.5180301421791,16.563480364199606
53,06,-3.6603149109497395e-05,-25.008415187242296,0.0,288.4321055046929,20.88666345251666
55,08,-2.6941880611302234e-05,-27.08358682743196,0.0,290.7689338021227,24.006322544676
56,09,-2.725831751290065e-05,0.9693071214463977,0.0,287.3565667371962,21.1710378525734
57,10,-2.1395454446465794e-05,12.186390243366201,0.0,284.1974871086613,17.054838546397864
59,12,-8.522425015388596e-06,21.808005747805364,2.6479295504990444e-05,277.4857788941578,12.56604288422677
60,01,-1.1848107099418698e-05,28.771229348787696,0.0017296655524161556,276.7842754120365,10.191702869721642
61,02,-9.682757584759485e-06,6.4267875001403105,8.748411584174497e-05,275.46569391803087,9.158349270805545
66,07,-3.052118788760435e-05,-16.333257173927887,0.0,288.32212674803367,22.990089238066826
67,08,-2.8069958612225798e-05,-17.017802792784988,0.0,290.61531108601883,23.504970162709558
69,10,-1.5594664512004833e-05,12.420039781796033,0.0,284.94581760332665,19.463715816155556
70,11,-1.2000811908506469e-05,17.20852971835666,8.267998695373535e-07,281.5467750801086,16.40034759771559
72,01,-6.201572312694294e-06,7.789162023728894,0.006257890532093664,270.81246475709895,8.008615290749457
73,02,-7.646551471441942e-06,-7.170963860648018,0.00039035758092289885,272.6459450080508,8.483470379527834
74,03,-1.1304150707112197e-05,-2.56875498781922,0.0002458149412626861,276.80950123838204,10.938059937977021
75,04,-2.3272295822324753e-05,-10.486857863362628,3.632929590013292e-07,281.0197640380859,13.55916669224368
76,05,-2.800802443084893e-05,-16.149492612120927,0.0,285.3065335752425,18.50802798619578
77,06,-3.090711121482552e-05,-17.990251360066733,0.0,286.164952170478,19.0323849847277
78,07,-3.447742918110781e-05,-15.274860501197074,0.0,289.64287729209974,24.054852292717143
79,08,-3.3271033724499884e-05,-4.3656862228557625,0.0,288.7357638382451,23.133719152373654
80,09,-2.244669017984254e-05,-3.3109654418945316,0.0,287.42453148261177,22.995913738518293
81,10,-1.5745955748394817e-05,1.4800897167574978,0.0,283.8836659237441,17.189858579468986
82,11,-1.5779393952086846e-05,2.730464919026692,0.0001320727745691935,276.48227231207954,10.760161425473955
84,01,-1.0488508364736625e-05,25.802121266682942,0.0024635101813142014,275.801350984922,10.206371892220231
85,02,-9.105866422227595e-06,-15.737989101954868,0.0001222507996218545,269.8368100568681,5.607975746361981
86,03,-1.09558865346488e-05,2.199697240357758,0.0001382134986180131,276.74076908246934,10.942116465018639
87,04,-1.9242588071877733e-05,-14.953707265557181,7.426198323567707e-06,278.83615111126363,11.382743049732845
88,05,-3.1224375424332516e-05,-18.680161248648037,0.0,285.4117867415233,17.007801973546705
89,06,-3.5890827366468634e-05,-24.274000357055662,0.0,288.4358594709608,20.289311543525592
90,07,-3.000731417455182e-05,-30.125119514383297,0.0,289.44563059620185,23.818925079271356
92,09,-2.1116000810717296e-05,-5.870355172729491,0.0,284.9466449978299,18.77687866865794
93,10,-1.7202233669146365e-05,6.4104873591597356,0.0,284.73838183753725,19.589035635976384
94,11,-1.2770530823662637e-05,20.62896745435927,4.2331218719482425e-08,281.3988308635288,15.246456928649215
95,12,-1.128779906788603e-05,28.043287035542146,0.00037468132152352284,278.653770938135,12.267536138803731
96,01,-8.849628261046861e-06,-8.473066081057311,0.0005335850459273144,271.0571230804279,8.603436328787955
97,02,-5.771432554432804e-06,6.824847212655203,0.00025317513942718504,275.3062230299087,10.734177145354804
98,03,-1.3287096029671374e-05,-5.803373095440609,7.337508534872401e-05,275.18381564716617,8.999293845345896
99,04,-2.2575659647211267e-05,-11.442104777696397,1.2648238076104058e-07,282.7985634870741,14.52642838770946
100,05,-2.791426425801057e-05,-28.103053294192083,0.0,282.72152383422844,14.467633944537052
101,06,-2.8837502824555686e-05,-20.989433822292757,0.0,286.23068305765787,21.273624211708704
102,07,-3.379324687933062e-05,-20.07741719498173,0.0,289.3334297852875,24.62420682204411
105,10,-1.9746457593286597e-05,13.28605210072507,0.0,284.1081416557065,18.012657082369252
106,11,-1.2423982501220758e-05,8.69252590874566,0.0,280.28694883850955,14.093879046629535
109,02,-1.553154618433063e-05,17.196350676788683,4.479276722875135e-05,277.7702740127738,10.345760452389717
110,03,-1.4791143874625109e-05,4.141464673442225,3.25570567961662e-05,278.11941827511527,11.452679470425014
111,04,-2.4692344382775542e-05,-22.74501348402235,0.0,281.1784597961426,12.66216660157707
112,05,-3.182606770285695e-05,-15.882362545546664,0.0,286.42319685117656,18.308951694468018
113,06,-2.7714982728361462e-05,-28.63852083367242,0.0,287.1965049299452,21.301890547300708
114,07,-3.385038605679304e-05,-9.511822006717805,0.0,288.8184828294324,24.77475175948938
115,08,-3.211179117533902e-05,-13.866469908683532,0.0,289.36880185199044,23.52457447757131
117,10,-1.6347254436593455e-05,7.273599919801116,0.0,284.2524626317998,19.266358468080078
118,11,-1.0307503538792339e-05,7.8851572241889105,7.3817332585652676e-06,279.7681574443817,13.532653791407743
119,12,-7.866494279115095e-06,20.208327730240367,0.0,280.1574802909768,14.357002457380297
120,01,-5.490775168401608e-06,12.580168148245866,0.0,278.0433618807229,11.883489435585597
121,02,-1.1993180484209699e-05,15.243881237211681,4.026403029759725e-06,278.5967229493005,11.023137841236023
122,03,-1.7582771425163286e-05,5.919001820882161,1.3147951454244634e-06,280.92673047006264,13.789131960060006
123,04,-2.3728384267512105e-05,-15.711892689005532,7.404155201382107e-06,279.7644985144721,12.549550183918742
124,05,-3.2913617601255e-05,-32.404015432706444,0.0,286.4839753660796,15.407821862953968
125,06,-3.3498540398290464e-05,-35.047065074327264,0.0,288.0712565836589,18.088483912891817
128,09,-2.1827326350689368e-05,-6.781363076782227,0.0,288.6776379201254,23.486319775686
129,10,-1.9913688146604526e-05,14.103063629806684,0.0,285.642628944643,19.272771393693905
130,11,-1.311930024130561e-05,7.912713109334308,7.664759953816732e-08,279.22501226437885,12.214345464632247
133,02,-1.709957590030951e-05,31.83555304718018,2.0835172562372115e-06,280.50749825822743,12.68034689824212
134,03,-1.7018775953137494e-05,2.372058311872584,2.4298456407362414e-05,281.1010017314214,11.869843073837217
135,04,-2.7999317039636173e-05,-19.276666238742408,0.0,281.5536805019803,12.065731884741782
136,05,-3.125298669270236e-05,-34.3688931694441,0.0,286.42458363949356,14.324859504516404
137,06,-3.068480971400681e-05,-23.63770078192817,0.0,287.6530416948106,20.68230553075605
138,07,-3.559518055198981e-05,-33.07448882301904,0.0,289.3471467754405,20.875357654766372
139,08,-2.897321149455781e-05,-28.290339532667595,0.0,291.14238770975095,24.33309032836268
141,10,-1.8407037761653066e-05,10.48773665069252,0.0,285.16074951352357,18.95590408874968
142,11,-1.0645134954231454e-05,8.876481322224937,1.7197676499684652e-05,279.7035436231401,13.421097168287966
143,12,-1.0178729378000547e-05,19.264495642221096,0.00010385854269868586,277.58139236323046,11.535513428002275
144,01,-9.804670876438911e-06,24.167181801416536,7.464897248052782e-06,276.4995654494993,8.955749408001543
146,03,-1.2629808311264428e-05,-0.5304674036169569,0.0,280.96131813873785,14.275736472201602
147,04,-2.5889148811054637e-05,-18.50936585184733,1.8495678901672365e-06,281.06129239251874,10.986529590508672
148,05,-2.5811937759284265e-05,-33.066711107479634,0.0,282.56432028493566,14.460797650952493
149,06,-2.987989489524302e-05,-20.686577268473304,0.0,285.44453116149896,18.702801296479173
150,07,-3.606362330103894e-05,-12.26554677852508,0.0,291.0611541531471,25.921418963223378
151,08,-2.9805839779475068e-05,-22.79464663072811,0.0,290.6213046195738,23.833731042867065
152,09,-2.1833397036001162e-05,-8.548686426798504,0.0,288.29770074191623,20.83496838520235
153,10,-2.004618059737534e-05,2.17344532234438,0.0,283.64651159085514,17.674736063961063
154,11,-1.4646135411648073e-05,14.444811823866104,2.8859506713019477e-05,279.0964361319648,14.225457465975815
155,12,-7.654158530845394e-06,17.942148733159545,5.5359345610423755e-06,277.4903090515137,11.076515356142036
156,01,-5.988280283046514e-06,9.900324605634134,0.0,276.29669176196023,10.36507142100283
157,02,-7.568776633878318e-06,10.513905402874128,3.7069602944385046e-05,278.02707910182556,11.196383694080101
159,04,-2.3724830210206465e-05,-12.979907084147134,2.5939941406250002e-08,281.38050007290315,12.85867560589181
162,07,-3.3542465003026134e-05,-26.574038988010855,0.0,290.8302553724063,24.872119238017707
163,08,-3.290884278264643e-05,-13.404264240552024,0.0,290.5360282891386,25.45110419567298
164,09,-2.5466491539959356e-05,-1.4094354346381297,0.0,287.5794175764296,21.089136655476363
165,10,-1.9484351597922247e-05,1.9587082073252686,1.8078127214985508e-06,281.5607008762565,14.223404862920445
166,11,-1.321692710625939e-05,23.694389510769323,0.0,281.2424108364529,14.199872933730813
168,01,-9.715480358609446e-06,34.39173987899288,4.798289268247543e-07,278.0689588641915,12.073609010492602
169,02,-8.449411843078754e-06,-1.1622854381742926,0.0001454247690382458,276.05196190389,10.165785772635825
170,03,-1.4966802825774622e-05,-6.011914413616221,0.00013486407008222353,278.6799079442178,10.57913865132614
173,06,-3.281592492067931e-05,-24.277929318237305,0.0,288.3121968231201,21.09136703202724
174,07,-3.3366269429406925e-05,-23.52127023184171,0.0,288.9670793329055,23.766084752114875
175,08,-3.234485571499712e-05,-11.285276480397874,0.0,288.38119730434624,21.499373248984732
179,12,-9.250304196792702e-06,31.236705364924607,0.00020338165888222312,278.55954070281985,12.371003425172582
180,01,-8.814763398506955e-06,28.086010490499522,6.143172710172592e-05,278.4522831625169,11.951160548843365
181,02,-9.681430163471391e-06,-2.9269207930791947,0.0003871754450457437,274.71976377387267,9.542274346257958
182,03,-1.5868986940443404e-05,12.424105568506382,9.499826738911291e-08,280.1386115247255,13.046672808460013
183,04,-2.4481364455176743e-05,-15.54007357143826,6.838602489895291e-06,281.15531175240415,12.108356564888691
184,05,-2.8615912740195944e-05,-19.306992470361852,0.0,284.95634343137016,16.437750189096697
185,06,-3.390126228795352e-05,-22.424498955281575,0.0,287.7325351216634,21.024796435148186
186,07,-3.466171150601792e-05,-32.442688338413035,0.0,293.29159473148474,25.164367288179292
187,08,-3.527003988845888e-05,-15.806742182249662,0.0,290.50995685306685,23.171906867293902
188,09,-2.649383951805552e-05,-2.2674784339057075,0.0,286.7490272650824,20.662340495669845
189,10,-1.8016295581522476e-05,4.47270425086893,0.0,282.91257732530823,16.282121984560003
190,11,-8.92097842036795e-06,12.752254605102538,0.0,283.18030227940875,18.250592901670938
191,12,-1.093666692604627e-05,22.757288210632986,6.536950347244099e-07,279.09193974574924,13.035411139304921
192,01,-1.2804497735976505e-05,25.385474410518523,0.0009627563479126142,277.2651151844968,10.959147662439655
193,02,-1.271823695051786e-05,20.178666164579848,5.487134059270224e-06,279.69789509668806,12.205283860994237
194,03,-2.219248033328259e-05,-0.5256330294045062,0.00016835869896796444,278.52115150119414,9.68667776564885
196,05,-3.3250014936618425e-05,-29.631465932538433,0.0,285.3548243562432,14.887000348762799
197,06,-3.44918315846169e-05,-24.446217814466692,0.0,287.09207231580945,19.14153311720292
198,07,-3.591561413959817e-05,-25.92438248894804,0.0,292.21608878154143,26.651675874188385
199,08,-3.331847033315239e-05,-31.29434137422295,0.0,292.1374796096639,22.036511386484225
201,10,-1.4566836962311297e-05,5.514771194293934,0.0,286.1660483907064,19.556401405724145
202,11,-1.3042386322538529e-05,9.068964893934462,2.0260943306816947e-07,280.4485377359602,14.086958012714652
203,12,-8.991161045966975e-06,-5.598886509064706,0.00015860379254946144,272.8523069154063,9.520831813155645
204,01,-7.460320452180465e-06,-0.4728464959257379,0.00023015245699113416,273.0739127290787,10.440877024148103
205,02,-7.544903639281147e-06,5.38362545916678,0.0006102077837648064,273.61455346710375,8.869372559355593
206,03,-1.2827322511164368e-05,-10.990242480862525,2.0419359207153323e-05,275.89573825737733,9.525472053571415
207,04,-2.0502408365953464e-05,-21.604367342122394,2.815988328721788e-08,281.5059792378743,12.497388009622364
208,05,-2.4253428110207234e-05,-26.022296560964275,0.0,283.0404211406093,15.523370743020891
209,06,-2.8253365109311642e-05,-38.732165323215064,0.0,287.7120379621718,18.80213339232339
211,08,-2.9903093116464793e-05,-15.358725825155936,0.0,290.26938906532206,22.9990404958584
212,09,-2.534073391895315e-05,-7.00570699428982,0.0,286.062809048801,17.80062923739222
213,10,-1.7171301486478214e-05,8.106230379494288,0.0,284.35446074524754,18.058174803824834
215,12,-8.836182103413613e-06,1.1414017176474303,0.00011574836187465217,274.0792455669526,9.593377716324662
216,01,-3.583592048936e-06,-1.2817189340899076,0.00038023888808424755,272.25964624536164,8.961908747665344
218,03,-1.2413017713795421e-05,-3.0697627356744577,0.0,280.40703176859375,12.901507511982352
219,04,-2.201332183204714e-05,-17.60772253417969,0.0,280.5644874141693,11.840950494820543
220,05,-3.085946982284968e-05,-22.07697987414944,0.0,285.1017764521773,16.664446066212914
221,06,-3.476727682935032e-05,-20.254541469319665,0.0,288.2355316602919,20.78134989303483
222,07,-3.376502295814329e-05,-20.43258258581674,0.0,290.03099838158397,23.78260384443754
223,08,-3.064838395117496e-05,-15.397676236060358,0.0,293.2227237929478,26.16295267547331
224,09,-2.7053925191669103e-05,-10.968042353990342,0.0,287.54944601949063,19.439216820406912
225,10,-2.0736059433235615e-05,1.8364669255082322,0.0,283.2611740620521,16.4008664570893
227,12,-9.893875752236308e-06,16.98351939342868,1.687051532089069e-05,278.3321768117105,13.047354222416878
229,02,-7.893391973560764e-06,12.879144769577753,3.740382904098147e-05,279.23413331127165,12.837736519389209
230,03,-1.582076560769428e-05,4.910139277304372,1.3940626575100807e-05,280.3343201620861,14.007189303759604
231,04,-2.2395207648413717e-05,-10.670934447903104,2.9785103268093537e-07,281.88296789105726,14.318035180071991
232,05,-3.182257207745645e-05,-20.036693252071256,0.0,286.9770894601474,18.25652126416596
233,06,-3.4082233544055876e-05,-13.138249787733287,0.0,288.37100996331105,23.464375189109646
235,08,-3.4686337675251e-05,-19.754633603331865,0.0,289.45330056729875,21.998242530926582
236,09,-2.4247977624205914e-05,0.3736279635959201,0.0,288.04718676249183,23.421663728037153
237,10,-2.3367591303340108e-05,14.50471792602539,9.088093234646704e-07,283.2419490077521,17.60276400920909
241,02,-1.079772392194216e-05,13.779260249546594,0.0025613292994953337,276.5846275064377,10.259473174222878
242,03,-1.3397230129969535e-05,-0.9194605676794566,8.536538770121912e-08,280.0196965524407,13.508820564555867
243,04,-2.54553507465769e-05,-17.42901027967665,8.541558848487004e-06,282.47727725253634,13.930574816384583
244,05,-3.422614240797327e-05,-20.88572949317194,0.0,286.46426943280625,17.992914966178198
246,07,-3.775679561435789e-05,-20.12216363230059,0.0,291.3305993268413,24.06717719546313
248,09,-2.59650643648355e-05,-3.5717024329291456,0.0,290.39740791795515,25.80820150032573
249,10,-2.1588807777500546e-05,5.981483147405809,0.0,284.0889761727855,16.691097016297363
250,11,-1.3179962080519347e-05,12.654008286878799,2.0961513784196646e-05,280.36134305237664,13.172062302903335
251,12,-1.3700721242369786e-05,27.986750325848984,0.0004829321933049028,278.27631423343126,11.135898228195407
252,01,-6.553396535759588e-06,18.42038040095504,7.689163249026063e-06,277.79516857783,11.324720192924623
253,02,-1.2230161100386137e-05,18.65321454909752,3.605513052008618e-05,278.9918639561445,11.535072371006011
255,04,-2.355722367422762e-05,-12.813957029554578,8.329312006632488e-07,282.30091152648924,14.799168964303863
256,05,-3.550879427684679e-05,-19.147158501081563,0.0,286.87483983849967,18.64379195670543
257,06,-3.750390542944741e-05,-27.016546727159287,0.0,288.429064964803,20.217285911058053
258,07,-3.168135436499142e-05,-21.668345875401656,0.0,288.20182105771954,22.884604032078098
259,08,-3.0941285219664524e-05,-19.063545700565466,0.0,290.2980615874259,23.377618400014857
260,09,-2.4486756719630248e-05,-2.020394458007812,0.0,288.9522197736953,25.28914702420103
261,10,-2.1893689024856883e-05,11.235235126454343,0.0,284.6498967747843,19.02933904491702
262,11,-1.5146696185204038e-05,20.892512133110895,0.0,281.02643124508324,14.33508744482597
263,12,-1.1904006665214989e-05,20.81303864280127,0.0006958496250132079,278.4327853809069,12.55957897350352
264,01,-6.723928980547147e-06,14.384707934964087,0.00041049615926640003,275.96743091123847,10.276413458688285
265,02,-9.421481274265325e-06,7.153048214503697,0.0006544472773869832,277.52430097507295,11.304749446694343
267,04,-2.4765318735565716e-05,-15.737299090576174,6.594268480936686e-06,281.0073699052598,12.39155946132872
268,05,-3.372209000100225e-05,-25.790908090242777,0.0,286.25971681492297,16.882564342469298
269,06,-3.303585196628976e-05,-31.827683939954966,0.0,287.6171802242279,18.788384712798067
270,07,-3.6646507612448495e-05,-24.41304970722813,0.0,291.0954466385379,25.123447815056778
271,08,-3.349079792080317e-05,-13.273838911159066,0.0,291.26248715078697,26.95539833592728
272,09,-2.8629883362433853e-05,-3.361749937269423,0.0,286.7026010084364,20.705136747317844
274,11,-1.4045017091525046e-05,9.019137569173179,0.0,281.0378544276344,14.766802187086476
275,12,-9.904081011676856e-06,14.487402564920403,0.00022924734956474715,276.8109058604907,10.6310780278957
277,02,-1.6342577849974034e-05,27.257544948032923,5.277034782228017e-06,280.01173835877006,11.585383370463337
279,04,-2.4829810814864887e-05,-14.182246478949653,0.0,282.0968799079047,12.332358963489533
280,05,-3.0134792006426703e-05,-17.31557953963741,0.0,285.91615550937445,17.86483551645279
281,06,-3.5836119472898846e-05,-20.466573669433593,0.0,289.008934870402,21.94502347338862
282,07,-3.594073215623134e-05,-17.96138944137737,0.0,290.12367375199517,25.717054898814485
283,08,-3.0240783373966385e-05,-12.41071590333344,0.0,291.52933090636554,28.186662356700946
284,09,-2.726855740998468e-05,-6.606480073716904,0.0,288.12181282060413,19.46754291381571
285,10,-2.2813934475604865e-05,5.003235001430717,0.0,283.04481736857923,15.544581788047665
287,12,-9.155090198257839e-06,-0.601292420089886,1.2510566301243278e-09,276.11271182759606,12.703119583929736
288,01,-7.996820467572737e-06,16.024269751435966,0.00044667841542151673,276.0992543067932,10.557260232224259
289,02,-9.213011075579354e-06,1.6289639434814458,0.000368756529830751,275.1990847414562,7.618574587362154
290,03,-1.4304734281419465e-05,-4.024482163624097,0.0,280.07939777218405,10.201501829046073
291,04,-2.383696288773839e-05,-17.2942943037245,1.5020370483398438e-08,282.52701496353154,11.80928153449032
292,05,-3.0977665722578726e-05,-19.48317038226384,0.0,285.87503277128485,17.237994223952292
293,06,-3.491794925367785e-05,-29.63445593295627,0.0,290.1924542755127,23.02299164098236
294,07,-3.637924248004731e-05,-25.786057973554062,0.0,291.4632059519777,25.262484286273676
295,08,-3.1032737283929096e-05,-31.771135562691633,0.0,291.8428295599825,23.719839718063675
296,09,-2.437035215904568e-05,-12.497950702243381,0.0,287.9652745859782,18.67727894531356
298,11,-8.746191556262298e-06,13.336127873399521,0.0,281.18456970901485,15.444975968167515
299,12,-8.986315398414586e-06,16.75842543636855,1.2960655714875909e-05,277.70850726802377,12.111972078078535
301,02,-1.1818901434843997e-05,12.780648606925178,0.0004339445432027181,277.98929517294346,11.609675477981567
302,03,-1.5225630396960167e-05,1.0669384965794064,0.00020815543461871405,278.8729907035828,10.998717471243236
303,04,-2.4217375733618005e-05,-11.611916856553819,0.0,283.0342345699735,14.257841776642534
304,05,-2.847669872224737e-05,-31.81054322043798,0.0,284.7821008097331,15.359272943048065
306,07,-3.5823426863228845e-05,-21.040274605699764,0.0,289.52838083738925,23.3933894850977
307,08,-3.442271008691844e-05,-10.630728795861687,0.0,291.53894050384855,26.830953647472523
309,10,-1.9737982986943505e-05,10.8786054316695,0.0,284.57554275028684,17.218317307363275
311,12,-6.509792311736683e-06,12.651209838210898,0.000107577202140644,277.18444233658494,10.708026006760138
312,01,-1.0532949036563073e-05,27.835473567839585,0.0002284056717349637,278.5624613469442,11.058444803249454
315,04,-2.402455134354872e-05,-12.38321820203993,0.0,282.71948648647725,14.237437394865355
316,05,-3.3327865934669755e-05,-23.83920729967343,0.0,284.99818274778966,16.13438991110812
318,07,-3.409394384040644e-05,-23.561669685609886,0.0,290.1906704429708,25.305337204162793
319,08,-3.320200081173924e-05,-14.21000237282374,0.0,289.1398493754069,22.598466931248222
320,09,-2.545146969718593e-05,-6.704652192857532,0.0,289.0389223130968,22.82103427496221
321,10,-1.7187334372416657e-05,10.538457600583316,0.0,286.6108520703879,20.637318765312116
322,11,-1.4535249143672345e-05,9.326381112670902,0.0005737135661972894,280.7140452206929,14.740219080596498
323,12,-9.12172876785682e-06,14.485518746324761,0.0003240881030277539,277.6781497156286,11.177854364097762
324,01,-6.5253165958961526e-06,7.280853728591756,0.00014880976241122009,274.90674294572244,8.982065612998058
326,03,-1.3873502668170125e-05,-4.782673361173239,0.0004253186384836833,276.79120616527274,9.928221458632457
327,04,-2.37631702343909e-05,-18.782449027506512,0.0,281.3412661899143,12.557103431734772
329,06,-3.4785863751151034e-05,-27.11431088460287,0.0,288.7861003506131,20.177302681291106
330,07,-3.3670624993676266e-05,-35.11209074615151,0.0,294.31578268137275,25.163574650856756
331,08,-3.203818718891423e-05,-14.970106861073484,0.0,289.42563545177825,24.020286544034562
332,09,-2.4569920312832332e-05,-1.9050392035590278,0.0,290.8846295525445,25.35001326700052
333,10,-2.0357669840078775e-05,8.929626497002058,0.0,286.9078280718404,21.241959986229094
334,11,-1.6638314112929544e-05,21.698549422539603,6.023910310533312e-08,282.7481851179335,14.983468749819865
335,12,-1.1844671387852061e-05,21.158474252352146,1.2561005930746755e-06,280.0480408410102,13.297097678603667
336,01,-1.3167410284109127e-05,32.71415653975292,7.495572490076866e-08,280.3280024761898,13.106980731325766
337,02,-9.635896793779033e-06,12.227102448962983,0.00012729246417681375,279.13144602752857,12.45363125636322
338,03,-1.969343553138324e-05,2.858439688077537,8.514286369405767e-07,280.9515473870718,11.756546522871137
339,04,-2.5420359923575438e-05,-23.728481532796227,0.0,285.1133049407959,14.029402746246918
340,05,-3.1186685044343005e-05,-23.42358186127037,0.0,286.3991220269972,19.129142921575937
341,06,-3.458860908376663e-05,-19.802041976589628,0.0,289.6702567504883,24.706341961563957
342,07,-4.0491175616739144e-05,-14.380545316962786,0.0,289.65608735082475,23.765559630895176
344,09,-2.677926907070085e-05,-2.246240928141275,0.0,287.3048455885146,21.141295356886918
345,10,-1.4836711174446523e-05,-1.5530790907336818,0.0,283.5498818838469,17.69225229575172
346,11,-1.4172945336880124e-05,15.984315191311307,8.570086956024171e-06,280.5269208690644,14.289930684622128
347,12,-9.103623443880553e-06,18.67049515623687,1.9495038576023557e-06,277.3368185319388,10.617689527364186
349,02,-9.733829621899499e-06,11.488472740085646,9.416011558181937e-06,278.2568273897719,9.918647395893075
350,03,-2.0140387961912898e-05,4.352542552004578,6.198341231192312e-05,278.8884844916969,11.024969367623331
351,04,-2.446588194630345e-05,-15.287676639472116,0.0,281.5612035566542,11.81326274435123
352,05,-3.326288808405293e-05,-18.37616691179173,0.0,287.85736066133234,18.2019808564968
354,07,-3.577182100015043e-05,-18.878891244211506,0.0,290.6381676658713,25.707979306942672
355,08,-3.3834556450724496e-05,-9.036356891591062,0.0,290.2695800380912,25.532705715393504
356,09,-2.5189189388381943e-05,-2.5223080678304033,0.0,286.9092003065321,19.755159920113613
357,10,-1.8222273044254205e-05,6.518695762716314,1.0895472700877858e-09,283.49328779224686,16.76005811733328
358,11,-1.2143508331428165e-05,12.723418456013999,0.00035360905991660223,280.38257168964805,14.737761704242228
359,12,-6.623100362498576e-06,8.910789440196046,3.1098793911677535e-05,276.00092939651654,10.188280075834642
360,01,-6.219402897665034e-06,13.638463789416898,0.00026115813434764905,274.32254045474144,8.690243806926153
361,02,-6.55127283612057e-06,7.2258432279314295,5.497220584324428e-05,276.2893881261462,11.645883812596404
363,04,-2.2896213735516033e-05,-13.763160278998479,7.51813252766927e-09,284.289430710517,14.887117676052782
365,06,-3.4585202314802804e-05,-32.20444840494791,0.0,288.15789018961584,18.887264902786413
366,07,-3.995988693131167e-05,-23.939954596078525,0.0,290.62653678746375,23.57777746359636
367,08,-3.326769469126164e-05,-18.63527480389995,0.0,291.493365414199,24.330370817279302
368,09,-2.396435872586961e-05,-8.675344586181641,0.0,288.24405131666396,22.162491116016437
369,10,-1.8213049179844e-05,4.716025361748153,0.0,284.11453383484707,17.60658678425256
371,12,-8.896478755051119e-06,9.686923075029926,0.0033527605789963914,275.9152564712032,10.664877343126522
373,02,-7.65345504045659e-06,5.717629487900508,0.0021790685525962285,274.59004296811423,9.55672571522707
374,03,-1.4227020407356234e-05,-0.1344084672825314,1.3550689143519247e-05,278.93887998355336,10.645667281794292
375,04,-2.4690822054900404e-05,-20.66956467929416,2.4727185567220055e-07,281.97344993078445,11.397826892315017
376,05,-2.827942739082006e-05,-27.387183430333288,0.0,283.07650033011487,14.071137885897391
377,06,-3.182083758476639e-05,-35.711798379855686,0.0,288.5699565473768,19.529956096535262
378,07,-3.4407490462771055e-05,-31.11366353779454,0.0,291.94731353169107,27.35150430944914
379,08,-3.27152816781925e-05,-15.088779016966459,0.0,289.71709932881015,25.141525758176723
380,09,-2.3803562745282155e-05,-1.7829848341200085,0.0,286.8539448320178,21.12537328449091
381,10,-1.8914465963579488e-05,8.677334267236855,0.0,284.0074488248518,17.27257944951775
383,12,-7.738160395268594e-06,4.967533013128466,0.006288984498670025,272.7350027047024,8.428497275237117
384,01,-4.432973011169315e-06,15.641597058367989,0.000611914046349064,276.640032220861,10.790953362373896
390,07,-3.7348723895911946e-05,-18.427609645064162,0.0,288.60765880658556,22.20925140021052
391,08,-3.274760770019843e-05,-10.64563058373236,0.0,289.6281859905284,25.6041415031533
392,09,-2.5484862159343414e-05,2.648160398695204,0.0,288.68825934821234,22.98564577755134
394,11,-8.12447487300637e-06,7.208228931681314,0.0,280.86535165697734,15.098697719383242
395,12,-1.2744765838047034e-05,29.389911852764826,8.855871231325211e-05,279.54841704272206,12.64775550762171
396,01,-9.557997748420493e-06,23.492998173539362,3.76804490243235e-05,278.0025916491273,11.476601598980604
398,03,-1.1845709033173812e-05,-9.130659757880753,5.560450656439668e-06,280.5903991654509,12.56907799679105
400,05,-3.2719707248821014e-05,-19.41600187732328,0.0,286.39187647731336,19.47343097171732
401,06,-3.633841799156573e-05,-15.284035491265191,0.0,287.4815220364041,20.928866900479797
403,08,-3.664081436780238e-05,-14.530181596981583,0.0,291.1731117379793,25.032045431551115
404,09,-2.780254297756781e-05,-4.337274759928387,0.0,287.3234092200385,20.29766017638975
405,10,-1.749340033099435e-05,6.576196681525118,1.6571373067876343e-08,283.75088245457476,19.45141905994441
406,11,-9.782895505729057e-06,13.286790387301977,0.0,280.2187192969428,13.530393645091852
408,01,-7.079607454118081e-06,9.77005108642578,0.0024007742763847433,275.1825925199447,10.500852505586481
409,02,-9.82560560788399e-06,1.2790957768758144,0.0007189501410438901,274.82777969859893,8.859147338378996
411,04,-2.0434202846445263e-05,-16.983018215264217,0.0,280.441605447091,11.91540409259134
412,05,-2.7662325821888435e-05,-23.158452428017892,0.0,283.8569099442677,16.579097982118206
413,06,-3.319209287441886e-05,-26.815010833062065,0.0,287.4700203450521,20.551190380279227
415,08,-3.2683108437937644e-05,-17.84199171037572,0.0,290.9021847701535,23.693631909804957
418,11,-1.2026654228591521e-05,13.685960133870443,8.762069013383654e-05,280.35682493527725,14.24176825358338
419,12,-9.44601224512954e-06,28.97793200421077,5.1136837210706475e-05,279.21073650786695,12.755031762801186
421,02,-1.1990748406116751e-05,26.598223410470148,1.0926482223329089e-06,279.40804705011277,11.46738722245466
422,03,-1.6731313326227373e-05,-1.3453218475669946,6.519722682173533e-08,281.1189634679159,11.066952292218005
423,04,-2.3883861623916246e-05,-16.521862002224392,0.0,284.4238784166124,16.86577033540408
424,05,-3.2321809314922687e-05,-17.350711201329386,5.8457146408737335e-06,286.0054483229113,17.91922860039819
425,06,-3.645346474101341e-05,-28.120134918891054,0.0,288.60506283637153,19.652886832084917
426,07,-3.570791800838603e-05,-18.498887496784167,0.0,292.2635286937426,27.574913323899757
427,08,-3.5946427165531874e-05,-15.756697428713563,0.0,289.2081022578413,22.186411076767474
428,09,-2.0748739615697153e-05,-9.244409510294595,0.0,289.19143939514163,22.670960359727015
430,11,-1.0089955154782932e-05,6.784489759657117,3.112157185872396e-08,281.4275366665734,16.452237505469057
431,12,-1.0581146033268115e-05,22.95546643394552,0.0004054831791949528,278.36750006714686,12.032215354372097
432,01,-9.2527426375611e-06,26.340960131573418,0.00016244323407450028,277.32805558928624,11.101973199181659
433,02,-8.153189459681882e-06,8.31590086110433,9.767446773392813e-05,276.6668339920044,9.554675642374013
434,03,-1.5915630637317265e-05,-1.6360386480515998,2.4049384619600027e-06,279.08244967077115,10.268197295402967
435,04,-2.4346638547669703e-05,-22.934988667466907,9.625487857394749e-09,281.46281248359685,11.4696420110782
436,05,-3.070366395367009e-05,-25.76910455847299,0.0,284.7904129192393,15.192477716480534
438,07,-3.7615658574522775e-05,-25.170489753641114,0.0,290.8353158631684,24.844298535511058
440,09,-2.5603061031688413e-05,-1.6679924726698132,0.0,286.66352415195047,19.359477819336785
442,11,-1.4898132296588707e-05,27.46974549831814,4.5776367187500004e-09,283.10383579525416,17.272885030308036
443,12,-8.385574634596725e-06,33.275967709449034,0.0,282.58162065858744,16.484773507957822
444,01,-9.004527324929857e-06,20.359526514525058,9.698816525038853e-05,278.0475291836237,12.302332713373247
446,03,-1.4810545610421827e-05,-5.396197126162949,3.62938924502301e-05,278.4155945600284,10.437647663715065
447,04,-2.7581765115751797e-05,-20.820068422105575,1.3241238064236113e-07,281.36615560573995,11.800390531207455
448,05,-3.16294027814815e-05,-19.310568396455505,0.0,286.8687926589802,17.92110827917566
449,06,-3.356170396635004e-05,-23.02242342732747,0.0,289.0600437771266,25.228303343276185
451,08,-3.3272750999810424e-05,-17.014684508621052,0.0,290.91866476046647,24.996205532712324
452,09,-2.4645985519115736e-05,-7.889081433783638,0.0,290.7287192874484,24.11319072261387
453,10,-1.526362983537594e-05,-3.798430909843855,0.0,283.3498556886078,17.225026653107776
454,11,-1.1750765303218536e-05,10.89123139716254,3.956906927956475e-05,279.20990362701417,13.316576630128754
455,12,-4.447676278540448e-06,15.633635981405934,3.86891185596425e-06,278.4459245055413,13.01997802054626
456,01,-6.416161365773257e-06,12.223324068787278,0.00022398640519829207,275.05028467830533,9.654886861660149
457,02,-8.18821650381367e-06,12.903916228158135,0.00023337035661651976,277.86915778559734,12.805091260918546
458,03,-1.5800369091061108e-05,2.527072602630943,0.0,281.2226937955631,13.275623237716257
459,04,-2.5679135762624757e-05,-26.331729773288306,0.0,281.41495227517026,11.854652500814861
460,05,-2.9667726341906155e-05,-25.198657173730993,0.0,287.2392350808421,20.08667393688617
461,06,-3.566179110415154e-05,-31.36642959594727,0.0,290.51245804307734,24.920626615144148
463,08,-3.333480648354688e-05,-12.395997953681537,0.0,290.3243722688408,24.6443350070715
464,09,-2.5415033401845397e-05,-5.530321179199219,0.0,287.1538292568631,21.336988494233296
465,10,-2.0550294828412475e-05,15.281469091599986,0.0,286.4926618480888,21.25215219498321
466,11,-1.2597567349661808e-05,15.910226154920792,3.65040037367079e-07,280.83419648060266,13.703532370326256
468,01,-8.493993727101315e-06,23.796599253992884,1.641540501707344e-05,278.53154294832297,11.85726924298784
469,02,-1.1806723732206594e-05,-2.6082788761683875,9.837871222268968e-05,274.0743940366564,7.208972067391589
470,03,-1.3339704251535219e-05,-6.768148279333628,0.00012620726580260901,277.2524915700113,11.490985864388046
472,05,-3.631899526441482e-05,-17.44638056798135,0.0,288.52215093042514,19.263493356326578
473,06,-3.447691067930363e-05,-33.33076165534125,0.0,289.49784020724826,22.747421039063397
474,07,-3.4126774513620195e-05,-44.31138712696363,0.0,292.90806091046085,24.748706597475596
475,08,-3.324744642680256e-05,-25.59706884437479,0.0,291.3618514305854,25.458101015994625
476,09,-2.7110998255941223e-05,-4.088550005425346,0.0,288.21334796922474,22.0211015687267
477,10,-1.717439320385384e-05,2.0582064438686585,1.104806956424508e-05,285.3938754693308,19.248132997887105
478,11,-1.049799736220949e-05,11.533768935139973,4.4242540995279946e-07,280.0686911998748,14.188456836369303
480,01,-8.170035396257738e-06,18.813249751593478,0.0003725200532585062,276.9462481465493,10.371796175769582
481,02,-8.232899953890454e-06,13.675333238874163,6.108944188980828e-05,279.191337246032,11.63011999922565
482,03,-1.7898125718357898e-05,7.876527682396675,0.0,280.7588669757638,13.107204236979122
483,04,-2.786484313502215e-05,-15.88577495863173,0.0,283.32113693033864,12.17203074105051
484,05,-2.8741963674400066e-05,-37.081440074305384,0.0,284.36448736465616,16.092180326128517
485,06,-3.9525050331051005e-05,-23.208365014648436,0.0,290.2859401516385,23.5430796470099
486,07,-3.625940142692049e-05,-31.74150496025496,0.0,291.26846290670414,25.33940084237309
487,08,-3.404563471354698e-05,-17.337182702177312,0.0,291.4738801791283,24.424641755612946
488,09,-2.6543087166161665e-05,-4.24653964674208,0.0,287.9392709560819,22.349180271658632
489,10,-1.8569231195137014e-05,10.235854191605762,0.0,284.78358039642666,19.84700183868793
490,11,-1.0039879183467646e-05,10.335369747924807,0.0,279.8074893178728,13.91127883404626
491,12,-8.260583359534854e-06,25.078029959073632,0.0,279.25270498681834,13.37290997615809
492,01,-6.012859741277161e-06,22.106840989635838,1.4043623401272683e-08,279.3999776622403,13.501913585694883
493,02,-1.5386156723984276e-05,31.748662168305497,1.7729275528041798e-05,280.04609204145413,12.667990640856756
494,03,-1.9840231885472768e-05,-1.8349693298339842,0.0,279.7202150045004,10.753236534503198
497,06,-3.546342912159163e-05,-30.903872137790252,0.0,289.81179647657615,22.70657669124338
498,07,-3.552329937512147e-05,-24.55973527871409,0.0,289.7865116117744,24.6124194765155
499,08,-3.48960954878191e-05,-17.491402352609946,0.0,292.9717935617098,28.500981259279346
500,09,-2.4679065476549213e-05,-6.537764871215822,0.0,288.42726283230246,21.540383629229332
501,10,-1.848353834580477e-05,14.114419966174706,0.0,284.57053201831286,18.9628441576868
502,11,-1.0186800306089735e-05,15.631692754109702,0.0,282.13784168768984,17.017071428382398
503,12,-6.893300624729055e-06,15.732371215492165,1.2867758350987586e-06,278.8222056623889,13.366138016835336
504,01,-7.860778656987515e-06,14.34612370152627,3.849816578690723e-05,276.7231909807677,10.656338111351893
505,02,-9.005972841740524e-06,9.622026147751583,0.0020311918883096605,276.8945384240831,12.087850346680197
506,03,-1.5948935392546162e-05,-0.9029574194467195,8.298632919147451e-08,279.32064444773675,10.827575914138107
507,04,-2.588563685021654e-05,-27.98602328389486,1.457011964586046e-05,279.4237252683427,9.781603732807106
510,07,-3.6336240956178925e-05,-19.074829963273896,0.0,290.67390889748197,26.729435961833566
511,08,-3.444879628501263e-05,-12.903870650096605,0.0,289.92943471568117,24.521988378733717
512,09,-2.3354238802332672e-05,-7.743464881388346,0.0,289.1970728213839,23.398362704971102
513,10,-1.864643046111826e-05,14.62936670381279,0.0,285.1771994281072,18.430376787841958
514,11,-1.0072340758698473e-05,9.36498726196289,2.1571267975701224e-05,281.017371949217,15.007591073438855
