,month,MER,MSSHF,RH,TCWV,NAO
0,01,-7.186377549426466e-06,5.464709561255669,62.6901256937955,8.14543241929367,-2.12
1,02,-7.399999772068052e-06,2.729709174746558,52.295623941567676,8.97375713603837,-1.2
2,03,-1.408509512223264e-05,7.08405715679866,62.090667984242096,11.168600756099146,0.41
3,04,-2.191347909663616e-05,-15.59233038906521,62.41300571294825,12.183705327253872,-2.01
4,05,-2.839083756912113e-05,-16.16055940262989,64.02205650719006,17.216401719138187,-0.9
5,06,-3.330413338050373e-05,-22.16353809509278,52.028707694198026,22.014874159757298,1.92
6,07,-3.0671342559486147e-05,-22.637875941122733,53.00265082314577,23.12972981539721,0.86
7,08,-2.8487004876296853e-05,-12.56110269165039,50.14281140049425,22.75220546986083,1.11
8,09,-2.3132900744369383e-05,-4.023202255249023,42.3501046719922,21.151945761863388,1.13
9,10,-1.6345863611966567e-05,2.642213581372333,56.92965585534547,19.721688314687825,0.18
10,11,-1.1569333000928361e-05,13.890767045423724,49.679388139549886,13.441472351654372,0.42
11,12,-1.207531024335357e-05,24.691616260159407,64.98245628347064,13.014830520187658,0.84
12,01,-5.795284385228985e-06,8.867661568262244,49.01821534482766,9.088685051160473,-1.38
14,03,-1.4070489600584629e-05,-6.186828353717764,55.02083505403355,11.427750095593034,-0.73
15,04,-2.282624180893941e-05,-17.872287172783746,48.97103869282801,11.357650041418605,1.26
16,05,-2.9285246377967465e-05,-30.998830406271004,47.47244699586335,13.246584139289395,-1.34
18,07,-3.1905643976779664e-05,-14.025872309859079,48.67037434149174,23.41994776180611,-0.39
19,08,-3.1051088017916934e-05,-11.540256553403795,47.008779259716306,25.701051704905364,-3.01
21,10,-2.1172643707369163e-05,7.590982919672484,58.4636376896443,16.11280749658359,-1.41
22,11,-1.4279194747299093e-05,14.235161112806532,54.54851769668525,13.396459855666425,-0.52
23,12,-7.873070872231058e-06,26.063403682913826,61.380955716897084,11.703535817465474,0.63
24,01,-7.860688640385075e-06,20.899533713063885,47.875411116570554,10.644810918326018,-0.08
25,02,-8.991757432514056e-06,2.888394768487839,50.11619150138895,9.000017916314658,0.6
26,03,-1.2076194787720939e-05,11.89821663673975,73.37905685201383,15.744720834609,-1.65
27,04,-2.2320882245185202e-05,-19.334173597547743,50.02077896680037,13.077067014764415,0.25
28,05,-3.0310256707952082e-05,-17.47440350473055,59.34436809112436,18.54690212902715,0.24
31,08,-2.8741253340065727e-05,-19.03508228654759,42.77699926753197,24.403104924806982,0.38
32,09,-2.269007780640903e-05,-3.5648343312581385,46.85175361700852,21.203304509778818,-1.27
36,01,-5.276928763964617e-06,11.574925520045783,58.01885871766587,11.162234676566175,-1.55
37,02,-7.864293709969517e-06,5.468580898829869,51.56958197040644,10.334659840992519,0.86
38,03,-1.6001877676116956e-05,1.792558938959594,55.95160838729334,9.970802344655477,0.8
42,07,-3.416977696542745e-05,-21.999847670688425,39.2781192299025,24.456834705301517,1.18
43,08,-3.1963929242763654e-05,-15.790871219429917,46.55304641459066,24.45286580407748,0.21
44,09,-2.1331834113273846e-05,-6.238656323920356,43.43915766518911,22.404552868395385,1.86
45,10,-1.6551261839878706e-05,3.491510892150223,54.79260846710333,19.132922751236986,-0.29
46,11,-1.519573135911843e-05,20.401449884033198,56.70156626680825,15.306237562237841,1.55
47,12,-1.0313162028783104e-05,17.753608460457098,55.75187243828721,11.54048159815932,1.56
48,01,-1.1369238679367056e-05,31.70380508160335,51.86229076744793,12.54478739766921,1.34
49,02,-1.1685804688698098e-05,2.732715975443522,46.129101684696614,7.829569845487675,-1.04
51,04,-2.090864053300013e-05,-10.60586452026367,65.75529212030038,13.397991041318578,-1.07
53,06,-3.6603149109497395e-05,-25.008415187242296,46.266101067479454,20.88666345251666,1.31
54,07,-3.282222612492611e-05,-33.091220865229126,44.1499227373741,27.130274066945557,1.22
55,08,-2.6941880611302234e-05,-27.08358682743196,31.77761535606461,24.006322544676,1.95
56,09,-2.725831751290065e-05,0.9693071214463977,44.86737590899468,21.1710378525734,-0.95
57,10,-2.1395454446465794e-05,12.186390243366201,47.91972020449689,17.054838546397864,1.22
58,11,-9.367185011372688e-06,10.117007967122396,41.05919099200301,14.363651190684902,-1.16
59,12,-8.522425015388596e-06,21.808005747805364,57.410435429080856,12.56604288422677,0.18
60,01,-1.1848107099418698e-05,28.771229348787696,56.9102486772409,10.191702869721642,1.42
61,02,-9.682757584759485e-06,6.4267875001403105,47.08914505602986,9.158349270805545,0.37
63,04,-2.3066575134180317e-05,-21.124448284233942,53.13685258980724,10.647589474581345,-0.45
64,05,-2.301351515928619e-05,-21.276121071107926,61.30564291210714,17.356259771243217,0.55
65,06,-3.0384449369921637e-05,-25.249517172580298,53.14751710217263,19.618736166115596,-0.12
66,07,-3.052118788760435e-05,-16.333257173927887,51.58020934386151,22.990089238066826,-0.04
67,08,-2.8069958612225798e-05,-17.017802792784988,42.472240740586344,23.504970162709558,1.35
68,09,-2.2138291550658728e-05,-0.809648367987739,66.94727416271104,22.38970984335343,0.31
69,10,-1.5594664512004833e-05,12.420039781796033,52.5519555827328,19.463715816155556,0.43
71,12,-7.343828446024142e-06,12.754345215500043,59.86620702467682,13.293887527272263,-0.09
72,01,-6.201572312694294e-06,7.789162023728894,59.71689801232405,8.008615290749457,-2.38
73,02,-7.646551471441942e-06,-7.170963860648018,49.17462651499538,8.483470379527834,-1.0
74,03,-1.1304150707112197e-05,-2.56875498781922,68.34861116093205,10.938059937977021,-0.19
75,04,-2.3272295822324753e-05,-10.486857863362628,59.37646033687326,13.55916669224368,0.2
76,05,-2.800802443084893e-05,-16.149492612120927,55.7763452255995,18.50802798619578,-0.4
77,06,-3.090711121482552e-05,-17.990251360066733,61.34983533646531,19.0323849847277,-0.5
78,07,-3.447742918110781e-05,-15.274860501197074,50.75858460182529,24.054852292717143,1.25
79,08,-3.3271033724499884e-05,-4.3656862228557625,49.79625837316948,23.133719152373654,-0.74
80,09,-2.244669017984254e-05,-3.3109654418945316,48.444472670045165,22.995913738518293,-0.36
81,10,-1.5745955748394817e-05,1.4800897167574978,41.847355274659336,17.189858579468986,1.49
83,12,-6.748697063030508e-06,22.216181771555252,62.92255071562849,14.085127126652706,0.11
84,01,-1.0488508364736625e-05,25.802121266682942,67.17732922877546,10.206371892220231,0.78
86,03,-1.09558865346488e-05,2.199697240357758,53.96111336709735,10.942116465018639,1.39
87,04,-1.9242588071877733e-05,-14.953707265557181,61.57429541588492,11.382743049732845,-0.79
88,05,-3.1224375424332516e-05,-18.680161248648037,54.14751819698144,17.007801973546705,0.84
89,06,-3.5890827366468634e-05,-24.274000357055662,43.53411597645681,20.289311543525592,1.54
91,08,-3.1366839325049225e-05,-20.726613564768147,49.22354232249208,21.520708266890182,-1.53
92,09,-2.1116000810717296e-05,-5.870355172729491,52.886519872754164,18.77687866865794,-0.95
93,10,-1.7202233669146365e-05,6.4104873591597356,48.62927366667281,19.589035635976384,2.2
94,11,-1.2770530823662637e-05,20.62896745435927,57.76803370095226,15.246456928649215,2.27
95,12,-1.128779906788603e-05,28.043287035542146,58.52688881322774,12.267536138803731,0.83
96,01,-8.849628261046861e-06,-8.473066081057311,52.03738375666833,8.603436328787955,-1.85
99,04,-2.2575659647211267e-05,-11.442104777696397,52.015024873095086,14.52642838770946,2.03
101,06,-2.8837502824555686e-05,-20.989433822292757,61.5306473079814,21.273624211708704,-1.53
102,07,-3.379324687933062e-05,-20.07741719498173,55.40260847481861,24.62420682204411,0.55
103,08,-3.0242934917310693e-05,-13.572054321945357,50.633880177582476,24.83616227820099,-1.19
104,09,-2.5696148892024614e-05,-3.969099077690972,51.22118268649578,22.86273651031123,-1.04
107,12,-5.659096497726741e-06,10.619382738339004,50.16868590621025,13.523867330752395,0.21
110,03,-1.4791143874625109e-05,4.141464673442225,71.63935923557511,11.452679470425014,-0.58
111,04,-2.4692344382775542e-05,-22.74501348402235,55.09817502149212,12.66216660157707,-1.42
112,05,-3.182606770285695e-05,-15.882362545546664,52.83810746537357,18.308951694468018,0.64
115,08,-3.211179117533902e-05,-13.866469908683532,47.473473327189375,23.52457447757131,-0.07
116,09,-2.5435363158006416e-05,2.907980506727431,49.177534459747214,21.290678543053733,-0.82
117,10,-1.6347254436593455e-05,7.273599919801116,47.520342997120274,19.266358468080078,-0.66
118,11,-1.0307503538792339e-05,7.8851572241889105,46.36847800110711,13.532653791407743,-0.49
119,12,-7.866494279115095e-06,20.208327730240367,52.71666673100892,14.357002457380297,0.48
120,01,-5.490775168401608e-06,12.580168148245866,46.32122026583841,11.883489435585597,0.85
121,02,-1.1993180484209699e-05,15.243881237211681,52.799659086113884,11.023137841236023,1.82
123,04,-2.3728384267512105e-05,-15.711892689005532,62.36782957411343,12.549550183918742,0.16
124,05,-3.2913617601255e-05,-32.404015432706444,43.15242019264416,15.407821862953968,1.33
125,06,-3.3498540398290464e-05,-35.047065074327264,55.710710440916486,18.088483912891817,0.03
126,07,-3.3625666249610085e-05,-27.510599928661055,42.19065745926929,24.40308312683977,1.0
127,08,-3.0036708770112647e-05,-17.0266568734774,43.458151734339296,23.732882308342127,-0.11
128,09,-2.1827326350689368e-05,-6.781363076782227,44.02462579022247,23.486319775686,2.15
129,10,-1.9913688146604526e-05,14.103063629806684,48.60193847477949,19.272771393693905,0.48
130,11,-1.311930024130561e-05,7.912713109334308,43.72629240063826,12.214345464632247,0.03
131,12,-7.719866410816296e-06,20.033501539989185,45.286219627095804,12.302766914845797,-1.15
132,01,-9.708490018202875e-06,23.531725362798216,54.619796854420386,13.03048595025206,0.7
133,02,-1.709957590030951e-05,31.83555304718018,59.52337883048256,12.68034689824212,1.16
134,03,-1.7018775953137494e-05,2.372058311872584,47.98838851665681,11.869843073837217,1.13
135,04,-2.7999317039636173e-05,-19.276666238742408,46.732171709169286,12.065731884741782,2.03
136,05,-3.125298669270236e-05,-34.3688931694441,36.06377147361027,14.324859504516404,-1.37
137,06,-3.068480971400681e-05,-23.63770078192817,52.16888050745726,20.68230553075605,0.29
138,07,-3.559518055198981e-05,-33.07448882301904,37.832517702871755,20.875357654766372,0.56
139,08,-2.897321149455781e-05,-28.290339532667595,47.590817581110095,24.33309032836268,1.12
140,09,-2.7407515947157255e-05,-3.6402964202880854,48.108384553693405,20.220626075602905,1.18
141,10,-1.8407037761653066e-05,10.48773665069252,49.92561818830045,18.95590408874968,0.76
142,11,-1.0645134954231454e-05,8.876481322224937,54.38112868225972,13.421097168287966,-0.39
143,12,-1.0178729378000547e-05,19.264495642221096,49.02194799312469,11.535513428002275,0.11
144,01,-9.804670876438911e-06,24.167181801416536,38.86062395377826,8.955749408001543,0.49
145,02,-6.996622216688376e-06,0.507544446309408,46.996895068120395,8.221342761926708,0.74
146,03,-1.2629808311264428e-05,-0.5304674036169569,53.76618897918476,14.275736472201602,-0.61
149,06,-2.987989489524302e-05,-20.686577268473304,57.62339900992447,18.702801296479173,-0.52
152,09,-2.1833397036001162e-05,-8.548686426798504,39.4321560544822,20.83496838520235,0.61
153,10,-2.004618059737534e-05,2.17344532234438,45.307421456006274,17.674736063961063,0.3
154,11,-1.4646135411648073e-05,14.444811823866104,60.08639300202131,14.225457465975815,0.37
155,12,-7.654158530845394e-06,17.942148733159545,42.031411531264894,11.076515356142036,0.34
156,01,-5.988280283046514e-06,9.900324605634134,41.55076964045469,10.36507142100283,-0.66
157,02,-7.568776633878318e-06,10.513905402874128,42.596786469010105,11.196383694080101,0.77
158,03,-1.6743815379482177e-05,3.675611719931326,56.535387553599556,12.269467439161831,0.51
159,04,-2.3724830210206465e-05,-12.979907084147134,60.15185276207658,12.85867560589181,1.88
160,05,-3.502280750303383e-05,-18.415903687507882,37.98684394011575,17.11736192246663,2.49
161,06,-3.339920427913765e-05,-25.873405965508358,43.36981476617124,21.26468744079934,0.51
162,07,-3.3542465003026134e-05,-26.574038988010855,46.61348771423679,24.872119238017707,0.19
163,08,-3.290884278264643e-05,-13.404264240552024,52.83446418771308,25.45110419567298,0.97
164,09,-2.5466491539959356e-05,-1.4094354346381297,48.6797681992597,21.089136655476363,-0.28
165,10,-1.9484351597922247e-05,1.9587082073252686,58.379234332862715,14.223404862920445,-1.4
166,11,-1.321692710625939e-05,23.694389510769323,50.96693710040848,14.199872933730813,1.12
167,12,-8.425528942156701e-06,11.411874493342573,45.69198678764476,11.040920949630838,0.35
168,01,-9.715480358609446e-06,34.39173987899288,57.42208674485646,12.073609010492602,1.35
169,02,-8.449411843078754e-06,-1.1622854381742926,41.2482318814184,10.165785772635825,0.12
170,03,-1.4966802825774622e-05,-6.011914413616221,42.24266758934657,10.57913865132614,0.3
173,06,-3.281592492067931e-05,-24.277929318237305,46.836056776909025,21.09136703202724,-0.29
178,11,-1.1587640056374466e-05,-1.8295716874864363,52.225245416957804,11.321686016183431,2.56
179,12,-9.250304196792702e-06,31.236705364924607,64.63241229699248,12.371003425172582,1.36
180,01,-8.814763398506955e-06,28.086010490499522,59.814965074129006,11.951160548843365,0.7
181,02,-9.681430163471391e-06,-2.9269207930791947,54.97462990093799,9.542274346257958,0.08
182,03,-1.5868986940443404e-05,12.424105568506382,56.25959003628518,13.046672808460013,0.92
183,04,-2.4481364455176743e-05,-15.54007357143826,53.21672202842236,12.108356564888691,1.1
184,05,-2.8615912740195944e-05,-19.306992470361852,50.8592781971834,16.437750189096697,-0.48
185,06,-3.390126228795352e-05,-22.424498955281575,49.86442946763436,21.024796435148186,1.84
187,08,-3.527003988845888e-05,-15.806742182249662,41.714041907468136,23.171906867293902,0.36
188,09,-2.649383951805552e-05,-2.2674784339057075,50.77799905458556,20.662340495669845,-1.14
190,11,-8.92097842036795e-06,12.752254605102538,55.27824593100681,18.250592901670938,0.54
191,12,-1.093666692604627e-05,22.757288210632986,53.902280609893545,13.035411139304921,1.78
192,01,-1.2804497735976505e-05,25.385474410518523,57.77612080058489,10.959147662439655,0.57
194,03,-2.219248033328259e-05,-0.5256330294045062,56.57506640008187,9.68667776564885,0.91
195,04,-2.3056703787511248e-05,-15.611610607231992,48.9374839578549,13.610398491528297,-1.07
196,05,-3.3250014936618425e-05,-29.631465932538433,52.844916530618114,14.887000348762799,-1.33
197,06,-3.44918315846169e-05,-24.446217814466692,49.08188772321145,19.14153311720292,0.44
198,07,-3.591561413959817e-05,-25.92438248894804,39.340810654867084,26.651675874188385,-0.19
201,10,-1.4566836962311297e-05,5.514771194293934,41.310020164710224,19.556401405724145,0.72
202,11,-1.3042386322538529e-05,9.068964893934462,58.53600206141338,14.086958012714652,-1.59
203,12,-8.991161045966975e-06,-5.598886509064706,48.51484771922968,9.520831813155645,-1.64
204,01,-7.460320452180465e-06,-0.4728464959257379,45.67560021059616,10.440877024148103,-0.65
206,03,-1.2827322511164368e-05,-10.990242480862525,51.72073062135199,9.525472053571415,-0.66
207,04,-2.0502408365953464e-05,-21.604367342122394,58.54018084150156,12.497388009622364,-0.33
208,05,-2.4253428110207234e-05,-26.022296560964275,51.92535755428705,15.523370743020891,-0.93
209,06,-2.8253365109311642e-05,-38.732165323215064,41.61192797080808,18.80213339232339,0.87
210,07,-3.142641031134248e-05,-27.054918192217425,49.82263012584947,21.689672550591094,0.7
211,08,-2.9903093116464793e-05,-15.358725825155936,42.33743624172287,22.9990404958584,1.19
212,09,-2.534073391895315e-05,-7.00570699428982,43.673043699496326,17.80062923739222,-0.69
213,10,-1.7171301486478214e-05,8.106230379494288,51.02844809201841,18.058174803824834,0.15
215,12,-8.836182103413613e-06,1.1414017176474303,51.832999992789766,9.593377716324662,-1.4
216,01,-3.583592048936e-06,-1.2817189340899076,35.36421269791357,8.961908747665344,-1.08
217,02,-9.97768289436776e-06,28.48145621345157,61.04910012837534,12.171147674492426,1.48
218,03,-1.2413017713795421e-05,-3.0697627356744577,49.8996438915832,12.901507511982352,1.13
219,04,-2.201332183204714e-05,-17.60772253417969,50.15108422283994,11.840950494820543,-1.25
220,05,-3.085946982284968e-05,-22.07697987414944,55.658551038389554,16.664446066212914,-0.21
221,06,-3.476727682935032e-05,-20.254541469319665,56.16686724849277,20.78134989303483,-1.17
222,07,-3.376502295814329e-05,-20.43258258581674,48.29218798171063,23.78260384443754,0.37
225,10,-2.0736059433235615e-05,1.8364669255082322,46.07108195983722,16.4008664570893,-1.34
226,11,-1.1372840429430654e-05,5.54297788119846,52.451002673839106,14.74272731684049,-1.08
227,12,-9.893875752236308e-06,16.98351939342868,60.12797338394067,13.047354222416878,-0.98
229,02,-7.893391973560764e-06,12.879144769577753,54.623768248409036,12.837736519389209,-0.57
230,03,-1.582076560769428e-05,4.910139277304372,64.38913835901599,14.007189303759604,0.51
232,05,-3.182257207745645e-05,-20.036693252071256,51.31070372274871,18.25652126416596,-1.17
233,06,-3.4082233544055876e-05,-13.138249787733287,60.09514157660935,23.464375189109646,-2.44
234,07,-3.6390916169732936e-05,-13.917790471887077,46.5719772114318,22.643103410513174,-0.45
237,10,-2.3367591303340108e-05,14.50471792602539,57.49670259841796,17.60276400920909,0.2
238,11,-1.186565926222506e-05,4.6568576497395835,50.09492808050447,11.023035687553882,-0.43
239,12,-8.802920268002493e-06,22.454611907630838,51.308709990082264,12.303671738373337,0.72
241,02,-1.079772392194216e-05,13.779260249546594,59.85849182345754,10.259473174222878,-0.11
242,03,-1.3397230129969535e-05,-0.9194605676794566,60.6708199271861,13.508820564555867,-0.16
243,04,-2.54553507465769e-05,-17.42901027967665,53.24983413987689,13.930574816384583,-1.18
244,05,-3.422614240797327e-05,-20.88572949317194,50.723297991629586,17.992914966178198,0.9
246,07,-3.775679561435789e-05,-20.12216363230059,34.70881050790896,24.06717719546313,-0.87
248,09,-2.59650643648355e-05,-3.5717024329291456,50.26974016195536,25.80820150032573,0.5
249,10,-2.1588807777500546e-05,5.981483147405809,48.24640764357326,16.691097016297363,0.73
250,11,-1.3179962080519347e-05,12.654008286878799,52.50058610761298,13.172062302903335,0.55
253,02,-1.2230161100386137e-05,18.65321454909752,54.35344561065067,11.535072371006011,1.48
254,03,-1.4517082142339604e-05,-0.5979741453765541,58.83941007500695,13.146086779553404,0.4
255,04,-2.355722367422762e-05,-12.813957029554578,60.681698268123455,14.799168964303863,-0.18
257,06,-3.750390542944741e-05,-27.016546727159287,42.780413097916714,20.217285911058053,0.28
258,07,-3.168135436499142e-05,-21.668345875401656,51.88578506780696,22.884604032078098,-1.0
261,10,-2.1893689024856883e-05,11.235235126454343,57.40779917159772,19.02933904491702,1.51
262,11,-1.5146696185204038e-05,20.892512133110895,68.07071139411661,14.33508744482597,-1.1
264,01,-6.723928980547147e-06,14.384707934964087,53.25762820807451,10.276413458688285,-0.22
265,02,-9.421481274265325e-06,7.153048214503697,61.79020408172125,11.304749446694343,0.07
268,05,-3.372209000100225e-05,-25.790908090242777,45.58359570831253,16.882564342469298,0.03
269,06,-3.303585196628976e-05,-31.827683939954966,48.06642211600013,18.788384712798067,0.11
270,07,-3.6646507612448495e-05,-24.41304970722813,43.035889669943884,25.123447815056778,-0.22
271,08,-3.349079792080317e-05,-13.273838911159066,49.470468634774605,26.95539833592728,-0.22
272,09,-2.8629883362433853e-05,-3.361749937269423,60.89090815499625,20.705136747317844,-0.49
273,10,-1.872843477780094e-05,15.499699002173642,52.0420637966638,21.72099201665899,0.25
274,11,-1.4045017091525046e-05,9.019137569173179,50.75557469189433,14.766802187086476,0.53
275,12,-9.904081011676856e-06,14.487402564920403,52.82181985401466,10.6310780278957,-0.86
276,01,-6.60295483731882e-06,23.604068570044735,51.65779350411636,12.109373243094772,0.0
277,02,-1.6342577849974034e-05,27.257544948032923,61.67323920420096,11.585383370463337,0.8
279,04,-2.4829810814864887e-05,-14.182246478949653,49.20558492463959,12.332358963489533,1.14
280,05,-3.0134792006426703e-05,-17.31557953963741,52.31226475243542,17.86483551645279,-0.15
281,06,-3.5836119472898846e-05,-20.466573669433593,50.7506326838851,21.94502347338862,0.69
282,07,-3.594073215623134e-05,-17.96138944137737,48.60045512300026,25.717054898814485,0.65
283,08,-3.0240783373966385e-05,-12.41071590333344,52.640142950275894,28.186662356700946,0.36
284,09,-2.726855740998468e-05,-6.606480073716904,41.46046437310777,19.46754291381571,-0.54
285,10,-2.2813934475604865e-05,5.003235001430717,55.25826176021304,15.544581788047665,-1.97
286,11,-9.433203981300014e-06,10.082439758300783,57.335292302331666,14.819048055042161,-0.32
288,01,-7.996820467572737e-06,16.024269751435966,52.92226850532075,10.557260232224259,-0.32
289,02,-9.213011075579354e-06,1.6289639434814458,40.65915042115535,7.618574587362154,0.26
290,03,-1.4304734281419465e-05,-4.024482163624097,45.80751552796749,10.201501829046073,-0.07
291,04,-2.383696288773839e-05,-17.2942943037245,47.44735419490735,11.80928153449032,-0.34
292,05,-3.0977665722578726e-05,-19.48317038226384,57.695412786129985,17.237994223952292,0.06
293,06,-3.491794925367785e-05,-29.63445593295627,48.58540389312637,23.02299164098236,0.24
294,07,-3.637924248004731e-05,-25.786057973554062,44.12265574810709,25.262484286273676,0.16
295,08,-3.1032737283929096e-05,-31.771135562691633,39.36124998163152,23.719839718063675,-0.22
296,09,-2.437035215904568e-05,-12.497950702243381,40.21523504180775,18.67727894531356,0.16
298,11,-8.746191556262298e-06,13.336127873399521,55.471923015075255,15.444975968167515,0.77
301,02,-1.1818901434843997e-05,12.780648606925178,58.06078212638148,11.609675477981567,-0.6
302,03,-1.5225630396960167e-05,1.0669384965794064,50.376974003080406,10.998717471243236,0.67
303,04,-2.4217375733618005e-05,-11.611916856553819,59.49211039767795,14.257841776642534,1.11
304,05,-2.847669872224737e-05,-31.81054322043798,50.857990436966695,15.359272943048065,0.23
305,06,-3.421590459786078e-05,-30.121984181382924,54.56608841220009,21.4024883570883,-0.59
307,08,-3.442271008691844e-05,-10.630728795861687,53.4802156332962,26.830953647472523,-0.74
309,10,-1.9737982986943505e-05,10.8786054316695,45.96995730125903,17.218317307363275,-0.69
310,11,-1.219442167142309e-05,8.63346869269477,52.650442458646836,13.982692417393787,0.63
311,12,-6.509792311736683e-06,12.651209838210898,41.13814304297201,10.708026006760138,1.03
312,01,-1.0532949036563073e-05,27.835473567839585,50.62756816835045,11.058444803249454,1.26
313,02,-1.0796667724878803e-05,1.9850640389578682,54.967533898224424,8.97967280293788,-0.51
314,03,-1.2645556585016247e-05,2.2825399281491516,62.992716266741034,13.200527901346966,-2.32
315,04,-2.402455134354872e-05,-12.38321820203993,55.9102142579476,14.237437394865355,-0.47
316,05,-3.3327865934669755e-05,-23.83920729967343,52.369123788558014,16.13438991110812,-1.11
318,07,-3.409394384040644e-05,-23.561669685609886,47.80977541725482,25.305337204162793,-0.48
319,08,-3.320200081173924e-05,-14.21000237282374,41.28222914207624,22.598466931248222,0.35
320,09,-2.545146969718593e-05,-6.704652192857532,39.75358392157654,22.82103427496221,0.76
323,12,-9.12172876785682e-06,14.485518746324761,56.37181309181387,11.177854364097762,-0.5
324,01,-6.5253165958961526e-06,7.280853728591756,43.42763289413273,8.982065612998058,0.97
327,04,-2.37631702343909e-05,-18.782449027506512,53.65862876264652,12.557103431734772,1.2
328,05,-3.370682173148433e-05,-13.439136345319852,55.415879218805216,16.937964208655462,-1.01
329,06,-3.4785863751151034e-05,-27.11431088460287,44.96967633606062,20.177302681291106,1.15
330,07,-3.3670624993676266e-05,-35.11209074615151,34.7803111832411,25.163574650856756,0.93
331,08,-3.203818718891423e-05,-14.970106861073484,56.166526000266416,24.020286544034562,-2.35
332,09,-2.4569920312832332e-05,-1.9050392035590278,48.50952039943403,25.35001326700052,-1.43
333,10,-2.0357669840078775e-05,8.929626497002058,49.91160704086961,21.241959986229094,-1.92
334,11,-1.6638314112929544e-05,21.698549422539603,51.20864173750348,14.983468749819865,0.33
335,12,-1.1844671387852061e-05,21.158474252352146,51.61357204472506,13.297097678603667,1.15
336,01,-1.3167410284109127e-05,32.71415653975292,54.798027210791915,13.106980731325766,-0.25
337,02,-9.635896793779033e-06,12.227102448962983,62.05461917357218,12.45363125636322,-0.98
338,03,-1.969343553138324e-05,2.858439688077537,50.951221448258686,11.756546522871137,1.11
340,05,-3.1186685044343005e-05,-23.42358186127037,55.67473245647261,19.129142921575937,0.66
341,06,-3.458860908376663e-05,-19.802041976589628,51.81401281598541,24.706341961563957,-1.01
343,08,-3.430768915528969e-05,-11.902402343421853,46.669440629773256,24.276185533899135,-0.31
344,09,-2.677926907070085e-05,-2.246240928141275,48.58724766878287,21.141295356886918,0.85
347,12,-9.103623443880553e-06,18.67049515623687,44.72693699303237,10.617689527364186,0.23
348,01,-9.98381483742544e-06,30.50790186531313,59.32570013750177,13.490079094302269,0.53
350,03,-2.0140387961912898e-05,4.352542552004578,67.29393991330491,11.024969367623331,-0.32
351,04,-2.446588194630345e-05,-15.287676639472116,50.48518859204715,11.81326274435123,-1.31
353,06,-3.476253857051133e-05,-32.52892781643338,47.80475471985869,20.658758763898746,-1.09
355,08,-3.3834556450724496e-05,-9.036356891591062,49.02626591384924,25.532705715393504,-1.62
357,10,-1.8222273044254205e-05,6.518695762716314,54.30898137165141,16.76005811733328,0.47
358,11,-1.2143508331428165e-05,12.723418456013999,55.05112889809742,14.737761704242228,-0.47
360,01,-6.219402897665034e-06,13.638463789416898,56.756673166043,8.690243806926153,-0.52
361,02,-6.55127283612057e-06,7.2258432279314295,62.426701213981424,11.645883812596404,-0.38
362,03,-1.4006747319585248e-05,0.15545269151913163,60.10794240493287,11.059879185275365,0.19
364,05,-3.152253704363203e-05,-24.89160391596312,50.72287625494953,17.44448770763798,1.61
365,06,-3.4585202314802804e-05,-32.20444840494791,47.13420631794532,18.887264902786413,-0.91
366,07,-3.995988693131167e-05,-23.939954596078525,46.67216465320125,23.57777746359636,-2.11
367,08,-3.326769469126164e-05,-18.63527480389995,42.41847231385144,24.330370817279302,-0.37
368,09,-2.396435872586961e-05,-8.675344586181641,43.626415080409586,22.162491116016437,1.62
370,11,-1.3997967538165946e-05,28.005924584282763,63.3120259418408,15.272984667379328,-0.16
372,01,-6.091251291421628e-06,2.9262350808420488,60.36061479552843,9.084873129739556,-1.8
373,02,-7.65345504045659e-06,5.717629487900508,61.53230691539674,9.55672571522707,-2.69
374,03,-1.4227020407356234e-05,-0.1344084672825314,56.345688745778084,10.645667281794292,-1.33
375,04,-2.4690822054900404e-05,-20.66956467929416,50.227940069592,11.397826892315017,-0.93
377,06,-3.182083758476639e-05,-35.711798379855686,43.71565713060168,19.529956096535262,-0.52
378,07,-3.4407490462771055e-05,-31.11366353779454,49.13440625845617,27.35150430944914,-0.39
379,08,-3.27152816781925e-05,-15.088779016966459,50.057286181364006,25.141525758176723,-1.69
380,09,-2.3803562745282155e-05,-1.7829848341200085,47.799041656389505,21.12537328449091,-0.62
381,10,-1.8914465963579488e-05,8.677334267236855,54.52403665949838,17.27257944951775,-0.5
382,11,-1.1904203317903414e-05,4.708053307088217,64.34552551558414,13.104098462952505,-1.84
383,12,-7.738160395268594e-06,4.967533013128466,56.59717789244652,8.428497275237117,-1.8
385,02,-7.274441715534998e-06,7.353929252261208,64.81677477946593,12.025972804131962,0.35
386,03,-1.235675504704564e-05,-6.3443144091534345,43.386579177287324,10.456544133351697,0.24
388,05,-3.0008848766624646e-05,-32.62149781881353,48.67582858574712,16.91407297216308,-0.01
390,07,-3.7348723895911946e-05,-18.427609645064162,51.34294977803511,22.20925140021052,-1.48
391,08,-3.274760770019843e-05,-10.64563058373236,50.85391145080519,25.6041415031533,-1.85
392,09,-2.5484862159343414e-05,2.648160398695204,48.54894579696125,22.98564577755134,0.67
393,10,-1.916051529891168e-05,8.726722329416583,41.10612051369683,18.000692696975126,0.94
394,11,-8.12447487300637e-06,7.208228931681314,45.10324230610001,15.098697719383242,1.3
395,12,-1.2744765838047034e-05,29.389911852764826,62.27082245179138,12.64775550762171,2.25
396,01,-9.557997748420493e-06,23.492998173539362,55.985124487241116,11.476601598980604,0.86
397,02,-6.941694202459045e-06,2.77444112036694,54.92825397600388,10.29393062870804,0.03
398,03,-1.1845709033173812e-05,-9.130659757880753,42.53471919810516,12.56907799679105,0.93
399,04,-2.412122515035865e-05,-15.116672309705946,65.52592149374486,12.959454562992518,0.37
400,05,-3.2719707248821014e-05,-19.41600187732328,54.71462800888861,19.47343097171732,-0.79
402,07,-3.9630504535585143e-05,-18.105863085346844,55.33667580591222,23.770940406066114,-1.29
403,08,-3.664081436780238e-05,-14.530181596981583,48.63167088847007,25.032045431551115,-1.39
404,09,-2.780254297756781e-05,-4.337274759928387,47.643611919113,20.29766017638975,-0.43
405,10,-1.749340033099435e-05,6.576196681525118,62.883388684188155,19.45141905994441,-1.73
406,11,-9.782895505729057e-06,13.286790387301977,48.36725960095062,13.530393645091852,-0.74
407,12,-8.270612005098982e-06,23.135962751162953,68.44660146777348,12.410677929641098,0.07
409,02,-9.82560560788399e-06,1.2790957768758144,54.799641565576906,8.859147338378996,-0.96
411,04,-2.0434202846445263e-05,-16.983018215264217,45.651346360141694,11.91540409259134,0.6
412,05,-2.7662325821888435e-05,-23.158452428017892,56.92952051083376,16.579097982118206,0.58
413,06,-3.319209287441886e-05,-26.815010833062065,45.349666944320994,20.551190380279227,0.83
414,07,-3.405638901301333e-05,-27.630988150319745,40.32137145659744,24.74629142739055,0.7
415,08,-3.2683108437937644e-05,-17.84199171037572,39.46305893081491,23.693631909804957,1.12
416,09,-2.475842662511746e-05,-8.054260448540582,49.65095689521101,21.14314986570544,0.38
417,10,-1.765674730958508e-05,13.677036990258001,51.31546706972713,19.146578139390993,-0.88
418,11,-1.2026654228591521e-05,13.685960133870443,60.59634180396663,14.24176825358338,0.81
419,12,-9.44601224512954e-06,28.97793200421077,55.46996279250422,12.755031762801186,0.79
420,01,-8.580053124215514e-06,22.96357862870411,63.49304372530727,12.548642675956094,-0.17
422,03,-1.6731313326227373e-05,-1.3453218475669946,47.843510205716214,11.066952292218005,0.44
423,04,-2.3883861623916246e-05,-16.521862002224392,58.86005653639768,16.86577033540408,0.19
424,05,-3.2321809314922687e-05,-17.350711201329386,63.11191008513332,17.91922860039819,-0.8
425,06,-3.645346474101341e-05,-28.120134918891054,43.231891095406475,19.652886832084917,-0.67
426,07,-3.570791800838603e-05,-18.498887496784167,52.862582088247414,27.574913323899757,0.21
428,09,-2.0748739615697153e-05,-9.244409510294595,35.08465283191469,22.670960359727015,1.72
429,10,-1.6616273676728237e-05,8.951883064844276,46.06859467966968,21.249415780923695,-0.87
431,12,-1.0581146033268115e-05,22.95546643394552,54.273882943514856,12.032215354372097,1.63
432,01,-9.2527426375611e-06,26.340960131573418,62.63006211892765,11.101973199181659,1.57
433,02,-8.153189459681882e-06,8.31590086110433,48.93550452213628,9.554675642374013,1.05
434,03,-1.5915630637317265e-05,-1.6360386480515998,44.90566300547765,10.268197295402967,1.12
435,04,-2.4346638547669703e-05,-22.934988667466907,50.17846367060873,11.4696420110782,0.64
436,05,-3.070366395367009e-05,-25.76910455847299,53.73915812349191,15.192477716480534,0.19
437,06,-3.477750818122634e-05,-31.860220404391814,46.7203716229452,19.765049702053602,0.24
438,07,-3.7615658574522775e-05,-25.170489753641114,45.05531850020347,24.844298535511058,-3.14
439,08,-3.326061218056918e-05,-12.586229408838417,52.3345120203854,27.893779480126597,-1.1
440,09,-2.5603061031688413e-05,-1.6679924726698132,46.654843129608366,19.359477819336785,-0.49
441,10,-1.3186316454061119e-05,-1.463842040031187,51.45971762442205,17.587374542541404,0.99
442,11,-1.4898132296588707e-05,27.46974549831814,55.57987919455502,17.272885030308036,1.7
443,12,-8.385574634596725e-06,33.275967709449034,59.292129598577816,16.484773507957822,1.99
444,01,-9.004527324929857e-06,20.359526514525058,60.00615774854665,12.302332713373247,-0.37
445,02,-1.2519085415486441e-05,14.879537966322628,54.698993667597065,10.2782587918509,1.35
447,04,-2.7581765115751797e-05,-20.820068422105575,57.557788026644126,11.800390531207455,0.26
448,05,-3.16294027814815e-05,-19.310568396455505,50.32535560724812,17.92110827917566,-0.67
449,06,-3.356170396635004e-05,-23.02242342732747,60.87640379265148,25.228303343276185,-0.13
450,07,-3.758493633006676e-05,-22.269790681900524,47.74635748879372,25.57397250136893,-1.72
451,08,-3.3272750999810424e-05,-17.014684508621052,43.397001161080546,24.996205532712324,-2.24
452,09,-2.4645985519115736e-05,-7.889081433783638,37.34792189491059,24.11319072261387,0.74
453,10,-1.526362983537594e-05,-3.798430909843855,48.34944315867911,17.225026653107776,0.96
455,12,-4.447676278540448e-06,15.633635981405934,42.93341399640295,13.01997802054626,0.35
457,02,-8.18821650381367e-06,12.903916228158135,62.959067062718525,12.805091260918546,0.69
458,03,-1.5800369091061108e-05,2.527072602630943,59.88884960889175,13.275623237716257,0.37
459,04,-2.5679135762624757e-05,-26.331729773288306,46.84454056873057,11.854652500814861,1.74
460,05,-2.9667726341906155e-05,-25.198657173730993,56.839670298081565,20.08667393688617,-1.72
461,06,-3.566179110415154e-05,-31.36642959594727,52.944568701901716,24.920626615144148,0.35
462,07,-3.888270218750779e-05,-23.176640851420746,56.14024401203919,25.7952684127118,1.28
463,08,-3.333480648354688e-05,-12.395997953681537,44.035043613662005,24.6443350070715,-1.53
464,09,-2.5415033401845397e-05,-5.530321179199219,52.86381167994076,21.336988494233296,-0.45
465,10,-2.0550294828412475e-05,15.281469091599986,50.30405073937036,21.25215219498321,0.71
466,11,-1.2597567349661808e-05,15.910226154920792,53.90823562632401,13.703532370326256,-0.14
469,02,-1.1806723732206594e-05,-2.6082788761683875,46.30087924139698,7.208972067391589,1.34
470,03,-1.3339704251535219e-05,-6.768148279333628,63.03257818707726,11.490985864388046,-1.38
471,04,-2.4140652476206825e-05,-8.481860700141059,60.03202422682047,16.594467750182417,1.2
472,05,-3.631899526441482e-05,-17.44638056798135,47.40056218499266,19.263493356326578,2.02
473,06,-3.447691067930363e-05,-33.33076165534125,39.74884000571834,22.747421039063397,1.41
474,07,-3.4126774513620195e-05,-44.31138712696363,36.16823902212164,24.748706597475596,1.42
477,10,-1.717439320385384e-05,2.0582064438686585,44.893768001867876,19.248132997887105,1.53
478,11,-1.049799736220949e-05,11.533768935139973,58.11769115721252,14.188456836369303,-0.25
479,12,-7.425197422547768e-06,21.47761040308142,53.53903508252609,13.385659862127355,0.48
480,01,-8.170035396257738e-06,18.813249751593478,61.34680531404607,10.371796175769582,0.18
481,02,-8.232899953890454e-06,13.675333238874163,51.283400613031226,11.63011999922565,-0.11
482,03,-1.7898125718357898e-05,7.876527682396675,54.192069970153995,13.107204236979122,0.89
483,04,-2.786484313502215e-05,-15.88577495863173,41.53150874974462,12.17203074105051,0.36
484,05,-2.8741963674400066e-05,-37.081440074305384,54.09692304540707,16.092180326128517,-2.38
485,06,-3.9525050331051005e-05,-23.208365014648436,47.86380608810849,23.5430796470099,-0.79
486,07,-3.625940142692049e-05,-31.74150496025496,48.734570516079984,25.33940084237309,-1.39
487,08,-3.404563471354698e-05,-17.337182702177312,41.57153246440298,24.424641755612946,-1.62
488,09,-2.6543087166161665e-05,-4.24653964674208,45.73786681658825,22.349180271658632,-0.01
490,11,-1.0039879183467646e-05,10.335369747924807,64.20363267016013,13.91127883404626,0.16
491,12,-8.260583359534854e-06,25.078029959073632,56.60606037604423,13.37290997615809,1.02
492,01,-6.012859741277161e-06,22.106840989635838,48.67357203781476,13.501913585694883,1.05
493,02,-1.5386156723984276e-05,31.748662168305497,64.97568837541958,12.667990640856756,0.98
494,03,-1.9840231885472768e-05,-1.8349693298339842,46.56073982853019,10.753236534503198,0.66
496,05,-2.995519203009721e-05,-45.04488896819084,46.51938461271666,15.459495272367233,-0.33
498,07,-3.552329937512147e-05,-24.55973527871409,49.31133174363516,24.6124194765155,-1.19
499,08,-3.48960954878191e-05,-17.491402352609946,46.845165995435046,28.500981259279346,0.03
500,09,-2.4679065476549213e-05,-6.537764871215822,41.4254565234277,21.540383629229332,1.11
501,10,-1.848353834580477e-05,14.114419966174706,59.132486595437086,18.9628441576868,-0.2
502,11,-1.0186800306089735e-05,15.631692754109702,47.969248177954896,17.017071428382398,2.54
504,01,-7.860778656987515e-06,14.34612370152627,66.80461903254064,10.656338111351893,-1.8
505,02,-9.005972841740524e-06,9.622026147751583,54.51137783175566,12.087850346680197,-0.29
506,03,-1.5948935392546162e-05,-0.9029574194467195,53.47545231677126,10.827575914138107,0.36
507,04,-2.588563685021654e-05,-27.98602328389486,47.86236142485672,9.781603732807106,-1.69
509,06,-3.7502937650666964e-05,-26.38411481492784,47.88007799596918,25.49175883189704,1.08
510,07,-3.6336240956178925e-05,-19.074829963273896,48.14752719921964,26.729435961833566,0.06
511,08,-3.444879628501263e-05,-12.903870650096605,45.419211714576655,24.521988378733717,-0.49
512,09,-2.3354238802332672e-05,-7.743464881388346,41.71682162190013,23.398362704971102,-0.06
513,10,-1.864643046111826e-05,14.62936670381279,46.729617401201246,18.430376787841958,-1.98
514,11,-1.0072340758698473e-05,9.36498726196289,49.88987413275507,15.007591073438855,-0.33
