,month,MER,MSSHF,RH,UW,ENSO
0,01,-7.186377549426466e-06,5.464709561255669,62.6901256937955,8.566814722819995,0.47
1,02,-7.399999772068052e-06,2.729709174746558,52.295623941567676,5.242820933818818,0.26
2,03,-1.408509512223264e-05,7.08405715679866,62.090667984242096,13.765281541639759,-0.08
3,04,-2.191347909663616e-05,-15.59233038906521,62.41300571294825,5.253018767907886,0.2
4,05,-2.839083756912113e-05,-16.16055940262989,64.02205650719006,9.909492792170534,0.27
7,08,-2.8487004876296853e-05,-12.56110269165039,50.14281140049425,9.79633006227145,0.44
10,11,-1.1569333000928361e-05,13.890767045423724,49.679388139549886,15.572536984846325,0.52
11,12,-1.207531024335357e-05,24.691616260159407,64.98245628347064,15.22025654595898,0.65
12,01,-5.795284385228985e-06,8.867661568262244,49.01821534482766,5.114125808059528,0.35
13,02,-7.359469057738698e-06,6.865867059466484,53.581606617508264,7.856037982940672,0.19
15,04,-2.282624180893941e-05,-17.872287172783746,48.97103869282801,0.1369029037899443,0.59
16,05,-2.9285246377967465e-05,-30.998830406271004,47.47244699586335,-4.025603452805551,0.55
17,06,-3.014735746900341e-05,-26.066622504679362,62.37913317463399,6.837710131094192,0.62
18,07,-3.1905643976779664e-05,-14.025872309859079,48.67037434149174,7.28260863685608,0.62
19,08,-3.1051088017916934e-05,-11.540256553403795,47.008779259716306,13.212725781204876,0.15
20,09,-2.365392635981859e-05,-3.0327022542317708,42.946886476458445,12.575276836034986,0.2
21,10,-2.1172643707369163e-05,7.590982919672484,58.4636376896443,13.979145259652089,0.09
24,01,-7.860688640385075e-06,20.899533713063885,47.875411116570554,12.33075755956096,-0.33
25,02,-8.991757432514056e-06,2.888394768487839,50.11619150138895,4.826553443431854,-0.24
26,03,-1.2076194787720939e-05,11.89821663673975,73.37905685201383,13.306958838185956,0.33
27,04,-2.2320882245185202e-05,-19.334173597547743,50.02077896680037,2.920826218308343,0.41
29,06,-3.0904296795920855e-05,-15.787571440294057,51.69619375912348,11.143315948295594,-0.6
30,07,-3.173775886429094e-05,-20.80200322239373,49.75860673643311,10.426191270602645,-0.51
31,08,-2.8741253340065727e-05,-19.03508228654759,42.77699926753197,7.685691989857664,-0.31
32,09,-2.269007780640903e-05,-3.5648343312581385,46.85175361700852,8.593244362915888,-0.01
33,10,-2.174942796122078e-05,9.781940688922843,60.93410625634399,16.650438065046906,-0.1
35,12,-7.687594037497059e-06,8.885675470167591,67.75924336626196,9.12891215738686,-0.16
36,01,-5.276928763964617e-06,11.574925520045783,58.01885871766587,10.828720034978724,-0.38
38,03,-1.6001877676116956e-05,1.792558938959594,55.95160838729334,6.721166247665241,-0.28
40,05,-2.9170486620455693e-05,-20.4214844770534,47.92201473479629,9.468134508666173,-0.03
41,06,-3.17826830204164e-05,-27.949367026435006,48.16991035015053,8.309710549185011,0.78
42,07,-3.416977696542745e-05,-21.999847670688425,39.2781192299025,2.935726840890864,1.79
43,08,-3.1963929242763654e-05,-15.790871219429917,46.55304641459066,12.161826806775984,2.02
44,09,-2.1331834113273846e-05,-6.238656323920356,43.43915766518911,11.304056086709762,1.81
46,11,-1.519573135911843e-05,20.401449884033198,56.70156626680825,14.35263231576284,2.28
47,12,-1.0313162028783104e-05,17.753608460457098,55.75187243828721,13.39048569564409,2.48
48,01,-1.1369238679367056e-05,31.70380508160335,51.86229076744793,23.507062125913563,2.57
49,02,-1.1685804688698098e-05,2.732715975443522,46.129101684696614,-0.6980405422619412,2.74
50,03,-1.3839232150540515e-05,-0.5926843497983868,57.115805566785156,13.265807060569843,2.68
51,04,-2.090864053300013e-05,-10.60586452026367,65.75529212030038,9.872940920575457,2.79
54,07,-3.282222612492611e-05,-33.091220865229126,44.1499227373741,7.109862047544089,0.75
55,08,-2.6941880611302234e-05,-27.08358682743196,31.77761535606461,0.022965281558293076,-0.11
57,10,-2.1395454446465794e-05,12.186390243366201,47.91972020449689,17.807696523379256,-0.43
58,11,-9.367185011372688e-06,10.117007967122396,41.05919099200301,7.654566838243273,-0.43
59,12,-8.522425015388596e-06,21.808005747805364,57.410435429080856,13.30256360898992,-0.43
60,01,-1.1848107099418698e-05,28.771229348787696,56.9102486772409,17.3053938906885,-0.5
61,02,-9.682757584759485e-06,6.4267875001403105,47.08914505602986,1.374231495539348,-0.52
62,03,-1.3818876191033916e-05,-6.2181760956138685,56.610379949503034,1.7070786961791335,-0.11
63,04,-2.3066575134180317e-05,-21.124448284233942,53.13685258980724,2.0456456870185007,0.09
64,05,-2.301351515928619e-05,-21.276121071107926,61.30564291210714,-3.17149069710188,-0.47
65,06,-3.0384449369921637e-05,-25.249517172580298,53.14751710217263,7.471991460397509,-0.72
68,09,-2.2138291550658728e-05,-0.809648367987739,66.94727416271104,10.311384230168663,-0.11
70,11,-1.2000811908506469e-05,17.20852971835666,62.11537896577253,10.336642698266768,-0.58
71,12,-7.343828446024142e-06,12.754345215500043,59.86620702467682,8.305007507467783,-0.31
72,01,-6.201572312694294e-06,7.789162023728894,59.71689801232405,3.3671332889679944,-0.25
73,02,-7.646551471441942e-06,-7.170963860648018,49.17462651499538,5.9333629534131,-0.58
74,03,-1.1304150707112197e-05,-2.56875498781922,68.34861116093205,5.728958231320945,-0.6
76,05,-2.800802443084893e-05,-16.149492612120927,55.7763452255995,0.7978462683975057,-1.22
77,06,-3.090711121482552e-05,-17.990251360066733,61.34983533646531,9.56488656516605,-0.57
78,07,-3.447742918110781e-05,-15.274860501197074,50.75858460182529,13.101680323898153,-0.02
82,11,-1.5779393952086846e-05,2.730464919026692,53.6031213278585,8.510707509316338,0.0
83,12,-6.748697063030508e-06,22.216181771555252,62.92255071562849,19.30713940606066,-0.34
84,01,-1.0488508364736625e-05,25.802121266682942,67.17732922877546,14.171719384019092,-0.36
85,02,-9.105866422227595e-06,-15.737989101954868,41.279925076501705,-5.740575921649026,-0.3
86,03,-1.09558865346488e-05,2.199697240357758,53.96111336709735,11.289218418552027,-0.39
87,04,-1.9242588071877733e-05,-14.953707265557181,61.57429541588492,5.863026918029785,-0.52
88,05,-3.1224375424332516e-05,-18.680161248648037,54.14751819698144,12.02608065945615,-0.18
89,06,-3.5890827366468634e-05,-24.274000357055662,43.53411597645681,3.068294317224291,0.12
91,08,-3.1366839325049225e-05,-20.726613564768147,49.22354232249208,13.797753053542104,1.05
95,12,-1.128779906788603e-05,28.043287035542146,58.52688881322774,15.426232051849366,1.06
96,01,-8.849628261046861e-06,-8.473066081057311,52.03738375666833,3.380256105915193,0.98
97,02,-5.771432554432804e-06,6.824847212655203,67.52644709656069,7.183116704645611,1.08
98,03,-1.3287096029671374e-05,-5.803373095440609,55.151999684815046,8.146193476933306,1.47
100,05,-2.791426425801057e-05,-28.103053294192083,60.924986691195485,5.088691424010902,1.91
101,06,-2.8837502824555686e-05,-20.989433822292757,61.5306473079814,12.883800532786049,2.02
102,07,-3.379324687933062e-05,-20.07741719498173,55.40260847481861,8.933421974059073,1.92
105,10,-1.9746457593286597e-05,13.28605210072507,59.41998880579267,8.569977047376735,1.13
106,11,-1.2423982501220758e-05,8.69252590874566,58.77474638277293,6.046647794045342,0.85
107,12,-5.659096497726741e-06,10.619382738339004,50.16868590621025,10.722129596197476,0.75
108,01,-9.400724827868036e-06,23.76198229324177,64.8158600401199,14.951265936513103,0.59
109,02,-1.553154618433063e-05,17.196350676788683,61.10995617006565,13.528206202342595,0.31
111,04,-2.4692344382775542e-05,-22.74501348402235,55.09817502149212,6.067272683482699,-0.01
114,07,-3.385038605679304e-05,-9.511822006717805,59.07058047961163,15.473679856002972,-1.77
115,08,-3.211179117533902e-05,-13.866469908683532,47.473473327189375,13.94590260669749,-1.79
116,09,-2.5435363158006416e-05,2.907980506727431,49.177534459747214,11.980116043281555,-1.77
117,10,-1.6347254436593455e-05,7.273599919801116,47.520342997120274,9.869671590989638,-1.54
118,11,-1.0307503538792339e-05,7.8851572241889105,46.36847800110711,9.089208542802597,-1.61
119,12,-7.866494279115095e-06,20.208327730240367,52.71666673100892,12.202970729561263,-1.49
120,01,-5.490775168401608e-06,12.580168148245866,46.32122026583841,10.294662934293028,-1.09
122,03,-1.7582771425163286e-05,5.919001820882161,61.97907953674307,17.954782301687423,-1.2
123,04,-2.3728384267512105e-05,-15.711892689005532,62.36782957411343,5.260100383440654,-1.09
124,05,-3.2913617601255e-05,-32.404015432706444,43.15242019264416,6.0320307345851765,-1.04
125,06,-3.3498540398290464e-05,-35.047065074327264,55.710710440916486,4.440140065659417,-1.02
126,07,-3.3625666249610085e-05,-27.510599928661055,42.19065745926929,6.757328301583567,-1.12
127,08,-3.0036708770112647e-05,-17.0266568734774,43.458151734339296,11.918716067467969,-0.73
128,09,-2.1827326350689368e-05,-6.781363076782227,44.02462579022247,2.8825163167741565,-0.61
130,11,-1.311930024130561e-05,7.912713109334308,43.72629240063826,6.5622522730721355,-0.33
132,01,-9.708490018202875e-06,23.531725362798216,54.619796854420386,17.500156613913916,0.12
133,02,-1.709957590030951e-05,31.83555304718018,59.52337883048256,22.9481457257952,0.43
134,03,-1.7018775953137494e-05,2.372058311872584,47.98838851665681,13.333049105408369,0.61
135,04,-2.7999317039636173e-05,-19.276666238742408,46.732171709169286,3.7507871259901253,0.17
136,05,-3.125298669270236e-05,-34.3688931694441,36.06377147361027,5.1684694324001175,0.03
137,06,-3.068480971400681e-05,-23.63770078192817,52.16888050745726,7.454946297454835,0.04
138,07,-3.559518055198981e-05,-33.07448882301904,37.832517702871755,11.827403479811963,0.17
139,08,-2.897321149455781e-05,-28.290339532667595,47.590817581110095,9.989635868913387,0.06
140,09,-2.7407515947157255e-05,-3.6402964202880854,48.108384553693405,12.827943298954434,0.21
142,11,-1.0645134954231454e-05,8.876481322224937,54.38112868225972,5.109709851434498,0.12
144,01,-9.804670876438911e-06,24.167181801416536,38.86062395377826,8.86982310034639,0.16
145,02,-6.996622216688376e-06,0.507544446309408,46.996895068120395,2.419369213149661,0.08
148,05,-2.5811937759284265e-05,-33.066711107479634,47.67298183366304,0.8872901309023614,0.35
149,06,-2.987989489524302e-05,-20.686577268473304,57.62339900992447,14.718036211374072,0.89
150,07,-3.606362330103894e-05,-12.26554677852508,46.37869990175771,6.619193799377769,0.88
151,08,-2.9805839779475068e-05,-22.79464663072811,38.70661156831249,11.01385874016054,0.42
152,09,-2.1833397036001162e-05,-8.548686426798504,39.4321560544822,9.955680732430352,0.62
153,10,-2.004618059737534e-05,2.17344532234438,45.307421456006274,4.971583007299772,1.09
154,11,-1.4646135411648073e-05,14.444811823866104,60.08639300202131,11.738773440445796,1.17
155,12,-7.654158530845394e-06,17.942148733159545,42.031411531264894,8.257994727001396,1.29
156,01,-5.988280283046514e-06,9.900324605634134,41.55076964045469,3.217538565153716,1.7
157,02,-7.568776633878318e-06,10.513905402874128,42.596786469010105,11.67841455961644,1.59
158,03,-1.6743815379482177e-05,3.675611719931326,56.535387553599556,12.80877443896058,1.72
160,05,-3.502280750303383e-05,-18.415903687507882,37.98684394011575,3.870598782180457,1.69
162,07,-3.3542465003026134e-05,-26.574038988010855,46.61348771423679,10.104954804943455,0.76
163,08,-3.290884278264643e-05,-13.404264240552024,52.83446418771308,17.78341034901527,0.08
164,09,-2.5466491539959356e-05,-1.4094354346381297,48.6797681992597,9.088945560031467,0.5
165,10,-1.9484351597922247e-05,1.9587082073252686,58.379234332862715,6.554792054104549,0.81
166,11,-1.321692710625939e-05,23.694389510769323,50.96693710040848,20.914857090568542,0.73
169,02,-8.449411843078754e-06,-1.1622854381742926,41.2482318814184,2.4115948096456985,0.93
170,03,-1.4966802825774622e-05,-6.011914413616221,42.24266758934657,6.541541600606773,0.78
171,04,-2.191761210872048e-05,-4.539731902737087,59.59964808656376,3.7300693186442064,0.98
172,05,-3.0932743489659034e-05,-26.541132331437964,51.168041845343446,3.497821047116352,1.48
173,06,-3.281592492067931e-05,-24.277929318237305,46.836056776909025,9.25905919657813,1.5
174,07,-3.3366269429406925e-05,-23.52127023184171,53.23872095220833,13.991837543220932,0.91
175,08,-3.234485571499712e-05,-11.285276480397874,49.79429166342623,14.445863279670796,0.62
177,10,-1.798888249350155e-05,2.3637267239478326,43.9463890340828,3.003415204591649,0.95
178,11,-1.1587640056374466e-05,-1.8295716874864363,52.225245416957804,2.3298814604229396,0.7
179,12,-9.250304196792702e-06,31.236705364924607,64.63241229699248,20.999137792648806,0.26
180,01,-8.814763398506955e-06,28.086010490499522,59.814965074129006,17.509481018681676,0.02
181,02,-9.681430163471391e-06,-2.9269207930791947,54.97462990093799,6.761308108556839,-0.17
182,03,-1.5868986940443404e-05,12.424105568506382,56.25959003628518,25.385559077929432,-0.21
183,04,-2.4481364455176743e-05,-15.54007357143826,53.21672202842236,5.804787655745612,0.03
184,05,-2.8615912740195944e-05,-19.306992470361852,50.8592781971834,4.769940718599545,0.0
185,06,-3.390126228795352e-05,-22.424498955281575,49.86442946763436,12.548458471997579,0.25
186,07,-3.466171150601792e-05,-32.442688338413035,36.16844127948567,4.388184303857946,0.88
187,08,-3.527003988845888e-05,-15.806742182249662,41.714041907468136,12.279929775791784,0.84
188,09,-2.649383951805552e-05,-2.2674784339057075,50.77799905458556,9.422944353548688,1.06
189,10,-1.8016295581522476e-05,4.47270425086893,52.33998963107474,9.331117238485684,1.47
190,11,-8.92097842036795e-06,12.752254605102538,55.27824593100681,10.65475141023,0.99
191,12,-1.093666692604627e-05,22.757288210632986,53.902280609893545,16.48587201194353,0.87
192,01,-1.2804497735976505e-05,25.385474410518523,57.77612080058489,14.218067233526579,0.77
193,02,-1.271823695051786e-05,20.178666164579848,60.9734689490412,20.19777915863764,0.48
194,03,-2.219248033328259e-05,-0.5256330294045062,56.57506640008187,14.015041863861907,0.14
195,04,-2.3056703787511248e-05,-15.611610607231992,48.9374839578549,8.932633039940727,0.18
196,05,-3.3250014936618425e-05,-29.631465932538433,52.844916530618114,9.018692946013585,0.16
197,06,-3.44918315846169e-05,-24.446217814466692,49.08188772321145,4.274826041094461,-0.0
198,07,-3.591561413959817e-05,-25.92438248894804,39.340810654867084,7.295851527121759,-0.25
199,08,-3.331847033315239e-05,-31.29434137422295,33.68999910253863,0.6543888631225918,-0.65
200,09,-2.6222378082234683e-05,-4.395296908230251,54.09243484116659,5.966960947651334,-0.86
201,10,-1.4566836962311297e-05,5.514771194293934,41.310020164710224,12.37252014750819,-0.65
202,11,-1.3042386322538529e-05,9.068964893934462,58.53600206141338,6.407606474367777,-0.67
203,12,-8.991161045966975e-06,-5.598886509064706,48.51484771922968,2.4333651795746185,-0.82
204,01,-7.460320452180465e-06,-0.4728464959257379,45.67560021059616,1.658294647544943,-0.83
207,04,-2.0502408365953464e-05,-21.604367342122394,58.54018084150156,4.561729153993395,-0.69
208,05,-2.4253428110207234e-05,-26.022296560964275,51.92535755428705,9.13497221109944,-0.83
210,07,-3.142641031134248e-05,-27.054918192217425,49.82263012584947,10.088768128179733,-0.76
211,08,-2.9903093116464793e-05,-15.358725825155936,42.33743624172287,2.895004055515413,-0.6
213,10,-1.7171301486478214e-05,8.106230379494288,51.02844809201841,10.03043698339565,-0.31
214,11,-1.4551765714713837e-05,14.46901237657335,58.72207561985916,12.736440114508735,-0.3
215,12,-8.836182103413613e-06,1.1414017176474303,51.832999992789766,4.368369198132585,-0.45
217,02,-9.97768289436776e-06,28.48145621345157,61.04910012837534,22.079497913224362,-0.72
218,03,-1.2413017713795421e-05,-3.0697627356744577,49.8996438915832,12.954594367386195,-0.29
219,04,-2.201332183204714e-05,-17.60772253417969,50.15108422283994,7.54457913983663,0.17
221,06,-3.476727682935032e-05,-20.254541469319665,56.16686724849277,3.493047113927205,2.25
223,08,-3.064838395117496e-05,-15.397676236060358,39.11490551742816,4.405646029728714,2.2
224,09,-2.7053925191669103e-05,-10.968042353990342,40.873450344501606,12.051192799843681,2.17
225,10,-2.0736059433235615e-05,1.8364669255082322,46.07108195983722,11.233670121797948,2.01
226,11,-1.1372840429430654e-05,5.54297788119846,52.451002673839106,4.724241298357645,2.06
227,12,-9.893875752236308e-06,16.98351939342868,60.12797338394067,7.438668075274396,2.03
229,02,-7.893391973560764e-06,12.879144769577753,54.623768248409036,14.813645704178581,2.43
230,03,-1.582076560769428e-05,4.910139277304372,64.38913835901599,11.045111331426973,2.27
231,04,-2.2395207648413717e-05,-10.670934447903104,67.35853829729425,7.908418326038785,2.55
232,05,-3.182257207745645e-05,-20.036693252071256,51.31070372274871,3.9262605809857765,2.26
233,06,-3.4082233544055876e-05,-13.138249787733287,60.09514157660935,13.012940218522813,0.37
236,09,-2.4247977624205914e-05,0.3736279635959201,55.41774919654528,3.919208845329285,-1.31
237,10,-2.3367591303340108e-05,14.50471792602539,57.49670259841796,15.000559230353243,-1.21
238,11,-1.186565926222506e-05,4.6568576497395835,50.09492808050447,7.878285733710395,-1.3
239,12,-8.802920268002493e-06,22.454611907630838,51.308709990082264,12.782658350072886,-1.25
240,01,-9.430198710966792e-06,24.63400003675235,61.44896206574927,16.481189683155343,-1.26
241,02,-1.079772392194216e-05,13.779260249546594,59.85849182345754,13.373481011186328,-1.18
242,03,-1.3397230129969535e-05,-0.9194605676794566,60.6708199271861,9.409900608575471,-1.11
244,05,-3.422614240797327e-05,-20.88572949317194,50.723297991629586,8.779698450191047,-1.36
245,06,-3.759346314859108e-05,-24.964019442409946,49.104056137108806,9.589524438858033,-1.26
246,07,-3.775679561435789e-05,-20.12216363230059,34.70881050790896,6.7905215421697145,-1.19
248,09,-2.59650643648355e-05,-3.5717024329291456,50.26974016195536,5.929397126367357,-1.17
249,10,-2.1588807777500546e-05,5.981483147405809,48.24640764357326,9.68599304804238,-1.31
250,11,-1.3179962080519347e-05,12.654008286878799,52.50058610761298,4.796225587866042,-1.33
251,12,-1.3700721242369786e-05,27.986750325848984,63.54783165261822,19.86696872741945,-1.43
252,01,-6.553396535759588e-06,18.42038040095504,45.80448549491872,10.353726586782804,-1.26
253,02,-1.2230161100386137e-05,18.65321454909752,54.35344561065067,19.062788032948287,-1.27
254,03,-1.4517082142339604e-05,-0.5979741453765541,58.83941007500695,9.49542429823516,-1.36
255,04,-2.355722367422762e-05,-12.813957029554578,60.681698268123455,4.805695806566875,-0.93
256,05,-3.550879427684679e-05,-19.147158501081563,47.704144963514416,6.9489958812139365,-0.97
257,06,-3.750390542944741e-05,-27.016546727159287,42.780413097916714,14.330717013740538,-1.14
258,07,-3.168135436499142e-05,-21.668345875401656,51.88578506780696,6.044026700850455,-0.58
259,08,-3.0941285219664524e-05,-19.063545700565466,39.65101154342005,11.04517762957337,-0.08
260,09,-2.4486756719630248e-05,-2.020394458007812,56.817002186003,7.933719080649483,-0.36
261,10,-2.1893689024856883e-05,11.235235126454343,57.40779917159772,12.005480048866684,-0.55
263,12,-1.1904006665214989e-05,20.81303864280127,63.79751548051194,12.820332980145691,-0.8
264,01,-6.723928980547147e-06,14.384707934964087,53.25762820807451,6.1000643886237995,-0.82
265,02,-9.421481274265325e-06,7.153048214503697,61.79020408172125,11.07230871765954,-0.87
266,03,-1.3063552253355424e-05,-6.242824222359606,58.59238742218351,13.09184503670149,-0.79
267,04,-2.4765318735565716e-05,-15.737299090576174,60.65160554169682,10.400624713431462,-0.61
268,05,-3.372209000100225e-05,-25.790908090242777,45.58359570831253,7.128588644150765,-0.58
270,07,-3.6646507612448495e-05,-24.41304970722813,43.035889669943884,8.167003860658214,-0.02
272,09,-2.8629883362433853e-05,-3.361749937269423,60.89090815499625,7.402657788870068,-0.07
273,10,-1.872843477780094e-05,15.499699002173642,52.0420637966638,14.544020690487276,-0.25
274,11,-1.4045017091525046e-05,9.019137569173179,50.75557469189433,7.708632052760654,-0.32
276,01,-6.60295483731882e-06,23.604068570044735,51.65779350411636,13.556759391107867,0.07
277,02,-1.6342577849974034e-05,27.257544948032923,61.67323920420096,20.7849390369824,-0.26
278,03,-1.718439095667989e-05,-2.8514695644583754,52.573686629964456,12.162814038861184,-0.2
279,04,-2.4829810814864887e-05,-14.182246478949653,49.20558492463959,2.687068967501322,-0.36
280,05,-3.0134792006426703e-05,-17.31557953963741,52.31226475243542,4.80779668205015,-0.1
281,06,-3.5836119472898846e-05,-20.466573669433593,50.7506326838851,14.10018485385047,0.4
282,07,-3.594073215623134e-05,-17.96138944137737,48.60045512300026,8.125416749031315,0.42
283,08,-3.0240783373966385e-05,-12.41071590333344,52.640142950275894,0.3693177606316022,0.97
284,09,-2.726855740998468e-05,-6.606480073716904,41.46046437310777,-0.6506538895077175,0.84
285,10,-2.2813934475604865e-05,5.003235001430717,55.25826176021304,15.801558265091272,0.79
286,11,-9.433203981300014e-06,10.082439758300783,57.335292302331666,8.362891557502746,0.76
287,12,-9.155090198257839e-06,-0.601292420089886,52.83887711868107,3.7487439302218855,0.86
289,02,-9.213011075579354e-06,1.6289639434814458,40.65915042115535,-2.7782855909211293,0.62
290,03,-1.4304734281419465e-05,-4.024482163624097,45.80751552796749,5.931675549784015,0.53
291,04,-2.383696288773839e-05,-17.2942943037245,47.44735419490735,1.776840329636468,-0.08
292,05,-3.0977665722578726e-05,-19.48317038226384,57.695412786129985,13.447643165608888,-0.57
293,06,-3.491794925367785e-05,-29.63445593295627,48.58540389312637,15.360014124997457,-0.07
294,07,-3.637924248004731e-05,-25.786057973554062,44.12265574810709,7.717995313931539,0.01
295,08,-3.1032737283929096e-05,-31.771135562691633,39.36124998163152,10.79600291262391,0.01
296,09,-2.437035215904568e-05,-12.497950702243381,40.21523504180775,8.71134063267178,0.14
297,10,-2.1305207502659715e-05,-2.352458050143333,49.86598729915773,5.868036298526231,0.26
298,11,-8.746191556262298e-06,13.336127873399521,55.471923015075255,9.657236481560602,0.29
300,01,-8.992702947169514e-06,20.66453995308825,64.87525535803712,12.400445861242154,0.16
301,02,-1.1818901434843997e-05,12.780648606925178,58.06078212638148,8.718364602428743,-0.04
303,04,-2.4217375733618005e-05,-11.611916856553819,59.49211039767795,3.0342327328787904,-0.23
305,06,-3.421590459786078e-05,-30.121984181382924,54.56608841220009,13.141829840681288,-0.34
306,07,-3.5823426863228845e-05,-21.040274605699764,48.61712288511441,11.099155380125966,0.43
307,08,-3.442271008691844e-05,-10.630728795861687,53.4802156332962,7.505057596555321,0.74
308,09,-3.09724094837697e-05,1.3779368174235027,41.60773183429904,12.613644289016724,0.54
309,10,-1.9737982986943505e-05,10.8786054316695,45.96995730125903,11.938783076604208,0.34
310,11,-1.219442167142309e-05,8.63346869269477,52.650442458646836,7.877422987598844,0.51
311,12,-6.509792311736683e-06,12.651209838210898,41.13814304297201,9.412742538349605,0.51
312,01,-1.0532949036563073e-05,27.835473567839585,50.62756816835045,13.787942452297413,0.08
313,02,-1.0796667724878803e-05,1.9850640389578682,54.967533898224424,-0.5147282207352782,0.61
316,05,-3.3327865934669755e-05,-23.83920729967343,52.369123788558014,12.497400639995453,0.18
318,07,-3.409394384040644e-05,-23.561669685609886,47.80977541725482,6.903388320861324,-0.02
319,08,-3.320200081173924e-05,-14.21000237282374,41.28222914207624,7.691539144146827,-0.01
321,10,-1.7187334372416657e-05,10.538457600583316,41.694871458662455,6.321603889998569,-0.71
322,11,-1.4535249143672345e-05,9.326381112670902,61.63253474075529,8.41573143863678,-0.75
323,12,-9.12172876785682e-06,14.485518746324761,56.37181309181387,6.250331046853014,-0.73
325,02,-8.8568046297561e-06,4.634872235616048,55.29220876641359,2.863534123965672,-0.5
326,03,-1.3873502668170125e-05,-4.782673361173239,59.930227692120816,8.711972299124605,-0.61
327,04,-2.37631702343909e-05,-18.782449027506512,53.65862876264652,13.231339445326062,-0.84
328,05,-3.370682173148433e-05,-13.439136345319852,55.415879218805216,11.327168507647768,-0.43
329,06,-3.4785863751151034e-05,-27.11431088460287,44.96967633606062,6.44561336379581,-0.23
330,07,-3.3670624993676266e-05,-35.11209074615151,34.7803111832411,5.194669483061761,0.11
332,09,-2.4569920312832332e-05,-1.9050392035590278,48.50952039943403,7.6637080093383805,0.63
333,10,-2.0357669840078775e-05,8.929626497002058,49.91160704086961,11.764139995021203,0.68
334,11,-1.6638314112929544e-05,21.698549422539603,51.20864173750348,16.657310976600645,0.9
335,12,-1.1844671387852061e-05,21.158474252352146,51.61357204472506,13.276590780688874,0.59
336,01,-1.3167410284109127e-05,32.71415653975292,54.798027210791915,20.381366841223937,0.62
338,03,-1.969343553138324e-05,2.858439688077537,50.951221448258686,3.589432570611277,-0.22
339,04,-2.5420359923575438e-05,-23.728481532796227,35.425640993569964,3.3506547569486838,-0.36
340,05,-3.1186685044343005e-05,-23.42358186127037,55.67473245647261,10.869236741629978,-0.44
341,06,-3.458860908376663e-05,-19.802041976589628,51.81401281598541,5.424472069888645,-0.86
342,07,-4.0491175616739144e-05,-14.380545316962786,51.51913973191349,13.94707431110259,-0.77
343,08,-3.430768915528969e-05,-11.902402343421853,46.669440629773256,6.611389506945046,-0.93
344,09,-2.677926907070085e-05,-2.246240928141275,48.58724766878287,8.22912563188341,-1.1
346,11,-1.4172945336880124e-05,15.984315191311307,55.0159122577058,10.173234992345176,-1.13
347,12,-9.103623443880553e-06,18.67049515623687,44.72693699303237,6.526885977427164,-1.22
349,02,-9.733829621899499e-06,11.488472740085646,43.235250111784055,12.265323426432992,-1.27
350,03,-2.0140387961912898e-05,4.352542552004578,67.29393991330491,15.45844951196896,-1.54
351,04,-2.446588194630345e-05,-15.287676639472116,50.48518859204715,7.088551215807597,-1.13
352,05,-3.326288808405293e-05,-18.37616691179173,46.32872357566895,0.6533463385182041,-0.98
353,06,-3.476253857051133e-05,-32.52892781643338,47.80475471985869,12.328733485349018,-0.86
355,08,-3.3834556450724496e-05,-9.036356891591062,49.02626591384924,13.036809177316645,-1.08
356,09,-2.5189189388381943e-05,-2.5223080678304033,46.95382839618127,4.18150704068078,-1.07
357,10,-1.8222273044254205e-05,6.518695762716314,54.30898137165141,13.949120030803067,-1.12
360,01,-6.219402897665034e-06,13.638463789416898,56.756673166043,4.487606855351436,-1.01
362,03,-1.4006747319585248e-05,0.15545269151913163,60.10794240493287,9.182660163920414,-0.94
363,04,-2.2896213735516033e-05,-13.763160278998479,44.90089633327524,-0.685411971897549,-0.81
364,05,-3.152253704363203e-05,-24.89160391596312,50.72287625494953,12.152716374838224,-0.72
365,06,-3.4585202314802804e-05,-32.20444840494791,47.13420631794532,8.964238966602748,-0.06
368,09,-2.396435872586961e-05,-8.675344586181641,43.626415080409586,5.422410661633809,0.39
369,10,-1.8213049179844e-05,4.716025361748153,49.256211021474606,10.755346892162034,0.56
370,11,-1.3997967538165946e-05,28.005924584282763,63.3120259418408,16.328244664086235,1.05
371,12,-8.896478755051119e-06,9.686923075029926,62.37685010996686,7.806057778881443,0.96
372,01,-6.091251291421628e-06,2.9262350808420488,60.36061479552843,4.086005965673795,0.93
373,02,-7.65345504045659e-06,5.717629487900508,61.53230691539674,8.026179726691472,1.28
374,03,-1.4227020407356234e-05,-0.1344084672825314,56.345688745778084,6.929926506247573,1.31
376,05,-2.827942739082006e-05,-27.387183430333288,51.416537502500645,6.36290959364368,-0.17
377,06,-3.182083758476639e-05,-35.711798379855686,43.71565713060168,5.184164862230089,-1.33
378,07,-3.4407490462771055e-05,-31.11366353779454,49.13440625845617,10.114219836901592,-2.43
379,08,-3.27152816781925e-05,-15.088779016966459,50.057286181364006,11.199890485086746,-2.4
380,09,-2.3803562745282155e-05,-1.7829848341200085,47.799041656389505,7.507118406274583,-2.28
381,10,-1.8914465963579488e-05,8.677334267236855,54.52403665949838,6.946783918237173,-2.18
382,11,-1.1904203317903414e-05,4.708053307088217,64.34552551558414,11.954520990626015,-2.04
383,12,-7.738160395268594e-06,4.967533013128466,56.59717789244652,9.098118736759309,-1.91
385,02,-7.274441715534998e-06,7.353929252261208,64.81677477946593,12.228949002470287,-1.63
386,03,-1.235675504704564e-05,-6.3443144091534345,43.386579177287324,6.132339461931618,-1.79
387,04,-2.5035789431644346e-05,-14.869033695136176,49.48712501599656,3.5041900164074367,-1.74
388,05,-3.0008848766624646e-05,-32.62149781881353,48.67582858574712,12.94653068993681,-1.29
389,06,-3.4230032604055946e-05,-25.01744469502767,49.43961729888122,9.191161323695713,-1.08
390,07,-3.7348723895911946e-05,-18.427609645064162,51.34294977803511,5.025835220500987,-0.86
391,08,-3.274760770019843e-05,-10.64563058373236,50.85391145080519,14.01876132214454,-0.88
392,09,-2.5484862159343414e-05,2.648160398695204,48.54894579696125,15.945109005716112,-1.16
393,10,-1.916051529891168e-05,8.726722329416583,41.10612051369683,11.441918302064302,-1.37
394,11,-8.12447487300637e-06,7.208228931681314,45.10324230610001,5.92565191201104,-1.21
396,01,-9.557997748420493e-06,23.492998173539362,55.985124487241116,15.473656117552068,-1.08
397,02,-6.941694202459045e-06,2.77444112036694,54.92825397600388,2.178728864450564,-0.67
398,03,-1.1845709033173812e-05,-9.130659757880753,42.53471919810516,4.415157397813695,-0.59
399,04,-2.412122515035865e-05,-15.116672309705946,65.52592149374486,9.397371100213794,-0.43
401,06,-3.633841799156573e-05,-15.284035491265191,54.862410076340026,15.388559870190088,-0.28
402,07,-3.9630504535585143e-05,-18.105863085346844,55.33667580591222,9.643338416766094,0.3
403,08,-3.664081436780238e-05,-14.530181596981583,48.63167088847007,11.868504572201799,-0.06
404,09,-2.780254297756781e-05,-4.337274759928387,47.643611919113,13.954834382735358,-0.32
405,10,-1.749340033099435e-05,6.576196681525118,62.883388684188155,14.909538201732023,-0.22
406,11,-9.782895505729057e-06,13.286790387301977,48.36725960095062,12.563796591271297,-0.07
408,01,-7.079607454118081e-06,9.77005108642578,59.36599973937003,11.252236509794832,-0.05
410,03,-1.6003138249269338e-05,-14.11737674147083,62.83003596656937,4.0497559374942576,-0.14
411,04,-2.0434202846445263e-05,-16.983018215264217,45.651346360141694,11.989419890530904,-0.37
412,05,-2.7662325821888435e-05,-23.158452428017892,56.92952051083376,2.4006520103946807,-0.71
413,06,-3.319209287441886e-05,-26.815010833062065,45.349666944320994,8.969547468270196,-1.18
414,07,-3.405638901301333e-05,-27.630988150319745,40.32137145659744,6.063395621740689,-0.85
415,08,-3.2683108437937644e-05,-17.84199171037572,39.46305893081491,9.443083260218303,-0.5
416,09,-2.475842662511746e-05,-8.054260448540582,49.65095689521101,9.695096008894179,-0.38
417,10,-1.765674730958508e-05,13.677036990258001,51.31546706972713,9.855143433540098,-0.16
419,12,-9.44601224512954e-06,28.97793200421077,55.46996279250422,17.02456877497191,-0.35
420,01,-8.580053124215514e-06,22.96357862870411,63.49304372530727,12.436592943314585,-0.51
422,03,-1.6731313326227373e-05,-1.3453218475669946,47.843510205716214,8.635303588846677,-0.08
423,04,-2.3883861623916246e-05,-16.521862002224392,58.86005653639768,4.371208240678578,-0.16
426,07,-3.570791800838603e-05,-18.498887496784167,52.862582088247414,2.4712541101312127,0.32
427,08,-3.5946427165531874e-05,-15.756697428713563,51.75170243226714,11.565455817253357,0.16
431,12,-1.0581146033268115e-05,22.95546643394552,54.273882943514856,14.305220015987274,0.34
433,02,-8.153189459681882e-06,8.31590086110433,48.93550452213628,2.498706819670541,0.05
435,04,-2.4346638547669703e-05,-22.934988667466907,50.17846367060873,10.873251885689628,0.35
437,06,-3.477750818122634e-05,-31.860220404391814,46.7203716229452,14.235752619510228,1.85
440,09,-2.5603061031688413e-05,-1.6679924726698132,46.654843129608366,4.154875349871318,2.21
441,10,-1.3186316454061119e-05,-1.463842040031187,51.45971762442205,-0.8720540958937775,2.11
442,11,-1.4898132296588707e-05,27.46974549831814,55.57987919455502,19.895228572103715,1.88
443,12,-8.385574634596725e-06,33.275967709449034,59.292129598577816,20.310897958140217,1.9
444,01,-9.004527324929857e-06,20.359526514525058,60.00615774854665,14.172474664052327,1.94
445,02,-1.2519085415486441e-05,14.879537966322628,54.698993667597065,15.577092767211214,1.81
447,04,-2.7581765115751797e-05,-20.820068422105575,57.557788026644126,10.033905906762017,1.33
448,05,-3.16294027814815e-05,-19.310568396455505,50.32535560724812,2.073139207963021,1.26
449,06,-3.356170396635004e-05,-23.02242342732747,60.87640379265148,5.402156425751581,0.36
450,07,-3.758493633006676e-05,-22.269790681900524,47.74635748879372,14.40303122233319,-0.51
451,08,-3.3272750999810424e-05,-17.014684508621052,43.397001161080546,12.400393611907957,-0.28
452,09,-2.4645985519115736e-05,-7.889081433783638,37.34792189491059,7.136507175445558,-0.34
453,10,-1.526362983537594e-05,-3.798430909843855,48.34944315867911,3.3976095040639245,-0.6
454,11,-1.1750765303218536e-05,10.89123139716254,54.5964946256227,10.592714350276527,-0.51
455,12,-4.447676278540448e-06,15.633635981405934,42.93341399640295,10.629026270692066,-0.34
456,01,-6.416161365773257e-06,12.223324068787278,48.97643718384928,3.00486104214576,-0.41
458,03,-1.5800369091061108e-05,2.527072602630943,59.88884960889175,12.592574200394331,-0.58
459,04,-2.5679135762624757e-05,-26.331729773288306,46.84454056873057,9.407489323573644,-0.21
460,05,-2.9667726341906155e-05,-25.198657173730993,56.839670298081565,3.779986991472142,0.17
462,07,-3.888270218750779e-05,-23.176640851420746,56.14024401203919,13.697072580809232,-0.7
463,08,-3.333480648354688e-05,-12.395997953681537,44.035043613662005,13.987586888959333,-0.77
464,09,-2.5415033401845397e-05,-5.530321179199219,52.86381167994076,8.872825825288562,-0.8
465,10,-2.0550294828412475e-05,15.281469091599986,50.30405073937036,16.963595434599025,-0.63
466,11,-1.2597567349661808e-05,15.910226154920792,53.90823562632401,13.279509921370614,-0.63
467,12,-7.748080553331723e-06,20.40142875687794,63.311030514205655,11.00165480297868,-0.73
470,03,-1.3339704251535219e-05,-6.768148279333628,63.03257818707726,5.418887780302315,-0.79
471,04,-2.4140652476206825e-05,-8.481860700141059,60.03202422682047,9.565616241603427,-1.29
473,06,-3.447691067930363e-05,-33.33076165534125,39.74884000571834,5.857450155003866,-0.51
474,07,-3.4126774513620195e-05,-44.31138712696363,36.16823902212164,3.485621720426826,-0.17
475,08,-3.324744642680256e-05,-25.59706884437479,43.61733073811633,11.77572594638537,0.36
476,09,-2.7110998255941223e-05,-4.088550005425346,48.59134079140956,14.669336867396035,0.52
477,10,-1.717439320385384e-05,2.0582064438686585,44.893768001867876,9.415437937746768,0.41
478,11,-1.049799736220949e-05,11.533768935139973,58.11769115721252,2.182743043751187,0.26
479,12,-7.425197422547768e-06,21.47761040308142,53.53903508252609,13.274201738193474,0.13
480,01,-8.170035396257738e-06,18.813249751593478,61.34680531404607,7.291034113053352,0.08
481,02,-8.232899953890454e-06,13.675333238874163,51.283400613031226,10.586008830433798,0.52
482,03,-1.7898125718357898e-05,7.876527682396675,54.192069970153995,15.248105977909537,0.77
483,04,-2.786484313502215e-05,-15.88577495863173,41.53150874974462,-1.5698741665522258,0.33
484,05,-2.8741963674400066e-05,-37.081440074305384,54.09692304540707,7.031841904855544,0.26
485,06,-3.9525050331051005e-05,-23.208365014648436,47.86380608810849,8.609806874932184,0.35
486,07,-3.625940142692049e-05,-31.74150496025496,48.734570516079984,9.829136697256438,0.24
487,08,-3.404563471354698e-05,-17.337182702177312,41.57153246440298,12.387275987091884,0.3
488,09,-2.6543087166161665e-05,-4.24653964674208,45.73786681658825,13.203323169390362,0.15
489,10,-1.8569231195137014e-05,10.235854191605762,54.45598049366731,17.260129265016122,0.27
491,12,-8.260583359534854e-06,25.078029959073632,56.60606037604423,14.065375561703918,0.41
492,01,-6.012859741277161e-06,22.106840989635838,48.67357203781476,12.273396517066544,0.29
493,02,-1.5386156723984276e-05,31.748662168305497,64.97568837541958,24.30691208471101,0.3
495,04,-2.7043378228700023e-05,-24.0670989525689,35.17819720014996,5.183640297359891,-0.11
496,05,-2.995519203009721e-05,-45.04488896819084,46.51938461271666,10.13006349647686,-0.24
497,06,-3.546342912159163e-05,-30.903872137790252,54.092656515480414,3.432671832127041,-0.73
498,07,-3.552329937512147e-05,-24.55973527871409,49.31133174363516,16.479953436000375,-1.0
499,08,-3.48960954878191e-05,-17.491402352609946,46.845165995435046,8.51712136036863,-0.99
500,09,-2.4679065476549213e-05,-6.537764871215822,41.4254565234277,5.957221874258255,-1.19
501,10,-1.848353834580477e-05,14.114419966174706,59.132486595437086,10.385557453668246,-1.2
502,11,-1.0186800306089735e-05,15.631692754109702,47.969248177954896,12.617822023794385,-1.15
503,12,-6.893300624729055e-06,15.732371215492165,60.65007041392917,7.658956028005128,-1.16
504,01,-7.860778656987515e-06,14.34612370152627,66.80461903254064,10.133833827295609,-1.2
505,02,-9.005972841740524e-06,9.622026147751583,54.51137783175566,11.546674844446638,-0.95
506,03,-1.5948935392546162e-05,-0.9029574194467195,53.47545231677126,7.127447119456466,-0.79
508,05,-3.230829694098981e-05,-22.4746828918457,60.26473778712485,9.505540847839844,-1.06
509,06,-3.7502937650666964e-05,-26.38411481492784,47.88007799596918,4.540895039600795,-1.11
511,08,-3.444879628501263e-05,-12.903870650096605,45.419211714576655,7.435324650220974,-1.34
512,09,-2.3354238802332672e-05,-7.743464881388346,41.71682162190013,5.674252790345087,-1.41
513,10,-1.864643046111826e-05,14.62936670381279,46.729617401201246,12.118540854689897,-1.47
