,month,MER,MSSHF,RH,VW,msl
1,02,-7.399999772068052e-06,2.729709174746558,52.295623941567676,-1.3059519413312277,241.64868
2,03,-1.408509512223264e-05,7.08405715679866,62.090667984242096,3.9315372702485787,209.95172
4,05,-2.839083756912113e-05,-16.16055940262989,64.02205650719006,8.630355046979844,-185.486
5,06,-3.330413338050373e-05,-22.16353809509278,52.028707694198026,3.2090791480382284,-432.6953
6,07,-3.0671342559486147e-05,-22.637875941122733,53.00265082314577,-5.838931852156116,-496.47614
7,08,-2.8487004876296853e-05,-12.56110269165039,50.14281140049425,3.1812677038664456,-399.4373
8,09,-2.3132900744369383e-05,-4.023202255249023,42.3501046719922,-0.510687753507826,-127.1947
9,10,-1.6345863611966567e-05,2.642213581372333,56.92965585534547,5.778387170791627,79.47194
10,11,-1.1569333000928361e-05,13.890767045423724,49.679388139549886,-4.489285752847461,325.54218
11,12,-1.207531024335357e-05,24.691616260159407,64.98245628347064,-0.28389227742020834,376.71408
12,01,-5.795284385228985e-06,8.867661568262244,49.01821534482766,-3.3814287265244354,490.19153
14,03,-1.4070489600584629e-05,-6.186828353717764,55.02083505403355,0.9811663906958793,249.8096
16,05,-2.9285246377967465e-05,-30.998830406271004,47.47244699586335,-1.0137218133249581,-241.3425
17,06,-3.014735746900341e-05,-26.066622504679362,62.37913317463399,2.5734654588063557,-463.28864
18,07,-3.1905643976779664e-05,-14.025872309859079,48.67037434149174,-0.26483490488606115,-510.4736
20,09,-2.365392635981859e-05,-3.0327022542317708,42.946886476458445,1.5179921280543012,-160.04468
21,10,-2.1172643707369163e-05,7.590982919672484,58.4636376896443,0.00958403039747691,111.80881
22,11,-1.4279194747299093e-05,14.235161112806532,54.54851769668525,-4.371212425486247,213.6452
23,12,-7.873070872231058e-06,26.063403682913826,61.380955716897084,-9.22203131144534,469.12866
24,01,-7.860688640385075e-06,20.899533713063885,47.875411116570554,-14.993898111712548,628.16064
25,02,-8.991757432514056e-06,2.888394768487839,50.11619150138895,-5.97966216750372,404.23196
26,03,-1.2076194787720939e-05,11.89821663673975,73.37905685201383,2.7350078623987018,192.7007
27,04,-2.2320882245185202e-05,-19.334173597547743,50.02077896680037,-3.2069450362735323,-80.11313
28,05,-3.0310256707952082e-05,-17.47440350473055,59.34436809112436,7.16871375371051,-195.178
29,06,-3.0904296795920855e-05,-15.787571440294057,51.69619375912348,-0.5180842866049874,-403.8559
31,08,-2.8741253340065727e-05,-19.03508228654759,42.77699926753197,-5.737638261405371,-417.14377
32,09,-2.269007780640903e-05,-3.5648343312581385,46.85175361700852,6.289416321606107,-157.60777
33,10,-2.174942796122078e-05,9.781940688922843,60.93410625634399,2.4850872046152754,82.285706
34,11,-1.4328458308167076e-05,19.586548003133142,54.57233108670976,-11.457353041140237,378.6667
35,12,-7.687594037497059e-06,8.885675470167591,67.75924336626196,-4.769642162630634,441.41858
36,01,-5.276928763964617e-06,11.574925520045783,58.01885871766587,-4.891109149317589,429.386
37,02,-7.864293709969517e-06,5.468580898829869,51.56958197040644,1.6552668325560431,327.24133
38,03,-1.6001877676116956e-05,1.792558938959594,55.95160838729334,-1.5734310661233883,121.71685
39,04,-2.3437909088230905e-05,-21.874123499891493,46.11000325809585,-12.943029245885215,-85.48764
40,05,-2.9170486620455693e-05,-20.4214844770534,47.92201473479629,5.09572851915257,-231.96971
42,07,-3.416977696542745e-05,-21.999847670688425,39.2781192299025,0.7331812882782313,-508.35815
43,08,-3.1963929242763654e-05,-15.790871219429917,46.55304641459066,3.203157168829313,-440.46112
44,09,-2.1331834113273846e-05,-6.238656323920356,43.43915766518911,5.005797420205011,-170.75024
45,10,-1.6551261839878706e-05,3.491510892150223,54.79260846710333,3.9553702151800993,14.091192
46,11,-1.519573135911843e-05,20.401449884033198,56.70156626680825,5.924383153004117,285.61786
47,12,-1.0313162028783104e-05,17.753608460457098,55.75187243828721,-1.7107022496705413,437.14066
48,01,-1.1369238679367056e-05,31.70380508160335,51.86229076744793,-7.28827055961855,566.6824
49,02,-1.1685804688698098e-05,2.732715975443522,46.129101684696614,-5.2380526352155785,484.95178
51,04,-2.090864053300013e-05,-10.60586452026367,65.75529212030038,7.622805477269491,-129.10153
52,05,-2.6606813441591635e-05,-11.409518621957432,66.050863289825,8.684080295788345,-253.18924
53,06,-3.6603149109497395e-05,-25.008415187242296,46.266101067479454,0.1501536730660332,-325.65506
54,07,-3.282222612492611e-05,-33.091220865229126,44.1499227373741,0.5349078274183373,-512.6887
55,08,-2.6941880611302234e-05,-27.08358682743196,31.77761535606461,-1.2125626575510984,-456.25616
56,09,-2.725831751290065e-05,0.9693071214463977,44.86737590899468,1.751585998386807,-257.07492
57,10,-2.1395454446465794e-05,12.186390243366201,47.91972020449689,-2.097481352693291,48.800636
58,11,-9.367185011372688e-06,10.117007967122396,41.05919099200301,-6.614907704395718,293.19778
59,12,-8.522425015388596e-06,21.808005747805364,57.410435429080856,-2.6570578389526696,445.29846
60,01,-1.1848107099418698e-05,28.771229348787696,56.9102486772409,-1.8171058356992653,552.3152
62,03,-1.3818876191033916e-05,-6.2181760956138685,56.610379949503034,-2.6351272446211946,280.4601
63,04,-2.3066575134180317e-05,-21.124448284233942,53.13685258980724,-3.7798098264482283,-84.24859
64,05,-2.301351515928619e-05,-21.276121071107926,61.30564291210714,-0.677646871115572,-258.3191
67,08,-2.8069958612225798e-05,-17.017802792784988,42.472240740586344,1.4394752741577808,-435.55853
68,09,-2.2138291550658728e-05,-0.809648367987739,66.94727416271104,-1.9586343215306596,-128.9542
70,11,-1.2000811908506469e-05,17.20852971835666,62.11537896577253,9.75799302626716,270.76733
73,02,-7.646551471441942e-06,-7.170963860648018,49.17462651499538,-8.188289751120978,274.15796
74,03,-1.1304150707112197e-05,-2.56875498781922,68.34861116093205,0.883263510611749,239.2685
75,04,-2.3272295822324753e-05,-10.486857863362628,59.37646033687326,-3.498696371036106,-145.37167
77,06,-3.090711121482552e-05,-17.990251360066733,61.34983533646531,0.5723389233907065,-462.32605
78,07,-3.447742918110781e-05,-15.274860501197074,50.75858460182529,1.9624681110997348,-513.1906
79,08,-3.3271033724499884e-05,-4.3656862228557625,49.79625837316948,6.747224802570958,-472.3565
81,10,-1.5745955748394817e-05,1.4800897167574978,41.847355274659336,0.5071230077846077,-3.4674482
82,11,-1.5779393952086846e-05,2.730464919026692,53.6031213278585,-4.4680131394492255,243.55637
83,12,-6.748697063030508e-06,22.216181771555252,62.92255071562849,0.4556928207233385,526.71075
85,02,-9.105866422227595e-06,-15.737989101954868,41.279925076501705,-4.677185569944837,518.0037
86,03,-1.09558865346488e-05,2.199697240357758,53.96111336709735,1.529696232846988,224.97787
87,04,-1.9242588071877733e-05,-14.953707265557181,61.57429541588492,5.869092054367065,-82.76197
89,06,-3.5890827366468634e-05,-24.274000357055662,43.53411597645681,-1.683861653221978,-413.3607
90,07,-3.000731417455182e-05,-30.125119514383297,48.19723509739805,-0.8332931163541726,-485.46387
91,08,-3.1366839325049225e-05,-20.726613564768147,49.22354232249208,5.28556109350471,-409.97107
92,09,-2.1116000810717296e-05,-5.870355172729491,52.886519872754164,-3.8961140452067053,-165.92102
93,10,-1.7202233669146365e-05,6.4104873591597356,48.62927366667281,1.2270836029257823,160.91216
94,11,-1.2770530823662637e-05,20.62896745435927,57.76803370095226,2.6885640857060755,324.0502
95,12,-1.128779906788603e-05,28.043287035542146,58.52688881322774,-3.9448398696120077,485.27615
96,01,-8.849628261046861e-06,-8.473066081057311,52.03738375666833,-10.992317990600421,511.53082
97,02,-5.771432554432804e-06,6.824847212655203,67.52644709656069,-2.305479620888119,425.12207
98,03,-1.3287096029671374e-05,-5.803373095440609,55.151999684815046,-7.2440210121934125,216.10728
99,04,-2.2575659647211267e-05,-11.442104777696397,52.015024873095086,0.2727976148605345,-35.927048
101,06,-2.8837502824555686e-05,-20.989433822292757,61.5306473079814,3.1211598950915858,-360.36395
102,07,-3.379324687933062e-05,-20.07741719498173,55.40260847481861,-0.3532960533019038,-483.9945
104,09,-2.5696148892024614e-05,-3.969099077690972,51.22118268649578,2.196264123302036,-213.8295
105,10,-1.9746457593286597e-05,13.28605210072507,59.41998880579267,13.057100941893877,111.140884
106,11,-1.2423982501220758e-05,8.69252590874566,58.77474638277293,-4.4051263535393606,347.26575
107,12,-5.659096497726741e-06,10.619382738339004,50.16868590621025,-2.9305631152942615,377.2825
108,01,-9.400724827868036e-06,23.76198229324177,64.8158600401199,5.527936221091978,450.69196
109,02,-1.553154618433063e-05,17.196350676788683,61.10995617006565,-6.142772103408288,558.4642
110,03,-1.4791143874625109e-05,4.141464673442225,71.63935923557511,-8.382366675202562,227.70636
112,05,-3.182606770285695e-05,-15.882362545546664,52.83810746537357,6.448995066488942,-231.74216
114,07,-3.385038605679304e-05,-9.511822006717805,59.07058047961163,6.8323721847123995,-551.4872
115,08,-3.211179117533902e-05,-13.866469908683532,47.473473327189375,2.628318884675221,-422.21402
116,09,-2.5435363158006416e-05,2.907980506727431,49.177534459747214,-2.148785310766432,-192.9703
117,10,-1.6347254436593455e-05,7.273599919801116,47.520342997120274,3.924836768201601,84.272736
118,11,-1.0307503538792339e-05,7.8851572241889105,46.36847800110711,-8.722512957763671,259.0407
119,12,-7.866494279115095e-06,20.208327730240367,52.71666673100892,-12.605013241860172,390.40903
120,01,-5.490775168401608e-06,12.580168148245866,46.32122026583841,-0.17765723320745627,381.1044
123,04,-2.3728384267512105e-05,-15.711892689005532,62.36782957411343,5.176459208255344,-70.11102
124,05,-3.2913617601255e-05,-32.404015432706444,43.15242019264416,-1.0060280780382052,-260.3007
125,06,-3.3498540398290464e-05,-35.047065074327264,55.710710440916486,-0.8146940553241305,-392.8863
126,07,-3.3625666249610085e-05,-27.510599928661055,42.19065745926929,-5.965661229246407,-474.4892
127,08,-3.0036708770112647e-05,-17.0266568734774,43.458151734339296,-1.1468217086586903,-415.33075
128,09,-2.1827326350689368e-05,-6.781363076782227,44.02462579022247,-1.0855375805324978,-184.53773
129,10,-1.9913688146604526e-05,14.103063629806684,48.60193847477949,-2.4773695379892984,8.196082
132,01,-9.708490018202875e-06,23.531725362798216,54.619796854420386,2.2783597749689575,475.5381
134,03,-1.7018775953137494e-05,2.372058311872584,47.98838851665681,-3.703874424616497,207.05936
135,04,-2.7999317039636173e-05,-19.276666238742408,46.732171709169286,-2.407902050060696,-66.44609
136,05,-3.125298669270236e-05,-34.3688931694441,36.06377147361027,-0.4548254154984667,-241.33284
137,06,-3.068480971400681e-05,-23.63770078192817,52.16888050745726,3.9676137081358167,-473.72604
140,09,-2.7407515947157255e-05,-3.6402964202880854,48.108384553693405,-6.767911235004002,-210.98654
142,11,-1.0645134954231454e-05,8.876481322224937,54.38112868225972,-4.461492165671455,143.19022
143,12,-1.0178729378000547e-05,19.264495642221096,49.02194799312469,-4.244458656290527,348.07104
144,01,-9.804670876438911e-06,24.167181801416536,38.86062395377826,2.6246698665003616,463.2319
146,03,-1.2629808311264428e-05,-0.5304674036169569,53.76618897918476,3.679436902446132,151.99605
147,04,-2.5889148811054637e-05,-18.50936585184733,50.20018549894757,-3.8804163361655335,-2.835266
148,05,-2.5811937759284265e-05,-33.066711107479634,47.67298183366304,-12.559387157317131,-200.02475
149,06,-2.987989489524302e-05,-20.686577268473304,57.62339900992447,2.312953067652385,-408.40656
150,07,-3.606362330103894e-05,-12.26554677852508,46.37869990175771,3.502324325315414,-533.308
151,08,-2.9805839779475068e-05,-22.79464663072811,38.70661156831249,-1.1765128447214765,-409.32257
152,09,-2.1833397036001162e-05,-8.548686426798504,39.4321560544822,-0.019854519801669517,-137.5868
153,10,-2.004618059737534e-05,2.17344532234438,45.307421456006274,0.952629884084066,35.108955
154,11,-1.4646135411648073e-05,14.444811823866104,60.08639300202131,1.6261124956766764,323.38837
155,12,-7.654158530845394e-06,17.942148733159545,42.031411531264894,-8.3346434656779,444.59985
156,01,-5.988280283046514e-06,9.900324605634134,41.55076964045469,-4.6902770765161,529.05457
157,02,-7.568776633878318e-06,10.513905402874128,42.596786469010105,-4.960775098691043,327.05072
158,03,-1.6743815379482177e-05,3.675611719931326,56.535387553599556,-5.972428818959062,260.3625
159,04,-2.3724830210206465e-05,-12.979907084147134,60.15185276207658,-1.8858808835771346,-74.79205
160,05,-3.502280750303383e-05,-18.415903687507882,37.98684394011575,1.5834636519647416,-182.77339
161,06,-3.339920427913765e-05,-25.873405965508358,43.36981476617124,0.20037269441816533,-361.09045
162,07,-3.3542465003026134e-05,-26.574038988010855,46.61348771423679,2.7526454527044804,-498.83322
166,11,-1.321692710625939e-05,23.694389510769323,50.96693710040848,-2.830467434925503,322.80084
167,12,-8.425528942156701e-06,11.411874493342573,45.69198678764476,1.79938270771888,345.80707
168,01,-9.715480358609446e-06,34.39173987899288,57.42208674485646,-2.1686067230265627,443.7529
169,02,-8.449411843078754e-06,-1.1622854381742926,41.2482318814184,-7.902738267875852,418.461
171,04,-2.191761210872048e-05,-4.539731902737087,59.59964808656376,4.336087137201097,42.19703
175,08,-3.234485571499712e-05,-11.285276480397874,49.79429166342623,-1.517910512739612,-413.6015
179,12,-9.250304196792702e-06,31.236705364924607,64.63241229699248,-2.3895911745461094,498.62744
180,01,-8.814763398506955e-06,28.086010490499522,59.814965074129006,-2.550082951761061,442.09143
181,02,-9.681430163471391e-06,-2.9269207930791947,54.97462990093799,-1.1560002459117344,329.6269
182,03,-1.5868986940443404e-05,12.424105568506382,56.25959003628518,-5.109838371625509,228.12625
183,04,-2.4481364455176743e-05,-15.54007357143826,53.21672202842236,1.072442509057787,-56.25567
184,05,-2.8615912740195944e-05,-19.306992470361852,50.8592781971834,3.848988206781366,-254.49747
185,06,-3.390126228795352e-05,-22.424498955281575,49.86442946763436,-1.7603594158596463,-458.6791
187,08,-3.527003988845888e-05,-15.806742182249662,41.714041907468136,2.5525207887670045,-477.634
188,09,-2.649383951805552e-05,-2.2674784339057075,50.77799905458556,2.5801398991478814,-148.23842
189,10,-1.8016295581522476e-05,4.47270425086893,52.33998963107474,0.06765352751619064,115.420876
190,11,-8.92097842036795e-06,12.752254605102538,55.27824593100681,-0.3912592182583275,140.23544
191,12,-1.093666692604627e-05,22.757288210632986,53.902280609893545,-0.4517669412141207,509.8907
192,01,-1.2804497735976505e-05,25.385474410518523,57.77612080058489,-4.624458262494815,572.1852
193,02,-1.271823695051786e-05,20.178666164579848,60.9734689490412,-0.782204506329128,411.9549
194,03,-2.219248033328259e-05,-0.5256330294045062,56.57506640008187,-5.375294921936527,213.94572
195,04,-2.3056703787511248e-05,-15.611610607231992,48.9374839578549,-8.217882198884753,-17.592306
196,05,-3.3250014936618425e-05,-29.631465932538433,52.844916530618114,1.762601557700865,-211.97449
198,07,-3.591561413959817e-05,-25.92438248894804,39.340810654867084,2.4434866078284476,-540.88
199,08,-3.331847033315239e-05,-31.29434137422295,33.68999910253863,-6.406313635016001,-458.2113
200,09,-2.6222378082234683e-05,-4.395296908230251,54.09243484116659,0.612849772156609,-139.61813
201,10,-1.4566836962311297e-05,5.514771194293934,41.310020164710224,5.549859377050913,30.964237
202,11,-1.3042386322538529e-05,9.068964893934462,58.53600206141338,-4.377470945951673,200.58647
203,12,-8.991161045966975e-06,-5.598886509064706,48.51484771922968,-2.867056723256265,589.1076
204,01,-7.460320452180465e-06,-0.4728464959257379,45.67560021059616,6.124564749543385,497.51392
205,02,-7.544903639281147e-06,5.38362545916678,55.18347650017959,-2.21206523458985,422.588
206,03,-1.2827322511164368e-05,-10.990242480862525,51.72073062135199,-7.0827326481316675,223.92065
207,04,-2.0502408365953464e-05,-21.604367342122394,58.54018084150156,0.9496918742709688,38.168526
209,06,-2.8253365109311642e-05,-38.732165323215064,41.61192797080808,-2.092028507275052,-423.87836
210,07,-3.142641031134248e-05,-27.054918192217425,49.82263012584947,-3.1049256038050506,-481.39017
211,08,-2.9903093116464793e-05,-15.358725825155936,42.33743624172287,2.7272199784145563,-395.7445
212,09,-2.534073391895315e-05,-7.00570699428982,43.673043699496326,-8.668936958101062,-213.97858
213,10,-1.7171301486478214e-05,8.106230379494288,51.02844809201841,1.0061798058786697,41.88289
215,12,-8.836182103413613e-06,1.1414017176474303,51.832999992789766,-1.747326027634323,375.2386
217,02,-9.97768289436776e-06,28.48145621345157,61.04910012837534,-0.7881853435834248,433.69965
220,05,-3.085946982284968e-05,-22.07697987414944,55.658551038389554,0.9932646831184299,-223.10953
221,06,-3.476727682935032e-05,-20.254541469319665,56.16686724849277,4.90637015830146,-426.99988
222,07,-3.376502295814329e-05,-20.43258258581674,48.29218798171063,-0.6637979181966475,-518.65875
223,08,-3.064838395117496e-05,-15.397676236060358,39.11490551742816,1.682758229081349,-442.60843
224,09,-2.7053925191669103e-05,-10.968042353990342,40.873450344501606,-1.7348625640445288,-108.21657
225,10,-2.0736059433235615e-05,1.8364669255082322,46.07108195983722,-9.586813698840396,74.26288
226,11,-1.1372840429430654e-05,5.54297788119846,52.451002673839106,5.854934998512268,281.67096
228,01,-1.1099072907757458e-05,24.386054642872143,54.87726956107148,-1.450892314357142,582.9309
229,02,-7.893391973560764e-06,12.879144769577753,54.623768248409036,-3.037549276329223,382.35754
230,03,-1.582076560769428e-05,4.910139277304372,64.38913835901599,-10.113063399243101,245.3877
232,05,-3.182257207745645e-05,-20.036693252071256,51.31070372274871,-0.6871010359282137,-237.66692
233,06,-3.4082233544055876e-05,-13.138249787733287,60.09514157660935,6.3122358766767706,-451.008
236,09,-2.4247977624205914e-05,0.3736279635959201,55.41774919654528,1.3469011118359038,-244.82753
238,11,-1.186565926222506e-05,4.6568576497395835,50.09492808050447,-6.541430208015441,295.06705
241,02,-1.079772392194216e-05,13.779260249546594,59.85849182345754,-15.095687816460925,396.82123
242,03,-1.3397230129969535e-05,-0.9194605676794566,60.6708199271861,-1.3423963893972422,152.34818
243,04,-2.54553507465769e-05,-17.42901027967665,53.24983413987689,0.7264303844663831,-119.57006
244,05,-3.422614240797327e-05,-20.88572949317194,50.723297991629586,2.5149216677758,-249.31616
245,06,-3.759346314859108e-05,-24.964019442409946,49.104056137108806,2.4077966739866468,-398.66904
246,07,-3.775679561435789e-05,-20.12216363230059,34.70881050790896,-0.9507721068679647,-559.7229
247,08,-3.318467006672979e-05,-13.657699137697938,45.50563225292391,1.798294270935879,-428.02206
248,09,-2.59650643648355e-05,-3.5717024329291456,50.26974016195536,7.428677170393202,-223.06381
249,10,-2.1588807777500546e-05,5.981483147405809,48.24640764357326,0.7620047189240815,26.551369
250,11,-1.3179962080519347e-05,12.654008286878799,52.50058610761298,-5.3083783276663885,242.50264
251,12,-1.3700721242369786e-05,27.986750325848984,63.54783165261822,-4.7865400395137,448.60815
252,01,-6.553396535759588e-06,18.42038040095504,45.80448549491872,-7.92022200951525,460.3214
253,02,-1.2230161100386137e-05,18.65321454909752,54.35344561065067,-5.22298073832194,454.38425
254,03,-1.4517082142339604e-05,-0.5979741453765541,58.83941007500695,-8.101139608444708,214.52362
255,04,-2.355722367422762e-05,-12.813957029554578,60.681698268123455,9.074070477824739,-116.96311
256,05,-3.550879427684679e-05,-19.147158501081563,47.704144963514416,4.448491038230157,-326.6695
257,06,-3.750390542944741e-05,-27.016546727159287,42.780413097916714,1.1058663845909962,-431.31683
259,08,-3.0941285219664524e-05,-19.063545700565466,39.65101154342005,3.485725751159012,-447.46185
260,09,-2.4486756719630248e-05,-2.020394458007812,56.817002186003,3.919733715248108,-198.88275
261,10,-2.1893689024856883e-05,11.235235126454343,57.40779917159772,7.83856330803902,90.06322
263,12,-1.1904006665214989e-05,20.81303864280127,63.79751548051194,4.44023334568803,495.2221
264,01,-6.723928980547147e-06,14.384707934964087,53.25762820807451,2.9121106677311723,524.49097
265,02,-9.421481274265325e-06,7.153048214503697,61.79020408172125,-5.243323249499004,363.3334
269,06,-3.303585196628976e-05,-31.827683939954966,48.06642211600013,-2.844979031266107,-490.28665
270,07,-3.6646507612448495e-05,-24.41304970722813,43.035889669943884,3.3910846430050428,-533.17456
272,09,-2.8629883362433853e-05,-3.361749937269423,60.89090815499625,-5.33470389275021,-171.82706
273,10,-1.872843477780094e-05,15.499699002173642,52.0420637966638,8.002227872540873,25.0149
274,11,-1.4045017091525046e-05,9.019137569173179,50.75557469189433,-9.810931996197173,292.95184
275,12,-9.904081011676856e-06,14.487402564920403,52.82181985401466,-10.442604840391425,582.6971
276,01,-6.60295483731882e-06,23.604068570044735,51.65779350411636,0.24362739111787537,395.1147
277,02,-1.6342577849974034e-05,27.257544948032923,61.67323920420096,-1.1061846018972854,338.37878
279,04,-2.4829810814864887e-05,-14.182246478949653,49.20558492463959,-2.3918034127553303,-98.336044
280,05,-3.0134792006426703e-05,-17.31557953963741,52.31226475243542,8.87116875646448,-221.42276
281,06,-3.5836119472898846e-05,-20.466573669433593,50.7506326838851,5.354612818103367,-432.44492
282,07,-3.594073215623134e-05,-17.96138944137737,48.60045512300026,2.8066557161474734,-485.8015
285,10,-2.2813934475604865e-05,5.003235001430717,55.25826176021304,-1.6580593323451214,124.09902
286,11,-9.433203981300014e-06,10.082439758300783,57.335292302331666,3.1934507407718233,326.93854
287,12,-9.155090198257839e-06,-0.601292420089886,52.83887711868107,2.2550676486517793,536.37915
288,01,-7.996820467572737e-06,16.024269751435966,52.92226850532075,-6.687711740042573,553.7997
290,03,-1.4304734281419465e-05,-4.024482163624097,45.80751552796749,-1.8552307312462917,235.76486
291,04,-2.383696288773839e-05,-17.2942943037245,47.44735419490735,-3.901022283871968,-53.129852
292,05,-3.0977665722578726e-05,-19.48317038226384,57.695412786129985,7.087039322309597,-227.8548
294,07,-3.637924248004731e-05,-25.786057973554062,44.12265574810709,2.256303321858889,-524.4247
295,08,-3.1032737283929096e-05,-31.771135562691633,39.36124998163152,-0.9488135915366548,-380.4303
296,09,-2.437035215904568e-05,-12.497950702243381,40.21523504180775,-1.3662211480670508,-169.88843
297,10,-2.1305207502659715e-05,-2.352458050143333,49.86598729915773,-3.9558025068672755,73.57998
298,11,-8.746191556262298e-06,13.336127873399521,55.471923015075255,6.3600499339209655,207.35529
299,12,-8.986315398414586e-06,16.75842543636855,56.42778465677845,-3.4697213137842007,477.61063
300,01,-8.992702947169514e-06,20.66453995308825,64.87525535803712,-7.858934863285351,516.7217
301,02,-1.1818901434843997e-05,12.780648606925178,58.06078212638148,-6.535059127676075,403.6947
302,03,-1.5225630396960167e-05,1.0669384965794064,50.376974003080406,-1.138047160363966,160.10628
303,04,-2.4217375733618005e-05,-11.611916856553819,59.49211039767795,2.7121691885206443,-71.89835
304,05,-2.847669872224737e-05,-31.81054322043798,50.857990436966695,-4.050122515422042,-284.46576
305,06,-3.421590459786078e-05,-30.121984181382924,54.56608841220009,-2.826415734630161,-416.14417
306,07,-3.5823426863228845e-05,-21.040274605699764,48.61712288511441,1.6926178633577083,-468.38385
307,08,-3.442271008691844e-05,-10.630728795861687,53.4802156332962,3.4108706453384894,-388.7635
308,09,-3.09724094837697e-05,1.3779368174235027,41.60773183429904,-2.9949600599924717,-184.92697
309,10,-1.9737982986943505e-05,10.8786054316695,45.96995730125903,8.574271400144022,50.039753
310,11,-1.219442167142309e-05,8.63346869269477,52.650442458646836,-9.378043831952414,223.45905
312,01,-1.0532949036563073e-05,27.835473567839585,50.62756816835045,-11.788157165014617,530.48
313,02,-1.0796667724878803e-05,1.9850640389578682,54.967533898224424,-9.640787719771975,477.4542
315,04,-2.402455134354872e-05,-12.38321820203993,55.9102142579476,2.4257510029686817,-44.362362
316,05,-3.3327865934669755e-05,-23.83920729967343,52.369123788558014,2.0688526762480377,-211.25159
317,06,-3.715115132452208e-05,-30.632264646063906,50.84424858076307,-2.855177613343133,-474.8177
318,07,-3.409394384040644e-05,-23.561669685609886,47.80977541725482,-0.12447588444781559,-527.4461
319,08,-3.320200081173924e-05,-14.21000237282374,41.28222914207624,-2.113699344163299,-418.43698
320,09,-2.545146969718593e-05,-6.704652192857532,39.75358392157654,0.2588362180709841,-214.25713
322,11,-1.4535249143672345e-05,9.326381112670902,61.63253474075529,-3.2043117451349894,213.89418
323,12,-9.12172876785682e-06,14.485518746324761,56.37181309181387,-10.295047618948002,642.71906
324,01,-6.5253165958961526e-06,7.280853728591756,43.42763289413273,-3.6792645613557546,511.4566
325,02,-8.8568046297561e-06,4.634872235616048,55.29220876641359,-7.89652470570519,328.39404
326,03,-1.3873502668170125e-05,-4.782673361173239,59.930227692120816,-4.117894217727005,94.71379
327,04,-2.37631702343909e-05,-18.782449027506512,53.65862876264652,-3.6884300680584374,-110.980125
329,06,-3.4785863751151034e-05,-27.11431088460287,44.96967633606062,-0.9218781734678478,-436.85492
331,08,-3.203818718891423e-05,-14.970106861073484,56.166526000266416,-3.52028442745824,-460.4212
333,10,-2.0357669840078775e-05,8.929626497002058,49.91160704086961,4.390374926597842,-17.42583
334,11,-1.6638314112929544e-05,21.698549422539603,51.20864173750348,1.2719425642437405,185.7499
337,02,-9.635896793779033e-06,12.227102448962983,62.05461917357218,-0.014211802573431147,267.13425
339,04,-2.5420359923575438e-05,-23.728481532796227,35.425640993569964,-3.46331045973036,30.907879
340,05,-3.1186685044343005e-05,-23.42358186127037,55.67473245647261,3.6249730836191487,-294.46625
341,06,-3.458860908376663e-05,-19.802041976589628,51.81401281598541,4.854381080479092,-467.97015
343,08,-3.430768915528969e-05,-11.902402343421853,46.669440629773256,1.2682946735505136,-433.5669
344,09,-2.677926907070085e-05,-2.246240928141275,48.58724766878287,-5.713435930930243,-218.88174
347,12,-9.103623443880553e-06,18.67049515623687,44.72693699303237,-1.8565782344777098,394.11694
348,01,-9.98381483742544e-06,30.50790186531313,59.32570013750177,0.586831203993931,558.9527
350,03,-2.0140387961912898e-05,4.352542552004578,67.29393991330491,-5.924768195429157,81.48135
351,04,-2.446588194630345e-05,-15.287676639472116,50.48518859204715,0.7828483831617562,-138.94235
352,05,-3.326288808405293e-05,-18.37616691179173,46.32872357566895,3.5619684459522207,-254.17308
353,06,-3.476253857051133e-05,-32.52892781643338,47.80475471985869,2.4688790296554566,-485.34552
354,07,-3.577182100015043e-05,-18.878891244211506,53.425692884929724,3.024764808859876,-545.2572
355,08,-3.3834556450724496e-05,-9.036356891591062,49.02626591384924,4.132854468827607,-422.8385
358,11,-1.2143508331428165e-05,12.723418456013999,55.05112889809742,-2.265666114022997,267.32898
359,12,-6.623100362498576e-06,8.910789440196046,51.189781416840454,-4.5166699999737485,366.4485
361,02,-6.55127283612057e-06,7.2258432279314295,62.426701213981424,-11.307820014227003,234.32114
362,03,-1.4006747319585248e-05,0.15545269151913163,60.10794240493287,-7.658853321957333,91.72583
363,04,-2.2896213735516033e-05,-13.763160278998479,44.90089633327524,6.029264274046157,-95.742424
364,05,-3.152253704363203e-05,-24.89160391596312,50.72287625494953,2.6680380577169442,-252.92812
365,06,-3.4585202314802804e-05,-32.20444840494791,47.13420631794532,-1.996933453241984,-391.88187
366,07,-3.995988693131167e-05,-23.939954596078525,46.67216465320125,5.637807804107666,-520.99634
367,08,-3.326769469126164e-05,-18.63527480389995,42.41847231385144,4.007808858727896,-389.36725
368,09,-2.396435872586961e-05,-8.675344586181641,43.626415080409586,-3.429848154513041,-174.0514
370,11,-1.3997967538165946e-05,28.005924584282763,63.3120259418408,7.551464518504671,287.31842
372,01,-6.091251291421628e-06,2.9262350808420488,60.36061479552843,-4.786219943220897,610.01685
373,02,-7.65345504045659e-06,5.717629487900508,61.53230691539674,1.1087709607850937,420.5281
374,03,-1.4227020407356234e-05,-0.1344084672825314,56.345688745778084,-3.83277569327816,205.4008
376,05,-2.827942739082006e-05,-27.387183430333288,51.416537502500645,-1.7710000136590769,-242.7385
377,06,-3.182083758476639e-05,-35.711798379855686,43.71565713060168,-0.32030451049804715,-420.73407
378,07,-3.4407490462771055e-05,-31.11366353779454,49.13440625845617,5.159846364482757,-512.0064
379,08,-3.27152816781925e-05,-15.088779016966459,50.057286181364006,1.433999930351012,-424.0089
380,09,-2.3803562745282155e-05,-1.7829848341200085,47.799041656389505,-1.4900869473775227,-164.15466
381,10,-1.8914465963579488e-05,8.677334267236855,54.52403665949838,-0.012806594397432208,60.725838
382,11,-1.1904203317903414e-05,4.708053307088217,64.34552551558414,2.2457498138851597,147.80414
386,03,-1.235675504704564e-05,-6.3443144091534345,43.386579177287324,-2.7895524579530124,300.25067
387,04,-2.5035789431644346e-05,-14.869033695136176,49.48712501599656,-2.1548139828152126,-84.64599
388,05,-3.0008848766624646e-05,-32.62149781881353,48.67582858574712,3.1924649998449515,-237.58311
390,07,-3.7348723895911946e-05,-18.427609645064162,51.34294977803511,2.2203271809034453,-521.36096
391,08,-3.274760770019843e-05,-10.64563058373236,50.85391145080519,5.2939196082699675,-441.02075
392,09,-2.5484862159343414e-05,2.648160398695204,48.54894579696125,4.46301638607449,-191.63379
393,10,-1.916051529891168e-05,8.726722329416583,41.10612051369683,-0.8078829870531637,31.744629
395,12,-1.2744765838047034e-05,29.389911852764826,62.27082245179138,-4.9778297481126685,519.1269
397,02,-6.941694202459045e-06,2.77444112036694,54.92825397600388,-14.6274180279655,459.7699
398,03,-1.1845709033173812e-05,-9.130659757880753,42.53471919810516,-4.95342670649867,145.7326
399,04,-2.412122515035865e-05,-15.116672309705946,65.52592149374486,5.787491861258613,-147.74721
400,05,-3.2719707248821014e-05,-19.41600187732328,54.71462800888861,1.6779351170652654,-275.62543
401,06,-3.633841799156573e-05,-15.284035491265191,54.862410076340026,5.562437776141697,-474.47974
402,07,-3.9630504535585143e-05,-18.105863085346844,55.33667580591222,3.760446160183158,-539.80914
403,08,-3.664081436780238e-05,-14.530181596981583,48.63167088847007,5.85169593275747,-460.43982
405,10,-1.749340033099435e-05,6.576196681525118,62.883388684188155,4.1778068266017465,55.059868
406,11,-9.782895505729057e-06,13.286790387301977,48.36725960095062,4.77137181845771,216.13379
407,12,-8.270612005098982e-06,23.135962751162953,68.44660146777348,-2.9825643158984443,460.47116
408,01,-7.079607454118081e-06,9.77005108642578,59.36599973937003,-5.328164857536234,466.24777
409,02,-9.82560560788399e-06,1.2790957768758144,54.799641565576906,-10.674283386707305,396.22784
410,03,-1.6003138249269338e-05,-14.11737674147083,62.83003596656937,-0.8068198277258105,69.913246
411,04,-2.0434202846445263e-05,-16.983018215264217,45.651346360141694,4.8500732873916625,-75.91432
412,05,-2.7662325821888435e-05,-23.158452428017892,56.92952051083376,4.0431414947509765,-287.53296
413,06,-3.319209287441886e-05,-26.815010833062065,45.349666944320994,1.0148970746570165,-440.03613
414,07,-3.405638901301333e-05,-27.630988150319745,40.32137145659744,-0.11920491269839657,-579.82385
415,08,-3.2683108437937644e-05,-17.84199171037572,39.46305893081491,2.009526890908519,-414.3557
416,09,-2.475842662511746e-05,-8.054260448540582,49.65095689521101,-3.601356833860608,-215.09256
417,10,-1.765674730958508e-05,13.677036990258001,51.31546706972713,5.100314021879627,48.257706
418,11,-1.2026654228591521e-05,13.685960133870443,60.59634180396663,-4.091161051813762,197.25185
419,12,-9.44601224512954e-06,28.97793200421077,55.46996279250422,3.2309785680463237,402.63757
420,01,-8.580053124215514e-06,22.96357862870411,63.49304372530727,7.029194313151861,483.4005
421,02,-1.1990748406116751e-05,26.598223410470148,61.15281964255657,10.60320344007583,461.90588
422,03,-1.6731313326227373e-05,-1.3453218475669946,47.843510205716214,0.42368475792997606,189.22539
423,04,-2.3883861623916246e-05,-16.521862002224392,58.86005653639768,-1.7134484677420727,11.604675
424,05,-3.2321809314922687e-05,-17.350711201329386,63.11191008513332,1.5631698267536778,-253.50342
425,06,-3.645346474101341e-05,-28.120134918891054,43.231891095406475,-2.088116592703925,-419.48718
426,07,-3.570791800838603e-05,-18.498887496784167,52.862582088247414,2.0653683370979885,-521.44
427,08,-3.5946427165531874e-05,-15.756697428713563,51.75170243226714,3.428375722310877,-374.9485
429,10,-1.6616273676728237e-05,8.951883064844276,46.06859467966968,5.742346490121657,58.14061
430,11,-1.0089955154782932e-05,6.784489759657117,59.376273723493675,9.118718305354646,279.56708
431,12,-1.0581146033268115e-05,22.95546643394552,54.273882943514856,-5.379404907780308,502.4995
432,01,-9.2527426375611e-06,26.340960131573418,62.63006211892765,-3.8576281189046893,511.70248
433,02,-8.153189459681882e-06,8.31590086110433,48.93550452213628,-1.6321592513720196,369.4776
434,03,-1.5915630637317265e-05,-1.6360386480515998,44.90566300547765,-2.835005319595337,218.56439
436,05,-3.070366395367009e-05,-25.76910455847299,53.73915812349191,0.8686174524368779,-262.1707
437,06,-3.477750818122634e-05,-31.860220404391814,46.7203716229452,-1.0147045824898613,-412.87115
438,07,-3.7615658574522775e-05,-25.170489753641114,45.05531850020347,4.414139295885639,-506.713
439,08,-3.326061218056918e-05,-12.586229408838417,52.3345120203854,10.0172870392543,-394.4064
440,09,-2.5603061031688413e-05,-1.6679924726698132,46.654843129608366,-1.4644166116926407,-168.16847
441,10,-1.3186316454061119e-05,-1.463842040031187,51.45971762442205,0.10595317576008452,60.500114
444,01,-9.004527324929857e-06,20.359526514525058,60.00615774854665,-1.7895402638835296,648.9118
445,02,-1.2519085415486441e-05,14.879537966322628,54.698993667597065,-2.578204086939494,534.87756
446,03,-1.4810545610421827e-05,-5.396197126162949,59.004922374092125,-3.353224274830151,187.22543
447,04,-2.7581765115751797e-05,-20.820068422105575,57.557788026644126,2.228406386099921,-44.646503
448,05,-3.16294027814815e-05,-19.310568396455505,50.32535560724812,0.9736174805138702,-272.27222
449,06,-3.356170396635004e-05,-23.02242342732747,60.87640379265148,2.423815758026971,-423.6534
450,07,-3.758493633006676e-05,-22.269790681900524,47.74635748879372,1.5464795664100233,-545.56464
451,08,-3.3272750999810424e-05,-17.014684508621052,43.397001161080546,-0.02936674651279236,-398.60306
452,09,-2.4645985519115736e-05,-7.889081433783638,37.34792189491059,3.5211581916385226,-206.56781
453,10,-1.526362983537594e-05,-3.798430909843855,48.34944315867911,-3.7648246855992142,156.74353
455,12,-4.447676278540448e-06,15.633635981405934,42.93341399640295,-3.213377143326626,318.81384
456,01,-6.416161365773257e-06,12.223324068787278,48.97643718384928,-9.303821084730084,442.90887
457,02,-8.18821650381367e-06,12.903916228158135,62.959067062718525,2.093567276659466,395.863
458,03,-1.5800369091061108e-05,2.527072602630943,59.88884960889175,-1.2213739956066179,255.99669
460,05,-2.9667726341906155e-05,-25.198657173730993,56.839670298081565,1.8179982192952142,-242.46638
461,06,-3.566179110415154e-05,-31.36642959594727,52.944568701901716,1.6841690582911175,-403.2973
462,07,-3.888270218750779e-05,-23.176640851420746,56.14024401203919,1.4669344500880088,-522.27826
463,08,-3.333480648354688e-05,-12.395997953681537,44.035043613662005,5.206549530685589,-371.08185
465,10,-2.0550294828412475e-05,15.281469091599986,50.30405073937036,-5.476527976702618,41.36128
466,11,-1.2597567349661808e-05,15.910226154920792,53.90823562632401,-5.144581027221679,199.10857
467,12,-7.748080553331723e-06,20.40142875687794,63.311030514205655,-5.213931379113147,492.92984
468,01,-8.493993727101315e-06,23.796599253992884,55.116003269850566,-0.8613272718409056,548.0123
469,02,-1.1806723732206594e-05,-2.6082788761683875,46.30087924139698,-7.8224522454852154,342.99573
470,03,-1.3339704251535219e-05,-6.768148279333628,63.03257818707726,2.6816236802583107,36.657124
471,04,-2.4140652476206825e-05,-8.481860700141059,60.03202422682047,7.704519037034776,-21.81148
473,06,-3.447691067930363e-05,-33.33076165534125,39.74884000571834,-2.731220611657037,-443.1385
474,07,-3.4126774513620195e-05,-44.31138712696363,36.16823902212164,0.2656826255757326,-553.8303
475,08,-3.324744642680256e-05,-25.59706884437479,43.61733073811633,3.0056359347681845,-430.864
476,09,-2.7110998255941223e-05,-4.088550005425346,48.59134079140956,0.5139748941421511,-160.6095
477,10,-1.717439320385384e-05,2.0582064438686585,44.893768001867876,-0.6498442904154464,109.10087
478,11,-1.049799736220949e-05,11.533768935139973,58.11769115721252,7.461448430400424,296.76288
479,12,-7.425197422547768e-06,21.47761040308142,53.53903508252609,-7.805834964444561,548.16693
480,01,-8.170035396257738e-06,18.813249751593478,61.34680531404607,-13.357332215093798,504.4938
481,02,-8.232899953890454e-06,13.675333238874163,51.283400613031226,0.13648359216962544,330.94452
483,04,-2.786484313502215e-05,-15.88577495863173,41.53150874974462,4.106000278896755,-38.519997
486,07,-3.625940142692049e-05,-31.74150496025496,48.734570516079984,-1.339811041760188,-515.5163
488,09,-2.6543087166161665e-05,-4.24653964674208,45.73786681658825,-1.7770658088896008,-210.72081
489,10,-1.8569231195137014e-05,10.235854191605762,54.45598049366731,6.308236840812109,35.65391
490,11,-1.0039879183467646e-05,10.335369747924807,64.20363267016013,4.896114809354146,338.32837
491,12,-8.260583359534854e-06,25.078029959073632,56.60606037604423,1.3985874090707433,407.52783
492,01,-6.012859741277161e-06,22.106840989635838,48.67357203781476,0.20016098563901893,405.48608
493,02,-1.5386156723984276e-05,31.748662168305497,64.97568837541958,-0.9163454450629221,367.333
494,03,-1.9840231885472768e-05,-1.8349693298339842,46.56073982853019,-1.952287807956819,39.257427
495,04,-2.7043378228700023e-05,-24.0670989525689,35.17819720014996,-0.6015082754982847,18.977884
496,05,-2.995519203009721e-05,-45.04488896819084,46.51938461271666,-5.563120721488871,-200.616
498,07,-3.552329937512147e-05,-24.55973527871409,49.31133174363516,-0.7900067844185773,-483.00262
500,09,-2.4679065476549213e-05,-6.537764871215822,41.4254565234277,0.22758089597490075,-178.32104
501,10,-1.848353834580477e-05,14.114419966174706,59.132486595437086,4.539380098568496,67.83106
502,11,-1.0186800306089735e-05,15.631692754109702,47.969248177954896,4.185152656957838,304.50934
503,12,-6.893300624729055e-06,15.732371215492165,60.65007041392917,5.737939940524358,555.44336
504,01,-7.860778656987515e-06,14.34612370152627,66.80461903254064,-5.843250577844601,513.9136
506,03,-1.5948935392546162e-05,-0.9029574194467195,53.47545231677126,-7.318563435933921,36.198563
507,04,-2.588563685021654e-05,-27.98602328389486,47.86236142485672,-6.421966052585177,-16.052761
508,05,-3.230829694098981e-05,-22.4746828918457,60.26473778712485,3.197428371347406,-236.13562
509,06,-3.7502937650666964e-05,-26.38411481492784,47.88007799596918,3.3414038293414645,-392.47342
510,07,-3.6336240956178925e-05,-19.074829963273896,48.14752719921964,2.9915820770673855,-534.99756
511,08,-3.444879628501263e-05,-12.903870650096605,45.419211714576655,-3.4263525877306535,-388.19382
512,09,-2.3354238802332672e-05,-7.743464881388346,41.71682162190013,0.8442784887313844,-222.28116
513,10,-1.864643046111826e-05,14.62936670381279,46.729617401201246,1.9188417487605924,110.30165
