,month,MER,MSSHF,RH,tp,VW
0,01,-7.186377549426466e-06,5.464709561255669,62.6901256937955,61.434043169021606,-3.7666581846052605
1,02,-7.399999772068052e-06,2.729709174746558,52.295623941567676,62.58125376701355,-1.3059519413312277
2,03,-1.408509512223264e-05,7.08405715679866,62.090667984242096,107.00708317756653,3.9315372702485787
3,04,-2.191347909663616e-05,-15.59233038906521,62.41300571294825,65.13916850090027,1.0740941146002878
4,05,-2.839083756912113e-05,-16.16055940262989,64.02205650719006,98.91896796226501,8.630355046979844
5,06,-3.330413338050373e-05,-22.16353809509278,52.028707694198026,77.33350610733032,3.2090791480382284
6,07,-3.0671342559486147e-05,-22.637875941122733,53.00265082314577,36.31914162635803,-5.838931852156116
7,08,-2.8487004876296853e-05,-12.56110269165039,50.14281140049425,84.36125612258911,3.1812677038664456
8,09,-2.3132900744369383e-05,-4.023202255249023,42.3501046719922,43.01969242095947,-0.510687753507826
10,11,-1.1569333000928361e-05,13.890767045423724,49.679388139549886,76.8632504940033,-4.489285752847461
11,12,-1.207531024335357e-05,24.691616260159407,64.98245628347064,131.76934385299683,-0.28389227742020834
12,01,-5.795284385228985e-06,8.867661568262244,49.01821534482766,58.65590763092041,-3.3814287265244354
13,02,-7.359469057738698e-06,6.865867059466484,53.581606617508264,60.54261493682861,-0.3616500237782795
15,04,-2.282624180893941e-05,-17.872287172783746,48.97103869282801,41.5899133682251,-9.524053100861446
17,06,-3.014735746900341e-05,-26.066622504679362,62.37913317463399,87.7898542881012,2.5734654588063557
18,07,-3.1905643976779664e-05,-14.025872309859079,48.67037434149174,142.42091464996338,-0.26483490488606115
19,08,-3.1051088017916934e-05,-11.540256553403795,47.008779259716306,67.59736728668213,-0.9145211367658391
20,09,-2.365392635981859e-05,-3.0327022542317708,42.946886476458445,42.64728355407715,1.5179921280543012
23,12,-7.873070872231058e-06,26.063403682913826,61.380955716897084,73.57332229614258,-9.22203131144534
24,01,-7.860688640385075e-06,20.899533713063885,47.875411116570554,93.3958797454834,-14.993898111712548
25,02,-8.991757432514056e-06,2.888394768487839,50.11619150138895,42.9824595451355,-5.97966216750372
26,03,-1.2076194787720939e-05,11.89821663673975,73.37905685201383,133.0828936100006,2.7350078623987018
27,04,-2.2320882245185202e-05,-19.334173597547743,50.02077896680037,35.788278102874756,-3.2069450362735323
28,05,-3.0310256707952082e-05,-17.47440350473055,59.34436809112436,102.75372743606567,7.16871375371051
29,06,-3.0904296795920855e-05,-15.787571440294057,51.69619375912348,69.78700375556946,-0.5180842866049874
30,07,-3.173775886429094e-05,-20.80200322239373,49.75860673643311,54.99441409111023,-0.9555403572000489
31,08,-2.8741253340065727e-05,-19.03508228654759,42.77699926753197,37.25814604759216,-5.737638261405371
32,09,-2.269007780640903e-05,-3.5648343312581385,46.85175361700852,61.64737391471863,6.289416321606107
35,12,-7.687594037497059e-06,8.885675470167591,67.75924336626196,63.80108118057251,-4.769642162630634
37,02,-7.864293709969517e-06,5.468580898829869,51.56958197040644,18.835744380950928,1.6552668325560431
38,03,-1.6001877676116956e-05,1.792558938959594,55.95160838729334,72.00946402549744,-1.5734310661233883
39,04,-2.3437909088230905e-05,-21.874123499891493,46.11000325809585,35.43097186088562,-12.943029245885215
40,05,-2.9170486620455693e-05,-20.4214844770534,47.92201473479629,53.242250204086304,5.09572851915257
41,06,-3.17826830204164e-05,-27.949367026435006,48.16991035015053,93.72558498382568,1.782730908033583
42,07,-3.416977696542745e-05,-21.999847670688425,39.2781192299025,32.713236570358276,0.7331812882782313
43,08,-3.1963929242763654e-05,-15.790871219429917,46.55304641459066,88.86780834197998,3.203157168829313
44,09,-2.1331834113273846e-05,-6.238656323920356,43.43915766518911,59.11188769340515,5.005797420205011
45,10,-1.6551261839878706e-05,3.491510892150223,54.79260846710333,104.26913022994995,3.9553702151800993
46,11,-1.519573135911843e-05,20.401449884033198,56.70156626680825,70.76487922668457,5.924383153004117
47,12,-1.0313162028783104e-05,17.753608460457098,55.75187243828721,83.42955470085144,-1.7107022496705413
49,02,-1.1685804688698098e-05,2.732715975443522,46.129101684696614,42.88707685470581,-5.2380526352155785
50,03,-1.3839232150540515e-05,-0.5926843497983868,57.115805566785156,81.02017283439636,-4.877558255903184
53,06,-3.6603149109497395e-05,-25.008415187242296,46.266101067479454,40.00491166114807,0.1501536730660332
55,08,-2.6941880611302234e-05,-27.08358682743196,31.77761535606461,31.294189929962158,-1.2125626575510984
56,09,-2.725831751290065e-05,0.9693071214463977,44.86737590899468,117.23978233337402,1.751585998386807
57,10,-2.1395454446465794e-05,12.186390243366201,47.91972020449689,59.156498670578,-2.097481352693291
58,11,-9.367185011372688e-06,10.117007967122396,41.05919099200301,59.34060025215149,-6.614907704395718
59,12,-8.522425015388596e-06,21.808005747805364,57.410435429080856,63.89762902259827,-2.6570578389526696
60,01,-1.1848107099418698e-05,28.771229348787696,56.9102486772409,127.76513147354126,-1.8171058356992653
61,02,-9.682757584759485e-06,6.4267875001403105,47.08914505602986,61.24871587753296,-7.605639194422754
62,03,-1.3818876191033916e-05,-6.2181760956138685,56.610379949503034,62.89697480201721,-2.6351272446211946
63,04,-2.3066575134180317e-05,-21.124448284233942,53.13685258980724,21.789991855621338,-3.7798098264482283
65,06,-3.0384449369921637e-05,-25.249517172580298,53.14751710217263,54.762237310409546,-5.382480461120606
66,07,-3.052118788760435e-05,-16.333257173927887,51.58020934386151,95.44521999359131,-3.011209047296996
67,08,-2.8069958612225798e-05,-17.017802792784988,42.472240740586344,27.303098917007446,1.4394752741577808
68,09,-2.2138291550658728e-05,-0.809648367987739,66.94727416271104,147.5589587688446,-1.9586343215306596
69,10,-1.5594664512004833e-05,12.420039781796033,52.5519555827328,95.18328905105591,2.1388998153030228
70,11,-1.2000811908506469e-05,17.20852971835666,62.11537896577253,78.44082713127136,9.75799302626716
71,12,-7.343828446024142e-06,12.754345215500043,59.86620702467682,57.75411510467529,0.8407210145560645
72,01,-6.201572312694294e-06,7.789162023728894,59.71689801232405,62.144726276397705,-7.303112680189071
73,02,-7.646551471441942e-06,-7.170963860648018,49.17462651499538,9.736912250518799,-8.188289751120978
74,03,-1.1304150707112197e-05,-2.56875498781922,68.34861116093205,66.12149095535278,0.883263510611749
76,05,-2.800802443084893e-05,-16.149492612120927,55.7763452255995,63.01261830329895,3.582993253482286
77,06,-3.090711121482552e-05,-17.990251360066733,61.34983533646531,126.5044174194336,0.5723389233907065
78,07,-3.447742918110781e-05,-15.274860501197074,50.75858460182529,100.84526371955872,1.9624681110997348
79,08,-3.3271033724499884e-05,-4.3656862228557625,49.79625837316948,104.17502427101135,6.747224802570958
80,09,-2.244669017984254e-05,-3.3109654418945316,48.444472670045165,48.915464639663696,-4.491637453036838
81,10,-1.5745955748394817e-05,1.4800897167574978,41.847355274659336,36.53095197677612,0.5071230077846077
82,11,-1.5779393952086846e-05,2.730464919026692,53.6031213278585,73.80068945884705,-4.4680131394492255
87,04,-1.9242588071877733e-05,-14.953707265557181,61.57429541588492,64.68825125694275,5.869092054367065
89,06,-3.5890827366468634e-05,-24.274000357055662,43.53411597645681,56.932453870773315,-1.683861653221978
90,07,-3.000731417455182e-05,-30.125119514383297,48.19723509739805,53.75952363014221,-0.8332931163541726
92,09,-2.1116000810717296e-05,-5.870355172729491,52.886519872754164,48.16365933418274,-3.8961140452067053
93,10,-1.7202233669146365e-05,6.4104873591597356,48.62927366667281,94.80732774734497,1.2270836029257823
94,11,-1.2770530823662637e-05,20.62896745435927,57.76803370095226,84.64354729652405,2.6885640857060755
95,12,-1.128779906788603e-05,28.043287035542146,58.52688881322774,125.43024492263794,-3.9448398696120077
96,01,-8.849628261046861e-06,-8.473066081057311,52.03738375666833,40.21212434768677,-10.992317990600421
97,02,-5.771432554432804e-06,6.824847212655203,67.52644709656069,35.931448459625244,-2.305479620888119
98,03,-1.3287096029671374e-05,-5.803373095440609,55.151999684815046,77.72802114486694,-7.2440210121934125
100,05,-2.791426425801057e-05,-28.103053294192083,60.924986691195485,69.35014915466309,-5.130835388368177
101,06,-2.8837502824555686e-05,-20.989433822292757,61.5306473079814,96.28858280181885,3.1211598950915858
102,07,-3.379324687933062e-05,-20.07741719498173,55.40260847481861,134.5398542881012,-0.3532960533019038
103,08,-3.0242934917310693e-05,-13.572054321945357,50.633880177582476,87.18918299674988,-3.461253159225629
104,09,-2.5696148892024614e-05,-3.969099077690972,51.22118268649578,66.9906599521637,2.196264123302036
106,11,-1.2423982501220758e-05,8.69252590874566,58.77474638277293,110.22080183029175,-4.4051263535393606
107,12,-5.659096497726741e-06,10.619382738339004,50.16868590621025,47.003796100616455,-2.9305631152942615
111,04,-2.4692344382775542e-05,-22.74501348402235,55.09817502149212,27.742077589035034,-1.7053315254635282
113,06,-2.7714982728361462e-05,-28.63852083367242,47.29024293223089,31.23433208465576,-3.5400914671579997
114,07,-3.385038605679304e-05,-9.511822006717805,59.07058047961163,151.79068851470947,6.8323721847123995
115,08,-3.211179117533902e-05,-13.866469908683532,47.473473327189375,72.62528491020203,2.628318884675221
116,09,-2.5435363158006416e-05,2.907980506727431,49.177534459747214,99.14269590377808,-2.148785310766432
117,10,-1.6347254436593455e-05,7.273599919801116,47.520342997120274,79.42021083831787,3.924836768201601
118,11,-1.0307503538792339e-05,7.8851572241889105,46.36847800110711,43.99460577964783,-8.722512957763671
119,12,-7.866494279115095e-06,20.208327730240367,52.71666673100892,61.15853786468506,-12.605013241860172
121,02,-1.1993180484209699e-05,15.243881237211681,52.799659086113884,59.8443021774292,3.106950273581913
122,03,-1.7582771425163286e-05,5.919001820882161,61.97907953674307,101.1904981136322,0.9141703075901154
124,05,-3.2913617601255e-05,-32.404015432706444,43.15242019264416,14.875389337539673,-1.0060280780382052
125,06,-3.3498540398290464e-05,-35.047065074327264,55.710710440916486,67.16671657562256,-0.8146940553241305
126,07,-3.3625666249610085e-05,-27.510599928661055,42.19065745926929,59.59615159034729,-5.965661229246407
127,08,-3.0036708770112647e-05,-17.0266568734774,43.458151734339296,58.18086361885071,-1.1468217086586903
128,09,-2.1827326350689368e-05,-6.781363076782227,44.02462579022247,52.75948238372803,-1.0855375805324978
129,10,-1.9913688146604526e-05,14.103063629806684,48.60193847477949,78.90591788291931,-2.4773695379892984
130,11,-1.311930024130561e-05,7.912713109334308,43.72629240063826,36.57659721374512,-2.328028060743544
131,12,-7.719866410816296e-06,20.033501539989185,45.286219627095804,99.99442100524902,3.374046808632471
132,01,-9.708490018202875e-06,23.531725362798216,54.619796854420386,62.73529887199402,2.2783597749689575
133,02,-1.709957590030951e-05,31.83555304718018,59.52337883048256,96.37451434135437,3.3738418606576466
134,03,-1.7018775953137494e-05,2.372058311872584,47.98838851665681,25.981262683868408,-3.703874424616497
135,04,-2.7999317039636173e-05,-19.276666238742408,46.732171709169286,64.46329927444458,-2.407902050060696
136,05,-3.125298669270236e-05,-34.3688931694441,36.06377147361027,35.43364858627319,-0.4548254154984667
137,06,-3.068480971400681e-05,-23.63770078192817,52.16888050745726,81.75433492660522,3.9676137081358167
138,07,-3.559518055198981e-05,-33.07448882301904,37.832517702871755,43.237606048583984,-3.748802826481482
139,08,-2.897321149455781e-05,-28.290339532667595,47.590817581110095,43.99504566192627,0.09266292079802467
140,09,-2.7407515947157255e-05,-3.6402964202880854,48.108384553693405,93.28326845169067,-6.767911235004002
141,10,-1.8407037761653066e-05,10.48773665069252,49.92561818830045,70.05437111854553,7.068571275341894
142,11,-1.0645134954231454e-05,8.876481322224937,54.38112868225972,88.05533337593079,-4.461492165671455
143,12,-1.0178729378000547e-05,19.264495642221096,49.02194799312469,71.35911726951599,-4.244458656290527
144,01,-9.804670876438911e-06,24.167181801416536,38.86062395377826,65.73154544830322,2.6246698665003616
145,02,-6.996622216688376e-06,0.507544446309408,46.996895068120395,29.07620143890381,-1.0937606032008218
147,04,-2.5889148811054637e-05,-18.50936585184733,50.20018549894757,46.967238903045654,-3.8804163361655335
148,05,-2.5811937759284265e-05,-33.066711107479634,47.67298183366304,35.415016651153564,-12.559387157317131
149,06,-2.987989489524302e-05,-20.686577268473304,57.62339900992447,100.81910800933838,2.312953067652385
150,07,-3.606362330103894e-05,-12.26554677852508,46.37869990175771,86.47331523895264,3.502324325315414
151,08,-2.9805839779475068e-05,-22.79464663072811,38.70661156831249,22.764347553253174,-1.1765128447214765
152,09,-2.1833397036001162e-05,-8.548686426798504,39.4321560544822,69.85359048843384,-0.019854519801669517
154,11,-1.4646135411648073e-05,14.444811823866104,60.08639300202131,121.3805501461029,1.6261124956766764
155,12,-7.654158530845394e-06,17.942148733159545,42.031411531264894,44.35604405403137,-8.3346434656779
156,01,-5.988280283046514e-06,9.900324605634134,41.55076964045469,40.05626130104065,-4.6902770765161
157,02,-7.568776633878318e-06,10.513905402874128,42.596786469010105,32.84419345855713,-4.960775098691043
158,03,-1.6743815379482177e-05,3.675611719931326,56.535387553599556,89.10991644859314,-5.972428818959062
159,04,-2.3724830210206465e-05,-12.979907084147134,60.15185276207658,57.617363929748535,-1.8858808835771346
160,05,-3.502280750303383e-05,-18.415903687507882,37.98684394011575,48.60550785064697,1.5834636519647416
161,06,-3.339920427913765e-05,-25.873405965508358,43.36981476617124,52.09975528717041,0.20037269441816533
163,08,-3.290884278264643e-05,-13.404264240552024,52.83446418771308,128.27770042419434,9.420622178641697
164,09,-2.5466491539959356e-05,-1.4094354346381297,48.6797681992597,66.03445959091187,4.871189140446982
165,10,-1.9484351597922247e-05,1.9587082073252686,58.379234332862715,99.88054394721985,-2.175138033138808
166,11,-1.321692710625939e-05,23.694389510769323,50.96693710040848,114.02044343948364,-2.830467434925503
167,12,-8.425528942156701e-06,11.411874493342573,45.69198678764476,59.72125196456909,1.79938270771888
168,01,-9.715480358609446e-06,34.39173987899288,57.42208674485646,79.51586604118347,-2.1686067230265627
169,02,-8.449411843078754e-06,-1.1622854381742926,41.2482318814184,24.723291158676147,-7.902738267875852
170,03,-1.4966802825774622e-05,-6.011914413616221,42.24266758934657,13.214776277542114,-7.480420348013602
171,04,-2.191761210872048e-05,-4.539731902737087,59.59964808656376,50.1136200428009,4.336087137201097
172,05,-3.0932743489659034e-05,-26.541132331437964,51.168041845343446,72.61612272262573,4.809687152677967
173,06,-3.281592492067931e-05,-24.277929318237305,46.836056776909025,49.03701114654541,-2.820804222467211
175,08,-3.234485571499712e-05,-11.285276480397874,49.79429166342623,65.69953942298889,-1.517910512739612
176,09,-2.2725771390226628e-05,-2.4448908416748045,57.50485973500145,149.34324550628662,2.567192783037821
178,11,-1.1587640056374466e-05,-1.8295716874864363,52.225245416957804,62.847052574157715,-1.362627434709337
179,12,-9.250304196792702e-06,31.236705364924607,64.63241229699248,142.54706811904907,-2.3895911745461094
180,01,-8.814763398506955e-06,28.086010490499522,59.814965074129006,85.40289497375488,-2.550082951761061
181,02,-9.681430163471391e-06,-2.9269207930791947,54.97462990093799,36.50040102005005,-1.1560002459117344
182,03,-1.5868986940443404e-05,12.424105568506382,56.25959003628518,94.18527913093567,-5.109838371625509
184,05,-2.8615912740195944e-05,-19.306992470361852,50.8592781971834,59.618553161621094,3.848988206781366
185,06,-3.390126228795352e-05,-22.424498955281575,49.86442946763436,51.52622365951538,-1.7603594158596463
186,07,-3.466171150601792e-05,-32.442688338413035,36.16844127948567,21.875284671783447,3.6306611074632213
187,08,-3.527003988845888e-05,-15.806742182249662,41.714041907468136,89.98871898651123,2.5525207887670045
189,10,-1.8016295581522476e-05,4.47270425086893,52.33998963107474,97.18963932991028,0.06765352751619064
191,12,-1.093666692604627e-05,22.757288210632986,53.902280609893545,112.21855115890503,-0.4517669412141207
192,01,-1.2804497735976505e-05,25.385474410518523,57.77612080058489,129.8851613998413,-4.624458262494815
194,03,-2.219248033328259e-05,-0.5256330294045062,56.57506640008187,94.79378461837769,-5.375294921936527
196,05,-3.3250014936618425e-05,-29.631465932538433,52.844916530618114,94.81036853790283,1.762601557700865
197,06,-3.44918315846169e-05,-24.446217814466692,49.08188772321145,64.76006937026978,-4.784962304306031
198,07,-3.591561413959817e-05,-25.92438248894804,39.340810654867084,45.93726992607117,2.4434866078284476
200,09,-2.6222378082234683e-05,-4.395296908230251,54.09243484116659,112.6880235671997,0.612849772156609
204,01,-7.460320452180465e-06,-0.4728464959257379,45.67560021059616,16.127771615982056,6.124564749543385
205,02,-7.544903639281147e-06,5.38362545916678,55.18347650017959,60.068604469299316,-2.21206523458985
206,03,-1.2827322511164368e-05,-10.990242480862525,51.72073062135199,22.461695432662964,-7.0827326481316675
207,04,-2.0502408365953464e-05,-21.604367342122394,58.54018084150156,11.859672546386719,0.9496918742709688
208,05,-2.4253428110207234e-05,-26.022296560964275,51.92535755428705,57.326932191848755,5.224901751507995
210,07,-3.142641031134248e-05,-27.054918192217425,49.82263012584947,59.759037256240845,-3.1049256038050506
211,08,-2.9903093116464793e-05,-15.358725825155936,42.33743624172287,98.74433755874634,2.7272199784145563
212,09,-2.534073391895315e-05,-7.00570699428982,43.673043699496326,48.277573585510254,-8.668936958101062
213,10,-1.7171301486478214e-05,8.106230379494288,51.02844809201841,73.76016211509705,1.0061798058786697
214,11,-1.4551765714713837e-05,14.46901237657335,58.72207561985916,130.48207330703735,-1.5732026177512282
215,12,-8.836182103413613e-06,1.1414017176474303,51.832999992789766,45.02203106880188,-1.747326027634323
218,03,-1.2413017713795421e-05,-3.0697627356744577,49.8996438915832,28.955554485321045,-7.647408246809437
219,04,-2.201332183204714e-05,-17.60772253417969,50.15108422283994,28.14702796936035,-13.783778404808043
221,06,-3.476727682935032e-05,-20.254541469319665,56.16686724849277,112.482257604599,4.90637015830146
222,07,-3.376502295814329e-05,-20.43258258581674,48.29218798171063,69.49712204933167,-0.6637979181966475
223,08,-3.064838395117496e-05,-15.397676236060358,39.11490551742816,54.35530233383179,1.682758229081349
224,09,-2.7053925191669103e-05,-10.968042353990342,40.873450344501606,29.832056999206543,-1.7348625640445288
225,10,-2.0736059433235615e-05,1.8364669255082322,46.07108195983722,81.02550506591797,-9.586813698840396
226,11,-1.1372840429430654e-05,5.54297788119846,52.451002673839106,56.97358417510986,5.854934998512268
227,12,-9.893875752236308e-06,16.98351939342868,60.12797338394067,77.3915023803711,-0.8512120128344458
228,01,-1.1099072907757458e-05,24.386054642872143,54.87726956107148,88.08339476585388,-1.450892314357142
229,02,-7.893391973560764e-06,12.879144769577753,54.623768248409036,20.71983242034912,-3.037549276329223
230,03,-1.582076560769428e-05,4.910139277304372,64.38913835901599,89.45151329040527,-10.113063399243101
231,04,-2.2395207648413717e-05,-10.670934447903104,67.35853829729425,131.57473421096802,8.915542415809632
232,05,-3.182257207745645e-05,-20.036693252071256,51.31070372274871,44.95067262649536,-0.6871010359282137
233,06,-3.4082233544055876e-05,-13.138249787733287,60.09514157660935,136.99862432479858,6.3122358766767706
234,07,-3.6390916169732936e-05,-13.917790471887077,46.5719772114318,77.72835302352905,-1.1335652676243932
236,09,-2.4247977624205914e-05,0.3736279635959201,55.41774919654528,154.75264143943787,1.3469011118359038
237,10,-2.3367591303340108e-05,14.50471792602539,57.49670259841796,178.64887976646423,-2.384550996001049
238,11,-1.186565926222506e-05,4.6568576497395835,50.09492808050447,92.01937747001648,-6.541430208015441
239,12,-8.802920268002493e-06,22.454611907630838,51.308709990082264,78.07752561569214,-3.2974561736609354
240,01,-9.430198710966792e-06,24.63400003675235,61.44896206574927,91.57960391044617,0.13767809711989554
241,02,-1.079772392194216e-05,13.779260249546594,59.85849182345754,56.13470458984375,-15.095687816460925
242,03,-1.3397230129969535e-05,-0.9194605676794566,60.6708199271861,87.33539247512817,-1.3423963893972422
243,04,-2.54553507465769e-05,-17.42901027967665,53.24983413987689,65.29687428474426,0.7264303844663831
244,05,-3.422614240797327e-05,-20.88572949317194,50.723297991629586,63.86414575576782,2.5149216677758
245,06,-3.759346314859108e-05,-24.964019442409946,49.104056137108806,86.7335524559021,2.4077966739866468
246,07,-3.775679561435789e-05,-20.12216363230059,34.70881050790896,54.39849805831909,-0.9507721068679647
247,08,-3.318467006672979e-05,-13.657699137697938,45.50563225292391,99.36693954467773,1.798294270935879
248,09,-2.59650643648355e-05,-3.5717024329291456,50.26974016195536,83.68352055549622,7.428677170393202
249,10,-2.1588807777500546e-05,5.981483147405809,48.24640764357326,65.74780321121216,0.7620047189240815
251,12,-1.3700721242369786e-05,27.986750325848984,63.54783165261822,142.15608167648315,-4.7865400395137
252,01,-6.553396535759588e-06,18.42038040095504,45.80448549491872,47.351823568344116,-7.92022200951525
253,02,-1.2230161100386137e-05,18.65321454909752,54.35344561065067,98.67708921432495,-5.22298073832194
254,03,-1.4517082142339604e-05,-0.5979741453765541,58.83941007500695,60.096646308898926,-8.101139608444708
255,04,-2.355722367422762e-05,-12.813957029554578,60.681698268123455,76.35283160209656,9.074070477824739
256,05,-3.550879427684679e-05,-19.147158501081563,47.704144963514416,97.27209305763245,4.448491038230157
257,06,-3.750390542944741e-05,-27.016546727159287,42.780413097916714,55.01609134674072,1.1058663845909962
258,07,-3.168135436499142e-05,-21.668345875401656,51.88578506780696,102.94842576980591,-2.328411767098212
259,08,-3.0941285219664524e-05,-19.063545700565466,39.65101154342005,51.30303931236267,3.485725751159012
260,09,-2.4486756719630248e-05,-2.020394458007812,56.817002186003,85.14948225021362,3.919733715248108
261,10,-2.1893689024856883e-05,11.235235126454343,57.40779917159772,130.40920996665955,7.83856330803902
262,11,-1.5146696185204038e-05,20.892512133110895,68.07071139411661,131.4802393913269,10.206042723104686
265,02,-9.421481274265325e-06,7.153048214503697,61.79020408172125,83.6603274345398,-5.243323249499004
266,03,-1.3063552253355424e-05,-6.242824222359606,58.59238742218351,86.2628161907196,2.0673602820775843
267,04,-2.4765318735565716e-05,-15.737299090576174,60.65160554169682,95.43563151359558,-0.14914724131690124
268,05,-3.372209000100225e-05,-25.790908090242777,45.58359570831253,47.3751916885376,1.627706267162036
270,07,-3.6646507612448495e-05,-24.41304970722813,43.035889669943884,87.7753267288208,3.3910846430050428
271,08,-3.349079792080317e-05,-13.273838911159066,49.470468634774605,107.7295401096344,4.783530526397049
273,10,-1.872843477780094e-05,15.499699002173642,52.0420637966638,73.23751926422119,8.002227872540873
275,12,-9.904081011676856e-06,14.487402564920403,52.82181985401466,73.46089029312134,-10.442604840391425
276,01,-6.60295483731882e-06,23.604068570044735,51.65779350411636,67.26308727264404,0.24362739111787537
278,03,-1.718439095667989e-05,-2.8514695644583754,52.573686629964456,40.98473596572876,-3.643759417421075
279,04,-2.4829810814864887e-05,-14.182246478949653,49.20558492463959,60.53001356124878,-2.3918034127553303
280,05,-3.0134792006426703e-05,-17.31557953963741,52.31226475243542,64.66420650482178,8.87116875646448
281,06,-3.5836119472898846e-05,-20.466573669433593,50.7506326838851,77.7912917137146,5.354612818103367
282,07,-3.594073215623134e-05,-17.96138944137737,48.60045512300026,94.12360286712646,2.8066557161474734
283,08,-3.0240783373966385e-05,-12.41071590333344,52.640142950275894,146.93423414230347,2.9107890031876105
284,09,-2.726855740998468e-05,-6.606480073716904,41.46046437310777,57.52717709541321,-4.940236078113981
285,10,-2.2813934475604865e-05,5.003235001430717,55.25826176021304,87.43804001808167,-1.6580593323451214
286,11,-9.433203981300014e-06,10.082439758300783,57.335292302331666,88.66095638275146,3.1934507407718233
288,01,-7.996820467572737e-06,16.024269751435966,52.92226850532075,73.5739049911499,-6.687711740042573
289,02,-9.213011075579354e-06,1.6289639434814458,40.65915042115535,23.336631298065186,-1.30996356187548
291,04,-2.383696288773839e-05,-17.2942943037245,47.44735419490735,51.56433296203613,-3.901022283871968
293,06,-3.491794925367785e-05,-29.63445593295627,48.58540389312637,47.240581035614014,3.9237639763090355
294,07,-3.637924248004731e-05,-25.786057973554062,44.12265574810709,76.22430467605591,2.256303321858889
295,08,-3.1032737283929096e-05,-31.771135562691633,39.36124998163152,22.521544456481934,-0.9488135915366548
296,09,-2.437035215904568e-05,-12.497950702243381,40.21523504180775,46.90879726409912,-1.3662211480670508
297,10,-2.1305207502659715e-05,-2.352458050143333,49.86598729915773,74.57617855072021,-3.9558025068672755
298,11,-8.746191556262298e-06,13.336127873399521,55.471923015075255,56.468339920043945,6.3600499339209655
299,12,-8.986315398414586e-06,16.75842543636855,56.42778465677845,90.1946873664856,-3.4697213137842007
300,01,-8.992702947169514e-06,20.66453995308825,64.87525535803712,107.22431802749634,-7.858934863285351
302,03,-1.5225630396960167e-05,1.0669384965794064,50.376974003080406,47.67586803436279,-1.138047160363966
303,04,-2.4217375733618005e-05,-11.611916856553819,59.49211039767795,45.28127717971802,2.7121691885206443
307,08,-3.442271008691844e-05,-10.630728795861687,53.4802156332962,153.6393961906433,3.4108706453384894
308,09,-3.09724094837697e-05,1.3779368174235027,41.60773183429904,68.27244329452515,-2.9949600599924717
309,10,-1.9737982986943505e-05,10.8786054316695,45.96995730125903,55.872933864593506,8.574271400144022
310,11,-1.219442167142309e-05,8.63346869269477,52.650442458646836,66.66378116607666,-9.378043831952414
311,12,-6.509792311736683e-06,12.651209838210898,41.13814304297201,54.07814908027649,-4.153789951550063
312,01,-1.0532949036563073e-05,27.835473567839585,50.62756816835045,53.984177112579346,-11.788157165014617
313,02,-1.0796667724878803e-05,1.9850640389578682,54.967533898224424,50.05322074890137,-9.640787719771975
316,05,-3.3327865934669755e-05,-23.83920729967343,52.369123788558014,76.4442777633667,2.0688526762480377
317,06,-3.715115132452208e-05,-30.632264646063906,50.84424858076307,55.748387813568115,-2.855177613343133
318,07,-3.409394384040644e-05,-23.561669685609886,47.80977541725482,109.44811034202576,-0.12447588444781559
319,08,-3.320200081173924e-05,-14.21000237282374,41.28222914207624,101.65014147758484,-2.113699344163299
321,10,-1.7187334372416657e-05,10.538457600583316,41.694871458662455,58.746543884277344,7.126440133228097
322,11,-1.4535249143672345e-05,9.326381112670902,61.63253474075529,66.79116821289062,-3.2043117451349894
323,12,-9.12172876785682e-06,14.485518746324761,56.37181309181387,50.890292167663574,-10.295047618948002
324,01,-6.5253165958961526e-06,7.280853728591756,43.42763289413273,18.287110328674316,-3.6792645613557546
325,02,-8.8568046297561e-06,4.634872235616048,55.29220876641359,57.903024673461914,-7.89652470570519
326,03,-1.3873502668170125e-05,-4.782673361173239,59.930227692120816,63.244534492492676,-4.117894217727005
327,04,-2.37631702343909e-05,-18.782449027506512,53.65862876264652,51.75546956062317,-3.6884300680584374
328,05,-3.370682173148433e-05,-13.439136345319852,55.415879218805216,97.34957218170166,2.0604650645307303
329,06,-3.4785863751151034e-05,-27.11431088460287,44.96967633606062,34.651726484298706,-0.9218781734678478
330,07,-3.3670624993676266e-05,-35.11209074615151,34.7803111832411,25.724807262420654,3.439024755990633
331,08,-3.203818718891423e-05,-14.970106861073484,56.166526000266416,192.56933999061584,-3.52028442745824
333,10,-2.0357669840078775e-05,8.929626497002058,49.91160704086961,104.8823778629303,4.390374926597842
334,11,-1.6638314112929544e-05,21.698549422539603,51.20864173750348,79.28392601013184,1.2719425642437405
336,01,-1.3167410284109127e-05,32.71415653975292,54.798027210791915,116.52486562728882,-6.19178593167951
338,03,-1.969343553138324e-05,2.858439688077537,50.951221448258686,65.31020927429199,-0.07748771841808025
339,04,-2.5420359923575438e-05,-23.728481532796227,35.425640993569964,1.6051898002624512,-3.46331045973036
340,05,-3.1186685044343005e-05,-23.42358186127037,55.67473245647261,116.55266427993774,3.6249730836191487
341,06,-3.458860908376663e-05,-19.802041976589628,51.81401281598541,100.40370607376099,4.854381080479092
342,07,-4.0491175616739144e-05,-14.380545316962786,51.51913973191349,166.44169425964355,4.963316324623683
343,08,-3.430768915528969e-05,-11.902402343421853,46.669440629773256,52.89487075805664,1.2682946735505136
344,09,-2.677926907070085e-05,-2.246240928141275,48.58724766878287,74.65286588668823,-5.713435930930243
345,10,-1.4836711174446523e-05,-1.5530790907336818,46.4751422240952,38.23624563217163,-5.4607639956935765
346,11,-1.4172945336880124e-05,15.984315191311307,55.0159122577058,63.65782594680786,-11.158009668244258
347,12,-9.103623443880553e-06,18.67049515623687,44.72693699303237,75.82493901252747,-1.8565782344777098
348,01,-9.98381483742544e-06,30.50790186531313,59.32570013750177,98.90966415405273,0.586831203993931
349,02,-9.733829621899499e-06,11.488472740085646,43.235250111784055,39.91739559173584,-1.961968575159709
350,03,-2.0140387961912898e-05,4.352542552004578,67.29393991330491,110.58221864700317,-5.924768195429157
351,04,-2.446588194630345e-05,-15.287676639472116,50.48518859204715,37.05441331863403,0.7828483831617562
352,05,-3.326288808405293e-05,-18.37616691179173,46.32872357566895,58.6919801235199,3.5619684459522207
353,06,-3.476253857051133e-05,-32.52892781643338,47.80475471985869,40.78405427932739,2.4688790296554566
356,09,-2.5189189388381943e-05,-2.5223080678304033,46.95382839618127,79.74637937545776,-0.056067406590780286
357,10,-1.8222273044254205e-05,6.518695762716314,54.30898137165141,92.71740341186523,3.4220286894357335
358,11,-1.2143508331428165e-05,12.723418456013999,55.05112889809742,87.03951120376587,-2.265666114022997
360,01,-6.219402897665034e-06,13.638463789416898,56.756673166043,59.60752511024475,0.47961315901561447
361,02,-6.55127283612057e-06,7.2258432279314295,62.426701213981424,62.01654672622681,-11.307820014227003
362,03,-1.4006747319585248e-05,0.15545269151913163,60.10794240493287,55.8788948059082,-7.658853321957333
363,04,-2.2896213735516033e-05,-13.763160278998479,44.90089633327524,23.97039556503296,6.029264274046157
364,05,-3.152253704363203e-05,-24.89160391596312,50.72287625494953,51.12992525100708,2.6680380577169442
366,07,-3.995988693131167e-05,-23.939954596078525,46.67216465320125,103.68392610549927,5.637807804107666
367,08,-3.326769469126164e-05,-18.63527480389995,42.41847231385144,46.274324893951416,4.007808858727896
369,10,-1.8213049179844e-05,4.716025361748153,49.256211021474606,74.3879747390747,-7.069426254600609
370,11,-1.3997967538165946e-05,28.005924584282763,63.3120259418408,119.02290868759155,7.551464518504671
371,12,-8.896478755051119e-06,9.686923075029926,62.37685010996686,98.37137460708618,-0.943810666238108
372,01,-6.091251291421628e-06,2.9262350808420488,60.36061479552843,49.821874141693115,-4.786219943220897
373,02,-7.65345504045659e-06,5.717629487900508,61.53230691539674,91.62952327728271,1.1087709607850937
374,03,-1.4227020407356234e-05,-0.1344084672825314,56.345688745778084,56.222103118896484,-3.83277569327816
375,04,-2.4690822054900404e-05,-20.66956467929416,50.227940069592,27.15949821472168,-3.325235909144084
377,06,-3.182083758476639e-05,-35.711798379855686,43.71565713060168,33.73767280578613,-0.32030451049804715
378,07,-3.4407490462771055e-05,-31.11366353779454,49.13440625845617,68.74052047729492,5.159846364482757
379,08,-3.27152816781925e-05,-15.088779016966459,50.057286181364006,146.2640986442566,1.433999930351012
381,10,-1.8914465963579488e-05,8.677334267236855,54.52403665949838,76.19713640213013,-0.012806594397432208
382,11,-1.1904203317903414e-05,4.708053307088217,64.34552551558414,80.79510045051575,2.2457498138851597
383,12,-7.738160395268594e-06,4.967533013128466,56.59717789244652,51.991679430007935,-7.298802586606754
384,01,-4.432973011169315e-06,15.641597058367989,49.85520389962581,71.90442681312561,-4.617686146418254
385,02,-7.274441715534998e-06,7.353929252261208,64.81677477946593,54.225329875946045,-1.8058714723359974
387,04,-2.5035789431644346e-05,-14.869033695136176,49.48712501599656,17.25916814804077,-2.1548139828152126
388,05,-3.0008848766624646e-05,-32.62149781881353,48.67582858574712,34.52233028411865,3.1924649998449515
389,06,-3.4230032604055946e-05,-25.01744469502767,49.43961729888122,94.74681329727173,4.910514154773288
391,08,-3.274760770019843e-05,-10.64563058373236,50.85391145080519,128.73549723625183,5.2939196082699675
392,09,-2.5484862159343414e-05,2.648160398695204,48.54894579696125,68.3792371749878,4.46301638607449
393,10,-1.916051529891168e-05,8.726722329416583,41.10612051369683,69.30626606941223,-0.8078829870531637
394,11,-8.12447487300637e-06,7.208228931681314,45.10324230610001,17.076764583587646,5.527877823448181
396,01,-9.557997748420493e-06,23.492998173539362,55.985124487241116,90.29691076278687,-10.09431259042473
398,03,-1.1845709033173812e-05,-9.130659757880753,42.53471919810516,29.57355237007141,-4.95342670649867
399,04,-2.412122515035865e-05,-15.116672309705946,65.52592149374486,93.77713108062744,5.787491861258613
400,05,-3.2719707248821014e-05,-19.41600187732328,54.71462800888861,68.41745948791504,1.6779351170652654
404,09,-2.780254297756781e-05,-4.337274759928387,47.643611919113,79.25185561180115,0.3496705691655474
405,10,-1.749340033099435e-05,6.576196681525118,62.883388684188155,131.10860514640808,4.1778068266017465
406,11,-9.782895505729057e-06,13.286790387301977,48.36725960095062,62.30052351951599,4.77137181845771
407,12,-8.270612005098982e-06,23.135962751162953,68.44660146777348,126.01667380332947,-2.9825643158984443
408,01,-7.079607454118081e-06,9.77005108642578,59.36599973937003,56.091444969177246,-5.328164857536234
409,02,-9.82560560788399e-06,1.2790957768758144,54.799641565576906,42.50241231918335,-10.674283386707305
410,03,-1.6003138249269338e-05,-14.11737674147083,62.83003596656937,46.14034557342529,-0.8068198277258105
411,04,-2.0434202846445263e-05,-16.983018215264217,45.651346360141694,31.149431228637695,4.8500732873916625
412,05,-2.7662325821888435e-05,-23.158452428017892,56.92952051083376,89.41290044784546,4.0431414947509765
413,06,-3.319209287441886e-05,-26.815010833062065,45.349666944320994,63.59688186645508,1.0148970746570165
414,07,-3.405638901301333e-05,-27.630988150319745,40.32137145659744,58.30738687515259,-0.11920491269839657
416,09,-2.475842662511746e-05,-8.054260448540582,49.65095689521101,81.32235813140869,-3.601356833860608
417,10,-1.765674730958508e-05,13.677036990258001,51.31546706972713,135.23726177215576,5.100314021879627
419,12,-9.44601224512954e-06,28.97793200421077,55.46996279250422,74.25229167938232,3.2309785680463237
421,02,-1.1990748406116751e-05,26.598223410470148,61.15281964255657,81.80759859085083,10.60320344007583
422,03,-1.6731313326227373e-05,-1.3453218475669946,47.843510205716214,34.10970735549927,0.42368475792997606
423,04,-2.3883861623916246e-05,-16.521862002224392,58.86005653639768,52.129727363586426,-1.7134484677420727
424,05,-3.2321809314922687e-05,-17.350711201329386,63.11191008513332,111.14941215515137,1.5631698267536778
425,06,-3.645346474101341e-05,-28.120134918891054,43.231891095406475,53.205344676971436,-2.088116592703925
428,09,-2.0748739615697153e-05,-9.244409510294595,35.08465283191469,25.215217113494873,-4.316639142417908
429,10,-1.6616273676728237e-05,8.951883064844276,46.06859467966968,79.9614315032959,5.742346490121657
432,01,-9.2527426375611e-06,26.340960131573418,62.63006211892765,107.20374536514282,-3.8576281189046893
433,02,-8.153189459681882e-06,8.31590086110433,48.93550452213628,54.84558963775635,-1.6321592513720196
435,04,-2.4346638547669703e-05,-22.934988667466907,50.17846367060873,27.186142444610596,-5.030215973642137
436,05,-3.070366395367009e-05,-25.76910455847299,53.73915812349191,61.485331535339355,0.8686174524368779
437,06,-3.477750818122634e-05,-31.860220404391814,46.7203716229452,35.5678129196167,-1.0147045824898613
438,07,-3.7615658574522775e-05,-25.170489753641114,45.05531850020347,95.02099466323853,4.414139295885639
439,08,-3.326061218056918e-05,-12.586229408838417,52.3345120203854,123.28978443145752,10.0172870392543
440,09,-2.5603061031688413e-05,-1.6679924726698132,46.654843129608366,98.359215259552,-1.4644166116926407
441,10,-1.3186316454061119e-05,-1.463842040031187,51.45971762442205,34.89073657989502,0.10595317576008452
442,11,-1.4898132296588707e-05,27.46974549831814,55.57987919455502,119.42508697509766,-2.465322771920098
444,01,-9.004527324929857e-06,20.359526514525058,60.00615774854665,107.9379734992981,-1.7895402638835296
447,04,-2.7581765115751797e-05,-20.820068422105575,57.557788026644126,67.43884038925171,2.228406386099921
448,05,-3.16294027814815e-05,-19.310568396455505,50.32535560724812,61.365638256073,0.9736174805138702
450,07,-3.758493633006676e-05,-22.269790681900524,47.74635748879372,56.59930372238159,1.5464795664100233
452,09,-2.4645985519115736e-05,-7.889081433783638,37.34792189491059,28.704333305358887,3.5211581916385226
453,10,-1.526362983537594e-05,-3.798430909843855,48.34944315867911,57.946226596832275,-3.7648246855992142
454,11,-1.1750765303218536e-05,10.89123139716254,54.5964946256227,75.84917688369751,-1.4600851942274309
455,12,-4.447676278540448e-06,15.633635981405934,42.93341399640295,19.911759853363037,-3.213377143326626
456,01,-6.416161365773257e-06,12.223324068787278,48.97643718384928,56.35315418243408,-9.303821084730084
457,02,-8.18821650381367e-06,12.903916228158135,62.959067062718525,67.99254751205444,2.093567276659466
458,03,-1.5800369091061108e-05,2.527072602630943,59.88884960889175,58.12478494644165,-1.2213739956066179
459,04,-2.5679135762624757e-05,-26.331729773288306,46.84454056873057,30.59126615524292,-8.98779911174774
460,05,-2.9667726341906155e-05,-25.198657173730993,56.839670298081565,37.424317359924316,1.8179982192952142
462,07,-3.888270218750779e-05,-23.176640851420746,56.14024401203919,125.55045461654663,1.4669344500880088
465,10,-2.0550294828412475e-05,15.281469091599986,50.30405073937036,63.67462873458862,-5.476527976702618
467,12,-7.748080553331723e-06,20.40142875687794,63.311030514205655,122.76686382293701,-5.213931379113147
468,01,-8.493993727101315e-06,23.796599253992884,55.116003269850566,94.42302966117859,-0.8613272718409056
469,02,-1.1806723732206594e-05,-2.6082788761683875,46.30087924139698,28.985047340393066,-7.8224522454852154
470,03,-1.3339704251535219e-05,-6.768148279333628,63.03257818707726,81.36417293548584,2.6816236802583107
472,05,-3.631899526441482e-05,-17.44638056798135,47.40056218499266,48.21310758590698,2.19420731886997
475,08,-3.324744642680256e-05,-25.59706884437479,43.61733073811633,94.60595369338989,3.0056359347681845
476,09,-2.7110998255941223e-05,-4.088550005425346,48.59134079140956,68.28795766830444,0.5139748941421511
478,11,-1.049799736220949e-05,11.533768935139973,58.11769115721252,34.97020101547241,7.461448430400424
479,12,-7.425197422547768e-06,21.47761040308142,53.53903508252609,89.45121669769287,-7.805834964444561
481,02,-8.232899953890454e-06,13.675333238874163,51.283400613031226,53.84524393081665,0.13648359216962544
482,03,-1.7898125718357898e-05,7.876527682396675,54.192069970153995,101.83904027938843,-4.36647806013784
484,05,-2.8741963674400066e-05,-37.081440074305384,54.09692304540707,39.454394817352295,-3.1204028086098297
486,07,-3.625940142692049e-05,-31.74150496025496,48.734570516079984,49.36154794692993,-1.339811041760188
487,08,-3.404563471354698e-05,-17.337182702177312,41.57153246440298,76.33737087249756,5.091376336723246
488,09,-2.6543087166161665e-05,-4.24653964674208,45.73786681658825,112.17082786560059,-1.7770658088896008
490,11,-1.0039879183467646e-05,10.335369747924807,64.20363267016013,74.31336832046509,4.896114809354146
491,12,-8.260583359534854e-06,25.078029959073632,56.60606037604423,84.95069599151611,1.3985874090707433
492,01,-6.012859741277161e-06,22.106840989635838,48.67357203781476,60.42203378677368,0.20016098563901893
493,02,-1.5386156723984276e-05,31.748662168305497,64.97568837541958,131.38312101364136,-0.9163454450629221
494,03,-1.9840231885472768e-05,-1.8349693298339842,46.56073982853019,49.32469892501831,-1.952287807956819
495,04,-2.7043378228700023e-05,-24.0670989525689,35.17819720014996,24.384860515594482,-0.6015082754982847
496,05,-2.995519203009721e-05,-45.04488896819084,46.51938461271666,17.802208423614502,-5.563120721488871
497,06,-3.546342912159163e-05,-30.903872137790252,54.092656515480414,67.27775382995605,5.139373203955756
498,07,-3.552329937512147e-05,-24.55973527871409,49.31133174363516,73.53353977203369,-0.7900067844185773
499,08,-3.48960954878191e-05,-17.491402352609946,46.845165995435046,91.37486410140991,4.093506789135677
501,10,-1.848353834580477e-05,14.114419966174706,59.132486595437086,137.80672430992126,4.539380098568496
502,11,-1.0186800306089735e-05,15.631692754109702,47.969248177954896,45.380624771118164,4.185152656957838
503,12,-6.893300624729055e-06,15.732371215492165,60.65007041392917,109.63903760910034,5.737939940524358
504,01,-7.860778656987515e-06,14.34612370152627,66.80461903254064,90.61761569976807,-5.843250577844601
505,02,-9.005972841740524e-06,9.622026147751583,54.51137783175566,60.75168180465698,2.4646371848923816
506,03,-1.5948935392546162e-05,-0.9029574194467195,53.47545231677126,54.85542392730713,-7.318563435933921
507,04,-2.588563685021654e-05,-27.98602328389486,47.86236142485672,51.77638530731201,-6.421966052585177
508,05,-3.230829694098981e-05,-22.4746828918457,60.26473778712485,118.6035623550415,3.197428371347406
509,06,-3.7502937650666964e-05,-26.38411481492784,47.88007799596918,106.48373031616211,3.3414038293414645
510,07,-3.6336240956178925e-05,-19.074829963273896,48.14752719921964,97.35786199569702,2.9915820770673855
511,08,-3.444879628501263e-05,-12.903870650096605,45.419211714576655,99.27522611618042,-3.4263525877306535
513,10,-1.864643046111826e-05,14.62936670381279,46.729617401201246,138.24248218536377,1.9188417487605924
514,11,-1.0072340758698473e-05,9.36498726196289,49.88987413275507,67.49459075927734,-4.3413511865403915
