,month,MER,MSSHF,RH,SD,SH
0,01,-7.186377549426466e-06,5.464709561255669,62.6901256937955,0.010292715281568547,0.00035855482704265606
1,02,-7.399999772068052e-06,2.729709174746558,52.295623941567676,0.0088853447891417,0.0003947880218570064
3,04,-2.191347909663616e-05,-15.59233038906521,62.41300571294825,3.557954761717054e-05,0.00044040625960559647
4,05,-2.839083756912113e-05,-16.16055940262989,64.02205650719006,4.408267492889076e-05,0.0007071434940667084
5,06,-3.330413338050373e-05,-22.16353809509278,52.028707694198026,0.0,0.0009014931640296304
7,08,-2.8487004876296853e-05,-12.56110269165039,50.14281140049425,0.0,0.0009515669327950404
9,10,-1.6345863611966567e-05,2.642213581372333,56.92965585534547,5.061999700402701e-05,0.0009355248356116273
10,11,-1.1569333000928361e-05,13.890767045423724,49.679388139549886,8.024262719684175e-05,0.0005703534181247354
11,12,-1.207531024335357e-05,24.691616260159407,64.98245628347064,0.00017524099221793556,0.000536514795466784
12,01,-5.795284385228985e-06,8.867661568262244,49.01821534482766,0.000661063572411896,0.0002899667802897751
14,03,-1.4070489600584629e-05,-6.186828353717764,55.02083505403355,6.114121534491099e-05,0.00038754746073307194
16,05,-2.9285246377967465e-05,-30.998830406271004,47.47244699586335,0.0,0.0004922136487145694
17,06,-3.014735746900341e-05,-26.066622504679362,62.37913317463399,0.0,0.0008849550965466025
18,07,-3.1905643976779664e-05,-14.025872309859079,48.67037434149174,0.0,0.0008957915342465621
20,09,-2.365392635981859e-05,-3.0327022542317708,42.946886476458445,0.0,0.0009669164780382541
21,10,-2.1172643707369163e-05,7.590982919672484,58.4636376896443,0.0,0.0007849959412277741
22,11,-1.4279194747299093e-05,14.235161112806532,54.54851769668525,0.0015326325999365914,0.0006224606235835986
23,12,-7.873070872231058e-06,26.063403682913826,61.380955716897084,0.0016069860227646364,0.0005165828911668244
24,01,-7.860688640385075e-06,20.899533713063885,47.875411116570554,0.0019344636983768915,0.000374949257934248
25,02,-8.991757432514056e-06,2.888394768487839,50.11619150138895,0.0005664595067501069,0.0003669208622193323
28,05,-3.0310256707952082e-05,-17.47440350473055,59.34436809112436,9.34754648516255e-08,0.0007153930285222947
29,06,-3.0904296795920855e-05,-15.787571440294057,51.69619375912348,0.0,0.0009842194550476254
30,07,-3.173775886429094e-05,-20.80200322239373,49.75860673643311,0.0,0.001004735188951267
32,09,-2.269007780640903e-05,-3.5648343312581385,46.85175361700852,0.0,0.0008672290949221253
33,10,-2.174942796122078e-05,9.781940688922843,60.93410625634399,0.0,0.0006867919335684071
34,11,-1.4328458308167076e-05,19.586548003133142,54.57233108670976,2.2300614251030816e-06,0.0006729366678450485
35,12,-7.687594037497059e-06,8.885675470167591,67.75924336626196,0.012596724167946844,0.0004129887476064696
37,02,-7.864293709969517e-06,5.468580898829869,51.56958197040644,2.739869412921724e-07,0.000443328927262103
38,03,-1.6001877676116956e-05,1.792558938959594,55.95160838729334,3.8041683935349995e-06,0.0003661708261100601
39,04,-2.3437909088230905e-05,-21.874123499891493,46.11000325809585,2.168152067396376e-08,0.0004928932368082314
40,05,-2.9170486620455693e-05,-20.4214844770534,47.92201473479629,0.0,0.00055373141337474
42,07,-3.416977696542745e-05,-21.999847670688425,39.2781192299025,0.0,0.0009021180810537498
43,08,-3.1963929242763654e-05,-15.790871219429917,46.55304641459066,0.0,0.0009689928345582772
44,09,-2.1331834113273846e-05,-6.238656323920356,43.43915766518911,0.0,0.0009065412273818056
47,12,-1.0313162028783104e-05,17.753608460457098,55.75187243828721,4.658237964876236e-05,0.0004811068228571663
48,01,-1.1369238679367056e-05,31.70380508160335,51.86229076744793,0.00012911142713280135,0.0005065474144361389
49,02,-1.1685804688698098e-05,2.732715975443522,46.129101684696614,0.00031034646715436665,0.00024583032542684335
51,04,-2.090864053300013e-05,-10.60586452026367,65.75529212030038,1.1234845055474176e-05,0.0005298972676287223
52,05,-2.6606813441591635e-05,-11.409518621957432,66.050863289825,0.0,0.0006822573668070693
53,06,-3.6603149109497395e-05,-25.008415187242296,46.266101067479454,0.0,0.0008680787925681217
54,07,-3.282222612492611e-05,-33.091220865229126,44.1499227373741,0.0,0.0011865903298230965
55,08,-2.6941880611302234e-05,-27.08358682743196,31.77761535606461,0.0,0.0007854492272301715
56,09,-2.725831751290065e-05,0.9693071214463977,44.86737590899468,0.0,0.0008300272881937013
57,10,-2.1395454446465794e-05,12.186390243366201,47.91972020449689,0.0,0.000809845710132114
58,11,-9.367185011372688e-06,10.117007967122396,41.05919099200301,3.5537613762749565e-08,0.0005637446514673988
59,12,-8.522425015388596e-06,21.808005747805364,57.410435429080856,2.6479295504990444e-05,0.0005939787194328425
60,01,-1.1848107099418698e-05,28.771229348787696,56.9102486772409,0.0017296655524161556,0.0003542191671304773
61,02,-9.682757584759485e-06,6.4267875001403105,47.08914505602986,8.748411584174497e-05,0.0003115679466334117
62,03,-1.3818876191033916e-05,-6.2181760956138685,56.610379949503034,9.418372313181559e-05,0.00032761467128058087
63,04,-2.3066575134180317e-05,-21.124448284233942,53.13685258980724,5.596658653683133e-05,0.00045012077381442295
66,07,-3.052118788760435e-05,-16.333257173927887,51.58020934386151,0.0,0.001033779662579662
67,08,-2.8069958612225798e-05,-17.017802792784988,42.472240740586344,0.0,0.0008598136095184325
68,09,-2.2138291550658728e-05,-0.809648367987739,66.94727416271104,0.0,0.0010072270758296226
69,10,-1.5594664512004833e-05,12.420039781796033,52.5519555827328,0.0,0.0008134660352591524
71,12,-7.343828446024142e-06,12.754345215500043,59.86620702467682,1.1825137240912326e-05,0.0005638061713049892
72,01,-6.201572312694294e-06,7.789162023728894,59.71689801232405,0.006257890532093664,0.00032037616245556873
73,02,-7.646551471441942e-06,-7.170963860648018,49.17462651499538,0.00039035758092289885,0.00043289734202582635
74,03,-1.1304150707112197e-05,-2.56875498781922,68.34861116093205,0.0002458149412626861,0.00041982346533168605
75,04,-2.3272295822324753e-05,-10.486857863362628,59.37646033687326,3.632929590013292e-07,0.0005507065881250634
78,07,-3.447742918110781e-05,-15.274860501197074,50.75858460182529,0.0,0.0010814784673431896
79,08,-3.3271033724499884e-05,-4.3656862228557625,49.79625837316948,0.0,0.0009632387406820798
80,09,-2.244669017984254e-05,-3.3109654418945316,48.444472670045165,0.0,0.0010995125499796714
81,10,-1.5745955748394817e-05,1.4800897167574978,41.847355274659336,0.0,0.0007476628478483084
82,11,-1.5779393952086846e-05,2.730464919026692,53.6031213278585,0.0001320727745691935,0.00036442432660848377
84,01,-1.0488508364736625e-05,25.802121266682942,67.17732922877546,0.0024635101813142014,0.00041564420438127206
86,03,-1.09558865346488e-05,2.199697240357758,53.96111336709735,0.0001382134986180131,0.000417650180977115
87,04,-1.9242588071877733e-05,-14.953707265557181,61.57429541588492,7.426198323567707e-06,0.00039568850197150223
88,05,-3.1224375424332516e-05,-18.680161248648037,54.14751819698144,0.0,0.0007434592337500871
89,06,-3.5890827366468634e-05,-24.274000357055662,43.53411597645681,0.0,0.0008331960368823792
90,07,-3.000731417455182e-05,-30.125119514383297,48.19723509739805,0.0,0.0010106809674292967
91,08,-3.1366839325049225e-05,-20.726613564768147,49.22354232249208,0.0,0.0009093863952855494
93,10,-1.7202233669146365e-05,6.4104873591597356,48.62927366667281,0.0,0.0008042660296969873
94,11,-1.2770530823662637e-05,20.62896745435927,57.76803370095226,4.2331218719482425e-08,0.000712386935210562
95,12,-1.128779906788603e-05,28.043287035542146,58.52688881322774,0.00037468132152352284,0.0005160226476652414
96,01,-8.849628261046861e-06,-8.473066081057311,52.03738375666833,0.0005335850459273144,0.00039371051453645855
97,02,-5.771432554432804e-06,6.824847212655203,67.52644709656069,0.00025317513942718504,0.0005444937176130874
99,04,-2.2575659647211267e-05,-11.442104777696397,52.015024873095086,1.2648238076104058e-07,0.0005509123427555208
100,05,-2.791426425801057e-05,-28.103053294192083,60.924986691195485,0.0,0.0006231550341834262
101,06,-2.8837502824555686e-05,-20.989433822292757,61.5306473079814,0.0,0.0008995023713432398
103,08,-3.0242934917310693e-05,-13.572054321945357,50.633880177582476,0.0,0.0011241900766090502
104,09,-2.5696148892024614e-05,-3.969099077690972,51.22118268649578,0.0,0.001026891966428189
105,10,-1.9746457593286597e-05,13.28605210072507,59.41998880579267,0.0,0.0008929555590629677
106,11,-1.2423982501220758e-05,8.69252590874566,58.77474638277293,0.0,0.0005567817669088578
107,12,-5.659096497726741e-06,10.619382738339004,50.16868590621025,5.145294307380593e-05,0.0006231452756041871
108,01,-9.400724827868036e-06,23.76198229324177,64.8158600401199,0.0002939996052813786,0.0005186993550770137
110,03,-1.4791143874625109e-05,4.141464673442225,71.63935923557511,3.25570567961662e-05,0.00047325576421621175
111,04,-2.4692344382775542e-05,-22.74501348402235,55.09817502149212,0.0,0.0005172340481790242
116,09,-2.5435363158006416e-05,2.907980506727431,49.177534459747214,0.0,0.0009323654926211424
117,10,-1.6347254436593455e-05,7.273599919801116,47.520342997120274,0.0,0.0007721173569709835
118,11,-1.0307503538792339e-05,7.8851572241889105,46.36847800110711,7.3817332585652676e-06,0.000563931326113359
119,12,-7.866494279115095e-06,20.208327730240367,52.71666673100892,0.0,0.00053423904773601
120,01,-5.490775168401608e-06,12.580168148245866,46.32122026583841,0.0,0.0005023698754026696
121,02,-1.1993180484209699e-05,15.243881237211681,52.799659086113884,4.026403029759725e-06,0.00042497837058714
122,03,-1.7582771425163286e-05,5.919001820882161,61.97907953674307,1.3147951454244634e-06,0.0005982449319345967
123,04,-2.3728384267512105e-05,-15.711892689005532,62.36782957411343,7.404155201382107e-06,0.0005368266940982721
124,05,-3.2913617601255e-05,-32.404015432706444,43.15242019264416,0.0,0.0005949903542140838
127,08,-3.0036708770112647e-05,-17.0266568734774,43.458151734339296,0.0,0.0009896705504082786
128,09,-2.1827326350689368e-05,-6.781363076782227,44.02462579022247,0.0,0.0009320243816883804
129,10,-1.9913688146604526e-05,14.103063629806684,48.60193847477949,0.0,0.0008421332443241979
130,11,-1.311930024130561e-05,7.912713109334308,43.72629240063826,7.664759953816732e-08,0.0004454905331929088
131,12,-7.719866410816296e-06,20.033501539989185,45.286219627095804,2.718377369706349e-05,0.00047829752353097696
132,01,-9.708490018202875e-06,23.531725362798216,54.619796854420386,3.920951197224279e-06,0.0005105691684948654
133,02,-1.709957590030951e-05,31.83555304718018,59.52337883048256,2.0835172562372115e-06,0.0005475542892947997
134,03,-1.7018775953137494e-05,2.372058311872584,47.98838851665681,2.4298456407362414e-05,0.00048062062612102977
135,04,-2.7999317039636173e-05,-19.276666238742408,46.732171709169286,0.0,0.00037736529698403654
137,06,-3.068480971400681e-05,-23.63770078192817,52.16888050745726,0.0,0.0008391077614164817
138,07,-3.559518055198981e-05,-33.07448882301904,37.832517702871755,0.0,0.000870340643866736
139,08,-2.897321149455781e-05,-28.290339532667595,47.590817581110095,0.0,0.0010727420896216627
140,09,-2.7407515947157255e-05,-3.6402964202880854,48.108384553693405,0.0,0.0008673468175783354
141,10,-1.8407037761653066e-05,10.48773665069252,49.92561818830045,0.0,0.0007825079715910818
142,11,-1.0645134954231454e-05,8.876481322224937,54.38112868225972,1.7197676499684652e-05,0.0004970781178460824
143,12,-1.0178729378000547e-05,19.264495642221096,49.02194799312469,0.00010385854269868586,0.0004455819003796224
144,01,-9.804670876438911e-06,24.167181801416536,38.86062395377826,7.464897248052782e-06,0.00029198987653266507
146,03,-1.2629808311264428e-05,-0.5304674036169569,53.76618897918476,0.0,0.0005727407951866191
147,04,-2.5889148811054637e-05,-18.50936585184733,50.20018549894757,1.8495678901672365e-06,0.00041218083241272116
148,05,-2.5811937759284265e-05,-33.066711107479634,47.67298183366304,0.0,0.0005622225995608382
151,08,-2.9805839779475068e-05,-22.79464663072811,38.70661156831249,0.0,0.0010097339748723264
152,09,-2.1833397036001162e-05,-8.548686426798504,39.4321560544822,0.0,0.0008007140552823532
155,12,-7.654158530845394e-06,17.942148733159545,42.031411531264894,5.5359345610423755e-06,0.00046165224257053707
156,01,-5.988280283046514e-06,9.900324605634134,41.55076964045469,0.0,0.000437638549289248
157,02,-7.568776633878318e-06,10.513905402874128,42.596786469010105,3.7069602944385046e-05,0.00039763415424268303
158,03,-1.6743815379482177e-05,3.675611719931326,56.535387553599556,1.1341134707132974e-05,0.0004879701252311531
159,04,-2.3724830210206465e-05,-12.979907084147134,60.15185276207658,2.5939941406250002e-08,0.000579528459085648
160,05,-3.502280750303383e-05,-18.415903687507882,37.98684394011575,0.0,0.0005439886107167655
161,06,-3.339920427913765e-05,-25.873405965508358,43.36981476617124,0.0,0.0008486856836498394
164,09,-2.5466491539959356e-05,-1.4094354346381297,48.6797681992597,0.0,0.0008614746787727199
165,10,-1.9484351597922247e-05,1.9587082073252686,58.379234332862715,1.8078127214985508e-06,0.0005589232049004094
166,11,-1.321692710625939e-05,23.694389510769323,50.96693710040848,0.0,0.0005697992317844588
167,12,-8.425528942156701e-06,11.411874493342573,45.69198678764476,3.2269544498894803e-06,0.00046205227275860006
168,01,-9.715480358609446e-06,34.39173987899288,57.42208674485646,4.798289268247543e-07,0.0005887621752377449
169,02,-8.449411843078754e-06,-1.1622854381742926,41.2482318814184,0.0001454247690382458,0.00038359931115603885
170,03,-1.4966802825774622e-05,-6.011914413616221,42.24266758934657,0.00013486407008222353,0.0004124762266675568
172,05,-3.0932743489659034e-05,-26.541132331437964,51.168041845343446,0.0,0.0007194121543284234
173,06,-3.281592492067931e-05,-24.277929318237305,46.836056776909025,0.0,0.0009091609778879503
174,07,-3.3366269429406925e-05,-23.52127023184171,53.23872095220833,0.0,0.0009773544866860003
175,08,-3.234485571499712e-05,-11.285276480397874,49.79429166342623,0.0,0.0010167660779612973
176,09,-2.2725771390226628e-05,-2.4448908416748045,57.50485973500145,0.0,0.000888641576060541
177,10,-1.798888249350155e-05,2.3637267239478326,43.9463890340828,0.0,0.000542134024022548
178,11,-1.1587640056374466e-05,-1.8295716874864363,52.225245416957804,0.00015719194677140975,0.00047988380124447253
180,01,-8.814763398506955e-06,28.086010490499522,59.814965074129006,6.143172710172592e-05,0.0004701822597394422
183,04,-2.4481364455176743e-05,-15.54007357143826,53.21672202842236,6.838602489895291e-06,0.00040480200442157807
184,05,-2.8615912740195944e-05,-19.306992470361852,50.8592781971834,0.0,0.0006858745914348111
185,06,-3.390126228795352e-05,-22.424498955281575,49.86442946763436,0.0,0.0010699702445989207
187,08,-3.527003988845888e-05,-15.806742182249662,41.714041907468136,0.0,0.0008680270261172562
189,10,-1.8016295581522476e-05,4.47270425086893,52.33998963107474,0.0,0.0007590626369145407
191,12,-1.093666692604627e-05,22.757288210632986,53.902280609893545,6.536950347244099e-07,0.0005556525008313002
192,01,-1.2804497735976505e-05,25.385474410518523,57.77612080058489,0.0009627563479126142,0.00045759688101936
193,02,-1.271823695051786e-05,20.178666164579848,60.9734689490412,5.487134059270224e-06,0.00048809193327531924
194,03,-2.219248033328259e-05,-0.5256330294045062,56.57506640008187,0.00016835869896796444,0.00037265990637394303
195,04,-2.3056703787511248e-05,-15.611610607231992,48.9374839578549,0.0,0.0005232466899471546
196,05,-3.3250014936618425e-05,-29.631465932538433,52.844916530618114,0.0,0.0006214292339710306
197,06,-3.44918315846169e-05,-24.446217814466692,49.08188772321145,0.0,0.0007471122926498033
198,07,-3.591561413959817e-05,-25.92438248894804,39.340810654867084,0.0,0.001035028367159925
199,08,-3.331847033315239e-05,-31.29434137422295,33.68999910253863,0.0,0.0008271361476220967
201,10,-1.4566836962311297e-05,5.514771194293934,41.310020164710224,0.0,0.0008753650264261328
203,12,-8.991161045966975e-06,-5.598886509064706,48.51484771922968,0.00015860379254946144,0.00039905608716880105
204,01,-7.460320452180465e-06,-0.4728464959257379,45.67560021059616,0.00023015245699113416,0.00044037663110958085
205,02,-7.544903639281147e-06,5.38362545916678,55.18347650017959,0.0006102077837648064,0.00031412921131322426
206,03,-1.2827322511164368e-05,-10.990242480862525,51.72073062135199,2.0419359207153323e-05,0.0004322530456430366
208,05,-2.4253428110207234e-05,-26.022296560964275,51.92535755428705,0.0,0.0006685273422467372
209,06,-2.8253365109311642e-05,-38.732165323215064,41.61192797080808,0.0,0.0007725716853643563
210,07,-3.142641031134248e-05,-27.054918192217425,49.82263012584947,0.0,0.0009566610893040974
211,08,-2.9903093116464793e-05,-15.358725825155936,42.33743624172287,0.0,0.0008052989171323801
212,09,-2.534073391895315e-05,-7.00570699428982,43.673043699496326,0.0,0.0007056351989302735
213,10,-1.7171301486478214e-05,8.106230379494288,51.02844809201841,0.0,0.0008193838488076182
215,12,-8.836182103413613e-06,1.1414017176474303,51.832999992789766,0.00011574836187465217,0.000456995769084828
216,01,-3.583592048936e-06,-1.2817189340899076,35.36421269791357,0.00038023888808424755,0.0002965270524839061
217,02,-9.97768289436776e-06,28.48145621345157,61.04910012837534,6.829840796334402e-08,0.0005305327026612487
218,03,-1.2413017713795421e-05,-3.0697627356744577,49.8996438915832,0.0,0.0005206532129615308
220,05,-3.085946982284968e-05,-22.07697987414944,55.658551038389554,0.0,0.000691181856834612
221,06,-3.476727682935032e-05,-20.254541469319665,56.16686724849277,0.0,0.0008864397704303581
222,07,-3.376502295814329e-05,-20.43258258581674,48.29218798171063,0.0,0.0008547632643424363
223,08,-3.064838395117496e-05,-15.397676236060358,39.11490551742816,0.0,0.0010386910332973625
224,09,-2.7053925191669103e-05,-10.968042353990342,40.873450344501606,0.0,0.0009289264848881631
225,10,-2.0736059433235615e-05,1.8364669255082322,46.07108195983722,0.0,0.0007064217952702141
226,11,-1.1372840429430654e-05,5.54297788119846,52.451002673839106,0.0,0.000528491018474924
228,01,-1.1099072907757458e-05,24.386054642872143,54.87726956107148,2.2409808251165574e-07,0.00045592296519506595
229,02,-7.893391973560764e-06,12.879144769577753,54.623768248409036,3.740382904098147e-05,0.000624683462594898
230,03,-1.582076560769428e-05,4.910139277304372,64.38913835901599,1.3940626575100807e-05,0.0006810213565312239
231,04,-2.2395207648413717e-05,-10.670934447903104,67.35853829729425,2.9785103268093537e-07,0.0005132326088525791
232,05,-3.182257207745645e-05,-20.036693252071256,51.31070372274871,0.0,0.0007038634061112829
233,06,-3.4082233544055876e-05,-13.138249787733287,60.09514157660935,0.0,0.001018815234679136
234,07,-3.6390916169732936e-05,-13.917790471887077,46.5719772114318,0.0,0.0009119439115554566
235,08,-3.4686337675251e-05,-19.754633603331865,40.27667498864153,0.0,0.0009149996268527415
236,09,-2.4247977624205914e-05,0.3736279635959201,55.41774919654528,0.0,0.0010404470592029612
237,10,-2.3367591303340108e-05,14.50471792602539,57.49670259841796,9.088093234646704e-07,0.0007692835288216944
239,12,-8.802920268002493e-06,22.454611907630838,51.308709990082264,0.00011667215695945164,0.0005018636649010024
240,01,-9.430198710966792e-06,24.63400003675235,61.44896206574927,0.00020755073460199501,0.0005411838983149154
242,03,-1.3397230129969535e-05,-0.9194605676794566,60.6708199271861,8.536538770121912e-08,0.000520822167453769
244,05,-3.422614240797327e-05,-20.88572949317194,50.723297991629586,0.0,0.0007112033766742989
245,06,-3.759346314859108e-05,-24.964019442409946,49.104056137108806,0.0,0.0007349941236675172
246,07,-3.775679561435789e-05,-20.12216363230059,34.70881050790896,0.0,0.0008227019134094047
248,09,-2.59650643648355e-05,-3.5717024329291456,50.26974016195536,0.0,0.0010456855732800857
249,10,-2.1588807777500546e-05,5.981483147405809,48.24640764357326,0.0,0.0006945507025795002
250,11,-1.3179962080519347e-05,12.654008286878799,52.50058610761298,2.0961513784196646e-05,0.0005313356323464177
251,12,-1.3700721242369786e-05,27.986750325848984,63.54783165261822,0.0004829321933049028,0.0004460608781439875
252,01,-6.553396535759588e-06,18.42038040095504,45.80448549491872,7.689163249026063e-06,0.0004392718665100694
253,02,-1.2230161100386137e-05,18.65321454909752,54.35344561065067,3.605513052008618e-05,0.0004498816253623835
254,03,-1.4517082142339604e-05,-0.5979741453765541,58.83941007500695,2.188550656841647e-05,0.0004991599991315802
255,04,-2.355722367422762e-05,-12.813957029554578,60.681698268123455,8.329312006632488e-07,0.0005945271223715785
256,05,-3.550879427684679e-05,-19.147158501081563,47.704144963514416,0.0,0.0006344104929724587
257,06,-3.750390542944741e-05,-27.016546727159287,42.780413097916714,0.0,0.0008396627575370277
258,07,-3.168135436499142e-05,-21.668345875401656,51.88578506780696,0.0,0.0008486174719188665
259,08,-3.0941285219664524e-05,-19.063545700565466,39.65101154342005,0.0,0.0008177378859400235
260,09,-2.4486756719630248e-05,-2.020394458007812,56.817002186003,0.0,0.0011746618843225302
261,10,-2.1893689024856883e-05,11.235235126454343,57.40779917159772,0.0,0.000834898857871064
262,11,-1.5146696185204038e-05,20.892512133110895,68.07071139411661,0.0,0.0005471246481323154
263,12,-1.1904006665214989e-05,20.81303864280127,63.79751548051194,0.0006958496250132079,0.0005704053421768659
265,02,-9.421481274265325e-06,7.153048214503697,61.79020408172125,0.0006544472773869832,0.00045849606639379885
266,03,-1.3063552253355424e-05,-6.242824222359606,58.59238742218351,0.00027922883085025255,0.00043964260734938635
267,04,-2.4765318735565716e-05,-15.737299090576174,60.65160554169682,6.594268480936686e-06,0.0004324344195720945
269,06,-3.303585196628976e-05,-31.827683939954966,48.06642211600013,0.0,0.0007031702677992751
270,07,-3.6646507612448495e-05,-24.41304970722813,43.035889669943884,0.0,0.0009577895311687377
271,08,-3.349079792080317e-05,-13.273838911159066,49.470468634774605,0.0,0.0011785009511229004
272,09,-2.8629883362433853e-05,-3.361749937269423,60.89090815499625,0.0,0.0008204311439514236
274,11,-1.4045017091525046e-05,9.019137569173179,50.75557469189433,0.0,0.0006085738384488525
275,12,-9.904081011676856e-06,14.487402564920403,52.82181985401466,0.00022924734956474715,0.00042967180998163804
276,01,-6.60295483731882e-06,23.604068570044735,51.65779350411636,0.00012535062912971744,0.0005113839650168305
277,02,-1.6342577849974034e-05,27.257544948032923,61.67323920420096,5.277034782228017e-06,0.0005129149039266849
278,03,-1.718439095667989e-05,-2.8514695644583754,52.573686629964456,1.5001514906524331e-06,0.0004819596547454955
279,04,-2.4829810814864887e-05,-14.182246478949653,49.20558492463959,0.0,0.0004709443206453266
280,05,-3.0134792006426703e-05,-17.31557953963741,52.31226475243542,0.0,0.0007120376103461025
282,07,-3.594073215623134e-05,-17.96138944137737,48.60045512300026,0.0,0.0010623623587375588
283,08,-3.0240783373966385e-05,-12.41071590333344,52.640142950275894,0.0,0.001163815572202473
284,09,-2.726855740998468e-05,-6.606480073716904,41.46046437310777,0.0,0.0007335374628951386
285,10,-2.2813934475604865e-05,5.003235001430717,55.25826176021304,0.0,0.000718885400139463
289,02,-9.213011075579354e-06,1.6289639434814458,40.65915042115535,0.000368756529830751,0.0002735949758984874
290,03,-1.4304734281419465e-05,-4.024482163624097,45.80751552796749,0.0,0.0004401956440712298
291,04,-2.383696288773839e-05,-17.2942943037245,47.44735419490735,1.5020370483398438e-08,0.0004770017007668381
292,05,-3.0977665722578726e-05,-19.48317038226384,57.695412786129985,0.0,0.0007096738202905913
293,06,-3.491794925367785e-05,-29.63445593295627,48.58540389312637,0.0,0.0011471253787109367
294,07,-3.637924248004731e-05,-25.786057973554062,44.12265574810709,0.0,0.000985359612786695
295,08,-3.1032737283929096e-05,-31.771135562691633,39.36124998163152,0.0,0.001063466894169325
298,11,-8.746191556262298e-06,13.336127873399521,55.471923015075255,0.0,0.0006547417485429125
299,12,-8.986315398414586e-06,16.75842543636855,56.42778465677845,1.2960655714875909e-05,0.0005586620659873345
300,01,-8.992702947169514e-06,20.66453995308825,64.87525535803712,0.0007110370653931812,0.0004630176850634722
301,02,-1.1818901434843997e-05,12.780648606925178,58.06078212638148,0.0004339445432027181,0.000495099684988787
302,03,-1.5225630396960167e-05,1.0669384965794064,50.376974003080406,0.00020815543461871405,0.00036018773000070863
304,05,-2.847669872224737e-05,-31.81054322043798,50.857990436966695,0.0,0.0006152930506795131
305,06,-3.421590459786078e-05,-30.121984181382924,54.56608841220009,0.0,0.0008944627820598017
307,08,-3.442271008691844e-05,-10.630728795861687,53.4802156332962,0.0,0.0011410420949086592
308,09,-3.09724094837697e-05,1.3779368174235027,41.60773183429904,0.0,0.0008935518929530012
309,10,-1.9737982986943505e-05,10.8786054316695,45.96995730125903,0.0,0.0006333934098819987
310,11,-1.219442167142309e-05,8.63346869269477,52.650442458646836,3.3279392454359266e-07,0.0006341721947358944
313,02,-1.0796667724878803e-05,1.9850640389578682,54.967533898224424,0.00020228017086074463,0.00030567886635834556
315,04,-2.402455134354872e-05,-12.38321820203993,55.9102142579476,0.0,0.0005435340928157731
316,05,-3.3327865934669755e-05,-23.83920729967343,52.369123788558014,0.0,0.0006399812987691344
318,07,-3.409394384040644e-05,-23.561669685609886,47.80977541725482,0.0,0.0009847484367624458
319,08,-3.320200081173924e-05,-14.21000237282374,41.28222914207624,0.0,0.0008214074471167111
322,11,-1.4535249143672345e-05,9.326381112670902,61.63253474075529,0.0005737135661972894,0.0005952350228117148
325,02,-8.8568046297561e-06,4.634872235616048,55.29220876641359,0.00010614823585464838,0.0003650888354684262
327,04,-2.37631702343909e-05,-18.782449027506512,53.65862876264652,0.0,0.00045216028320109117
328,05,-3.370682173148433e-05,-13.439136345319852,55.415879218805216,0.0,0.0006535041197075036
329,06,-3.4785863751151034e-05,-27.11431088460287,44.96967633606062,0.0,0.0008772879220370063
330,07,-3.3670624993676266e-05,-35.11209074615151,34.7803111832411,0.0,0.0009552916027034605
332,09,-2.4569920312832332e-05,-1.9050392035590278,48.50952039943403,0.0,0.0011661635124005137
333,10,-2.0357669840078775e-05,8.929626497002058,49.91160704086961,0.0,0.0008570413862924212
334,11,-1.6638314112929544e-05,21.698549422539603,51.20864173750348,6.023910310533312e-08,0.0006521134779476141
335,12,-1.1844671387852061e-05,21.158474252352146,51.61357204472506,1.2561005930746755e-06,0.0005773151541380593
336,01,-1.3167410284109127e-05,32.71415653975292,54.798027210791915,7.495572490076866e-08,0.0005230013527154189
337,02,-9.635896793779033e-06,12.227102448962983,62.05461917357218,0.00012729246417681375,0.0005590188341237168
338,03,-1.969343553138324e-05,2.858439688077537,50.951221448258686,8.514286369405767e-07,0.0004028064890359467
339,04,-2.5420359923575438e-05,-23.728481532796227,35.425640993569964,0.0,0.0005033413915325177
340,05,-3.1186685044343005e-05,-23.42358186127037,55.67473245647261,0.0,0.0008101687334261413
341,06,-3.458860908376663e-05,-19.802041976589628,51.81401281598541,0.0,0.0009322974188374144
342,07,-4.0491175616739144e-05,-14.380545316962786,51.51913973191349,0.0,0.0009613429224455643
343,08,-3.430768915528969e-05,-11.902402343421853,46.669440629773256,0.0,0.0010274620080804539
345,10,-1.4836711174446523e-05,-1.5530790907336818,46.4751422240952,0.0,0.0008285501714110792
346,11,-1.4172945336880124e-05,15.984315191311307,55.0159122577058,8.570086956024171e-06,0.0006465871534172897
347,12,-9.103623443880553e-06,18.67049515623687,44.72693699303237,1.9495038576023557e-06,0.0003995294160866323
348,01,-9.98381483742544e-06,30.50790186531313,59.32570013750177,3.1635838170205394e-06,0.0005276380488101
350,03,-2.0140387961912898e-05,4.352542552004578,67.29393991330491,6.198341231192312e-05,0.0004389440757035161
351,04,-2.446588194630345e-05,-15.287676639472116,50.48518859204715,0.0,0.00038008468478427
352,05,-3.326288808405293e-05,-18.37616691179173,46.32872357566895,0.0,0.0006870887521260839
353,06,-3.476253857051133e-05,-32.52892781643338,47.80475471985869,0.0,0.0008564286241224787
354,07,-3.577182100015043e-05,-18.878891244211506,53.425692884929724,0.0,0.0011261872946572934
355,08,-3.3834556450724496e-05,-9.036356891591062,49.02626591384924,0.0,0.001041277370647549
356,09,-2.5189189388381943e-05,-2.5223080678304033,46.95382839618127,0.0,0.0009044781553824899
358,11,-1.2143508331428165e-05,12.723418456013999,55.05112889809742,0.00035360905991660223,0.0005676329277205644
359,12,-6.623100362498576e-06,8.910789440196046,51.189781416840454,3.1098793911677535e-05,0.00043185676473623153
360,01,-6.219402897665034e-06,13.638463789416898,56.756673166043,0.00026115813434764905,0.0004136181822207933
361,02,-6.55127283612057e-06,7.2258432279314295,62.426701213981424,5.497220584324428e-05,0.00047579284143406164
363,04,-2.2896213735516033e-05,-13.763160278998479,44.90089633327524,7.51813252766927e-09,0.0004889661802240576
364,05,-3.152253704363203e-05,-24.89160391596312,50.72287625494953,0.0,0.0007151075125502661
366,07,-3.995988693131167e-05,-23.939954596078525,46.67216465320125,0.0,0.0009029157017727434
367,08,-3.326769469126164e-05,-18.63527480389995,42.41847231385144,0.0,0.0010581389043553269
368,09,-2.396435872586961e-05,-8.675344586181641,43.626415080409586,0.0,0.0009490466401233954
370,11,-1.3997967538165946e-05,28.005924584282763,63.3120259418408,7.164478302001954e-09,0.0006304514712387844
371,12,-8.896478755051119e-06,9.686923075029926,62.37685010996686,0.0033527605789963914,0.00038589618015715004
373,02,-7.65345504045659e-06,5.717629487900508,61.53230691539674,0.0021790685525962285,0.0003673177904023817
374,03,-1.4227020407356234e-05,-0.1344084672825314,56.345688745778084,1.3550689143519247e-05,0.0004143901391054961
375,04,-2.4690822054900404e-05,-20.66956467929416,50.227940069592,2.4727185567220055e-07,0.0004912910699575554
376,05,-2.827942739082006e-05,-27.387183430333288,51.416537502500645,0.0,0.0005531739490862218
377,06,-3.182083758476639e-05,-35.711798379855686,43.71565713060168,0.0,0.0008911056623261983
378,07,-3.4407490462771055e-05,-31.11366353779454,49.13440625845617,0.0,0.0012401764772639779
379,08,-3.27152816781925e-05,-15.088779016966459,50.057286181364006,0.0,0.0010051635737900273
382,11,-1.1904203317903414e-05,4.708053307088217,64.34552551558414,0.0002805316183302138,0.000539917925373298
383,12,-7.738160395268594e-06,4.967533013128466,56.59717789244652,0.006288984498670025,0.00034308914540316133
384,01,-4.432973011169315e-06,15.641597058367989,49.85520389962581,0.000611914046349064,0.00040994079856436554
385,02,-7.274441715534998e-06,7.353929252261208,64.81677477946593,0.00014321758775483995,0.0005457368057977929
386,03,-1.235675504704564e-05,-6.3443144091534345,43.386579177287324,0.00019613219461133403,0.00039190909222795576
387,04,-2.5035789431644346e-05,-14.869033695136176,49.48712501599656,0.0,0.0005911379486306348
389,06,-3.4230032604055946e-05,-25.01744469502767,49.43961729888122,0.0,0.000881464317699061
392,09,-2.5484862159343414e-05,2.648160398695204,48.54894579696125,0.0,0.0010463940876720393
393,10,-1.916051529891168e-05,8.726722329416583,41.10612051369683,1.6692376905871977e-07,0.0007127288467344178
394,11,-8.12447487300637e-06,7.208228931681314,45.10324230610001,0.0,0.0006513960211994212
395,12,-1.2744765838047034e-05,29.389911852764826,62.27082245179138,8.855871231325211e-05,0.0004817236066579237
396,01,-9.557997748420493e-06,23.492998173539362,55.985124487241116,3.76804490243235e-05,0.00043240021513436713
397,02,-6.941694202459045e-06,2.77444112036694,54.92825397600388,0.0013561625960229456,0.0004849237747458461
398,03,-1.1845709033173812e-05,-9.130659757880753,42.53471919810516,5.560450656439668e-06,0.00044616643216331627
399,04,-2.412122515035865e-05,-15.116672309705946,65.52592149374486,0.0,0.0005342435015494618
400,05,-3.2719707248821014e-05,-19.41600187732328,54.71462800888861,0.0,0.0008146372657843473
401,06,-3.633841799156573e-05,-15.284035491265191,54.862410076340026,0.0,0.0009098009567069676
402,07,-3.9630504535585143e-05,-18.105863085346844,55.33667580591222,0.0,0.0010251161839649637
404,09,-2.780254297756781e-05,-4.337274759928387,47.643611919113,0.0,0.0009458465725743282
405,10,-1.749340033099435e-05,6.576196681525118,62.883388684188155,1.6571373067876343e-08,0.0009416702161500776
407,12,-8.270612005098982e-06,23.135962751162953,68.44660146777348,0.0004308112231633996,0.0005064767144187343
408,01,-7.079607454118081e-06,9.77005108642578,59.36599973937003,0.0024007742763847433,0.000497766507189808
409,02,-9.82560560788399e-06,1.2790957768758144,54.799641565576906,0.0007189501410438901,0.0003367882807537607
410,03,-1.6003138249269338e-05,-14.11737674147083,62.83003596656937,0.00018706004465779953,0.0004201141621528276
412,05,-2.7662325821888435e-05,-23.158452428017892,56.92952051083376,0.0,0.0006636143321345607
413,06,-3.319209287441886e-05,-26.815010833062065,45.349666944320994,0.0,0.0008767861766169669
414,07,-3.405638901301333e-05,-27.630988150319745,40.32137145659744,0.0,0.0009992564759155084
415,08,-3.2683108437937644e-05,-17.84199171037572,39.46305893081491,0.0,0.0008798842714115641
416,09,-2.475842662511746e-05,-8.054260448540582,49.65095689521101,0.0,0.0009952416975374742
417,10,-1.765674730958508e-05,13.677036990258001,51.31546706972713,0.0,0.0007650325017121314
418,11,-1.2026654228591521e-05,13.685960133870443,60.59634180396663,8.762069013383654e-05,0.0006722915904273629
420,01,-8.580053124215514e-06,22.96357862870411,63.49304372530727,1.0653635506988855e-05,0.0004570045449137564
421,02,-1.1990748406116751e-05,26.598223410470148,61.15281964255657,1.0926482223329089e-06,0.000413683501669097
422,03,-1.6731313326227373e-05,-1.3453218475669946,47.843510205716214,6.519722682173533e-08,0.0004369409978938565
423,04,-2.3883861623916246e-05,-16.521862002224392,58.86005653639768,0.0,0.0007145584834816368
425,06,-3.645346474101341e-05,-28.120134918891054,43.231891095406475,0.0,0.0007369192126624208
426,07,-3.570791800838603e-05,-18.498887496784167,52.862582088247414,0.0,0.0012707728695600497
427,08,-3.5946427165531874e-05,-15.756697428713563,51.75170243226714,0.0,0.00083940602619154
429,10,-1.6616273676728237e-05,8.951883064844276,46.06859467966968,0.0,0.0007536827149327755
430,11,-1.0089955154782932e-05,6.784489759657117,59.376273723493675,3.112157185872396e-08,0.0007041661412425191
434,03,-1.5915630637317265e-05,-1.6360386480515998,44.90566300547765,2.4049384619600027e-06,0.00042303985436162447
435,04,-2.4346638547669703e-05,-22.934988667466907,50.17846367060873,9.625487857394749e-09,0.0005260060907692656
437,06,-3.477750818122634e-05,-31.860220404391814,46.7203716229452,0.0,0.0009790266007457542
438,07,-3.7615658574522775e-05,-25.170489753641114,45.05531850020347,0.0,0.0010782962788556474
439,08,-3.326061218056918e-05,-12.586229408838417,52.3345120203854,0.0,0.0013657396460582901
440,09,-2.5603061031688413e-05,-1.6679924726698132,46.654843129608366,0.0,0.0007566028229298049
441,10,-1.3186316454061119e-05,-1.463842040031187,51.45971762442205,0.0,0.000853078227212879
442,11,-1.4898132296588707e-05,27.46974549831814,55.57987919455502,4.5776367187500004e-09,0.0007983321246238999
443,12,-8.385574634596725e-06,33.275967709449034,59.292129598577816,0.0,0.0007795188684168917
444,01,-9.004527324929857e-06,20.359526514525058,60.00615774854665,9.698816525038853e-05,0.000488436789451965
445,02,-1.2519085415486441e-05,14.879537966322628,54.698993667597065,1.52496250196435e-05,0.000396557157183862
447,04,-2.7581765115751797e-05,-20.820068422105575,57.557788026644126,1.3241238064236113e-07,0.0004367676396880408
448,05,-3.16294027814815e-05,-19.310568396455505,50.32535560724812,0.0,0.0007176550833915553
449,06,-3.356170396635004e-05,-23.02242342732747,60.87640379265148,0.0,0.0010927039331910299
450,07,-3.758493633006676e-05,-22.269790681900524,47.74635748879372,0.0,0.0010440241232438279
451,08,-3.3272750999810424e-05,-17.014684508621052,43.397001161080546,0.0,0.0010487866989167115
452,09,-2.4645985519115736e-05,-7.889081433783638,37.34792189491059,0.0,0.0009151321535124882
453,10,-1.526362983537594e-05,-3.798430909843855,48.34944315867911,0.0,0.0005933222717686742
454,11,-1.1750765303218536e-05,10.89123139716254,54.5964946256227,3.956906927956475e-05,0.0005619674263660951
455,12,-4.447676278540448e-06,15.633635981405934,42.93341399640295,3.86891185596425e-06,0.000560933945176403
456,01,-6.416161365773257e-06,12.223324068787278,48.97643718384928,0.00022398640519829207,0.00038658891371489107
457,02,-8.18821650381367e-06,12.903916228158135,62.959067062718525,0.00023337035661651976,0.0005283647472425172
458,03,-1.5800369091061108e-05,2.527072602630943,59.88884960889175,0.0,0.0006005471790666234
459,04,-2.5679135762624757e-05,-26.331729773288306,46.84454056873057,0.0,0.00046593889041503434
460,05,-2.9667726341906155e-05,-25.198657173730993,56.839670298081565,0.0,0.0009037413714048589
461,06,-3.566179110415154e-05,-31.36642959594727,52.944568701901716,0.0,0.0011968786994141958
462,07,-3.888270218750779e-05,-23.176640851420746,56.14024401203919,0.0,0.0012087215603821659
464,09,-2.5415033401845397e-05,-5.530321179199219,52.86381167994076,0.0,0.0008053615700507684
465,10,-2.0550294828412475e-05,15.281469091599986,50.30405073937036,0.0,0.000977998422354175
466,11,-1.2597567349661808e-05,15.910226154920792,53.90823562632401,3.65040037367079e-07,0.0005069242515831825
467,12,-7.748080553331723e-06,20.40142875687794,63.311030514205655,0.0006995919622400755,0.0004944631197981608
469,02,-1.1806723732206594e-05,-2.6082788761683875,46.30087924139698,9.837871222268968e-05,0.0002829947456795624
470,03,-1.3339704251535219e-05,-6.768148279333628,63.03257818707726,0.00012620726580260901,0.00046114679775602243
471,04,-2.4140652476206825e-05,-8.481860700141059,60.03202422682047,0.0,0.0007254045517381757
472,05,-3.631899526441482e-05,-17.44638056798135,47.40056218499266,0.0,0.0007784020966188845
473,06,-3.447691067930363e-05,-33.33076165534125,39.74884000571834,0.0,0.0009423105013197868
474,07,-3.4126774513620195e-05,-44.31138712696363,36.16823902212164,0.0,0.0009376750856292581
475,08,-3.324744642680256e-05,-25.59706884437479,43.61733073811633,0.0,0.0010718811275108415
476,09,-2.7110998255941223e-05,-4.088550005425346,48.59134079140956,0.0,0.0010813803784312972
477,10,-1.717439320385384e-05,2.0582064438686585,44.893768001867876,1.104806956424508e-05,0.0008625090847966448
478,11,-1.049799736220949e-05,11.533768935139973,58.11769115721252,4.4242540995279946e-07,0.0007007089032915043
479,12,-7.425197422547768e-06,21.47761040308142,53.53903508252609,5.2109628595331655e-05,0.0005544804356621699
480,01,-8.170035396257738e-06,18.813249751593478,61.34680531404607,0.0003725200532585062,0.0004562786708415723
481,02,-8.232899953890454e-06,13.675333238874163,51.283400613031226,6.108944188980828e-05,0.0004878204055308429
482,03,-1.7898125718357898e-05,7.876527682396675,54.192069970153995,0.0,0.0005073455370986293
483,04,-2.786484313502215e-05,-15.88577495863173,41.53150874974462,0.0,0.0003912166226224751
484,05,-2.8741963674400066e-05,-37.081440074305384,54.09692304540707,0.0,0.0006720132131989082
485,06,-3.9525050331051005e-05,-23.208365014648436,47.86380608810849,0.0,0.0009900846631499234
486,07,-3.625940142692049e-05,-31.74150496025496,48.734570516079984,0.0,0.001190152164367206
487,08,-3.404563471354698e-05,-17.337182702177312,41.57153246440298,0.0,0.0009153493840614355
488,09,-2.6543087166161665e-05,-4.24653964674208,45.73786681658825,0.0,0.0009920191406140525
489,10,-1.8569231195137014e-05,10.235854191605762,54.45598049366731,0.0,0.0009659558784721729
490,11,-1.0039879183467646e-05,10.335369747924807,64.20363267016013,0.0,0.0005838539287481886
491,12,-8.260583359534854e-06,25.078029959073632,56.60606037604423,0.0,0.0006186688043578876
494,03,-1.9840231885472768e-05,-1.8349693298339842,46.56073982853019,0.0,0.00044156570029401656
496,05,-2.995519203009721e-05,-45.04488896819084,46.51938461271666,0.0,0.0006991983233638057
497,06,-3.546342912159163e-05,-30.903872137790252,54.092656515480414,0.0,0.0009531023765690003
498,07,-3.552329937512147e-05,-24.55973527871409,49.31133174363516,0.0,0.0011676926252908862
499,08,-3.48960954878191e-05,-17.491402352609946,46.845165995435046,0.0,0.0011642942770002831
500,09,-2.4679065476549213e-05,-6.537764871215822,41.4254565234277,0.0,0.0009814041400650556
502,11,-1.0186800306089735e-05,15.631692754109702,47.969248177954896,0.0,0.0007050563983345021
504,01,-7.860778656987515e-06,14.34612370152627,66.80461903254064,3.849816578690723e-05,0.0004323260738559914
505,02,-9.005972841740524e-06,9.622026147751583,54.51137783175566,0.0020311918883096605,0.000539877978493261
506,03,-1.5948935392546162e-05,-0.9029574194467195,53.47545231677126,8.298632919147451e-08,0.0004469089032667109
507,04,-2.588563685021654e-05,-27.98602328389486,47.86236142485672,1.457011964586046e-05,0.0003414452638194754
509,06,-3.7502937650666964e-05,-26.38411481492784,47.88007799596918,0.0,0.0010744130859948195
510,07,-3.6336240956178925e-05,-19.074829963273896,48.14752719921964,0.0,0.001075812178065009
511,08,-3.444879628501263e-05,-12.903870650096605,45.419211714576655,0.0,0.000943864032105035
512,09,-2.3354238802332672e-05,-7.743464881388346,41.71682162190013,0.0,0.0009716396207307595
513,10,-1.864643046111826e-05,14.62936670381279,46.729617401201246,0.0,0.0007882013383125549
514,11,-1.0072340758698473e-05,9.36498726196289,49.88987413275507,2.1571267975701224e-05,0.000526706469721909
