,month,MER,MSSHF,SD,t2m,UW
1,02,-7.399999772068052e-06,2.729709174746558,0.0088853447891417,272.4365299592699,5.242820933818818
2,03,-1.408509512223264e-05,7.08405715679866,0.00040960040271923105,277.5071083010602,13.765281541639759
3,04,-2.191347909663616e-05,-15.59233038906521,3.557954761717054e-05,280.35185083779226,5.253018767907886
6,07,-3.0671342559486147e-05,-22.637875941122733,0.0,288.5937503051758,13.328552245519495
7,08,-2.8487004876296853e-05,-12.56110269165039,0.0,288.49456290886997,9.79633006227145
8,09,-2.3132900744369383e-05,-4.023202255249023,0.0,287.08609388970274,12.264388197920056
9,10,-1.6345863611966567e-05,2.642213581372333,5.061999700402701e-05,284.1524093375258,4.59894328461924
10,11,-1.1569333000928361e-05,13.890767045423724,8.024262719684175e-05,279.5115746341281,15.572536984846325
11,12,-1.207531024335357e-05,24.691616260159407,0.00017524099221793556,278.9589235103156,15.22025654595898
12,01,-5.795284385228985e-06,8.867661568262244,0.000661063572411896,273.9435328466764,5.114125808059528
13,02,-7.359469057738698e-06,6.865867059466484,0.00011199214540678879,277.9200598216879,7.856037982940672
14,03,-1.4070489600584629e-05,-6.186828353717764,6.114121534491099e-05,277.7412255432786,7.28385072402544
15,04,-2.282624180893941e-05,-17.872287172783746,0.0,280.6358343542311,0.1369029037899443
16,05,-2.9285246377967465e-05,-30.998830406271004,0.0,284.48860593045146,-4.025603452805551
17,06,-3.014735746900341e-05,-26.066622504679362,0.0,287.3835177541096,6.837710131094192
18,07,-3.1905643976779664e-05,-14.025872309859079,0.0,288.3328994714881,7.28260863685608
19,08,-3.1051088017916934e-05,-11.540256553403795,0.0,289.8567247478526,13.212725781204876
20,09,-2.365392635981859e-05,-3.0327022542317708,0.0,288.5418778632271,12.575276836034986
22,11,-1.4279194747299093e-05,14.235161112806532,0.0015326325999365914,278.42969395684133,8.777663723097907
24,01,-7.860688640385075e-06,20.899533713063885,0.0019344636983768915,276.2877688055551,12.33075755956096
25,02,-8.991757432514056e-06,2.888394768487839,0.0005664595067501069,274.87796189149225,4.826553443431854
26,03,-1.2076194787720939e-05,11.89821663673975,0.0001724853964262111,280.6608627738133,13.306958838185956
28,05,-3.0310256707952082e-05,-17.47440350473055,9.34754648516255e-08,285.6955955049248,4.588270763663836
29,06,-3.0904296795920855e-05,-15.787571440294057,0.0,286.96279334038627,11.143315948295594
30,07,-3.173775886429094e-05,-20.80200322239373,0.0,289.0546993070213,10.426191270602645
31,08,-2.8741253340065727e-05,-19.03508228654759,0.0,289.5996995383643,7.685691989857664
32,09,-2.269007780640903e-05,-3.5648343312581385,0.0,288.2523063490126,8.593244362915888
33,10,-2.174942796122078e-05,9.781940688922843,0.0,282.36856040909464,16.650438065046906
34,11,-1.4328458308167076e-05,19.586548003133142,2.2300614251030816e-06,280.54755887637674,17.251836509937714
35,12,-7.687594037497059e-06,8.885675470167591,0.012596724167946844,273.28184220705754,9.12891215738686
36,01,-5.276928763964617e-06,11.574925520045783,0.0001972472347239012,274.71989871035333,10.828720034978724
37,02,-7.864293709969517e-06,5.468580898829869,2.739869412921724e-07,276.0330576188678,2.3612015480768114
38,03,-1.6001877676116956e-05,1.792558938959594,3.8041683935349995e-06,278.2745939710473,6.721166247665241
39,04,-2.3437909088230905e-05,-21.874123499891493,2.168152067396376e-08,280.3653982337103,4.110112059911092
40,05,-2.9170486620455693e-05,-20.4214844770534,0.0,285.1203722468551,9.468134508666173
41,06,-3.17826830204164e-05,-27.949367026435006,0.0,288.8242188401964,8.309710549185011
42,07,-3.416977696542745e-05,-21.999847670688425,0.0,291.04000476303924,2.935726840890864
44,09,-2.1331834113273846e-05,-6.238656323920356,0.0,288.8515710662842,11.304056086709762
45,10,-1.6551261839878706e-05,3.491510892150223,0.0,284.4179603883477,6.952388475377072
46,11,-1.519573135911843e-05,20.401449884033198,5.0221549140082464e-08,281.542423581526,14.35263231576284
48,01,-1.1369238679367056e-05,31.70380508160335,0.00012911142713280135,279.3915269172832,23.507062125913563
49,02,-1.1685804688698098e-05,2.732715975443522,0.00031034646715436665,274.1075286789849,-0.6980405422619412
53,06,-3.6603149109497395e-05,-25.008415187242296,0.0,288.4321055046929,7.4451282612482705
55,08,-2.6941880611302234e-05,-27.08358682743196,0.0,290.7689338021227,0.022965281558293076
56,09,-2.725831751290065e-05,0.9693071214463977,0.0,287.3565667371962,17.08183361146715
57,10,-2.1395454446465794e-05,12.186390243366201,0.0,284.1974871086613,17.807696523379256
58,11,-9.367185011372688e-06,10.117007967122396,3.5537613762749565e-08,280.0425614195929,7.654566838243273
59,12,-8.522425015388596e-06,21.808005747805364,2.6479295504990444e-05,277.4857788941578,13.30256360898992
60,01,-1.1848107099418698e-05,28.771229348787696,0.0017296655524161556,276.7842754120365,17.3053938906885
62,03,-1.3818876191033916e-05,-6.2181760956138685,9.418372313181559e-05,277.09370695126444,1.7070786961791335
63,04,-2.3066575134180317e-05,-21.124448284233942,5.596658653683133e-05,280.480126296997,2.0456456870185007
64,05,-2.301351515928619e-05,-21.276121071107926,3.1990530670330086e-06,282.87292314492504,-3.17149069710188
65,06,-3.0384449369921637e-05,-25.249517172580298,0.0,286.0332354305691,7.471991460397509
66,07,-3.052118788760435e-05,-16.333257173927887,0.0,288.32212674803367,9.1474737645221
68,09,-2.2138291550658728e-05,-0.809648367987739,0.0,286.73494841105145,10.311384230168663
69,10,-1.5594664512004833e-05,12.420039781796033,0.0,284.94581760332665,15.485334654428625
70,11,-1.2000811908506469e-05,17.20852971835666,8.267998695373535e-07,281.5467750801086,10.336642698266768
71,12,-7.343828446024142e-06,12.754345215500043,1.1825137240912326e-05,277.9717317575434,8.305007507467783
72,01,-6.201572312694294e-06,7.789162023728894,0.006257890532093664,270.81246475709895,3.3671332889679944
73,02,-7.646551471441942e-06,-7.170963860648018,0.00039035758092289885,272.6459450080508,5.9333629534131
74,03,-1.1304150707112197e-05,-2.56875498781922,0.0002458149412626861,276.80950123838204,5.728958231320945
75,04,-2.3272295822324753e-05,-10.486857863362628,3.632929590013292e-07,281.0197640380859,12.875126613341438
76,05,-2.800802443084893e-05,-16.149492612120927,0.0,285.3065335752425,0.7978462683975057
78,07,-3.447742918110781e-05,-15.274860501197074,0.0,289.64287729209974,13.101680323898153
79,08,-3.3271033724499884e-05,-4.3656862228557625,0.0,288.7357638382451,15.87532358626909
81,10,-1.5745955748394817e-05,1.4800897167574978,0.0,283.8836659237441,3.9228212014475177
82,11,-1.5779393952086846e-05,2.730464919026692,0.0001320727745691935,276.48227231207954,8.510707509316338
83,12,-6.748697063030508e-06,22.216181771555252,0.0009846030858255202,278.89900289527316,19.30713940606066
85,02,-9.105866422227595e-06,-15.737989101954868,0.0001222507996218545,269.8368100568681,-5.740575921649026
88,05,-3.1224375424332516e-05,-18.680161248648037,0.0,285.4117867415233,12.02608065945615
89,06,-3.5890827366468634e-05,-24.274000357055662,0.0,288.4358594709608,3.068294317224291
92,09,-2.1116000810717296e-05,-5.870355172729491,0.0,284.9466449978299,13.824011871359083
93,10,-1.7202233669146365e-05,6.4104873591597356,0.0,284.73838183753725,15.84836222144096
94,11,-1.2770530823662637e-05,20.62896745435927,4.2331218719482425e-08,281.3988308635288,15.672534009382458
95,12,-1.128779906788603e-05,28.043287035542146,0.00037468132152352284,278.653770938135,15.426232051849366
97,02,-5.771432554432804e-06,6.824847212655203,0.00025317513942718504,275.3062230299087,7.183116704645611
98,03,-1.3287096029671374e-05,-5.803373095440609,7.337508534872401e-05,275.18381564716617,8.146193476933306
99,04,-2.2575659647211267e-05,-11.442104777696397,1.2648238076104058e-07,282.7985634870741,4.7397296148724015
100,05,-2.791426425801057e-05,-28.103053294192083,0.0,282.72152383422844,5.088691424010902
101,06,-2.8837502824555686e-05,-20.989433822292757,0.0,286.23068305765787,12.883800532786049
102,07,-3.379324687933062e-05,-20.07741719498173,0.0,289.3334297852875,8.933421974059073
103,08,-3.0242934917310693e-05,-13.572054321945357,0.0,288.99911613021357,13.210910544979956
104,09,-2.5696148892024614e-05,-3.969099077690972,0.0,287.79776992187493,18.18680549267663
105,10,-1.9746457593286597e-05,13.28605210072507,0.0,284.1081416557065,8.569977047376735
106,11,-1.2423982501220758e-05,8.69252590874566,0.0,280.28694883850955,6.046647794045342
107,12,-5.659096497726741e-06,10.619382738339004,5.145294307380593e-05,277.7222096857871,10.722129596197476
108,01,-9.400724827868036e-06,23.76198229324177,0.0002939996052813786,279.10735159379686,14.951265936513103
109,02,-1.553154618433063e-05,17.196350676788683,4.479276722875135e-05,277.7702740127738,13.528206202342595
110,03,-1.4791143874625109e-05,4.141464673442225,3.25570567961662e-05,278.11941827511527,13.992932746682113
111,04,-2.4692344382775542e-05,-22.74501348402235,0.0,281.1784597961426,6.067272683482699
112,05,-3.182606770285695e-05,-15.882362545546664,0.0,286.42319685117656,2.950671381858087
113,06,-2.7714982728361462e-05,-28.63852083367242,0.0,287.1965049299452,-0.37918123620351224
114,07,-3.385038605679304e-05,-9.511822006717805,0.0,288.8184828294324,15.473679856002972
115,08,-3.211179117533902e-05,-13.866469908683532,0.0,289.36880185199044,13.94590260669749
116,09,-2.5435363158006416e-05,2.907980506727431,0.0,287.1028169921874,11.980116043281555
117,10,-1.6347254436593455e-05,7.273599919801116,0.0,284.2524626317998,9.869671590989638
119,12,-7.866494279115095e-06,20.208327730240367,0.0,280.1574802909768,12.202970729561263
120,01,-5.490775168401608e-06,12.580168148245866,0.0,278.0433618807229,10.294662934293028
121,02,-1.1993180484209699e-05,15.243881237211681,4.026403029759725e-06,278.5967229493005,16.366795333748772
122,03,-1.7582771425163286e-05,5.919001820882161,1.3147951454244634e-06,280.92673047006264,17.954782301687423
123,04,-2.3728384267512105e-05,-15.711892689005532,7.404155201382107e-06,279.7644985144721,5.260100383440654
124,05,-3.2913617601255e-05,-32.404015432706444,0.0,286.4839753660796,6.0320307345851765
125,06,-3.3498540398290464e-05,-35.047065074327264,0.0,288.0712565836589,4.440140065659417
126,07,-3.3625666249610085e-05,-27.510599928661055,0.0,290.43235706386776,6.757328301583567
127,08,-3.0036708770112647e-05,-17.0266568734774,0.0,290.0662455388552,11.918716067467969
128,09,-2.1827326350689368e-05,-6.781363076782227,0.0,288.6776379201254,2.8825163167741565
130,11,-1.311930024130561e-05,7.912713109334308,7.664759953816732e-08,279.22501226437885,6.5622522730721355
131,12,-7.719866410816296e-06,20.033501539989185,2.718377369706349e-05,278.14191156752395,13.531202857314899
132,01,-9.708490018202875e-06,23.531725362798216,3.920951197224279e-06,278.84542206019734,17.500156613913916
133,02,-1.709957590030951e-05,31.83555304718018,2.0835172562372115e-06,280.50749825822743,22.9481457257952
136,05,-3.125298669270236e-05,-34.3688931694441,0.0,286.42458363949356,5.1684694324001175
138,07,-3.559518055198981e-05,-33.07448882301904,0.0,289.3471467754405,11.827403479811963
140,09,-2.7407515947157255e-05,-3.6402964202880854,0.0,286.55917945963546,12.827943298954434
141,10,-1.8407037761653066e-05,10.48773665069252,0.0,285.16074951352357,8.42830417339776
143,12,-1.0178729378000547e-05,19.264495642221096,0.00010385854269868586,277.58139236323046,5.829736719623688
144,01,-9.804670876438911e-06,24.167181801416536,7.464897248052782e-06,276.4995654494993,8.86982310034639
147,04,-2.5889148811054637e-05,-18.50936585184733,1.8495678901672365e-06,281.06129239251874,5.61995390847524
148,05,-2.5811937759284265e-05,-33.066711107479634,0.0,282.56432028493566,0.8872901309023614
149,06,-2.987989489524302e-05,-20.686577268473304,0.0,285.44453116149896,14.718036211374072
150,07,-3.606362330103894e-05,-12.26554677852508,0.0,291.0611541531471,6.619193799377769
151,08,-2.9805839779475068e-05,-22.79464663072811,0.0,290.6213046195738,11.01385874016054
152,09,-2.1833397036001162e-05,-8.548686426798504,0.0,288.29770074191623,9.955680732430352
153,10,-2.004618059737534e-05,2.17344532234438,0.0,283.64651159085514,4.971583007299772
154,11,-1.4646135411648073e-05,14.444811823866104,2.8859506713019477e-05,279.0964361319648,11.738773440445796
155,12,-7.654158530845394e-06,17.942148733159545,5.5359345610423755e-06,277.4903090515137,8.257994727001396
160,05,-3.502280750303383e-05,-18.415903687507882,0.0,287.68378568587764,3.870598782180457
162,07,-3.3542465003026134e-05,-26.574038988010855,0.0,290.8302553724063,10.104954804943455
163,08,-3.290884278264643e-05,-13.404264240552024,0.0,290.5360282891386,17.78341034901527
164,09,-2.5466491539959356e-05,-1.4094354346381297,0.0,287.5794175764296,9.088945560031467
165,10,-1.9484351597922247e-05,1.9587082073252686,1.8078127214985508e-06,281.5607008762565,6.554792054104549
168,01,-9.715480358609446e-06,34.39173987899288,4.798289268247543e-07,278.0689588641915,24.59790798663068
170,03,-1.4966802825774622e-05,-6.011914413616221,0.00013486407008222353,278.6799079442178,6.541541600606773
171,04,-2.191761210872048e-05,-4.539731902737087,0.0,283.3900037384034,3.7300693186442064
173,06,-3.281592492067931e-05,-24.277929318237305,0.0,288.3121968231201,9.25905919657813
175,08,-3.234485571499712e-05,-11.285276480397874,0.0,288.38119730434624,14.445863279670796
176,09,-2.2725771390226628e-05,-2.4448908416748045,0.0,286.37938309156635,4.56495947757297
178,11,-1.1587640056374466e-05,-1.8295716874864363,0.00015719194677140975,275.9691254242791,2.3298814604229396
180,01,-8.814763398506955e-06,28.086010490499522,6.143172710172592e-05,278.4522831625169,17.509481018681676
181,02,-9.681430163471391e-06,-2.9269207930791947,0.0003871754450457437,274.71976377387267,6.761308108556839
182,03,-1.5868986940443404e-05,12.424105568506382,9.499826738911291e-08,280.1386115247255,25.385559077929432
183,04,-2.4481364455176743e-05,-15.54007357143826,6.838602489895291e-06,281.15531175240415,5.804787655745612
185,06,-3.390126228795352e-05,-22.424498955281575,0.0,287.7325351216634,12.548458471997579
186,07,-3.466171150601792e-05,-32.442688338413035,0.0,293.29159473148474,4.388184303857946
188,09,-2.649383951805552e-05,-2.2674784339057075,0.0,286.7490272650824,9.422944353548688
189,10,-1.8016295581522476e-05,4.47270425086893,0.0,282.91257732530823,9.331117238485684
190,11,-8.92097842036795e-06,12.752254605102538,0.0,283.18030227940875,10.65475141023
191,12,-1.093666692604627e-05,22.757288210632986,6.536950347244099e-07,279.09193974574924,16.48587201194353
192,01,-1.2804497735976505e-05,25.385474410518523,0.0009627563479126142,277.2651151844968,14.218067233526579
193,02,-1.271823695051786e-05,20.178666164579848,5.487134059270224e-06,279.69789509668806,20.19777915863764
196,05,-3.3250014936618425e-05,-29.631465932538433,0.0,285.3548243562432,9.018692946013585
197,06,-3.44918315846169e-05,-24.446217814466692,0.0,287.09207231580945,4.274826041094461
198,07,-3.591561413959817e-05,-25.92438248894804,0.0,292.21608878154143,7.295851527121759
199,08,-3.331847033315239e-05,-31.29434137422295,0.0,292.1374796096639,0.6543888631225918
201,10,-1.4566836962311297e-05,5.514771194293934,0.0,286.1660483907064,12.37252014750819
202,11,-1.3042386322538529e-05,9.068964893934462,2.0260943306816947e-07,280.4485377359602,6.407606474367777
203,12,-8.991161045966975e-06,-5.598886509064706,0.00015860379254946144,272.8523069154063,2.4333651795746185
204,01,-7.460320452180465e-06,-0.4728464959257379,0.00023015245699113416,273.0739127290787,1.658294647544943
205,02,-7.544903639281147e-06,5.38362545916678,0.0006102077837648064,273.61455346710375,4.37647370480943
206,03,-1.2827322511164368e-05,-10.990242480862525,2.0419359207153323e-05,275.89573825737733,1.0527366366232593
207,04,-2.0502408365953464e-05,-21.604367342122394,2.815988328721788e-08,281.5059792378743,4.561729153993395
208,05,-2.4253428110207234e-05,-26.022296560964275,0.0,283.0404211406093,9.13497221109944
209,06,-2.8253365109311642e-05,-38.732165323215064,0.0,287.7120379621718,9.433004859309726
210,07,-3.142641031134248e-05,-27.054918192217425,0.0,288.9736008786437,10.088768128179733
211,08,-2.9903093116464793e-05,-15.358725825155936,0.0,290.26938906532206,2.895004055515413
212,09,-2.534073391895315e-05,-7.00570699428982,0.0,286.062809048801,0.038807996008131576
213,10,-1.7171301486478214e-05,8.106230379494288,0.0,284.35446074524754,10.03043698339565
214,11,-1.4551765714713837e-05,14.46901237657335,0.00012027359008789062,279.4499412578582,12.736440114508735
215,12,-8.836182103413613e-06,1.1414017176474303,0.00011574836187465217,274.0792455669526,4.368369198132585
216,01,-3.583592048936e-06,-1.2817189340899076,0.00038023888808424755,272.25964624536164,-1.286656943434028
217,02,-9.97768289436776e-06,28.48145621345157,6.829840796334402e-08,278.9320034816378,22.079497913224362
218,03,-1.2413017713795421e-05,-3.0697627356744577,0.0,280.40703176859375,12.954594367386195
219,04,-2.201332183204714e-05,-17.60772253417969,0.0,280.5644874141693,7.54457913983663
220,05,-3.085946982284968e-05,-22.07697987414944,0.0,285.1017764521773,8.545581844842562
221,06,-3.476727682935032e-05,-20.254541469319665,0.0,288.2355316602919,3.493047113927205
222,07,-3.376502295814329e-05,-20.43258258581674,0.0,290.03099838158397,6.435511002550844
224,09,-2.7053925191669103e-05,-10.968042353990342,0.0,287.54944601949063,12.051192799843681
225,10,-2.0736059433235615e-05,1.8364669255082322,0.0,283.2611740620521,11.233670121797948
226,11,-1.1372840429430654e-05,5.54297788119846,0.0,279.9875980561574,4.724241298357645
228,01,-1.1099072907757458e-05,24.386054642872143,2.2409808251165574e-07,277.9622745796942,9.809003644122871
229,02,-7.893391973560764e-06,12.879144769577753,3.740382904098147e-05,279.23413331127165,14.813645704178581
230,03,-1.582076560769428e-05,4.910139277304372,1.3940626575100807e-05,280.3343201620861,11.045111331426973
231,04,-2.2395207648413717e-05,-10.670934447903104,2.9785103268093537e-07,281.88296789105726,7.908418326038785
234,07,-3.6390916169732936e-05,-13.917790471887077,0.0,288.9995175761561,15.677108238486833
235,08,-3.4686337675251e-05,-19.754633603331865,0.0,289.45330056729875,14.429789518274287
236,09,-2.4247977624205914e-05,0.3736279635959201,0.0,288.04718676249183,3.919208845329285
237,10,-2.3367591303340108e-05,14.50471792602539,9.088093234646704e-07,283.2419490077521,15.000559230353243
238,11,-1.186565926222506e-05,4.6568576497395835,2.143026722802056e-06,277.3990418517218,7.878285733710395
239,12,-8.802920268002493e-06,22.454611907630838,0.00011667215695945164,277.97066255097747,12.782658350072886
240,01,-9.430198710966792e-06,24.63400003675235,0.00020755073460199501,278.42221806261614,16.481189683155343
241,02,-1.079772392194216e-05,13.779260249546594,0.0025613292994953337,276.5846275064377,13.373481011186328
242,03,-1.3397230129969535e-05,-0.9194605676794566,8.536538770121912e-08,280.0196965524407,9.409900608575471
243,04,-2.54553507465769e-05,-17.42901027967665,8.541558848487004e-06,282.47727725253634,5.066782274542914
244,05,-3.422614240797327e-05,-20.88572949317194,0.0,286.46426943280625,8.779698450191047
245,06,-3.759346314859108e-05,-24.964019442409946,0.0,287.621155009969,9.589524438858033
246,07,-3.775679561435789e-05,-20.12216363230059,0.0,291.3305993268413,6.7905215421697145
247,08,-3.318467006672979e-05,-13.657699137697938,0.0,290.35377914166196,8.883778229928788
249,10,-2.1588807777500546e-05,5.981483147405809,0.0,284.0889761727855,9.68599304804238
250,11,-1.3179962080519347e-05,12.654008286878799,2.0961513784196646e-05,280.36134305237664,4.796225587866042
251,12,-1.3700721242369786e-05,27.986750325848984,0.0004829321933049028,278.27631423343126,19.86696872741945
252,01,-6.553396535759588e-06,18.42038040095504,7.689163249026063e-06,277.79516857783,10.353726586782804
253,02,-1.2230161100386137e-05,18.65321454909752,3.605513052008618e-05,278.9918639561445,19.062788032948287
255,04,-2.355722367422762e-05,-12.813957029554578,8.329312006632488e-07,282.30091152648924,4.805695806566875
256,05,-3.550879427684679e-05,-19.147158501081563,0.0,286.87483983849967,6.9489958812139365
257,06,-3.750390542944741e-05,-27.016546727159287,0.0,288.429064964803,14.330717013740538
258,07,-3.168135436499142e-05,-21.668345875401656,0.0,288.20182105771954,6.044026700850455
259,08,-3.0941285219664524e-05,-19.063545700565466,0.0,290.2980615874259,11.04517762957337
260,09,-2.4486756719630248e-05,-2.020394458007812,0.0,288.9522197736953,7.933719080649483
262,11,-1.5146696185204038e-05,20.892512133110895,0.0,281.02643124508324,12.342221737946403
264,01,-6.723928980547147e-06,14.384707934964087,0.00041049615926640003,275.96743091123847,6.1000643886237995
265,02,-9.421481274265325e-06,7.153048214503697,0.0006544472773869832,277.52430097507295,11.07230871765954
266,03,-1.3063552253355424e-05,-6.242824222359606,0.00027922883085025255,277.80964705756395,13.09184503670149
267,04,-2.4765318735565716e-05,-15.737299090576174,6.594268480936686e-06,281.0073699052598,10.400624713431462
268,05,-3.372209000100225e-05,-25.790908090242777,0.0,286.25971681492297,7.128588644150765
269,06,-3.303585196628976e-05,-31.827683939954966,0.0,287.6171802242279,12.22468430902693
273,10,-1.872843477780094e-05,15.499699002173642,0.0,287.358400129749,14.544020690487276
274,11,-1.4045017091525046e-05,9.019137569173179,0.0,281.0378544276344,7.708632052760654
275,12,-9.904081011676856e-06,14.487402564920403,0.00022924734956474715,276.8109058604907,5.938569107137702
276,01,-6.60295483731882e-06,23.604068570044735,0.00012535062912971744,277.7092359037091,13.556759391107867
277,02,-1.6342577849974034e-05,27.257544948032923,5.277034782228017e-06,280.01173835877006,20.7849390369824
278,03,-1.718439095667989e-05,-2.8514695644583754,1.5001514906524331e-06,280.1865670277176,12.162814038861184
279,04,-2.4829810814864887e-05,-14.182246478949653,0.0,282.0968799079047,2.687068967501322
280,05,-3.0134792006426703e-05,-17.31557953963741,0.0,285.91615550937445,4.80779668205015
281,06,-3.5836119472898846e-05,-20.466573669433593,0.0,289.008934870402,14.10018485385047
282,07,-3.594073215623134e-05,-17.96138944137737,0.0,290.12367375199517,8.125416749031315
283,08,-3.0240783373966385e-05,-12.41071590333344,0.0,291.52933090636554,0.3693177606316022
284,09,-2.726855740998468e-05,-6.606480073716904,0.0,288.12181282060413,-0.6506538895077175
286,11,-9.433203981300014e-06,10.082439758300783,0.0,281.24613218036234,8.362891557502746
288,01,-7.996820467572737e-06,16.024269751435966,0.00044667841542151673,276.0992543067932,7.2308413329791
289,02,-9.213011075579354e-06,1.6289639434814458,0.000368756529830751,275.1990847414562,-2.7782855909211293
290,03,-1.4304734281419465e-05,-4.024482163624097,0.0,280.07939777218405,5.931675549784015
291,04,-2.383696288773839e-05,-17.2942943037245,1.5020370483398438e-08,282.52701496353154,1.776840329636468
292,05,-3.0977665722578726e-05,-19.48317038226384,0.0,285.87503277128485,13.447643165608888
293,06,-3.491794925367785e-05,-29.63445593295627,0.0,290.1924542755127,15.360014124997457
295,08,-3.1032737283929096e-05,-31.771135562691633,0.0,291.8428295599825,10.79600291262391
296,09,-2.437035215904568e-05,-12.497950702243381,0.0,287.9652745859782,8.71134063267178
297,10,-2.1305207502659715e-05,-2.352458050143333,1.9682761161558088e-06,281.3235289662679,5.868036298526231
299,12,-8.986315398414586e-06,16.75842543636855,1.2960655714875909e-05,277.70850726802377,8.24986906863797
301,02,-1.1818901434843997e-05,12.780648606925178,0.0004339445432027181,277.98929517294346,8.718364602428743
303,04,-2.4217375733618005e-05,-11.611916856553819,0.0,283.0342345699735,3.0342327328787904
304,05,-2.847669872224737e-05,-31.81054322043798,0.0,284.7821008097331,3.692849372720206
305,06,-3.421590459786078e-05,-30.121984181382924,0.0,288.26498307020404,13.141829840681288
306,07,-3.5823426863228845e-05,-21.040274605699764,0.0,289.52838083738925,11.099155380125966
307,08,-3.442271008691844e-05,-10.630728795861687,0.0,291.53894050384855,7.505057596555321
308,09,-3.09724094837697e-05,1.3779368174235027,0.0,288.3683370303683,12.613644289016724
310,11,-1.219442167142309e-05,8.63346869269477,3.3279392454359266e-07,280.0218678001404,7.877422987598844
311,12,-6.509792311736683e-06,12.651209838210898,0.000107577202140644,277.18444233658494,9.412742538349605
312,01,-1.0532949036563073e-05,27.835473567839585,0.0002284056717349637,278.5624613469442,13.787942452297413
313,02,-1.0796667724878803e-05,1.9850640389578682,0.00020228017086074463,275.683474075272,-0.5147282207352782
316,05,-3.3327865934669755e-05,-23.83920729967343,0.0,284.99818274778966,12.497400639995453
317,06,-3.715115132452208e-05,-30.632264646063906,0.0,288.991852593655,10.793446467632718
318,07,-3.409394384040644e-05,-23.561669685609886,0.0,290.1906704429708,6.903388320861324
319,08,-3.320200081173924e-05,-14.21000237282374,0.0,289.1398493754069,7.691539144146827
320,09,-2.545146969718593e-05,-6.704652192857532,0.0,289.0389223130968,6.048352263323466
321,10,-1.7187334372416657e-05,10.538457600583316,0.0,286.6108520703879,6.321603889998569
322,11,-1.4535249143672345e-05,9.326381112670902,0.0005737135661972894,280.7140452206929,8.41573143863678
323,12,-9.12172876785682e-06,14.485518746324761,0.0003240881030277539,277.6781497156286,6.250331046853014
325,02,-8.8568046297561e-06,4.634872235616048,0.00010614823585464838,275.99080734402787,2.863534123965672
326,03,-1.3873502668170125e-05,-4.782673361173239,0.0004253186384836833,276.79120616527274,8.711972299124605
327,04,-2.37631702343909e-05,-18.782449027506512,0.0,281.3412661899143,13.231339445326062
328,05,-3.370682173148433e-05,-13.439136345319852,0.0,286.611448016423,11.327168507647768
329,06,-3.4785863751151034e-05,-27.11431088460287,0.0,288.7861003506131,6.44561336379581
330,07,-3.3670624993676266e-05,-35.11209074615151,0.0,294.31578268137275,5.194669483061761
331,08,-3.203818718891423e-05,-14.970106861073484,0.0,289.42563545177825,5.139944788245744
334,11,-1.6638314112929544e-05,21.698549422539603,6.023910310533312e-08,282.7481851179335,16.657310976600645
335,12,-1.1844671387852061e-05,21.158474252352146,1.2561005930746755e-06,280.0480408410102,13.276590780688874
336,01,-1.3167410284109127e-05,32.71415653975292,7.495572490076866e-08,280.3280024761898,20.381366841223937
337,02,-9.635896793779033e-06,12.227102448962983,0.00012729246417681375,279.13144602752857,11.984527422791432
338,03,-1.969343553138324e-05,2.858439688077537,8.514286369405767e-07,280.9515473870718,3.589432570611277
339,04,-2.5420359923575438e-05,-23.728481532796227,0.0,285.1133049407959,3.3506547569486838
340,05,-3.1186685044343005e-05,-23.42358186127037,0.0,286.3991220269972,10.869236741629978
341,06,-3.458860908376663e-05,-19.802041976589628,0.0,289.6702567504883,5.424472069888645
343,08,-3.430768915528969e-05,-11.902402343421853,0.0,290.0370085491878,6.611389506945046
344,09,-2.677926907070085e-05,-2.246240928141275,0.0,287.3048455885146,8.22912563188341
345,10,-1.4836711174446523e-05,-1.5530790907336818,0.0,283.5498818838469,4.005545213678831
346,11,-1.4172945336880124e-05,15.984315191311307,8.570086956024171e-06,280.5269208690644,10.173234992345176
347,12,-9.103623443880553e-06,18.67049515623687,1.9495038576023557e-06,277.3368185319388,6.526885977427164
348,01,-9.98381483742544e-06,30.50790186531313,3.1635838170205394e-06,279.4891412764929,20.154622732100943
349,02,-9.733829621899499e-06,11.488472740085646,9.416011558181937e-06,278.2568273897719,12.265323426432992
350,03,-2.0140387961912898e-05,4.352542552004578,6.198341231192312e-05,278.8884844916969,15.45844951196896
351,04,-2.446588194630345e-05,-15.287676639472116,0.0,281.5612035566542,7.088551215807597
352,05,-3.326288808405293e-05,-18.37616691179173,0.0,287.85736066133234,0.6533463385182041
353,06,-3.476253857051133e-05,-32.52892781643338,0.0,288.7505925245497,12.328733485349018
356,09,-2.5189189388381943e-05,-2.5223080678304033,0.0,286.9092003065321,4.18150704068078
359,12,-6.623100362498576e-06,8.910789440196046,3.1098793911677535e-05,276.00092939651654,3.3564824344881106
360,01,-6.219402897665034e-06,13.638463789416898,0.00026115813434764905,274.32254045474144,4.487606855351436
362,03,-1.4006747319585248e-05,0.15545269151913163,4.5311066412156626e-07,279.1052625570399,9.182660163920414
363,04,-2.2896213735516033e-05,-13.763160278998479,7.51813252766927e-09,284.289430710517,-0.685411971897549
365,06,-3.4585202314802804e-05,-32.20444840494791,0.0,288.15789018961584,8.964238966602748
366,07,-3.995988693131167e-05,-23.939954596078525,0.0,290.62653678746375,12.934066957371208
367,08,-3.326769469126164e-05,-18.63527480389995,0.0,291.493365414199,12.439483702608335
368,09,-2.396435872586961e-05,-8.675344586181641,0.0,288.24405131666396,5.422410661633809
369,10,-1.8213049179844e-05,4.716025361748153,0.0,284.11453383484707,10.755346892162034
370,11,-1.3997967538165946e-05,28.005924584282763,7.164478302001954e-09,282.6301770416684,16.328244664086235
371,12,-8.896478755051119e-06,9.686923075029926,0.0033527605789963914,275.9152564712032,7.806057778881443
372,01,-6.091251291421628e-06,2.9262350808420488,0.002126177963390145,273.08482904479325,4.086005965673795
373,02,-7.65345504045659e-06,5.717629487900508,0.0021790685525962285,274.59004296811423,8.026179726691472
374,03,-1.4227020407356234e-05,-0.1344084672825314,1.3550689143519247e-05,278.93887998355336,6.929926506247573
375,04,-2.4690822054900404e-05,-20.66956467929416,2.4727185567220055e-07,281.97344993078445,6.223680580245124
376,05,-2.827942739082006e-05,-27.387183430333288,0.0,283.07650033011487,6.36290959364368
377,06,-3.182083758476639e-05,-35.711798379855686,0.0,288.5699565473768,5.184164862230089
378,07,-3.4407490462771055e-05,-31.11366353779454,0.0,291.94731353169107,10.114219836901592
379,08,-3.27152816781925e-05,-15.088779016966459,0.0,289.71709932881015,11.199890485086746
380,09,-2.3803562745282155e-05,-1.7829848341200085,0.0,286.8539448320178,7.507118406274583
381,10,-1.8914465963579488e-05,8.677334267236855,0.0,284.0074488248518,6.946783918237173
382,11,-1.1904203317903414e-05,4.708053307088217,0.0002805316183302138,279.1010974715339,11.954520990626015
383,12,-7.738160395268594e-06,4.967533013128466,0.006288984498670025,272.7350027047024,9.098118736759309
384,01,-4.432973011169315e-06,15.641597058367989,0.000611914046349064,276.640032220861,7.8899931685950175
385,02,-7.274441715534998e-06,7.353929252261208,0.00014321758775483995,277.5559378022239,12.228949002470287
386,03,-1.235675504704564e-05,-6.3443144091534345,0.00019613219461133403,278.86510410210394,6.132339461931618
387,04,-2.5035789431644346e-05,-14.869033695136176,0.0,285.153135196601,3.5041900164074367
388,05,-3.0008848766624646e-05,-32.62149781881353,0.0,286.410771462061,12.94653068993681
389,06,-3.4230032604055946e-05,-25.01744469502767,0.0,288.6127736097548,9.191161323695713
391,08,-3.274760770019843e-05,-10.64563058373236,0.0,289.6281859905284,14.01876132214454
392,09,-2.5484862159343414e-05,2.648160398695204,0.0,288.68825934821234,15.945109005716112
393,10,-1.916051529891168e-05,8.726722329416583,1.6692376905871977e-07,284.83637540882887,11.441918302064302
397,02,-6.941694202459045e-06,2.77444112036694,0.0013561625960229456,273.9540438470512,2.178728864450564
398,03,-1.1845709033173812e-05,-9.130659757880753,5.560450656439668e-06,280.5903991654509,4.415157397813695
399,04,-2.412122515035865e-05,-15.116672309705946,0.0,281.0076457704756,9.397371100213794
400,05,-3.2719707248821014e-05,-19.41600187732328,0.0,286.39187647731336,6.590203753809776
402,07,-3.9630504535585143e-05,-18.105863085346844,0.0,289.83332058683004,9.643338416766094
403,08,-3.664081436780238e-05,-14.530181596981583,0.0,291.1731117379793,11.868504572201799
405,10,-1.749340033099435e-05,6.576196681525118,1.6571373067876343e-08,283.75088245457476,14.909538201732023
407,12,-8.270612005098982e-06,23.135962751162953,0.0004308112231633996,278.1779153431308,14.61453167242645
408,01,-7.079607454118081e-06,9.77005108642578,0.0024007742763847433,275.1825925199447,11.252236509794832
409,02,-9.82560560788399e-06,1.2790957768758144,0.0007189501410438901,274.82777969859893,-1.159094538597833
410,03,-1.6003138249269338e-05,-14.11737674147083,0.00018706004465779953,275.29698841222125,4.0497559374942576
411,04,-2.0434202846445263e-05,-16.983018215264217,0.0,280.441605447091,11.989419890530904
414,07,-3.405638901301333e-05,-27.630988150319745,0.0,291.3996042135915,6.063395621740689
415,08,-3.2683108437937644e-05,-17.84199171037572,0.0,290.9021847701535,9.443083260218303
416,09,-2.475842662511746e-05,-8.054260448540582,0.0,287.60815346442337,9.695096008894179
417,10,-1.765674730958508e-05,13.677036990258001,0.0,285.3490841153053,9.855143433540098
418,11,-1.2026654228591521e-05,13.685960133870443,8.762069013383654e-05,280.35682493527725,7.8996081568612
419,12,-9.44601224512954e-06,28.97793200421077,5.1136837210706475e-05,279.21073650786695,17.02456877497191
420,01,-8.580053124215514e-06,22.96357862870411,1.0653635506988855e-05,278.7270791265426,12.436592943314585
422,03,-1.6731313326227373e-05,-1.3453218475669946,6.519722682173533e-08,281.1189634679159,8.635303588846677
424,05,-3.2321809314922687e-05,-17.350711201329386,5.8457146408737335e-06,286.0054483229113,4.460978497023224
425,06,-3.645346474101341e-05,-28.120134918891054,0.0,288.60506283637153,8.551404417122734
426,07,-3.570791800838603e-05,-18.498887496784167,0.0,292.2635286937426,2.4712541101312127
427,08,-3.5946427165531874e-05,-15.756697428713563,0.0,289.2081022578413,11.565455817253357
428,09,-2.0748739615697153e-05,-9.244409510294595,0.0,289.19143939514163,4.304754424497816
430,11,-1.0089955154782932e-05,6.784489759657117,3.112157185872396e-08,281.4275366665734,5.4755702130211725
431,12,-1.0581146033268115e-05,22.95546643394552,0.0004054831791949528,278.36750006714686,14.305220015987274
432,01,-9.2527426375611e-06,26.340960131573418,0.00016244323407450028,277.32805558928624,18.644701262320243
433,02,-8.153189459681882e-06,8.31590086110433,9.767446773392813e-05,276.6668339920044,2.498706819670541
434,03,-1.5915630637317265e-05,-1.6360386480515998,2.4049384619600027e-06,279.08244967077115,10.029118978069674
435,04,-2.4346638547669703e-05,-22.934988667466907,9.625487857394749e-09,281.46281248359685,10.873251885689628
437,06,-3.477750818122634e-05,-31.860220404391814,0.0,288.02580254245345,14.235752619510228
438,07,-3.7615658574522775e-05,-25.170489753641114,0.0,290.8353158631684,17.498685590497907
439,08,-3.326061218056918e-05,-12.586229408838417,0.0,291.25167575270126,9.09200456961765
440,09,-2.5603061031688413e-05,-1.6679924726698132,0.0,286.66352415195047,4.154875349871318
441,10,-1.3186316454061119e-05,-1.463842040031187,0.0,283.4427843608241,-0.8720540958937775
442,11,-1.4898132296588707e-05,27.46974549831814,4.5776367187500004e-09,283.10383579525416,19.895228572103715
443,12,-8.385574634596725e-06,33.275967709449034,0.0,282.58162065858744,20.310897958140217
444,01,-9.004527324929857e-06,20.359526514525058,9.698816525038853e-05,278.0475291836237,14.172474664052327
446,03,-1.4810545610421827e-05,-5.396197126162949,3.62938924502301e-05,278.4155945600284,3.1354650305676195
447,04,-2.7581765115751797e-05,-20.820068422105575,1.3241238064236113e-07,281.36615560573995,10.033905906762017
449,06,-3.356170396635004e-05,-23.02242342732747,0.0,289.0600437771266,5.402156425751581
450,07,-3.758493633006676e-05,-22.269790681900524,0.0,290.91323088844877,14.40303122233319
451,08,-3.3272750999810424e-05,-17.014684508621052,0.0,290.91866476046647,12.400393611907957
453,10,-1.526362983537594e-05,-3.798430909843855,0.0,283.3498556886078,3.3976095040639245
454,11,-1.1750765303218536e-05,10.89123139716254,3.956906927956475e-05,279.20990362701417,10.592714350276527
458,03,-1.5800369091061108e-05,2.527072602630943,0.0,281.2226937955631,12.592574200394331
459,04,-2.5679135762624757e-05,-26.331729773288306,0.0,281.41495227517026,9.407489323573644
460,05,-2.9667726341906155e-05,-25.198657173730993,0.0,287.2392350808421,3.779986991472142
461,06,-3.566179110415154e-05,-31.36642959594727,0.0,290.51245804307734,13.948579157532585
462,07,-3.888270218750779e-05,-23.176640851420746,0.0,290.7070247267856,13.697072580809232
464,09,-2.5415033401845397e-05,-5.530321179199219,0.0,287.1538292568631,8.872825825288562
465,10,-2.0550294828412475e-05,15.281469091599986,0.0,286.4926618480888,16.963595434599025
467,12,-7.748080553331723e-06,20.40142875687794,0.0006995919622400755,278.2219712722122,11.00165480297868
468,01,-8.493993727101315e-06,23.796599253992884,1.641540501707344e-05,278.53154294832297,17.663954543821273
470,03,-1.3339704251535219e-05,-6.768148279333628,0.00012620726580260901,277.2524915700113,5.418887780302315
471,04,-2.4140652476206825e-05,-8.481860700141059,0.0,284.2523615995619,9.565616241603427
472,05,-3.631899526441482e-05,-17.44638056798135,0.0,288.52215093042514,-1.2031118744265645
474,07,-3.4126774513620195e-05,-44.31138712696363,0.0,292.90806091046085,3.485621720426826
475,08,-3.324744642680256e-05,-25.59706884437479,0.0,291.3618514305854,11.77572594638537
476,09,-2.7110998255941223e-05,-4.088550005425346,0.0,288.21334796922474,14.669336867396035
477,10,-1.717439320385384e-05,2.0582064438686585,1.104806956424508e-05,285.3938754693308,9.415437937746768
478,11,-1.049799736220949e-05,11.533768935139973,4.4242540995279946e-07,280.0686911998748,2.182743043751187
479,12,-7.425197422547768e-06,21.47761040308142,5.2109628595331655e-05,279.4785891970973,13.274201738193474
480,01,-8.170035396257738e-06,18.813249751593478,0.0003725200532585062,276.9462481465493,7.291034113053352
481,02,-8.232899953890454e-06,13.675333238874163,6.108944188980828e-05,279.191337246032,10.586008830433798
482,03,-1.7898125718357898e-05,7.876527682396675,0.0,280.7588669757638,15.248105977909537
483,04,-2.786484313502215e-05,-15.88577495863173,0.0,283.32113693033864,-1.5698741665522258
484,05,-2.8741963674400066e-05,-37.081440074305384,0.0,284.36448736465616,7.031841904855544
485,06,-3.9525050331051005e-05,-23.208365014648436,0.0,290.2859401516385,8.609806874932184
486,07,-3.625940142692049e-05,-31.74150496025496,0.0,291.26846290670414,9.829136697256438
487,08,-3.404563471354698e-05,-17.337182702177312,0.0,291.4738801791283,12.387275987091884
489,10,-1.8569231195137014e-05,10.235854191605762,0.0,284.78358039642666,17.260129265016122
490,11,-1.0039879183467646e-05,10.335369747924807,0.0,279.8074893178728,4.349684637090895
491,12,-8.260583359534854e-06,25.078029959073632,0.0,279.25270498681834,14.065375561703918
492,01,-6.012859741277161e-06,22.106840989635838,1.4043623401272683e-08,279.3999776622403,12.273396517066544
493,02,-1.5386156723984276e-05,31.748662168305497,1.7729275528041798e-05,280.04609204145413,24.30691208471101
494,03,-1.9840231885472768e-05,-1.8349693298339842,0.0,279.7202150045004,8.99767588207286
495,04,-2.7043378228700023e-05,-24.0670989525689,0.0,283.457096534729,5.183640297359891
496,05,-2.995519203009721e-05,-45.04488896819084,0.0,285.6595867329259,10.13006349647686
497,06,-3.546342912159163e-05,-30.903872137790252,0.0,289.81179647657615,3.432671832127041
498,07,-3.552329937512147e-05,-24.55973527871409,0.0,289.7865116117744,16.479953436000375
499,08,-3.48960954878191e-05,-17.491402352609946,0.0,292.9717935617098,8.51712136036863
500,09,-2.4679065476549213e-05,-6.537764871215822,0.0,288.42726283230246,5.957221874258255
501,10,-1.848353834580477e-05,14.114419966174706,0.0,284.57053201831286,10.385557453668246
502,11,-1.0186800306089735e-05,15.631692754109702,0.0,282.13784168768984,12.617822023794385
503,12,-6.893300624729055e-06,15.732371215492165,1.2867758350987586e-06,278.8222056623889,7.658956028005128
505,02,-9.005972841740524e-06,9.622026147751583,0.0020311918883096605,276.8945384240831,11.546674844446638
506,03,-1.5948935392546162e-05,-0.9029574194467195,8.298632919147451e-08,279.32064444773675,7.127447119456466
508,05,-3.230829694098981e-05,-22.4746828918457,0.0,283.8163767559092,9.505540847839844
511,08,-3.444879628501263e-05,-12.903870650096605,0.0,289.92943471568117,7.435324650220974
513,10,-1.864643046111826e-05,14.62936670381279,0.0,285.1771994281072,12.118540854689897
