,month,MER,MSSHF,SD,t2m,msl
0,01,-7.186377549426466e-06,5.464709561255669,0.010292715281568547,271.0374221375988,481.48132
1,02,-7.399999772068052e-06,2.729709174746558,0.0088853447891417,272.4365299592699,245.69565
2,03,-1.408509512223264e-05,7.08405715679866,0.00040960040271923105,277.5071083010602,207.86552
4,05,-2.839083756912113e-05,-16.16055940262989,4.408267492889076e-05,284.1894770028719,-189.31055
6,07,-3.0671342559486147e-05,-22.637875941122733,0.0,288.5937503051758,-497.41885
7,08,-2.8487004876296853e-05,-12.56110269165039,0.0,288.49456290886997,-400.77954
8,09,-2.3132900744369383e-05,-4.023202255249023,0.0,287.08609388970274,-126.44306
9,10,-1.6345863611966567e-05,2.642213581372333,5.061999700402701e-05,284.1524093375258,79.38774
11,12,-1.207531024335357e-05,24.691616260159407,0.00017524099221793556,278.9589235103156,384.2179
13,02,-7.359469057738698e-06,6.865867059466484,0.00011199214540678879,277.9200598216879,565.25525
14,03,-1.4070489600584629e-05,-6.186828353717764,6.114121534491099e-05,277.7412255432786,246.83766
16,05,-2.9285246377967465e-05,-30.998830406271004,0.0,284.48860593045146,-248.24911
17,06,-3.014735746900341e-05,-26.066622504679362,0.0,287.3835177541096,-465.0486
18,07,-3.1905643976779664e-05,-14.025872309859079,0.0,288.3328994714881,-512.28827
19,08,-3.1051088017916934e-05,-11.540256553403795,0.0,289.8567247478526,-428.40497
20,09,-2.365392635981859e-05,-3.0327022542317708,0.0,288.5418778632271,-158.13165
21,10,-2.1172643707369163e-05,7.590982919672484,0.0,282.9430969840429,112.78442
22,11,-1.4279194747299093e-05,14.235161112806532,0.0015326325999365914,278.42969395684133,212.32494
23,12,-7.873070872231058e-06,26.063403682913826,0.0016069860227646364,277.40736817940336,471.2948
26,03,-1.2076194787720939e-05,11.89821663673975,0.0001724853964262111,280.6608627738133,186.34999
27,04,-2.2320882245185202e-05,-19.334173597547743,1.5786700778537326e-06,280.8875384987725,-83.41655
29,06,-3.0904296795920855e-05,-15.787571440294057,0.0,286.96279334038627,-404.7561
30,07,-3.173775886429094e-05,-20.80200322239373,0.0,289.0546993070213,-539.35944
32,09,-2.269007780640903e-05,-3.5648343312581385,0.0,288.2523063490126,-154.56442
33,10,-2.174942796122078e-05,9.781940688922843,0.0,282.36856040909464,84.40819
34,11,-1.4328458308167076e-05,19.586548003133142,2.2300614251030816e-06,280.54755887637674,382.2561
35,12,-7.687594037497059e-06,8.885675470167591,0.012596724167946844,273.28184220705754,442.8814
36,01,-5.276928763964617e-06,11.574925520045783,0.0001972472347239012,274.71989871035333,430.03772
37,02,-7.864293709969517e-06,5.468580898829869,2.739869412921724e-07,276.0330576188678,336.61722
38,03,-1.6001877676116956e-05,1.792558938959594,3.8041683935349995e-06,278.2745939710473,126.80063
39,04,-2.3437909088230905e-05,-21.874123499891493,2.168152067396376e-08,280.3653982337103,-83.19763
40,05,-2.9170486620455693e-05,-20.4214844770534,0.0,285.1203722468551,-235.21716
41,06,-3.17826830204164e-05,-27.949367026435006,0.0,288.8242188401964,-389.32977
42,07,-3.416977696542745e-05,-21.999847670688425,0.0,291.04000476303924,-509.00018
43,08,-3.1963929242763654e-05,-15.790871219429917,0.0,290.1174927072832,-440.1103
45,10,-1.6551261839878706e-05,3.491510892150223,0.0,284.4179603883477,21.437675
47,12,-1.0313162028783104e-05,17.753608460457098,4.658237964876236e-05,277.1484120603172,439.9464
48,01,-1.1369238679367056e-05,31.70380508160335,0.00012911142713280135,279.3915269172832,571.0888
49,02,-1.1685804688698098e-05,2.732715975443522,0.00031034646715436665,274.1075286789849,480.35223
51,04,-2.090864053300013e-05,-10.60586452026367,1.1234845055474176e-05,281.01254923197433,-132.65427
53,06,-3.6603149109497395e-05,-25.008415187242296,0.0,288.4321055046929,-328.0775
54,07,-3.282222612492611e-05,-33.091220865229126,0.0,291.918114544284,-514.1589
55,08,-2.6941880611302234e-05,-27.08358682743196,0.0,290.7689338021227,-455.43805
56,09,-2.725831751290065e-05,0.9693071214463977,0.0,287.3565667371962,-255.75066
57,10,-2.1395454446465794e-05,12.186390243366201,0.0,284.1974871086613,51.445557
58,11,-9.367185011372688e-06,10.117007967122396,3.5537613762749565e-08,280.0425614195929,289.23892
59,12,-8.522425015388596e-06,21.808005747805364,2.6479295504990444e-05,277.4857788941578,444.67804
61,02,-9.682757584759485e-06,6.4267875001403105,8.748411584174497e-05,275.46569391803087,548.3162
63,04,-2.3066575134180317e-05,-21.124448284233942,5.596658653683133e-05,280.480126296997,-84.43756
64,05,-2.301351515928619e-05,-21.276121071107926,3.1990530670330086e-06,282.87292314492504,-259.0895
65,06,-3.0384449369921637e-05,-25.249517172580298,0.0,286.0332354305691,-468.9453
66,07,-3.052118788760435e-05,-16.333257173927887,0.0,288.32212674803367,-544.83
67,08,-2.8069958612225798e-05,-17.017802792784988,0.0,290.61531108601883,-434.36243
68,09,-2.2138291550658728e-05,-0.809648367987739,0.0,286.73494841105145,-128.6041
69,10,-1.5594664512004833e-05,12.420039781796033,0.0,284.94581760332665,65.63513
70,11,-1.2000811908506469e-05,17.20852971835666,8.267998695373535e-07,281.5467750801086,274.39923
71,12,-7.343828446024142e-06,12.754345215500043,1.1825137240912326e-05,277.9717317575434,520.96313
72,01,-6.201572312694294e-06,7.789162023728894,0.006257890532093664,270.81246475709895,562.3817
73,02,-7.646551471441942e-06,-7.170963860648018,0.00039035758092289885,272.6459450080508,280.0188
76,05,-2.800802443084893e-05,-16.149492612120927,0.0,285.3065335752425,-261.8505
77,06,-3.090711121482552e-05,-17.990251360066733,0.0,286.164952170478,-464.87177
78,07,-3.447742918110781e-05,-15.274860501197074,0.0,289.64287729209974,-515.19946
79,08,-3.3271033724499884e-05,-4.3656862228557625,0.0,288.7357638382451,-472.39252
80,09,-2.244669017984254e-05,-3.3109654418945316,0.0,287.42453148261177,-145.0123
81,10,-1.5745955748394817e-05,1.4800897167574978,0.0,283.8836659237441,1.7318001
82,11,-1.5779393952086846e-05,2.730464919026692,0.0001320727745691935,276.48227231207954,241.64119
83,12,-6.748697063030508e-06,22.216181771555252,0.0009846030858255202,278.89900289527316,522.4719
84,01,-1.0488508364736625e-05,25.802121266682942,0.0024635101813142014,275.801350984922,550.9448
85,02,-9.105866422227595e-06,-15.737989101954868,0.0001222507996218545,269.8368100568681,516.88367
86,03,-1.09558865346488e-05,2.199697240357758,0.0001382134986180131,276.74076908246934,231.13481
87,04,-1.9242588071877733e-05,-14.953707265557181,7.426198323567707e-06,278.83615111126363,-81.85968
88,05,-3.1224375424332516e-05,-18.680161248648037,0.0,285.4117867415233,-263.25446
89,06,-3.5890827366468634e-05,-24.274000357055662,0.0,288.4358594709608,-415.14508
91,08,-3.1366839325049225e-05,-20.726613564768147,0.0,288.36188031465264,-411.83044
92,09,-2.1116000810717296e-05,-5.870355172729491,0.0,284.9466449978299,-168.00839
93,10,-1.7202233669146365e-05,6.4104873591597356,0.0,284.73838183753725,162.96094
94,11,-1.2770530823662637e-05,20.62896745435927,4.2331218719482425e-08,281.3988308635288,328.43237
95,12,-1.128779906788603e-05,28.043287035542146,0.00037468132152352284,278.653770938135,484.58826
96,01,-8.849628261046861e-06,-8.473066081057311,0.0005335850459273144,271.0571230804279,509.28668
98,03,-1.3287096029671374e-05,-5.803373095440609,7.337508534872401e-05,275.18381564716617,214.78864
99,04,-2.2575659647211267e-05,-11.442104777696397,1.2648238076104058e-07,282.7985634870741,-36.220913
100,05,-2.791426425801057e-05,-28.103053294192083,0.0,282.72152383422844,-237.70831
101,06,-2.8837502824555686e-05,-20.989433822292757,0.0,286.23068305765787,-363.19647
102,07,-3.379324687933062e-05,-20.07741719498173,0.0,289.3334297852875,-487.16785
103,08,-3.0242934917310693e-05,-13.572054321945357,0.0,288.99911613021357,-430.9737
105,10,-1.9746457593286597e-05,13.28605210072507,0.0,284.1081416557065,116.11949
106,11,-1.2423982501220758e-05,8.69252590874566,0.0,280.28694883850955,351.04828
107,12,-5.659096497726741e-06,10.619382738339004,5.145294307380593e-05,277.7222096857871,378.6713
108,01,-9.400724827868036e-06,23.76198229324177,0.0002939996052813786,279.10735159379686,453.18115
109,02,-1.553154618433063e-05,17.196350676788683,4.479276722875135e-05,277.7702740127738,556.3247
110,03,-1.4791143874625109e-05,4.141464673442225,3.25570567961662e-05,278.11941827511527,228.84975
111,04,-2.4692344382775542e-05,-22.74501348402235,0.0,281.1784597961426,-44.396313
112,05,-3.182606770285695e-05,-15.882362545546664,0.0,286.42319685117656,-234.62776
113,06,-2.7714982728361462e-05,-28.63852083367242,0.0,287.1965049299452,-438.8501
114,07,-3.385038605679304e-05,-9.511822006717805,0.0,288.8184828294324,-553.1565
115,08,-3.211179117533902e-05,-13.866469908683532,0.0,289.36880185199044,-423.59174
116,09,-2.5435363158006416e-05,2.907980506727431,0.0,287.1028169921874,-192.22963
117,10,-1.6347254436593455e-05,7.273599919801116,0.0,284.2524626317998,85.52013
118,11,-1.0307503538792339e-05,7.8851572241889105,7.3817332585652676e-06,279.7681574443817,260.68872
120,01,-5.490775168401608e-06,12.580168148245866,0.0,278.0433618807229,387.31647
121,02,-1.1993180484209699e-05,15.243881237211681,4.026403029759725e-06,278.5967229493005,336.14462
122,03,-1.7582771425163286e-05,5.919001820882161,1.3147951454244634e-06,280.92673047006264,173.8243
123,04,-2.3728384267512105e-05,-15.711892689005532,7.404155201382107e-06,279.7644985144721,-69.25224
124,05,-3.2913617601255e-05,-32.404015432706444,0.0,286.4839753660796,-262.14886
126,07,-3.3625666249610085e-05,-27.510599928661055,0.0,290.43235706386776,-475.24603
128,09,-2.1827326350689368e-05,-6.781363076782227,0.0,288.6776379201254,-185.72311
129,10,-1.9913688146604526e-05,14.103063629806684,0.0,285.642628944643,12.666726
130,11,-1.311930024130561e-05,7.912713109334308,7.664759953816732e-08,279.22501226437885,296.03845
131,12,-7.719866410816296e-06,20.033501539989185,2.718377369706349e-05,278.14191156752395,421.76013
132,01,-9.708490018202875e-06,23.531725362798216,3.920951197224279e-06,278.84542206019734,480.2029
133,02,-1.709957590030951e-05,31.83555304718018,2.0835172562372115e-06,280.50749825822743,293.53497
134,03,-1.7018775953137494e-05,2.372058311872584,2.4298456407362414e-05,281.1010017314214,206.4499
135,04,-2.7999317039636173e-05,-19.276666238742408,0.0,281.5536805019803,-66.000595
136,05,-3.125298669270236e-05,-34.3688931694441,0.0,286.42458363949356,-247.29742
137,06,-3.068480971400681e-05,-23.63770078192817,0.0,287.6530416948106,-475.01663
138,07,-3.559518055198981e-05,-33.07448882301904,0.0,289.3471467754405,-533.52295
140,09,-2.7407515947157255e-05,-3.6402964202880854,0.0,286.55917945963546,-212.45306
142,11,-1.0645134954231454e-05,8.876481322224937,1.7197676499684652e-05,279.7035436231401,151.21054
143,12,-1.0178729378000547e-05,19.264495642221096,0.00010385854269868586,277.58139236323046,349.47086
144,01,-9.804670876438911e-06,24.167181801416536,7.464897248052782e-06,276.4995654494993,464.1679
145,02,-6.996622216688376e-06,0.507544446309408,0.002555922939663842,272.81969927006674,507.8839
146,03,-1.2629808311264428e-05,-0.5304674036169569,0.0,280.96131813873785,152.58742
147,04,-2.5889148811054637e-05,-18.50936585184733,1.8495678901672365e-06,281.06129239251874,-5.505619
149,06,-2.987989489524302e-05,-20.686577268473304,0.0,285.44453116149896,-410.71246
150,07,-3.606362330103894e-05,-12.26554677852508,0.0,291.0611541531471,-533.9999
152,09,-2.1833397036001162e-05,-8.548686426798504,0.0,288.29770074191623,-140.79222
153,10,-2.004618059737534e-05,2.17344532234438,0.0,283.64651159085514,35.3522
154,11,-1.4646135411648073e-05,14.444811823866104,2.8859506713019477e-05,279.0964361319648,325.6225
155,12,-7.654158530845394e-06,17.942148733159545,5.5359345610423755e-06,277.4903090515137,448.81348
156,01,-5.988280283046514e-06,9.900324605634134,0.0,276.29669176196023,527.07446
159,04,-2.3724830210206465e-05,-12.979907084147134,2.5939941406250002e-08,281.38050007290315,-72.78006
160,05,-3.502280750303383e-05,-18.415903687507882,0.0,287.68378568587764,-181.74371
162,07,-3.3542465003026134e-05,-26.574038988010855,0.0,290.8302553724063,-501.04767
164,09,-2.5466491539959356e-05,-1.4094354346381297,0.0,287.5794175764296,-157.70932
166,11,-1.321692710625939e-05,23.694389510769323,0.0,281.2424108364529,326.751
167,12,-8.425528942156701e-06,11.411874493342573,3.2269544498894803e-06,277.1291988499139,350.37128
168,01,-9.715480358609446e-06,34.39173987899288,4.798289268247543e-07,278.0689588641915,450.27487
169,02,-8.449411843078754e-06,-1.1622854381742926,0.0001454247690382458,276.05196190389,415.35468
172,05,-3.0932743489659034e-05,-26.541132331437964,0.0,286.5305111710743,-209.37329
173,06,-3.281592492067931e-05,-24.277929318237305,0.0,288.3121968231201,-438.28607
174,07,-3.3366269429406925e-05,-23.52127023184171,0.0,288.9670793329055,-511.7254
176,09,-2.2725771390226628e-05,-2.4448908416748045,0.0,286.37938309156635,-226.63278
177,10,-1.798888249350155e-05,2.3637267239478326,0.0,282.4125413159196,94.15853
180,01,-8.814763398506955e-06,28.086010490499522,6.143172710172592e-05,278.4522831625169,445.18707
181,02,-9.681430163471391e-06,-2.9269207930791947,0.0003871754450457437,274.71976377387267,334.53668
183,04,-2.4481364455176743e-05,-15.54007357143826,6.838602489895291e-06,281.15531175240415,-56.246696
184,05,-2.8615912740195944e-05,-19.306992470361852,0.0,284.95634343137016,-258.1393
185,06,-3.390126228795352e-05,-22.424498955281575,0.0,287.7325351216634,-459.78015
186,07,-3.466171150601792e-05,-32.442688338413035,0.0,293.29159473148474,-583.16223
187,08,-3.527003988845888e-05,-15.806742182249662,0.0,290.50995685306685,-477.5664
188,09,-2.649383951805552e-05,-2.2674784339057075,0.0,286.7490272650824,-147.18964
189,10,-1.8016295581522476e-05,4.47270425086893,0.0,282.91257732530823,117.966736
190,11,-8.92097842036795e-06,12.752254605102538,0.0,283.18030227940875,149.77373
191,12,-1.093666692604627e-05,22.757288210632986,6.536950347244099e-07,279.09193974574924,512.95496
192,01,-1.2804497735976505e-05,25.385474410518523,0.0009627563479126142,277.2651151844968,578.9622
193,02,-1.271823695051786e-05,20.178666164579848,5.487134059270224e-06,279.69789509668806,414.89185
194,03,-2.219248033328259e-05,-0.5256330294045062,0.00016835869896796444,278.52115150119414,218.95708
195,04,-2.3056703787511248e-05,-15.611610607231992,0.0,281.70371436835387,-21.805838
196,05,-3.3250014936618425e-05,-29.631465932538433,0.0,285.3548243562432,-218.59302
197,06,-3.44918315846169e-05,-24.446217814466692,0.0,287.09207231580945,-417.0689
198,07,-3.591561413959817e-05,-25.92438248894804,0.0,292.21608878154143,-543.0011
200,09,-2.6222378082234683e-05,-4.395296908230251,0.0,287.4659033938938,-142.61337
201,10,-1.4566836962311297e-05,5.514771194293934,0.0,286.1660483907064,32.38236
202,11,-1.3042386322538529e-05,9.068964893934462,2.0260943306816947e-07,280.4485377359602,202.02165
204,01,-7.460320452180465e-06,-0.4728464959257379,0.00023015245699113416,273.0739127290787,500.17285
205,02,-7.544903639281147e-06,5.38362545916678,0.0006102077837648064,273.61455346710375,427.19452
206,03,-1.2827322511164368e-05,-10.990242480862525,2.0419359207153323e-05,275.89573825737733,223.33626
208,05,-2.4253428110207234e-05,-26.022296560964275,0.0,283.0404211406093,-221.05022
209,06,-2.8253365109311642e-05,-38.732165323215064,0.0,287.7120379621718,-424.96524
210,07,-3.142641031134248e-05,-27.054918192217425,0.0,288.9736008786437,-482.3962
211,08,-2.9903093116464793e-05,-15.358725825155936,0.0,290.26938906532206,-391.61435
212,09,-2.534073391895315e-05,-7.00570699428982,0.0,286.062809048801,-211.13284
213,10,-1.7171301486478214e-05,8.106230379494288,0.0,284.35446074524754,46.428963
214,11,-1.4551765714713837e-05,14.46901237657335,0.00012027359008789062,279.4499412578582,365.04407
215,12,-8.836182103413613e-06,1.1414017176474303,0.00011574836187465217,274.0792455669526,379.83472
216,01,-3.583592048936e-06,-1.2817189340899076,0.00038023888808424755,272.25964624536164,466.20422
217,02,-9.97768289436776e-06,28.48145621345157,6.829840796334402e-08,278.9320034816378,434.0296
218,03,-1.2413017713795421e-05,-3.0697627356744577,0.0,280.40703176859375,160.12453
219,04,-2.201332183204714e-05,-17.60772253417969,0.0,280.5644874141693,1.1610496
220,05,-3.085946982284968e-05,-22.07697987414944,0.0,285.1017764521773,-227.12798
222,07,-3.376502295814329e-05,-20.43258258581674,0.0,290.03099838158397,-519.3176
223,08,-3.064838395117496e-05,-15.397676236060358,0.0,293.2227237929478,-441.4076
224,09,-2.7053925191669103e-05,-10.968042353990342,0.0,287.54944601949063,-108.020515
226,11,-1.1372840429430654e-05,5.54297788119846,0.0,279.9875980561574,286.2094
228,01,-1.1099072907757458e-05,24.386054642872143,2.2409808251165574e-07,277.9622745796942,585.0403
230,03,-1.582076560769428e-05,4.910139277304372,1.3940626575100807e-05,280.3343201620861,242.99004
231,04,-2.2395207648413717e-05,-10.670934447903104,2.9785103268093537e-07,281.88296789105726,-126.98863
233,06,-3.4082233544055876e-05,-13.138249787733287,0.0,288.37100996331105,-454.7172
234,07,-3.6390916169732936e-05,-13.917790471887077,0.0,288.9995175761561,-528.21173
235,08,-3.4686337675251e-05,-19.754633603331865,0.0,289.45330056729875,-422.40326
236,09,-2.4247977624205914e-05,0.3736279635959201,0.0,288.04718676249183,-244.69751
237,10,-2.3367591303340108e-05,14.50471792602539,9.088093234646704e-07,283.2419490077521,17.411148
239,12,-8.802920268002493e-06,22.454611907630838,0.00011667215695945164,277.97066255097747,412.04468
242,03,-1.3397230129969535e-05,-0.9194605676794566,8.536538770121912e-08,280.0196965524407,154.1842
243,04,-2.54553507465769e-05,-17.42901027967665,8.541558848487004e-06,282.47727725253634,-120.413864
244,05,-3.422614240797327e-05,-20.88572949317194,0.0,286.46426943280625,-250.72755
245,06,-3.759346314859108e-05,-24.964019442409946,0.0,287.621155009969,-400.18512
246,07,-3.775679561435789e-05,-20.12216363230059,0.0,291.3305993268413,-560.18304
247,08,-3.318467006672979e-05,-13.657699137697938,0.0,290.35377914166196,-430.46237
249,10,-2.1588807777500546e-05,5.981483147405809,0.0,284.0889761727855,30.000105
250,11,-1.3179962080519347e-05,12.654008286878799,2.0961513784196646e-05,280.36134305237664,248.69818
251,12,-1.3700721242369786e-05,27.986750325848984,0.0004829321933049028,278.27631423343126,451.6986
252,01,-6.553396535759588e-06,18.42038040095504,7.689163249026063e-06,277.79516857783,466.07095
253,02,-1.2230161100386137e-05,18.65321454909752,3.605513052008618e-05,278.9918639561445,452.7635
254,03,-1.4517082142339604e-05,-0.5979741453765541,2.188550656841647e-05,279.74647602704783,207.78836
255,04,-2.355722367422762e-05,-12.813957029554578,8.329312006632488e-07,282.30091152648924,-119.7813
257,06,-3.750390542944741e-05,-27.016546727159287,0.0,288.429064964803,-434.2309
259,08,-3.0941285219664524e-05,-19.063545700565466,0.0,290.2980615874259,-446.39505
260,09,-2.4486756719630248e-05,-2.020394458007812,0.0,288.9522197736953,-196.58575
262,11,-1.5146696185204038e-05,20.892512133110895,0.0,281.02643124508324,382.66574
264,01,-6.723928980547147e-06,14.384707934964087,0.00041049615926640003,275.96743091123847,525.1065
265,02,-9.421481274265325e-06,7.153048214503697,0.0006544472773869832,277.52430097507295,362.28433
266,03,-1.3063552253355424e-05,-6.242824222359606,0.00027922883085025255,277.80964705756395,108.5568
267,04,-2.4765318735565716e-05,-15.737299090576174,6.594268480936686e-06,281.0073699052598,-84.84592
268,05,-3.372209000100225e-05,-25.790908090242777,0.0,286.25971681492297,-310.59143
269,06,-3.303585196628976e-05,-31.827683939954966,0.0,287.6171802242279,-492.6244
270,07,-3.6646507612448495e-05,-24.41304970722813,0.0,291.0954466385379,-533.35626
272,09,-2.8629883362433853e-05,-3.361749937269423,0.0,286.7026010084364,-169.79749
273,10,-1.872843477780094e-05,15.499699002173642,0.0,287.358400129749,29.655277
274,11,-1.4045017091525046e-05,9.019137569173179,0.0,281.0378544276344,293.23578
276,01,-6.60295483731882e-06,23.604068570044735,0.00012535062912971744,277.7092359037091,398.87363
278,03,-1.718439095667989e-05,-2.8514695644583754,1.5001514906524331e-06,280.1865670277176,29.964157
280,05,-3.0134792006426703e-05,-17.31557953963741,0.0,285.91615550937445,-223.2886
281,06,-3.5836119472898846e-05,-20.466573669433593,0.0,289.008934870402,-434.95016
282,07,-3.594073215623134e-05,-17.96138944137737,0.0,290.12367375199517,-486.1301
283,08,-3.0240783373966385e-05,-12.41071590333344,0.0,291.52933090636554,-424.37665
284,09,-2.726855740998468e-05,-6.606480073716904,0.0,288.12181282060413,-176.01321
286,11,-9.433203981300014e-06,10.082439758300783,0.0,281.24613218036234,327.7481
287,12,-9.155090198257839e-06,-0.601292420089886,1.2510566301243278e-09,276.11271182759606,538.854
288,01,-7.996820467572737e-06,16.024269751435966,0.00044667841542151673,276.0992543067932,554.2516
289,02,-9.213011075579354e-06,1.6289639434814458,0.000368756529830751,275.1990847414562,357.55844
290,03,-1.4304734281419465e-05,-4.024482163624097,0.0,280.07939777218405,241.58273
291,04,-2.383696288773839e-05,-17.2942943037245,1.5020370483398438e-08,282.52701496353154,-51.645615
292,05,-3.0977665722578726e-05,-19.48317038226384,0.0,285.87503277128485,-228.35265
293,06,-3.491794925367785e-05,-29.63445593295627,0.0,290.1924542755127,-419.99744
294,07,-3.637924248004731e-05,-25.786057973554062,0.0,291.4632059519777,-523.969
295,08,-3.1032737283929096e-05,-31.771135562691633,0.0,291.8428295599825,-381.93076
296,09,-2.437035215904568e-05,-12.497950702243381,0.0,287.9652745859782,-169.12228
297,10,-2.1305207502659715e-05,-2.352458050143333,1.9682761161558088e-06,281.3235289662679,74.38803
298,11,-8.746191556262298e-06,13.336127873399521,0.0,281.18456970901485,216.71716
299,12,-8.986315398414586e-06,16.75842543636855,1.2960655714875909e-05,277.70850726802377,477.8452
301,02,-1.1818901434843997e-05,12.780648606925178,0.0004339445432027181,277.98929517294346,399.0285
302,03,-1.5225630396960167e-05,1.0669384965794064,0.00020815543461871405,278.8729907035828,163.08806
303,04,-2.4217375733618005e-05,-11.611916856553819,0.0,283.0342345699735,-76.91345
304,05,-2.847669872224737e-05,-31.81054322043798,0.0,284.7821008097331,-287.25018
305,06,-3.421590459786078e-05,-30.121984181382924,0.0,288.26498307020404,-419.92596
306,07,-3.5823426863228845e-05,-21.040274605699764,0.0,289.52838083738925,-470.19547
307,08,-3.442271008691844e-05,-10.630728795861687,0.0,291.53894050384855,-389.51672
308,09,-3.09724094837697e-05,1.3779368174235027,0.0,288.3683370303683,-182.07501
309,10,-1.9737982986943505e-05,10.8786054316695,0.0,284.57554275028684,51.108032
311,12,-6.509792311736683e-06,12.651209838210898,0.000107577202140644,277.18444233658494,452.99127
312,01,-1.0532949036563073e-05,27.835473567839585,0.0002284056717349637,278.5624613469442,532.8903
313,02,-1.0796667724878803e-05,1.9850640389578682,0.00020228017086074463,275.683474075272,474.17834
314,03,-1.2645556585016247e-05,2.2825399281491516,0.002058747031355417,279.0753041903793,219.79634
315,04,-2.402455134354872e-05,-12.38321820203993,0.0,282.71948648647725,-45.970806
316,05,-3.3327865934669755e-05,-23.83920729967343,0.0,284.99818274778966,-214.82278
317,06,-3.715115132452208e-05,-30.632264646063906,0.0,288.991852593655,-477.8066
318,07,-3.409394384040644e-05,-23.561669685609886,0.0,290.1906704429708,-527.89954
319,08,-3.320200081173924e-05,-14.21000237282374,0.0,289.1398493754069,-417.87726
321,10,-1.7187334372416657e-05,10.538457600583316,0.0,286.6108520703879,67.29101
322,11,-1.4535249143672345e-05,9.326381112670902,0.0005737135661972894,280.7140452206929,220.88081
323,12,-9.12172876785682e-06,14.485518746324761,0.0003240881030277539,277.6781497156286,639.8556
326,03,-1.3873502668170125e-05,-4.782673361173239,0.0004253186384836833,276.79120616527274,95.70952
327,04,-2.37631702343909e-05,-18.782449027506512,0.0,281.3412661899143,-110.08914
328,05,-3.370682173148433e-05,-13.439136345319852,0.0,286.611448016423,-246.47119
329,06,-3.4785863751151034e-05,-27.11431088460287,0.0,288.7861003506131,-437.2226
330,07,-3.3670624993676266e-05,-35.11209074615151,0.0,294.31578268137275,-514.93304
331,08,-3.203818718891423e-05,-14.970106861073484,0.0,289.42563545177825,-460.69885
332,09,-2.4569920312832332e-05,-1.9050392035590278,0.0,290.8846295525445,-197.85934
333,10,-2.0357669840078775e-05,8.929626497002058,0.0,286.9078280718404,-18.04049
335,12,-1.1844671387852061e-05,21.158474252352146,1.2561005930746755e-06,280.0480408410102,469.39587
336,01,-1.3167410284109127e-05,32.71415653975292,7.495572490076866e-08,280.3280024761898,502.9174
338,03,-1.969343553138324e-05,2.858439688077537,8.514286369405767e-07,280.9515473870718,198.78233
339,04,-2.5420359923575438e-05,-23.728481532796227,0.0,285.1133049407959,25.176277
343,08,-3.430768915528969e-05,-11.902402343421853,0.0,290.0370085491878,-435.27557
344,09,-2.677926907070085e-05,-2.246240928141275,0.0,287.3048455885146,-219.0614
345,10,-1.4836711174446523e-05,-1.5530790907336818,0.0,283.5498818838469,109.95482
346,11,-1.4172945336880124e-05,15.984315191311307,8.570086956024171e-06,280.5269208690644,279.81552
347,12,-9.103623443880553e-06,18.67049515623687,1.9495038576023557e-06,277.3368185319388,399.6045
349,02,-9.733829621899499e-06,11.488472740085646,9.416011558181937e-06,278.2568273897719,493.78403
350,03,-2.0140387961912898e-05,4.352542552004578,6.198341231192312e-05,278.8884844916969,79.92156
351,04,-2.446588194630345e-05,-15.287676639472116,0.0,281.5612035566542,-138.83687
352,05,-3.326288808405293e-05,-18.37616691179173,0.0,287.85736066133234,-258.8587
353,06,-3.476253857051133e-05,-32.52892781643338,0.0,288.7505925245497,-489.59393
354,07,-3.577182100015043e-05,-18.878891244211506,0.0,290.6381676658713,-545.6595
355,08,-3.3834556450724496e-05,-9.036356891591062,0.0,290.2695800380912,-423.4293
357,10,-1.8222273044254205e-05,6.518695762716314,1.0895472700877858e-09,283.49328779224686,22.605595
359,12,-6.623100362498576e-06,8.910789440196046,3.1098793911677535e-05,276.00092939651654,372.77408
360,01,-6.219402897665034e-06,13.638463789416898,0.00026115813434764905,274.32254045474144,495.0546
361,02,-6.55127283612057e-06,7.2258432279314295,5.497220584324428e-05,276.2893881261462,238.14175
362,03,-1.4006747319585248e-05,0.15545269151913163,4.5311066412156626e-07,279.1052625570399,94.02576
364,05,-3.152253704363203e-05,-24.89160391596312,0.0,286.32759907055924,-251.08102
365,06,-3.4585202314802804e-05,-32.20444840494791,0.0,288.15789018961584,-394.57785
366,07,-3.995988693131167e-05,-23.939954596078525,0.0,290.62653678746375,-524.7228
367,08,-3.326769469126164e-05,-18.63527480389995,0.0,291.493365414199,-388.00037
368,09,-2.396435872586961e-05,-8.675344586181641,0.0,288.24405131666396,-171.23238
369,10,-1.8213049179844e-05,4.716025361748153,0.0,284.11453383484707,72.475685
370,11,-1.3997967538165946e-05,28.005924584282763,7.164478302001954e-09,282.6301770416684,297.23596
371,12,-8.896478755051119e-06,9.686923075029926,0.0033527605789963914,275.9152564712032,448.13425
372,01,-6.091251291421628e-06,2.9262350808420488,0.002126177963390145,273.08482904479325,613.3722
373,02,-7.65345504045659e-06,5.717629487900508,0.0021790685525962285,274.59004296811423,418.82153
374,03,-1.4227020407356234e-05,-0.1344084672825314,1.3550689143519247e-05,278.93887998355336,205.20139
377,06,-3.182083758476639e-05,-35.711798379855686,0.0,288.5699565473768,-423.89825
378,07,-3.4407490462771055e-05,-31.11366353779454,0.0,291.94731353169107,-513.76587
379,08,-3.27152816781925e-05,-15.088779016966459,0.0,289.71709932881015,-426.05142
380,09,-2.3803562745282155e-05,-1.7829848341200085,0.0,286.8539448320178,-163.98361
382,11,-1.1904203317903414e-05,4.708053307088217,0.0002805316183302138,279.1010974715339,148.6575
383,12,-7.738160395268594e-06,4.967533013128466,0.006288984498670025,272.7350027047024,313.5311
385,02,-7.274441715534998e-06,7.353929252261208,0.00014321758775483995,277.5559378022239,235.93993
386,03,-1.235675504704564e-05,-6.3443144091534345,0.00019613219461133403,278.86510410210394,299.80847
388,05,-3.0008848766624646e-05,-32.62149781881353,0.0,286.410771462061,-241.4429
389,06,-3.4230032604055946e-05,-25.01744469502767,0.0,288.6127736097548,-494.22546
391,08,-3.274760770019843e-05,-10.64563058373236,0.0,289.6281859905284,-442.16058
396,01,-9.557997748420493e-06,23.492998173539362,3.76804490243235e-05,278.0025916491273,567.0338
397,02,-6.941694202459045e-06,2.77444112036694,0.0013561625960229456,273.9540438470512,461.23914
398,03,-1.1845709033173812e-05,-9.130659757880753,5.560450656439668e-06,280.5903991654509,151.17221
399,04,-2.412122515035865e-05,-15.116672309705946,0.0,281.0076457704756,-148.83878
400,05,-3.2719707248821014e-05,-19.41600187732328,0.0,286.39187647731336,-278.16516
403,08,-3.664081436780238e-05,-14.530181596981583,0.0,291.1731117379793,-460.4667
404,09,-2.780254297756781e-05,-4.337274759928387,0.0,287.3234092200385,-210.64514
405,10,-1.749340033099435e-05,6.576196681525118,1.6571373067876343e-08,283.75088245457476,54.35331
406,11,-9.782895505729057e-06,13.286790387301977,0.0,280.2187192969428,223.02551
407,12,-8.270612005098982e-06,23.135962751162953,0.0004308112231633996,278.1779153431308,468.50952
408,01,-7.079607454118081e-06,9.77005108642578,0.0024007742763847433,275.1825925199447,467.10504
409,02,-9.82560560788399e-06,1.2790957768758144,0.0007189501410438901,274.82777969859893,395.12927
410,03,-1.6003138249269338e-05,-14.11737674147083,0.00018706004465779953,275.29698841222125,64.104324
411,04,-2.0434202846445263e-05,-16.983018215264217,0.0,280.441605447091,-77.666275
412,05,-2.7662325821888435e-05,-23.158452428017892,0.0,283.8569099442677,-288.92233
418,11,-1.2026654228591521e-05,13.685960133870443,8.762069013383654e-05,280.35682493527725,201.21738
419,12,-9.44601224512954e-06,28.97793200421077,5.1136837210706475e-05,279.21073650786695,404.3876
420,01,-8.580053124215514e-06,22.96357862870411,1.0653635506988855e-05,278.7270791265426,484.83157
421,02,-1.1990748406116751e-05,26.598223410470148,1.0926482223329089e-06,279.40804705011277,471.88068
422,03,-1.6731313326227373e-05,-1.3453218475669946,6.519722682173533e-08,281.1189634679159,189.42789
423,04,-2.3883861623916246e-05,-16.521862002224392,0.0,284.4238784166124,8.312859
425,06,-3.645346474101341e-05,-28.120134918891054,0.0,288.60506283637153,-421.17084
426,07,-3.570791800838603e-05,-18.498887496784167,0.0,292.2635286937426,-520.41614
427,08,-3.5946427165531874e-05,-15.756697428713563,0.0,289.2081022578413,-377.64368
428,09,-2.0748739615697153e-05,-9.244409510294595,0.0,289.19143939514163,-173.47264
429,10,-1.6616273676728237e-05,8.951883064844276,0.0,286.6383070147115,63.489456
430,11,-1.0089955154782932e-05,6.784489759657117,3.112157185872396e-08,281.4275366665734,281.74246
431,12,-1.0581146033268115e-05,22.95546643394552,0.0004054831791949528,278.36750006714686,502.66425
432,01,-9.2527426375611e-06,26.340960131573418,0.00016244323407450028,277.32805558928624,516.08014
433,02,-8.153189459681882e-06,8.31590086110433,9.767446773392813e-05,276.6668339920044,372.07233
434,03,-1.5915630637317265e-05,-1.6360386480515998,2.4049384619600027e-06,279.08244967077115,224.0434
435,04,-2.4346638547669703e-05,-22.934988667466907,9.625487857394749e-09,281.46281248359685,-61.734447
436,05,-3.070366395367009e-05,-25.76910455847299,0.0,284.7904129192393,-267.8219
437,06,-3.477750818122634e-05,-31.860220404391814,0.0,288.02580254245345,-414.62036
439,08,-3.326061218056918e-05,-12.586229408838417,0.0,291.25167575270126,-390.8642
440,09,-2.5603061031688413e-05,-1.6679924726698132,0.0,286.66352415195047,-162.73929
441,10,-1.3186316454061119e-05,-1.463842040031187,0.0,283.4427843608241,61.521248
442,11,-1.4898132296588707e-05,27.46974549831814,4.5776367187500004e-09,283.10383579525416,230.85657
445,02,-1.2519085415486441e-05,14.879537966322628,1.52496250196435e-05,277.78108298799367,535.13513
446,03,-1.4810545610421827e-05,-5.396197126162949,3.62938924502301e-05,278.4155945600284,188.52226
447,04,-2.7581765115751797e-05,-20.820068422105575,1.3241238064236113e-07,281.36615560573995,-52.55291
448,05,-3.16294027814815e-05,-19.310568396455505,0.0,286.8687926589802,-275.7888
450,07,-3.758493633006676e-05,-22.269790681900524,0.0,290.91323088844877,-545.1116
451,08,-3.3272750999810424e-05,-17.014684508621052,0.0,290.91866476046647,-397.81372
453,10,-1.526362983537594e-05,-3.798430909843855,0.0,283.3498556886078,159.42969
454,11,-1.1750765303218536e-05,10.89123139716254,3.956906927956475e-05,279.20990362701417,338.31354
455,12,-4.447676278540448e-06,15.633635981405934,3.86891185596425e-06,278.4459245055413,323.01343
456,01,-6.416161365773257e-06,12.223324068787278,0.00022398640519829207,275.05028467830533,446.3233
457,02,-8.18821650381367e-06,12.903916228158135,0.00023337035661651976,277.86915778559734,398.96143
458,03,-1.5800369091061108e-05,2.527072602630943,0.0,281.2226937955631,259.34174
459,04,-2.5679135762624757e-05,-26.331729773288306,0.0,281.41495227517026,-41.5971
460,05,-2.9667726341906155e-05,-25.198657173730993,0.0,287.2392350808421,-248.45847
461,06,-3.566179110415154e-05,-31.36642959594727,0.0,290.51245804307734,-408.03412
463,08,-3.333480648354688e-05,-12.395997953681537,0.0,290.3243722688408,-371.1414
464,09,-2.5415033401845397e-05,-5.530321179199219,0.0,287.1538292568631,-207.96948
465,10,-2.0550294828412475e-05,15.281469091599986,0.0,286.4926618480888,44.25611
466,11,-1.2597567349661808e-05,15.910226154920792,3.65040037367079e-07,280.83419648060266,207.0456
467,12,-7.748080553331723e-06,20.40142875687794,0.0006995919622400755,278.2219712722122,493.215
468,01,-8.493993727101315e-06,23.796599253992884,1.641540501707344e-05,278.53154294832297,556.0227
469,02,-1.1806723732206594e-05,-2.6082788761683875,9.837871222268968e-05,274.0743940366564,344.14755
471,04,-2.4140652476206825e-05,-8.481860700141059,0.0,284.2523615995619,-23.547379
473,06,-3.447691067930363e-05,-33.33076165534125,0.0,289.49784020724826,-446.9136
474,07,-3.4126774513620195e-05,-44.31138712696363,0.0,292.90806091046085,-553.9081
475,08,-3.324744642680256e-05,-25.59706884437479,0.0,291.3618514305854,-430.08246
476,09,-2.7110998255941223e-05,-4.088550005425346,0.0,288.21334796922474,-158.67188
477,10,-1.717439320385384e-05,2.0582064438686585,1.104806956424508e-05,285.3938754693308,108.38643
479,12,-7.425197422547768e-06,21.47761040308142,5.2109628595331655e-05,279.4785891970973,552.3413
480,01,-8.170035396257738e-06,18.813249751593478,0.0003725200532585062,276.9462481465493,503.04352
481,02,-8.232899953890454e-06,13.675333238874163,6.108944188980828e-05,279.191337246032,333.93866
482,03,-1.7898125718357898e-05,7.876527682396675,0.0,280.7588669757638,164.2918
483,04,-2.786484313502215e-05,-15.88577495863173,0.0,283.32113693033864,-40.138863
484,05,-2.8741963674400066e-05,-37.081440074305384,0.0,284.36448736465616,-207.64294
485,06,-3.9525050331051005e-05,-23.208365014648436,0.0,290.2859401516385,-440.97003
486,07,-3.625940142692049e-05,-31.74150496025496,0.0,291.26846290670414,-518.28033
487,08,-3.404563471354698e-05,-17.337182702177312,0.0,291.4738801791283,-425.55426
488,09,-2.6543087166161665e-05,-4.24653964674208,0.0,287.9392709560819,-210.25142
489,10,-1.8569231195137014e-05,10.235854191605762,0.0,284.78358039642666,35.853745
490,11,-1.0039879183467646e-05,10.335369747924807,0.0,279.8074893178728,340.39633
492,01,-6.012859741277161e-06,22.106840989635838,1.4043623401272683e-08,279.3999776622403,411.93817
493,02,-1.5386156723984276e-05,31.748662168305497,1.7729275528041798e-05,280.04609204145413,368.0991
495,04,-2.7043378228700023e-05,-24.0670989525689,0.0,283.457096534729,13.452053
496,05,-2.995519203009721e-05,-45.04488896819084,0.0,285.6595867329259,-205.30798
498,07,-3.552329937512147e-05,-24.55973527871409,0.0,289.7865116117744,-485.28003
499,08,-3.48960954878191e-05,-17.491402352609946,0.0,292.9717935617098,-427.9492
502,11,-1.0186800306089735e-05,15.631692754109702,0.0,282.13784168768984,311.03784
503,12,-6.893300624729055e-06,15.732371215492165,1.2867758350987586e-06,278.8222056623889,554.7333
504,01,-7.860778656987515e-06,14.34612370152627,3.849816578690723e-05,276.7231909807677,514.1305
507,04,-2.588563685021654e-05,-27.98602328389486,1.457011964586046e-05,279.4237252683427,-18.856985
508,05,-3.230829694098981e-05,-22.4746828918457,0.0,283.8163767559092,-241.67178
509,06,-3.7502937650666964e-05,-26.38411481492784,0.0,290.2330343007406,-394.66492
511,08,-3.444879628501263e-05,-12.903870650096605,0.0,289.92943471568117,-389.45044
512,09,-2.3354238802332672e-05,-7.743464881388346,0.0,289.1970728213839,-219.9544
513,10,-1.864643046111826e-05,14.62936670381279,0.0,285.1771994281072,115.6806
514,11,-1.0072340758698473e-05,9.36498726196289,2.1571267975701224e-05,281.017371949217,241.9868
