,month,MER,MSSHF,RH,TCC,UW
0,01,-7.186377549426466e-06,5.464709561255669,62.6901256937955,0.7674197445941228,8.566814722819995
1,02,-7.399999772068052e-06,2.729709174746558,52.295623941567676,0.8322987442470734,5.242820933818818
2,03,-1.408509512223264e-05,7.08405715679866,62.090667984242096,0.7213765135734314,13.765281541639759
3,04,-2.191347909663616e-05,-15.59233038906521,62.41300571294825,0.7183522930145264,5.253018767907886
4,05,-2.839083756912113e-05,-16.16055940262989,64.02205650719006,0.6820745509978263,9.909492792170534
7,08,-2.8487004876296853e-05,-12.56110269165039,50.14281140049425,0.6369957595332977,9.79633006227145
9,10,-1.6345863611966567e-05,2.642213581372333,56.92965585534547,0.7263572831512779,4.59894328461924
11,12,-1.207531024335357e-05,24.691616260159407,64.98245628347064,0.8025561436478809,15.22025654595898
12,01,-5.795284385228985e-06,8.867661568262244,49.01821534482766,0.7199518989645025,5.114125808059528
13,02,-7.359469057738698e-06,6.865867059466484,53.581606617508264,0.797145370790328,7.856037982940672
14,03,-1.4070489600584629e-05,-6.186828353717764,55.02083505403355,0.837744382468603,7.28385072402544
15,04,-2.282624180893941e-05,-17.872287172783746,48.97103869282801,0.5745583197275798,0.1369029037899443
16,05,-2.9285246377967465e-05,-30.998830406271004,47.47244699586335,0.5115912202814574,-4.025603452805551
17,06,-3.014735746900341e-05,-26.066622504679362,62.37913317463399,0.7134443809085422,6.837710131094192
18,07,-3.1905643976779664e-05,-14.025872309859079,48.67037434149174,0.7010493204260383,7.28260863685608
19,08,-3.1051088017916934e-05,-11.540256553403795,47.008779259716306,0.7037623250407558,13.212725781204876
20,09,-2.365392635981859e-05,-3.0327022542317708,42.946886476458445,0.653931602774726,12.575276836034986
21,10,-2.1172643707369163e-05,7.590982919672484,58.4636376896443,0.7753540998069188,13.979145259652089
22,11,-1.4279194747299093e-05,14.235161112806532,54.54851769668525,0.7181861507415772,8.777663723097907
23,12,-7.873070872231058e-06,26.063403682913826,61.380955716897084,0.7685965811616633,13.964713369225944
24,01,-7.860688640385075e-06,20.899533713063885,47.875411116570554,0.746810458316598,12.33075755956096
25,02,-8.991757432514056e-06,2.888394768487839,50.11619150138895,0.7581164837337676,4.826553443431854
26,03,-1.2076194787720939e-05,11.89821663673975,73.37905685201383,0.8891850105203607,13.306958838185956
27,04,-2.2320882245185202e-05,-19.334173597547743,50.02077896680037,0.6974979371812609,2.920826218308343
30,07,-3.173775886429094e-05,-20.80200322239373,49.75860673643311,0.656765679923437,10.426191270602645
31,08,-2.8741253340065727e-05,-19.03508228654759,42.77699926753197,0.6846821722625404,7.685691989857664
32,09,-2.269007780640903e-05,-3.5648343312581385,46.85175361700852,0.6221041914621989,8.593244362915888
33,10,-2.174942796122078e-05,9.781940688922843,60.93410625634399,0.7679681318959883,16.650438065046906
35,12,-7.687594037497059e-06,8.885675470167591,67.75924336626196,0.8372953305808447,9.12891215738686
36,01,-5.276928763964617e-06,11.574925520045783,58.01885871766587,0.6630252150668892,10.828720034978724
37,02,-7.864293709969517e-06,5.468580898829869,51.56958197040644,0.6381152653467087,2.3612015480768114
38,03,-1.6001877676116956e-05,1.792558938959594,55.95160838729334,0.6297853519890898,6.721166247665241
39,04,-2.3437909088230905e-05,-21.874123499891493,46.11000325809585,0.6042834651523166,4.110112059911092
40,05,-2.9170486620455693e-05,-20.4214844770534,47.92201473479629,0.5381072768344675,9.468134508666173
41,06,-3.17826830204164e-05,-27.949367026435006,48.16991035015053,0.6107106636047364,8.309710549185011
44,09,-2.1331834113273846e-05,-6.238656323920356,43.43915766518911,0.6479369944254556,11.304056086709762
45,10,-1.6551261839878706e-05,3.491510892150223,54.79260846710333,0.7931934629460816,6.952388475377072
46,11,-1.519573135911843e-05,20.401449884033198,56.70156626680825,0.757184676700168,14.35263231576284
47,12,-1.0313162028783104e-05,17.753608460457098,55.75187243828721,0.7608326711347028,13.39048569564409
48,01,-1.1369238679367056e-05,31.70380508160335,51.86229076744793,0.7840179075425671,23.507062125913563
49,02,-1.1685804688698098e-05,2.732715975443522,46.129101684696614,0.5929144132704963,-0.6980405422619412
50,03,-1.3839232150540515e-05,-0.5926843497983868,57.115805566785156,0.7865977866470174,13.265807060569843
51,04,-2.090864053300013e-05,-10.60586452026367,65.75529212030038,0.742861790678236,9.872940920575457
52,05,-2.6606813441591635e-05,-11.409518621957432,66.050863289825,0.7823214301242624,6.826091371003018
53,06,-3.6603149109497395e-05,-25.008415187242296,46.266101067479454,0.5639335038079155,7.4451282612482705
54,07,-3.282222612492611e-05,-33.091220865229126,44.1499227373741,0.5684433198744251,7.109862047544089
55,08,-2.6941880611302234e-05,-27.08358682743196,31.77761535606461,0.4750448487804782,0.022965281558293076
56,09,-2.725831751290065e-05,0.9693071214463977,44.86737590899468,0.705576475101047,17.08183361146715
57,10,-2.1395454446465794e-05,12.186390243366201,47.91972020449689,0.7011912768374208,17.807696523379256
58,11,-9.367185011372688e-06,10.117007967122396,41.05919099200301,0.6633599039289689,7.654566838243273
59,12,-8.522425015388596e-06,21.808005747805364,57.410435429080856,0.7373599862129457,13.30256360898992
60,01,-1.1848107099418698e-05,28.771229348787696,56.9102486772409,0.7091302516896237,17.3053938906885
64,05,-2.301351515928619e-05,-21.276121071107926,61.30564291210714,0.8077163047380344,-3.17149069710188
66,07,-3.052118788760435e-05,-16.333257173927887,51.58020934386151,0.7022927988934261,9.1474737645221
67,08,-2.8069958612225798e-05,-17.017802792784988,42.472240740586344,0.4993924576133809,2.872892107502107
68,09,-2.2138291550658728e-05,-0.809648367987739,66.94727416271104,0.8249710806952584,10.311384230168663
69,10,-1.5594664512004833e-05,12.420039781796033,52.5519555827328,0.7500587646730484,15.485334654428625
70,11,-1.2000811908506469e-05,17.20852971835666,62.11537896577253,0.7200436461130779,10.336642698266768
72,01,-6.201572312694294e-06,7.789162023728894,59.71689801232405,0.7623330554757067,3.3671332889679944
73,02,-7.646551471441942e-06,-7.170963860648018,49.17462651499538,0.6680685249964396,5.9333629534131
74,03,-1.1304150707112197e-05,-2.56875498781922,68.34861116093205,0.8015634798439599,5.728958231320945
75,04,-2.3272295822324753e-05,-10.486857863362628,59.37646033687326,0.7217336557176378,12.875126613341438
76,05,-2.800802443084893e-05,-16.149492612120927,55.7763452255995,0.6990246018440494,0.7978462683975057
77,06,-3.090711121482552e-05,-17.990251360066733,61.34983533646531,0.6643057591756185,9.56488656516605
78,07,-3.447742918110781e-05,-15.274860501197074,50.75858460182529,0.6424117790960497,13.101680323898153
79,08,-3.3271033724499884e-05,-4.3656862228557625,49.79625837316948,0.6493248435810047,15.87532358626909
81,10,-1.5745955748394817e-05,1.4800897167574978,41.847355274659336,0.6145378556200252,3.9228212014475177
82,11,-1.5779393952086846e-05,2.730464919026692,53.6031213278585,0.7467017175886366,8.510707509316338
84,01,-1.0488508364736625e-05,25.802121266682942,67.17732922877546,0.7623722744193129,14.171719384019092
85,02,-9.105866422227595e-06,-15.737989101954868,41.279925076501705,0.6196731731323969,-5.740575921649026
87,04,-1.9242588071877733e-05,-14.953707265557181,61.57429541588492,0.7479030370076497,5.863026918029785
88,05,-3.1224375424332516e-05,-18.680161248648037,54.14751819698144,0.5674221288209321,12.02608065945615
90,07,-3.000731417455182e-05,-30.125119514383297,48.19723509739805,0.6702686336066134,12.281629657273651
92,09,-2.1116000810717296e-05,-5.870355172729491,52.886519872754164,0.7167194254557292,13.824011871359083
93,10,-1.7202233669146365e-05,6.4104873591597356,48.62927366667281,0.714295039597378,15.84836222144096
94,11,-1.2770530823662637e-05,20.62896745435927,57.76803370095226,0.7851363912794326,15.672534009382458
95,12,-1.128779906788603e-05,28.043287035542146,58.52688881322774,0.7719007456789735,15.426232051849366
96,01,-8.849628261046861e-06,-8.473066081057311,52.03738375666833,0.7138544017422582,3.380256105915193
97,02,-5.771432554432804e-06,6.824847212655203,67.52644709656069,0.8714824445361185,7.183116704645611
98,03,-1.3287096029671374e-05,-5.803373095440609,55.151999684815046,0.6475759961938345,8.146193476933306
99,04,-2.2575659647211267e-05,-11.442104777696397,52.015024873095086,0.6293081595102947,4.7397296148724015
100,05,-2.791426425801057e-05,-28.103053294192083,60.924986691195485,0.7078949788411459,5.088691424010902
101,06,-2.8837502824555686e-05,-20.989433822292757,61.5306473079814,0.7672273565504287,12.883800532786049
102,07,-3.379324687933062e-05,-20.07741719498173,55.40260847481861,0.6694636565998037,8.933421974059073
103,08,-3.0242934917310693e-05,-13.572054321945357,50.633880177582476,0.7321427008105863,13.210910544979956
104,09,-2.5696148892024614e-05,-3.969099077690972,51.22118268649578,0.696313075680203,18.18680549267663
105,10,-1.9746457593286597e-05,13.28605210072507,59.41998880579267,0.7515758675606018,8.569977047376735
106,11,-1.2423982501220758e-05,8.69252590874566,58.77474638277293,0.8495418824089899,6.046647794045342
107,12,-5.659096497726741e-06,10.619382738339004,50.16868590621025,0.841202174976308,10.722129596197476
108,01,-9.400724827868036e-06,23.76198229324177,64.8158600401199,0.8154185586744739,14.951265936513103
109,02,-1.553154618433063e-05,17.196350676788683,61.10995617006565,0.7344264186552201,13.528206202342595
110,03,-1.4791143874625109e-05,4.141464673442225,71.63935923557511,0.8021229802613616,13.992932746682113
112,05,-3.182606770285695e-05,-15.882362545546664,52.83810746537357,0.6065327840825564,2.950671381858087
113,06,-2.7714982728361462e-05,-28.63852083367242,47.29024293223089,0.787963741853502,-0.37918123620351224
114,07,-3.385038605679304e-05,-9.511822006717805,59.07058047961163,0.7664063766233383,15.473679856002972
116,09,-2.5435363158006416e-05,2.907980506727431,49.177534459747214,0.6917857957204183,11.980116043281555
118,11,-1.0307503538792339e-05,7.8851572241889105,46.36847800110711,0.7081493649376763,9.089208542802597
119,12,-7.866494279115095e-06,20.208327730240367,52.71666673100892,0.8517327044907436,12.202970729561263
120,01,-5.490775168401608e-06,12.580168148245866,46.32122026583841,0.6960385644974246,10.294662934293028
121,02,-1.1993180484209699e-05,15.243881237211681,52.799659086113884,0.6851143281573341,16.366795333748772
122,03,-1.7582771425163286e-05,5.919001820882161,61.97907953674307,0.7666241719235656,17.954782301687423
123,04,-2.3728384267512105e-05,-15.711892689005532,62.36782957411343,0.7619601530710854,5.260100383440654
124,05,-3.2913617601255e-05,-32.404015432706444,43.15242019264416,0.41460931174985816,6.0320307345851765
125,06,-3.3498540398290464e-05,-35.047065074327264,55.710710440916486,0.5851120146009657,4.440140065659417
126,07,-3.3625666249610085e-05,-27.510599928661055,42.19065745926929,0.5743446630662487,6.757328301583567
127,08,-3.0036708770112647e-05,-17.0266568734774,43.458151734339296,0.6336386088709678,11.918716067467969
128,09,-2.1827326350689368e-05,-6.781363076782227,44.02462579022247,0.6201116107092963,2.8825163167741565
129,10,-1.9913688146604526e-05,14.103063629806684,48.60193847477949,0.7060558088159049,14.940329161633727
130,11,-1.311930024130561e-05,7.912713109334308,43.72629240063826,0.5709897992451987,6.5622522730721355
133,02,-1.709957590030951e-05,31.83555304718018,59.52337883048256,0.6681059597560336,22.9481457257952
134,03,-1.7018775953137494e-05,2.372058311872584,47.98838851665681,0.6078018044502504,13.333049105408369
136,05,-3.125298669270236e-05,-34.3688931694441,36.06377147361027,0.4253419031943044,5.1684694324001175
137,06,-3.068480971400681e-05,-23.63770078192817,52.16888050745726,0.7518713474273683,7.454946297454835
138,07,-3.559518055198981e-05,-33.07448882301904,37.832517702871755,0.48145341713197765,11.827403479811963
139,08,-2.897321149455781e-05,-28.290339532667595,47.590817581110095,0.5299162357699487,9.989635868913387
140,09,-2.7407515947157255e-05,-3.6402964202880854,48.108384553693405,0.7245800940619573,12.827943298954434
141,10,-1.8407037761653066e-05,10.48773665069252,49.92561818830045,0.6475190929289786,8.42830417339776
142,11,-1.0645134954231454e-05,8.876481322224937,54.38112868225972,0.7074830526563856,5.109709851434498
143,12,-1.0178729378000547e-05,19.264495642221096,49.02194799312469,0.741313444240119,5.829736719623688
144,01,-9.804670876438911e-06,24.167181801416536,38.86062395377826,0.5920816008865194,8.86982310034639
145,02,-6.996622216688376e-06,0.507544446309408,46.996895068120395,0.6594038436526344,2.419369213149661
146,03,-1.2629808311264428e-05,-0.5304674036169569,53.76618897918476,0.6779174129937285,5.395416858201385
147,04,-2.5889148811054637e-05,-18.50936585184733,50.20018549894757,0.5432910179562039,5.61995390847524
148,05,-2.5811937759284265e-05,-33.066711107479634,47.67298183366304,0.6777907446994578,0.8872901309023614
150,07,-3.606362330103894e-05,-12.26554677852508,46.37869990175771,0.6136622345216813,6.619193799377769
151,08,-2.9805839779475068e-05,-22.79464663072811,38.70661156831249,0.5833647762011457,11.01385874016054
152,09,-2.1833397036001162e-05,-8.548686426798504,39.4321560544822,0.6042274455176458,9.955680732430352
153,10,-2.004618059737534e-05,2.17344532234438,45.307421456006274,0.6938537020939652,4.971583007299772
154,11,-1.4646135411648073e-05,14.444811823866104,60.08639300202131,0.7607454043918185,11.738773440445796
155,12,-7.654158530845394e-06,17.942148733159545,42.031411531264894,0.6701996401715022,8.257994727001396
156,01,-5.988280283046514e-06,9.900324605634134,41.55076964045469,0.7391515630906629,3.217538565153716
158,03,-1.6743815379482177e-05,3.675611719931326,56.535387553599556,0.7537755890712943,12.80877443896058
160,05,-3.502280750303383e-05,-18.415903687507882,37.98684394011575,0.40541161912487395,3.870598782180457
161,06,-3.339920427913765e-05,-25.873405965508358,43.36981476617124,0.5821381435394287,-2.726851222144233
163,08,-3.290884278264643e-05,-13.404264240552024,52.83446418771308,0.6783674054709815,17.78341034901527
164,09,-2.5466491539959356e-05,-1.4094354346381297,48.6797681992597,0.6656476938883462,9.088945560031467
165,10,-1.9484351597922247e-05,1.9587082073252686,58.379234332862715,0.6918505046393281,6.554792054104549
167,12,-8.425528942156701e-06,11.411874493342573,45.69198678764476,0.710687043384839,8.596278399949433
168,01,-9.715480358609446e-06,34.39173987899288,57.42208674485646,0.7435397178896012,24.59790798663068
169,02,-8.449411843078754e-06,-1.1622854381742926,41.2482318814184,0.7323262315023513,2.4115948096456985
171,04,-2.191761210872048e-05,-4.539731902737087,59.59964808656376,0.6899678468916153,3.7300693186442064
172,05,-3.0932743489659034e-05,-26.541132331437964,51.168041845343446,0.5782415237426759,3.497821047116352
173,06,-3.281592492067931e-05,-24.277929318237305,46.836056776909025,0.6491131579928928,9.25905919657813
175,08,-3.234485571499712e-05,-11.285276480397874,49.79429166342623,0.65965662880354,14.445863279670796
176,09,-2.2725771390226628e-05,-2.4448908416748045,57.50485973500145,0.8023041222466362,4.56495947757297
177,10,-1.798888249350155e-05,2.3637267239478326,43.9463890340828,0.6776582923807124,3.003415204591649
178,11,-1.1587640056374466e-05,-1.8295716874864363,52.225245416957804,0.6554577938927545,2.3298814604229396
179,12,-9.250304196792702e-06,31.236705364924607,64.63241229699248,0.7918248019884992,20.999137792648806
180,01,-8.814763398506955e-06,28.086010490499522,59.814965074129006,0.7457029264716692,17.509481018681676
181,02,-9.681430163471391e-06,-2.9269207930791947,54.97462990093799,0.6523898104713076,6.761308108556839
182,03,-1.5868986940443404e-05,12.424105568506382,56.25959003628518,0.7475124271761985,25.385559077929432
183,04,-2.4481364455176743e-05,-15.54007357143826,53.21672202842236,0.6873039249420165,5.804787655745612
184,05,-2.8615912740195944e-05,-19.306992470361852,50.8592781971834,0.7416989493011147,4.769940718599545
185,06,-3.390126228795352e-05,-22.424498955281575,49.86442946763436,0.6148267804887558,12.548458471997579
186,07,-3.466171150601792e-05,-32.442688338413035,36.16844127948567,0.471899675594863,4.388184303857946
187,08,-3.527003988845888e-05,-15.806742182249662,41.714041907468136,0.6527889345640778,12.279929775791784
188,09,-2.649383951805552e-05,-2.2674784339057075,50.77799905458556,0.743529254659017,9.422944353548688
189,10,-1.8016295581522476e-05,4.47270425086893,52.33998963107474,0.7289226303100587,9.331117238485684
190,11,-8.92097842036795e-06,12.752254605102538,55.27824593100681,0.8463350632985434,10.65475141023
191,12,-1.093666692604627e-05,22.757288210632986,53.902280609893545,0.7332173781446233,16.48587201194353
192,01,-1.2804497735976505e-05,25.385474410518523,57.77612080058489,0.769013130639189,14.218067233526579
193,02,-1.271823695051786e-05,20.178666164579848,60.9734689490412,0.7695771319071454,20.19777915863764
194,03,-2.219248033328259e-05,-0.5256330294045062,56.57506640008187,0.5997859655810941,14.015041863861907
195,04,-2.3056703787511248e-05,-15.611610607231992,48.9374839578549,0.676606201256646,8.932633039940727
197,06,-3.44918315846169e-05,-24.446217814466692,49.08188772321145,0.620938918601142,4.274826041094461
199,08,-3.331847033315239e-05,-31.29434137422295,33.68999910253863,0.4308684326910203,0.6543888631225918
200,09,-2.6222378082234683e-05,-4.395296908230251,54.09243484116659,0.7176794152577717,5.966960947651334
202,11,-1.3042386322538529e-05,9.068964893934462,58.53600206141338,0.7192740283966065,6.407606474367777
204,01,-7.460320452180465e-06,-0.4728464959257379,45.67560021059616,0.6517847482004473,1.658294647544943
205,02,-7.544903639281147e-06,5.38362545916678,55.18347650017959,0.8090819851228561,4.37647370480943
206,03,-1.2827322511164368e-05,-10.990242480862525,51.72073062135199,0.6624436052794098,1.0527366366232593
207,04,-2.0502408365953464e-05,-21.604367342122394,58.54018084150156,0.6166294084760878,4.561729153993395
208,05,-2.4253428110207234e-05,-26.022296560964275,51.92535755428705,0.7435633220877698,9.13497221109944
209,06,-2.8253365109311642e-05,-38.732165323215064,41.61192797080808,0.6266733358171251,9.433004859309726
210,07,-3.142641031134248e-05,-27.054918192217425,49.82263012584947,0.6206146289046092,10.088768128179733
215,12,-8.836182103413613e-06,1.1414017176474303,51.832999992789766,0.728104033603463,4.368369198132585
217,02,-9.97768289436776e-06,28.48145621345157,61.04910012837534,0.778791059085301,22.079497913224362
218,03,-1.2413017713795421e-05,-3.0697627356744577,49.8996438915832,0.7020936220640775,12.954594367386195
220,05,-3.085946982284968e-05,-22.07697987414944,55.658551038389554,0.6941719493250693,8.545581844842562
221,06,-3.476727682935032e-05,-20.254541469319665,56.16686724849277,0.6510188685946994,3.493047113927205
222,07,-3.376502295814329e-05,-20.43258258581674,48.29218798171063,0.6023651400330248,6.435511002550844
223,08,-3.064838395117496e-05,-15.397676236060358,39.11490551742816,0.5104240398612073,4.405646029728714
224,09,-2.7053925191669103e-05,-10.968042353990342,40.873450344501606,0.6161735351138645,12.051192799843681
225,10,-2.0736059433235615e-05,1.8364669255082322,46.07108195983722,0.6453099249973092,11.233670121797948
228,01,-1.1099072907757458e-05,24.386054642872143,54.87726956107148,0.706566690711565,9.809003644122871
229,02,-7.893391973560764e-06,12.879144769577753,54.623768248409036,0.6531332498732068,14.813645704178581
231,04,-2.2395207648413717e-05,-10.670934447903104,67.35853829729425,0.8237251260121663,7.908418326038785
232,05,-3.182257207745645e-05,-20.036693252071256,51.31070372274871,0.6138791913678568,3.9262605809857765
234,07,-3.6390916169732936e-05,-13.917790471887077,46.5719772114318,0.7049917125496812,15.677108238486833
235,08,-3.4686337675251e-05,-19.754633603331865,40.27667498864153,0.617704378968926,14.429789518274287
238,11,-1.186565926222506e-05,4.6568576497395835,50.09492808050447,0.695817248280843,7.878285733710395
240,01,-9.430198710966792e-06,24.63400003675235,61.44896206574927,0.7435347398327242,16.481189683155343
242,03,-1.3397230129969535e-05,-0.9194605676794566,60.6708199271861,0.7651577397008096,9.409900608575471
243,04,-2.54553507465769e-05,-17.42901027967665,53.24983413987689,0.5809090511745877,5.066782274542914
244,05,-3.422614240797327e-05,-20.88572949317194,50.723297991629586,0.6588638867203909,8.779698450191047
245,06,-3.759346314859108e-05,-24.964019442409946,49.104056137108806,0.5561656050364175,9.589524438858033
246,07,-3.775679561435789e-05,-20.12216363230059,34.70881050790896,0.5384588477842269,6.7905215421697145
247,08,-3.318467006672979e-05,-13.657699137697938,45.50563225292391,0.7109437208688386,8.883778229928788
250,11,-1.3179962080519347e-05,12.654008286878799,52.50058610761298,0.7561134220971003,4.796225587866042
251,12,-1.3700721242369786e-05,27.986750325848984,63.54783165261822,0.7595967111074798,19.86696872741945
255,04,-2.355722367422762e-05,-12.813957029554578,60.681698268123455,0.7118717977735731,4.805695806566875
256,05,-3.550879427684679e-05,-19.147158501081563,47.704144963514416,0.6232741373944026,6.9489958812139365
257,06,-3.750390542944741e-05,-27.016546727159287,42.780413097916714,0.5791649541642931,14.330717013740538
258,07,-3.168135436499142e-05,-21.668345875401656,51.88578506780696,0.7779165895933747,6.044026700850455
259,08,-3.0941285219664524e-05,-19.063545700565466,39.65101154342005,0.5950934829711911,11.04517762957337
261,10,-2.1893689024856883e-05,11.235235126454343,57.40779917159772,0.7329834721472954,12.005480048866684
262,11,-1.5146696185204038e-05,20.892512133110895,68.07071139411661,0.7944869282616509,12.342221737946403
263,12,-1.1904006665214989e-05,20.81303864280127,63.79751548051194,0.7176606500276956,12.820332980145691
264,01,-6.723928980547147e-06,14.384707934964087,53.25762820807451,0.6732578391208444,6.1000643886237995
265,02,-9.421481274265325e-06,7.153048214503697,61.79020408172125,0.7992697193509057,11.07230871765954
266,03,-1.3063552253355424e-05,-6.242824222359606,58.59238742218351,0.8346674006472352,13.09184503670149
267,04,-2.4765318735565716e-05,-15.737299090576174,60.65160554169682,0.7354721421559652,10.400624713431462
269,06,-3.303585196628976e-05,-31.827683939954966,48.06642211600013,0.6896868352678089,12.22468430902693
270,07,-3.6646507612448495e-05,-24.41304970722813,43.035889669943884,0.609202791316535,8.167003860658214
271,08,-3.349079792080317e-05,-13.273838911159066,49.470468634774605,0.6550026206560032,10.676284386645083
273,10,-1.872843477780094e-05,15.499699002173642,52.0420637966638,0.7502056204683036,14.544020690487276
274,11,-1.4045017091525046e-05,9.019137569173179,50.75557469189433,0.8206311488681369,7.708632052760654
275,12,-9.904081011676856e-06,14.487402564920403,52.82181985401466,0.6670834625408213,5.938569107137702
276,01,-6.60295483731882e-06,23.604068570044735,51.65779350411636,0.7452024029147241,13.556759391107867
278,03,-1.718439095667989e-05,-2.8514695644583754,52.573686629964456,0.6759721070566486,12.162814038861184
279,04,-2.4829810814864887e-05,-14.182246478949653,49.20558492463959,0.6064626646253799,2.687068967501322
280,05,-3.0134792006426703e-05,-17.31557953963741,52.31226475243542,0.6915594408178842,4.80779668205015
281,06,-3.5836119472898846e-05,-20.466573669433593,50.7506326838851,0.6739444850497776,14.10018485385047
283,08,-3.0240783373966385e-05,-12.41071590333344,52.640142950275894,0.6742144519846925,0.3693177606316022
284,09,-2.726855740998468e-05,-6.606480073716904,41.46046437310777,0.6465029381222195,-0.6506538895077175
285,10,-2.2813934475604865e-05,5.003235001430717,55.25826176021304,0.7211124756105485,15.801558265091272
286,11,-9.433203981300014e-06,10.082439758300783,57.335292302331666,0.7533690906524658,8.362891557502746
288,01,-7.996820467572737e-06,16.024269751435966,52.92226850532075,0.7041166410138531,7.2308413329791
289,02,-9.213011075579354e-06,1.6289639434814458,40.65915042115535,0.44601174649738135,-2.7782855909211293
291,04,-2.383696288773839e-05,-17.2942943037245,47.44735419490735,0.5701265349917942,1.776840329636468
292,05,-3.0977665722578726e-05,-19.48317038226384,57.695412786129985,0.6365701963773339,13.447643165608888
293,06,-3.491794925367785e-05,-29.63445593295627,48.58540389312637,0.6205100622389051,15.360014124997457
294,07,-3.637924248004731e-05,-25.786057973554062,44.12265574810709,0.5639495347135811,7.717995313931539
295,08,-3.1032737283929096e-05,-31.771135562691633,39.36124998163152,0.5673176327366982,10.79600291262391
296,09,-2.437035215904568e-05,-12.497950702243381,40.21523504180775,0.5334368985493979,8.71134063267178
297,10,-2.1305207502659715e-05,-2.352458050143333,49.86598729915773,0.6066881419356149,5.868036298526231
298,11,-8.746191556262298e-06,13.336127873399521,55.471923015075255,0.747657346555922,9.657236481560602
299,12,-8.986315398414586e-06,16.75842543636855,56.42778465677845,0.7093791133921633,8.24986906863797
300,01,-8.992702947169514e-06,20.66453995308825,64.87525535803712,0.837607708305441,12.400445861242154
302,03,-1.5225630396960167e-05,1.0669384965794064,50.376974003080406,0.6286395969185776,5.864473087290283
303,04,-2.4217375733618005e-05,-11.611916856553819,59.49211039767795,0.6849287313249376,3.0342327328787904
304,05,-2.847669872224737e-05,-31.81054322043798,50.857990436966695,0.6642094037045716,3.692849372720206
305,06,-3.421590459786078e-05,-30.121984181382924,54.56608841220009,0.6948014066060384,13.141829840681288
306,07,-3.5823426863228845e-05,-21.040274605699764,48.61712288511441,0.6308969455431865,11.099155380125966
307,08,-3.442271008691844e-05,-10.630728795861687,53.4802156332962,0.7090089703221474,7.505057596555321
308,09,-3.09724094837697e-05,1.3779368174235027,41.60773183429904,0.5963927018059625,12.613644289016724
309,10,-1.9737982986943505e-05,10.8786054316695,45.96995730125903,0.6458563955163442,11.938783076604208
310,11,-1.219442167142309e-05,8.63346869269477,52.650442458646836,0.8075169110616047,7.877422987598844
311,12,-6.509792311736683e-06,12.651209838210898,41.13814304297201,0.7556278750922091,9.412742538349605
312,01,-1.0532949036563073e-05,27.835473567839585,50.62756816835045,0.6568636556645875,13.787942452297413
313,02,-1.0796667724878803e-05,1.9850640389578682,54.967533898224424,0.6938661958603632,-0.5147282207352782
315,04,-2.402455134354872e-05,-12.38321820203993,55.9102142579476,0.5803865731981066,5.966150120883517
316,05,-3.3327865934669755e-05,-23.83920729967343,52.369123788558014,0.6124563446455105,12.497400639995453
317,06,-3.715115132452208e-05,-30.632264646063906,50.84424858076307,0.5993636985354953,10.793446467632718
318,07,-3.409394384040644e-05,-23.561669685609886,47.80977541725482,0.6965740315427063,6.903388320861324
319,08,-3.320200081173924e-05,-14.21000237282374,41.28222914207624,0.5909341664057907,7.691539144146827
323,12,-9.12172876785682e-06,14.485518746324761,56.37181309181387,0.7231649466483824,6.250331046853014
324,01,-6.5253165958961526e-06,7.280853728591756,43.42763289413273,0.6964808228195354,-1.198527814270348
326,03,-1.3873502668170125e-05,-4.782673361173239,59.930227692120816,0.7258663519992624,8.711972299124605
327,04,-2.37631702343909e-05,-18.782449027506512,53.65862876264652,0.6540204958173964,13.231339445326062
328,05,-3.370682173148433e-05,-13.439136345319852,55.415879218805216,0.6765318221635718,11.327168507647768
329,06,-3.4785863751151034e-05,-27.11431088460287,44.96967633606062,0.5200850902981229,6.44561336379581
330,07,-3.3670624993676266e-05,-35.11209074615151,34.7803111832411,0.43903611341086773,5.194669483061761
331,08,-3.203818718891423e-05,-14.970106861073484,56.166526000266416,0.7095366280258342,5.139944788245744
332,09,-2.4569920312832332e-05,-1.9050392035590278,48.50952039943403,0.581430229356554,7.6637080093383805
333,10,-2.0357669840078775e-05,8.929626497002058,49.91160704086961,0.7225601808281356,11.764139995021203
334,11,-1.6638314112929544e-05,21.698549422539603,51.20864173750348,0.6935433432685004,16.657310976600645
335,12,-1.1844671387852061e-05,21.158474252352146,51.61357204472506,0.8296075471447361,13.276590780688874
336,01,-1.3167410284109127e-05,32.71415653975292,54.798027210791915,0.7592779756771619,20.381366841223937
337,02,-9.635896793779033e-06,12.227102448962983,62.05461917357218,0.8024723008473714,11.984527422791432
338,03,-1.969343553138324e-05,2.858439688077537,50.951221448258686,0.5542246515827793,3.589432570611277
341,06,-3.458860908376663e-05,-19.802041976589628,51.81401281598541,0.7590015696631538,5.424472069888645
342,07,-4.0491175616739144e-05,-14.380545316962786,51.51913973191349,0.6446249584074942,13.94707431110259
343,08,-3.430768915528969e-05,-11.902402343421853,46.669440629773256,0.646553179505051,6.611389506945046
344,09,-2.677926907070085e-05,-2.246240928141275,48.58724766878287,0.7133160124460857,8.22912563188341
345,10,-1.4836711174446523e-05,-1.5530790907336818,46.4751422240952,0.701923614009734,4.005545213678831
346,11,-1.4172945336880124e-05,15.984315191311307,55.0159122577058,0.7046124215443929,10.173234992345176
347,12,-9.103623443880553e-06,18.67049515623687,44.72693699303237,0.6842597386760096,6.526885977427164
348,01,-9.98381483742544e-06,30.50790186531313,59.32570013750177,0.7874816801830005,20.154622732100943
349,02,-9.733829621899499e-06,11.488472740085646,43.235250111784055,0.617157705548166,12.265323426432992
350,03,-2.0140387961912898e-05,4.352542552004578,67.29393991330491,0.734719601292764,15.45844951196896
352,05,-3.326288808405293e-05,-18.37616691179173,46.32872357566895,0.5134422774776336,0.6533463385182041
354,07,-3.577182100015043e-05,-18.878891244211506,53.425692884929724,0.656665866605697,7.46280018252711
356,09,-2.5189189388381943e-05,-2.5223080678304033,46.95382839618127,0.6436648470984564,4.18150704068078
357,10,-1.8222273044254205e-05,6.518695762716314,54.30898137165141,0.7249526161686066,13.949120030803067
358,11,-1.2143508331428165e-05,12.723418456013999,55.05112889809742,0.825160391023424,9.143233898650275
359,12,-6.623100362498576e-06,8.910789440196046,51.189781416840454,0.6488331320977981,3.3564824344881106
360,01,-6.219402897665034e-06,13.638463789416898,56.756673166043,0.7386991263769006,4.487606855351436
361,02,-6.55127283612057e-06,7.2258432279314295,62.426701213981424,0.8361105517886935,6.029134575253441
362,03,-1.4006747319585248e-05,0.15545269151913163,60.10794240493287,0.7025409626294208,9.182660163920414
363,04,-2.2896213735516033e-05,-13.763160278998479,44.90089633327524,0.48498084653218587,-0.685411971897549
364,05,-3.152253704363203e-05,-24.89160391596312,50.72287625494953,0.5892127600639097,12.152716374838224
366,07,-3.995988693131167e-05,-23.939954596078525,46.67216465320125,0.5932403564042943,12.934066957371208
367,08,-3.326769469126164e-05,-18.63527480389995,42.41847231385144,0.5826293396078129,12.439483702608335
368,09,-2.396435872586961e-05,-8.675344586181641,43.626415080409586,0.6611582132975261,5.422410661633809
369,10,-1.8213049179844e-05,4.716025361748153,49.256211021474606,0.7351699196600144,10.755346892162034
370,11,-1.3997967538165946e-05,28.005924584282763,63.3120259418408,0.7561563105689154,16.328244664086235
372,01,-6.091251291421628e-06,2.9262350808420488,60.36061479552843,0.8002005400298742,4.086005965673795
373,02,-7.65345504045659e-06,5.717629487900508,61.53230691539674,0.840362766038804,8.026179726691472
374,03,-1.4227020407356234e-05,-0.1344084672825314,56.345688745778084,0.7215320573622181,6.929926506247573
375,04,-2.4690822054900404e-05,-20.66956467929416,50.227940069592,0.5461734185960557,6.223680580245124
376,05,-2.827942739082006e-05,-27.387183430333288,51.416537502500645,0.6631700312706732,6.36290959364368
377,06,-3.182083758476639e-05,-35.711798379855686,43.71565713060168,0.5540890511406792,5.184164862230089
378,07,-3.4407490462771055e-05,-31.11366353779454,49.13440625845617,0.5566342890339513,10.114219836901592
380,09,-2.3803562745282155e-05,-1.7829848341200085,47.799041656389505,0.723202462302314,7.507118406274583
381,10,-1.8914465963579488e-05,8.677334267236855,54.52403665949838,0.6923922203228039,6.946783918237173
382,11,-1.1904203317903414e-05,4.708053307088217,64.34552551558414,0.8344782119750976,11.954520990626015
383,12,-7.738160395268594e-06,4.967533013128466,56.59717789244652,0.8155857144017373,9.098118736759309
385,02,-7.274441715534998e-06,7.353929252261208,64.81677477946593,0.8188976639793034,12.228949002470287
386,03,-1.235675504704564e-05,-6.3443144091534345,43.386579177287324,0.5508660727059971,6.132339461931618
387,04,-2.5035789431644346e-05,-14.869033695136176,49.48712501599656,0.48454507878621417,3.5041900164074367
389,06,-3.4230032604055946e-05,-25.01744469502767,49.43961729888122,0.6491867294311522,9.191161323695713
390,07,-3.7348723895911946e-05,-18.427609645064162,51.34294977803511,0.6786915706101284,5.025835220500987
392,09,-2.5484862159343414e-05,2.648160398695204,48.54894579696125,0.6202911757998997,15.945109005716112
393,10,-1.916051529891168e-05,8.726722329416583,41.10612051369683,0.5575945420624107,11.441918302064302
394,11,-8.12447487300637e-06,7.208228931681314,45.10324230610001,0.701429992167155,5.92565191201104
395,12,-1.2744765838047034e-05,29.389911852764826,62.27082245179138,0.7914767973705006,20.643361183248544
396,01,-9.557997748420493e-06,23.492998173539362,55.985124487241116,0.6659661495249759,15.473656117552068
399,04,-2.412122515035865e-05,-15.116672309705946,65.52592149374486,0.7068757977379695,9.397371100213794
401,06,-3.633841799156573e-05,-15.284035491265191,54.862410076340026,0.687191437657674,15.388559870190088
405,10,-1.749340033099435e-05,6.576196681525118,62.883388684188155,0.7348696861267091,14.909538201732023
406,11,-9.782895505729057e-06,13.286790387301977,48.36725960095062,0.7111550628238256,12.563796591271297
407,12,-8.270612005098982e-06,23.135962751162953,68.44660146777348,0.7871684615842758,14.61453167242645
409,02,-9.82560560788399e-06,1.2790957768758144,54.799641565576906,0.7582939325514294,-1.159094538597833
410,03,-1.6003138249269338e-05,-14.11737674147083,62.83003596656937,0.6927704286882953,4.0497559374942576
412,05,-2.7662325821888435e-05,-23.158452428017892,56.92952051083376,0.7251711857703425,2.4006520103946807
413,06,-3.319209287441886e-05,-26.815010833062065,45.349666944320994,0.6919906041463215,8.969547468270196
414,07,-3.405638901301333e-05,-27.630988150319745,40.32137145659744,0.6092420989415978,6.063395621740689
415,08,-3.2683108437937644e-05,-17.84199171037572,39.46305893081491,0.5766515417201544,9.443083260218303
416,09,-2.475842662511746e-05,-8.054260448540582,49.65095689521101,0.6528738148583305,9.695096008894179
418,11,-1.2026654228591521e-05,13.685960133870443,60.59634180396663,0.8003848901536729,7.8996081568612
419,12,-9.44601224512954e-06,28.97793200421077,55.46996279250422,0.7417389381162581,17.02456877497191
420,01,-8.580053124215514e-06,22.96357862870411,63.49304372530727,0.7983653154680804,12.436592943314585
421,02,-1.1990748406116751e-05,26.598223410470148,61.15281964255657,0.6781761727560135,13.365070623874661
422,03,-1.6731313326227373e-05,-1.3453218475669946,47.843510205716214,0.5223563803395918,8.635303588846677
423,04,-2.3883861623916246e-05,-16.521862002224392,58.86005653639768,0.6785136405097115,4.371208240678578
425,06,-3.645346474101341e-05,-28.120134918891054,43.231891095406475,0.5881563861846926,8.551404417122734
426,07,-3.570791800838603e-05,-18.498887496784167,52.862582088247414,0.6470219174046671,2.4712541101312127
427,08,-3.5946427165531874e-05,-15.756697428713563,51.75170243226714,0.6329949576265069,11.565455817253357
428,09,-2.0748739615697153e-05,-9.244409510294595,35.08465283191469,0.5887444709353976,4.304754424497816
430,11,-1.0089955154782932e-05,6.784489759657117,59.376273723493675,0.7732809034559462,5.4755702130211725
432,01,-9.2527426375611e-06,26.340960131573418,62.63006211892765,0.7490556118872858,18.644701262320243
433,02,-8.153189459681882e-06,8.31590086110433,48.93550452213628,0.6187316334588188,2.498706819670541
434,03,-1.5915630637317265e-05,-1.6360386480515998,44.90566300547765,0.6124300711847119,10.029118978069674
436,05,-3.070366395367009e-05,-25.76910455847299,53.73915812349191,0.6242730488520797,16.856304020481723
437,06,-3.477750818122634e-05,-31.860220404391814,46.7203716229452,0.5883308154635959,14.235752619510228
438,07,-3.7615658574522775e-05,-25.170489753641114,45.05531850020347,0.5755130044670517,17.498685590497907
440,09,-2.5603061031688413e-05,-1.6679924726698132,46.654843129608366,0.6096027513292099,4.154875349871318
441,10,-1.3186316454061119e-05,-1.463842040031187,51.45971762442205,0.6930619200019426,-0.8720540958937775
442,11,-1.4898132296588707e-05,27.46974549831814,55.57987919455502,0.7604801555633546,19.895228572103715
443,12,-8.385574634596725e-06,33.275967709449034,59.292129598577816,0.8201382914307299,20.310897958140217
444,01,-9.004527324929857e-06,20.359526514525058,60.00615774854665,0.7548654516896893,14.172474664052327
445,02,-1.2519085415486441e-05,14.879537966322628,54.698993667597065,0.6743794851193482,15.577092767211214
446,03,-1.4810545610421827e-05,-5.396197126162949,59.004922374092125,0.7097408081382832,3.1354650305676195
447,04,-2.7581765115751797e-05,-20.820068422105575,57.557788026644126,0.636205225669013,10.033905906762017
448,05,-3.16294027814815e-05,-19.310568396455505,50.32535560724812,0.6191458486331407,2.073139207963021
450,07,-3.758493633006676e-05,-22.269790681900524,47.74635748879372,0.6224200283583774,14.40303122233319
451,08,-3.3272750999810424e-05,-17.014684508621052,43.397001161080546,0.4912049850545904,12.400393611907957
452,09,-2.4645985519115736e-05,-7.889081433783638,37.34792189491059,0.524225977367825,7.136507175445558
454,11,-1.1750765303218536e-05,10.89123139716254,54.5964946256227,0.707203536605835,10.592714350276527
455,12,-4.447676278540448e-06,15.633635981405934,42.93341399640295,0.7323895825621903,10.629026270692066
457,02,-8.18821650381367e-06,12.903916228158135,62.959067062718525,0.7587214859099616,8.4660046029545
458,03,-1.5800369091061108e-05,2.527072602630943,59.88884960889175,0.6677468735889723,12.592574200394331
459,04,-2.5679135762624757e-05,-26.331729773288306,46.84454056873057,0.5841366430070666,9.407489323573644
460,05,-2.9667726341906155e-05,-25.198657173730993,56.839670298081565,0.6373602849898801,3.779986991472142
461,06,-3.566179110415154e-05,-31.36642959594727,52.944568701901716,0.6336122379302978,13.948579157532585
462,07,-3.888270218750779e-05,-23.176640851420746,56.14024401203919,0.7181722790707824,13.697072580809232
463,08,-3.333480648354688e-05,-12.395997953681537,44.035043613662005,0.6615275659868795,13.987586888959333
464,09,-2.5415033401845397e-05,-5.530321179199219,52.86381167994076,0.6659469718509251,8.872825825288562
465,10,-2.0550294828412475e-05,15.281469091599986,50.30405073937036,0.7391711337592011,16.963595434599025
467,12,-7.748080553331723e-06,20.40142875687794,63.311030514205655,0.8281377038853143,11.00165480297868
468,01,-8.493993727101315e-06,23.796599253992884,55.116003269850566,0.773939332449308,17.663954543821273
470,03,-1.3339704251535219e-05,-6.768148279333628,63.03257818707726,0.7746929998910554,5.418887780302315
471,04,-2.4140652476206825e-05,-8.481860700141059,60.03202422682047,0.6661409033033583,9.565616241603427
473,06,-3.447691067930363e-05,-33.33076165534125,39.74884000571834,0.6253157601250542,5.857450155003866
475,08,-3.324744642680256e-05,-25.59706884437479,43.61733073811633,0.6070490633236465,11.77572594638537
476,09,-2.7110998255941223e-05,-4.088550005425346,48.59134079140956,0.6058865221235487,14.669336867396035
477,10,-1.717439320385384e-05,2.0582064438686585,44.893768001867876,0.639095217099754,9.415437937746768
479,12,-7.425197422547768e-06,21.47761040308142,53.53903508252609,0.7783618319521668,13.274201738193474
481,02,-8.232899953890454e-06,13.675333238874163,51.283400613031226,0.5672636126563663,10.586008830433798
482,03,-1.7898125718357898e-05,7.876527682396675,54.192069970153995,0.721235720644715,15.248105977909537
483,04,-2.786484313502215e-05,-15.88577495863173,41.53150874974462,0.4812803420596652,-1.5698741665522258
484,05,-2.8741963674400066e-05,-37.081440074305384,54.09692304540707,0.6394303563435872,7.031841904855544
485,06,-3.9525050331051005e-05,-23.208365014648436,47.86380608810849,0.5841832686954074,8.609806874932184
486,07,-3.625940142692049e-05,-31.74150496025496,48.734570516079984,0.5832159745411206,9.829136697256438
487,08,-3.404563471354698e-05,-17.337182702177312,41.57153246440298,0.5233138246843891,12.387275987091884
488,09,-2.6543087166161665e-05,-4.24653964674208,45.73786681658825,0.6424437209659153,13.203323169390362
489,10,-1.8569231195137014e-05,10.235854191605762,54.45598049366731,0.7636217814209639,17.260129265016122
490,11,-1.0039879183467646e-05,10.335369747924807,64.20363267016013,0.7561230901506213,4.349684637090895
491,12,-8.260583359534854e-06,25.078029959073632,56.60606037604423,0.7474534945334158,14.065375561703918
493,02,-1.5386156723984276e-05,31.748662168305497,64.97568837541958,0.7392679562185004,24.30691208471101
494,03,-1.9840231885472768e-05,-1.8349693298339842,46.56073982853019,0.5246091230248892,8.99767588207286
495,04,-2.7043378228700023e-05,-24.0670989525689,35.17819720014996,0.3913077477349175,5.183640297359891
496,05,-2.995519203009721e-05,-45.04488896819084,46.51938461271666,0.46418218013804446,10.13006349647686
497,06,-3.546342912159163e-05,-30.903872137790252,54.092656515480414,0.661922571267022,3.432671832127041
499,08,-3.48960954878191e-05,-17.491402352609946,46.845165995435046,0.5777176292583507,8.51712136036863
500,09,-2.4679065476549213e-05,-6.537764871215822,41.4254565234277,0.5480422061920166,5.957221874258255
501,10,-1.848353834580477e-05,14.114419966174706,59.132486595437086,0.7742676958063597,10.385557453668246
503,12,-6.893300624729055e-06,15.732371215492165,60.65007041392917,0.8102792325583837,7.658956028005128
505,02,-9.005972841740524e-06,9.622026147751583,54.51137783175566,0.7260083712169102,11.546674844446638
507,04,-2.588563685021654e-05,-27.98602328389486,47.86236142485672,0.5903446748521592,6.313839817237854
509,06,-3.7502937650666964e-05,-26.38411481492784,47.88007799596918,0.6145602842542861,4.540895039600795
510,07,-3.6336240956178925e-05,-19.074829963273896,48.14752719921964,0.6512409119554747,4.705716874132874
511,08,-3.444879628501263e-05,-12.903870650096605,45.419211714576655,0.6586032222214565,7.435324650220974
512,09,-2.3354238802332672e-05,-7.743464881388346,41.71682162190013,0.6791360401577418,5.674252790345087
513,10,-1.864643046111826e-05,14.62936670381279,46.729617401201246,0.7194449672083701,12.118540854689897
514,11,-1.0072340758698473e-05,9.36498726196289,49.88987413275507,0.77442657178243,6.842058276134069
