,month,MER,MSSHF,RH,EA,msl
1,02,-7.399999772068052e-06,2.729709174746558,52.295623941567676,1.28,238.35007
2,03,-1.408509512223264e-05,7.08405715679866,62.090667984242096,-0.94,211.54294
3,04,-2.191347909663616e-05,-15.59233038906521,62.41300571294825,-0.63,-25.628056
4,05,-2.839083756912113e-05,-16.16055940262989,64.02205650719006,1.45,-182.04291
5,06,-3.330413338050373e-05,-22.16353809509278,52.028707694198026,0.15,-426.36877
6,07,-3.0671342559486147e-05,-22.637875941122733,53.00265082314577,-0.59,-486.6734
8,09,-2.3132900744369383e-05,-4.023202255249023,42.3501046719922,-0.42,-133.68143
9,10,-1.6345863611966567e-05,2.642213581372333,56.92965585534547,-0.26,66.3108
10,11,-1.1569333000928361e-05,13.890767045423724,49.679388139549886,0.62,306.2396
12,01,-5.795284385228985e-06,8.867661568262244,49.01821534482766,-1.08,484.1403
13,02,-7.359469057738698e-06,6.865867059466484,53.581606617508264,-0.13,553.7004
14,03,-1.4070489600584629e-05,-6.186828353717764,55.02083505403355,0.18,255.86856
15,04,-2.282624180893941e-05,-17.872287172783746,48.97103869282801,-1.99,15.829866
16,05,-2.9285246377967465e-05,-30.998830406271004,47.47244699586335,-1.45,-233.42929
17,06,-3.014735746900341e-05,-26.066622504679362,62.37913317463399,0.38,-449.06842
18,07,-3.1905643976779664e-05,-14.025872309859079,48.67037434149174,0.09,-496.97482
19,08,-3.1051088017916934e-05,-11.540256553403795,47.008779259716306,-0.68,-417.04648
20,09,-2.365392635981859e-05,-3.0327022542317708,42.946886476458445,0.9,-161.65201
21,10,-2.1172643707369163e-05,7.590982919672484,58.4636376896443,0.42,101.15805
23,12,-7.873070872231058e-06,26.063403682913826,61.380955716897084,-1.29,460.84216
24,01,-7.860688640385075e-06,20.899533713063885,47.875411116570554,-2.52,615.37683
26,03,-1.2076194787720939e-05,11.89821663673975,73.37905685201383,1.58,192.12479
28,05,-3.0310256707952082e-05,-17.47440350473055,59.34436809112436,0.09,-186.10156
29,06,-3.0904296795920855e-05,-15.787571440294057,51.69619375912348,0.57,-392.5787
30,07,-3.173775886429094e-05,-20.80200322239373,49.75860673643311,0.83,-522.98
31,08,-2.8741253340065727e-05,-19.03508228654759,42.77699926753197,-1.48,-407.78317
32,09,-2.269007780640903e-05,-3.5648343312581385,46.85175361700852,0.54,-164.17905
33,10,-2.174942796122078e-05,9.781940688922843,60.93410625634399,0.16,70.76308
34,11,-1.4328458308167076e-05,19.586548003133142,54.57233108670976,0.01,362.5728
36,01,-5.276928763964617e-06,11.574925520045783,58.01885871766587,-0.23,421.8864
37,02,-7.864293709969517e-06,5.468580898829869,51.56958197040644,-0.08,323.44827
38,03,-1.6001877676116956e-05,1.792558938959594,55.95160838729334,-0.47,123.40315
39,04,-2.3437909088230905e-05,-21.874123499891493,46.11000325809585,-0.97,-81.67723
40,05,-2.9170486620455693e-05,-20.4214844770534,47.92201473479629,0.72,-231.30524
41,06,-3.17826830204164e-05,-27.949367026435006,48.16991035015053,1.23,-376.24597
43,08,-3.1963929242763654e-05,-15.790871219429917,46.55304641459066,0.33,-428.7035
44,09,-2.1331834113273846e-05,-6.238656323920356,43.43915766518911,1.15,-174.47519
45,10,-1.6551261839878706e-05,3.491510892150223,54.79260846710333,0.74,4.0611296
46,11,-1.519573135911843e-05,20.401449884033198,56.70156626680825,0.85,263.40198
47,12,-1.0313162028783104e-05,17.753608460457098,55.75187243828721,-1.34,412.16602
49,02,-1.1685804688698098e-05,2.732715975443522,46.129101684696614,-1.05,466.1216
50,03,-1.3839232150540515e-05,-0.5926843497983868,57.115805566785156,-0.36,294.0983
53,06,-3.6603149109497395e-05,-25.008415187242296,46.266101067479454,-0.92,-318.44052
54,07,-3.282222612492611e-05,-33.091220865229126,44.1499227373741,-1.72,-500.364
55,08,-2.6941880611302234e-05,-27.08358682743196,31.77761535606461,-0.54,-449.5144
56,09,-2.725831751290065e-05,0.9693071214463977,44.86737590899468,1.93,-256.3351
57,10,-2.1395454446465794e-05,12.186390243366201,47.91972020449689,0.12,31.902575
58,11,-9.367185011372688e-06,10.117007967122396,41.05919099200301,0.04,268.7942
59,12,-8.522425015388596e-06,21.808005747805364,57.410435429080856,-0.05,431.17657
60,01,-1.1848107099418698e-05,28.771229348787696,56.9102486772409,-0.31,543.78394
61,02,-9.682757584759485e-06,6.4267875001403105,47.08914505602986,-0.34,523.6726
62,03,-1.3818876191033916e-05,-6.2181760956138685,56.610379949503034,-0.9,282.33292
63,04,-2.3066575134180317e-05,-21.124448284233942,53.13685258980724,-0.4,-77.56217
64,05,-2.301351515928619e-05,-21.276121071107926,61.30564291210714,-0.92,-248.43886
65,06,-3.0384449369921637e-05,-25.249517172580298,53.14751710217263,-1.29,-457.9556
66,07,-3.052118788760435e-05,-16.333257173927887,51.58020934386151,-0.41,-532.0661
67,08,-2.8069958612225798e-05,-17.017802792784988,42.472240740586344,-2.22,-423.70218
68,09,-2.2138291550658728e-05,-0.809648367987739,66.94727416271104,-1.59,-128.08218
69,10,-1.5594664512004833e-05,12.420039781796033,52.5519555827328,1.91,49.64937
72,01,-6.201572312694294e-06,7.789162023728894,59.71689801232405,-0.78,563.00507
73,02,-7.646551471441942e-06,-7.170963860648018,49.17462651499538,-0.14,283.9274
76,05,-2.800802443084893e-05,-16.149492612120927,55.7763452255995,-0.66,-248.80331
77,06,-3.090711121482552e-05,-17.990251360066733,61.34983533646531,1.06,-448.28494
78,07,-3.447742918110781e-05,-15.274860501197074,50.75858460182529,-0.23,-500.75186
81,10,-1.5745955748394817e-05,1.4800897167574978,41.847355274659336,0.17,-19.718496
82,11,-1.5779393952086846e-05,2.730464919026692,53.6031213278585,-0.17,235.10535
83,12,-6.748697063030508e-06,22.216181771555252,62.92255071562849,0.12,512.5753
85,02,-9.105866422227595e-06,-15.737989101954868,41.279925076501705,-0.59,518.13806
86,03,-1.09558865346488e-05,2.199697240357758,53.96111336709735,0.33,218.85345
87,04,-1.9242588071877733e-05,-14.953707265557181,61.57429541588492,0.1,-79.4492
88,05,-3.1224375424332516e-05,-18.680161248648037,54.14751819698144,1.4,-258.71198
89,06,-3.5890827366468634e-05,-24.274000357055662,43.53411597645681,0.86,-396.9375
90,07,-3.000731417455182e-05,-30.125119514383297,48.19723509739805,-0.71,-473.9629
91,08,-3.1366839325049225e-05,-20.726613564768147,49.22354232249208,-0.33,-403.03162
93,10,-1.7202233669146365e-05,6.4104873591597356,48.62927366667281,0.91,147.90898
94,11,-1.2770530823662637e-05,20.62896745435927,57.76803370095226,0.72,307.56573
95,12,-1.128779906788603e-05,28.043287035542146,58.52688881322774,1.13,460.7287
96,01,-8.849628261046861e-06,-8.473066081057311,52.03738375666833,0.06,489.9964
97,02,-5.771432554432804e-06,6.824847212655203,67.52644709656069,0.78,415.47162
98,03,-1.3287096029671374e-05,-5.803373095440609,55.151999684815046,-1.53,222.49979
99,04,-2.2575659647211267e-05,-11.442104777696397,52.015024873095086,0.76,-46.15413
100,05,-2.791426425801057e-05,-28.103053294192083,60.924986691195485,-0.9,-236.24199
101,06,-2.8837502824555686e-05,-20.989433822292757,61.5306473079814,0.95,-355.7624
102,07,-3.379324687933062e-05,-20.07741719498173,55.40260847481861,-2.42,-469.88837
103,08,-3.0242934917310693e-05,-13.572054321945357,50.633880177582476,-1.26,-414.60934
105,10,-1.9746457593286597e-05,13.28605210072507,59.41998880579267,1.01,94.420334
106,11,-1.2423982501220758e-05,8.69252590874566,58.77474638277293,-0.54,326.97754
107,12,-5.659096497726741e-06,10.619382738339004,50.16868590621025,0.95,354.64124
108,01,-9.400724827868036e-06,23.76198229324177,64.8158600401199,0.99,434.95557
109,02,-1.553154618433063e-05,17.196350676788683,61.10995617006565,-0.83,555.1483
110,03,-1.4791143874625109e-05,4.141464673442225,71.63935923557511,0.4,233.80902
111,04,-2.4692344382775542e-05,-22.74501348402235,55.09817502149212,0.19,-43.87187
112,05,-3.182606770285695e-05,-15.882362545546664,52.83810746537357,-0.01,-227.33656
114,07,-3.385038605679304e-05,-9.511822006717805,59.07058047961163,1.25,-536.0953
115,08,-3.211179117533902e-05,-13.866469908683532,47.473473327189375,0.77,-410.67886
116,09,-2.5435363158006416e-05,2.907980506727431,49.177534459747214,0.42,-192.32118
117,10,-1.6347254436593455e-05,7.273599919801116,47.520342997120274,-0.66,70.46744
118,11,-1.0307503538792339e-05,7.8851572241889105,46.36847800110711,-1.36,235.89044
119,12,-7.866494279115095e-06,20.208327730240367,52.71666673100892,-1.18,378.17188
121,02,-1.1993180484209699e-05,15.243881237211681,52.799659086113884,0.22,328.62814
122,03,-1.7582771425163286e-05,5.919001820882161,61.97907953674307,-0.62,170.04391
123,04,-2.3728384267512105e-05,-15.711892689005532,62.36782957411343,1.12,-63.739414
124,05,-3.2913617601255e-05,-32.404015432706444,43.15242019264416,-0.26,-255.06027
125,06,-3.3498540398290464e-05,-35.047065074327264,55.710710440916486,-0.87,-380.21478
126,07,-3.3625666249610085e-05,-27.510599928661055,42.19065745926929,0.02,-461.7973
127,08,-3.0036708770112647e-05,-17.0266568734774,43.458151734339296,-0.57,-402.1342
133,02,-1.709957590030951e-05,31.83555304718018,59.52337883048256,1.55,273.35464
134,03,-1.7018775953137494e-05,2.372058311872584,47.98838851665681,1.31,191.36302
137,06,-3.068480971400681e-05,-23.63770078192817,52.16888050745726,0.57,-461.21295
138,07,-3.559518055198981e-05,-33.07448882301904,37.832517702871755,0.02,-519.88324
139,08,-2.897321149455781e-05,-28.290339532667595,47.590817581110095,-0.24,-414.20523
141,10,-1.8407037761653066e-05,10.48773665069252,49.92561818830045,0.18,-16.805645
142,11,-1.0645134954231454e-05,8.876481322224937,54.38112868225972,-0.15,129.59262
143,12,-1.0178729378000547e-05,19.264495642221096,49.02194799312469,-0.78,334.5703
144,01,-9.804670876438911e-06,24.167181801416536,38.86062395377826,0.92,452.02112
146,03,-1.2629808311264428e-05,-0.5304674036169569,53.76618897918476,0.7,155.53848
147,04,-2.5889148811054637e-05,-18.50936585184733,50.20018549894757,-0.86,2.2547188
148,05,-2.5811937759284265e-05,-33.066711107479634,47.67298183366304,-2.66,-191.65634
149,06,-2.987989489524302e-05,-20.686577268473304,57.62339900992447,-1.45,-393.25885
150,07,-3.606362330103894e-05,-12.26554677852508,46.37869990175771,-0.86,-517.6265
151,08,-2.9805839779475068e-05,-22.79464663072811,38.70661156831249,0.05,-403.08823
152,09,-2.1833397036001162e-05,-8.548686426798504,39.4321560544822,0.48,-143.26488
153,10,-2.004618059737534e-05,2.17344532234438,45.307421456006274,-1.63,27.11169
154,11,-1.4646135411648073e-05,14.444811823866104,60.08639300202131,0.49,297.39737
155,12,-7.654158530845394e-06,17.942148733159545,42.031411531264894,-1.3,421.6187
156,01,-5.988280283046514e-06,9.900324605634134,41.55076964045469,-0.54,498.89746
157,02,-7.568776633878318e-06,10.513905402874128,42.596786469010105,-0.19,317.4184
158,03,-1.6743815379482177e-05,3.675611719931326,56.535387553599556,-0.08,261.2424
159,04,-2.3724830210206465e-05,-12.979907084147134,60.15185276207658,0.04,-70.16032
160,05,-3.502280750303383e-05,-18.415903687507882,37.98684394011575,0.53,-175.92183
161,06,-3.339920427913765e-05,-25.873405965508358,43.36981476617124,-0.31,-344.32162
162,07,-3.3542465003026134e-05,-26.574038988010855,46.61348771423679,-1.23,-486.8059
163,08,-3.290884278264643e-05,-13.404264240552024,52.83446418771308,1.74,-385.03085
165,10,-1.9484351597922247e-05,1.9587082073252686,58.379234332862715,-2.36,95.853645
166,11,-1.321692710625939e-05,23.694389510769323,50.96693710040848,1.0,303.5229
167,12,-8.425528942156701e-06,11.411874493342573,45.69198678764476,-0.05,328.53848
168,01,-9.715480358609446e-06,34.39173987899288,57.42208674485646,0.63,423.9525
169,02,-8.449411843078754e-06,-1.1622854381742926,41.2482318814184,-1.82,405.0855
171,04,-2.191761210872048e-05,-4.539731902737087,59.59964808656376,-1.08,45.171494
172,05,-3.0932743489659034e-05,-26.541132331437964,51.168041845343446,-0.68,-200.70232
174,07,-3.3366269429406925e-05,-23.52127023184171,53.23872095220833,-1.41,-494.57275
175,08,-3.234485571499712e-05,-11.285276480397874,49.79429166342623,-0.81,-406.6703
176,09,-2.2725771390226628e-05,-2.4448908416748045,57.50485973500145,-0.46,-220.496
177,10,-1.798888249350155e-05,2.3637267239478326,43.9463890340828,-1.13,76.17635
179,12,-9.250304196792702e-06,31.236705364924607,64.63241229699248,0.43,475.3838
180,01,-8.814763398506955e-06,28.086010490499522,59.814965074129006,0.0,433.52148
181,02,-9.681430163471391e-06,-2.9269207930791947,54.97462990093799,0.83,323.1937
183,04,-2.4481364455176743e-05,-15.54007357143826,53.21672202842236,0.05,-53.39042
185,06,-3.390126228795352e-05,-22.424498955281575,49.86442946763436,0.74,-445.09296
186,07,-3.466171150601792e-05,-32.442688338413035,36.16844127948567,0.97,-566.21246
187,08,-3.527003988845888e-05,-15.806742182249662,41.714041907468136,0.75,-464.36053
188,09,-2.649383951805552e-05,-2.2674784339057075,50.77799905458556,-0.79,-155.38031
189,10,-1.8016295581522476e-05,4.47270425086893,52.33998963107474,-0.9,100.2047
190,11,-8.92097842036795e-06,12.752254605102538,55.27824593100681,0.76,124.81156
191,12,-1.093666692604627e-05,22.757288210632986,53.902280609893545,0.97,482.6764
193,02,-1.271823695051786e-05,20.178666164579848,60.9734689490412,1.03,407.51514
195,04,-2.3056703787511248e-05,-15.611610607231992,48.9374839578549,-1.71,-10.526542
197,06,-3.44918315846169e-05,-24.446217814466692,49.08188772321145,-1.84,-399.3513
198,07,-3.591561413959817e-05,-25.92438248894804,39.340810654867084,-0.8,-521.35986
200,09,-2.6222378082234683e-05,-4.395296908230251,54.09243484116659,-0.37,-139.6331
201,10,-1.4566836962311297e-05,5.514771194293934,41.310020164710224,0.53,14.622323
202,11,-1.3042386322538529e-05,9.068964893934462,58.53600206141338,-1.35,183.74599
203,12,-8.991161045966975e-06,-5.598886509064706,48.51484771922968,0.57,563.5689
205,02,-7.544903639281147e-06,5.38362545916678,55.18347650017959,-1.12,420.12823
206,03,-1.2827322511164368e-05,-10.990242480862525,51.72073062135199,-0.65,234.29791
208,05,-2.4253428110207234e-05,-26.022296560964275,51.92535755428705,-0.38,-206.52873
209,06,-2.8253365109311642e-05,-38.732165323215064,41.61192797080808,-0.53,-415.88568
211,08,-2.9903093116464793e-05,-15.358725825155936,42.33743624172287,-0.08,-387.86462
212,09,-2.534073391895315e-05,-7.00570699428982,43.673043699496326,-0.95,-205.64821
213,10,-1.7171301486478214e-05,8.106230379494288,51.02844809201841,0.49,29.14584
214,11,-1.4551765714713837e-05,14.46901237657335,58.72207561985916,1.38,342.23163
216,01,-3.583592048936e-06,-1.2817189340899076,35.36421269791357,-0.13,453.75635
218,03,-1.2413017713795421e-05,-3.0697627356744577,49.8996438915832,0.27,155.24785
219,04,-2.201332183204714e-05,-17.60772253417969,50.15108422283994,-1.91,11.634045
220,05,-3.085946982284968e-05,-22.07697987414944,55.658551038389554,0.61,-215.46725
222,07,-3.376502295814329e-05,-20.43258258581674,48.29218798171063,-0.41,-504.8826
223,08,-3.064838395117496e-05,-15.397676236060358,39.11490551742816,0.18,-434.12628
224,09,-2.7053925191669103e-05,-10.968042353990342,40.873450344501606,-0.81,-115.40299
225,10,-2.0736059433235615e-05,1.8364669255082322,46.07108195983722,-1.5,62.36786
227,12,-9.893875752236308e-06,16.98351939342868,60.12797338394067,1.74,378.3421
228,01,-1.1099072907757458e-05,24.386054642872143,54.87726956107148,0.14,564.93713
230,03,-1.582076560769428e-05,4.910139277304372,64.38913835901599,0.49,243.2063
231,04,-2.2395207648413717e-05,-10.670934447903104,67.35853829729425,2.39,-121.14279
232,05,-3.182257207745645e-05,-20.036693252071256,51.31070372274871,-1.25,-233.33694
233,06,-3.4082233544055876e-05,-13.138249787733287,60.09514157660935,-0.03,-439.6042
234,07,-3.6390916169732936e-05,-13.917790471887077,46.5719772114318,1.04,-510.38776
235,08,-3.4686337675251e-05,-19.754633603331865,40.27667498864153,1.31,-415.8784
236,09,-2.4247977624205914e-05,0.3736279635959201,55.41774919654528,0.17,-244.8147
237,10,-2.3367591303340108e-05,14.50471792602539,57.49670259841796,0.71,-2.0172524
238,11,-1.186565926222506e-05,4.6568576497395835,50.09492808050447,0.11,278.74463
239,12,-8.802920268002493e-06,22.454611907630838,51.308709990082264,0.67,384.63898
240,01,-9.430198710966792e-06,24.63400003675235,61.44896206574927,-0.27,420.7022
241,02,-1.079772392194216e-05,13.779260249546594,59.85849182345754,-1.64,386.46802
242,03,-1.3397230129969535e-05,-0.9194605676794566,60.6708199271861,-2.01,153.76376
243,04,-2.54553507465769e-05,-17.42901027967665,53.24983413987689,1.01,-117.09703
244,05,-3.422614240797327e-05,-20.88572949317194,50.723297991629586,0.41,-244.9289
245,06,-3.759346314859108e-05,-24.964019442409946,49.104056137108806,0.13,-388.8919
246,07,-3.775679561435789e-05,-20.12216363230059,34.70881050790896,0.48,-542.0331
250,11,-1.3179962080519347e-05,12.654008286878799,52.50058610761298,-1.02,218.80186
252,01,-6.553396535759588e-06,18.42038040095504,45.80448549491872,-1.97,450.17886
253,02,-1.2230161100386137e-05,18.65321454909752,54.35344561065067,0.41,441.81168
254,03,-1.4517082142339604e-05,-0.5979741453765541,58.83941007500695,-0.68,204.99368
255,04,-2.355722367422762e-05,-12.813957029554578,60.681698268123455,0.33,-109.99687
257,06,-3.750390542944741e-05,-27.016546727159287,42.780413097916714,1.41,-421.4796
258,07,-3.168135436499142e-05,-21.668345875401656,51.88578506780696,-0.27,-510.55463
259,08,-3.0941285219664524e-05,-19.063545700565466,39.65101154342005,-0.21,-437.25085
260,09,-2.4486756719630248e-05,-2.020394458007812,56.817002186003,-0.14,-194.07422
262,11,-1.5146696185204038e-05,20.892512133110895,68.07071139411661,0.64,367.2487
264,01,-6.723928980547147e-06,14.384707934964087,53.25762820807451,1.53,501.93637
265,02,-9.421481274265325e-06,7.153048214503697,61.79020408172125,-0.39,359.33862
266,03,-1.3063552253355424e-05,-6.242824222359606,58.59238742218351,1.23,108.6178
267,04,-2.4765318735565716e-05,-15.737299090576174,60.65160554169682,0.65,-81.556435
268,05,-3.372209000100225e-05,-25.790908090242777,45.58359570831253,0.33,-303.52808
269,06,-3.303585196628976e-05,-31.827683939954966,48.06642211600013,-0.14,-477.3479
270,07,-3.6646507612448495e-05,-24.41304970722813,43.035889669943884,0.67,-517.2462
272,09,-2.8629883362433853e-05,-3.361749937269423,60.89090815499625,-0.98,-175.13275
274,11,-1.4045017091525046e-05,9.019137569173179,50.75557469189433,-0.62,270.97278
275,12,-9.904081011676856e-06,14.487402564920403,52.82181985401466,-0.89,563.0399
277,02,-1.6342577849974034e-05,27.257544948032923,61.67323920420096,1.43,324.91873
279,04,-2.4829810814864887e-05,-14.182246478949653,49.20558492463959,-0.19,-82.38323
280,05,-3.0134792006426703e-05,-17.31557953963741,52.31226475243542,0.15,-211.78723
281,06,-3.5836119472898846e-05,-20.466573669433593,50.7506326838851,1.65,-421.8987
282,07,-3.594073215623134e-05,-17.96138944137737,48.60045512300026,0.67,-470.7016
283,08,-3.0240783373966385e-05,-12.41071590333344,52.640142950275894,-0.39,-411.9872
284,09,-2.726855740998468e-05,-6.606480073716904,41.46046437310777,-1.87,-178.53583
285,10,-2.2813934475604865e-05,5.003235001430717,55.25826176021304,0.7,117.23868
286,11,-9.433203981300014e-06,10.082439758300783,57.335292302331666,0.67,305.6208
288,01,-7.996820467572737e-06,16.024269751435966,52.92226850532075,1.11,536.26953
289,02,-9.213011075579354e-06,1.6289639434814458,40.65915042115535,-0.09,358.81726
290,03,-1.4304734281419465e-05,-4.024482163624097,45.80751552796749,0.96,232.70047
291,04,-2.383696288773839e-05,-17.2942943037245,47.44735419490735,-0.54,-50.96215
292,05,-3.0977665722578726e-05,-19.48317038226384,57.695412786129985,1.73,-223.64157
293,06,-3.491794925367785e-05,-29.63445593295627,48.58540389312637,1.31,-402.6584
296,09,-2.437035215904568e-05,-12.497950702243381,40.21523504180775,0.75,-173.90259
297,10,-2.1305207502659715e-05,-2.352458050143333,49.86598729915773,-1.89,65.130066
298,11,-8.746191556262298e-06,13.336127873399521,55.471923015075255,0.98,194.20743
299,12,-8.986315398414586e-06,16.75842543636855,56.42778465677845,-0.49,448.55536
300,01,-8.992702947169514e-06,20.66453995308825,64.87525535803712,-0.45,518.87695
301,02,-1.1818901434843997e-05,12.780648606925178,58.06078212638148,0.32,388.4963
303,04,-2.4217375733618005e-05,-11.611916856553819,59.49211039767795,-0.34,-68.36036
304,05,-2.847669872224737e-05,-31.81054322043798,50.857990436966695,-1.18,-272.91907
305,06,-3.421590459786078e-05,-30.121984181382924,54.56608841220009,0.67,-408.96082
306,07,-3.5823426863228845e-05,-21.040274605699764,48.61712288511441,-0.23,-456.5098
307,08,-3.442271008691844e-05,-10.630728795861687,53.4802156332962,0.05,-376.71292
308,09,-3.09724094837697e-05,1.3779368174235027,41.60773183429904,0.09,-191.65216
309,10,-1.9737982986943505e-05,10.8786054316695,45.96995730125903,-0.6,30.65088
310,11,-1.219442167142309e-05,8.63346869269477,52.650442458646836,-1.45,204.83351
311,12,-6.509792311736683e-06,12.651209838210898,41.13814304297201,-1.19,434.88626
313,02,-1.0796667724878803e-05,1.9850640389578682,54.967533898224424,-1.96,474.75763
314,03,-1.2645556585016247e-05,2.2825399281491516,62.992716266741034,0.95,223.55441
316,05,-3.3327865934669755e-05,-23.83920729967343,52.369123788558014,1.03,-206.65178
317,06,-3.715115132452208e-05,-30.632264646063906,50.84424858076307,-1.6,-462.56665
318,07,-3.409394384040644e-05,-23.561669685609886,47.80977541725482,0.92,-516.7863
321,10,-1.7187334372416657e-05,10.538457600583316,41.694871458662455,0.57,42.04702
323,12,-9.12172876785682e-06,14.485518746324761,56.37181309181387,-1.22,626.09216
324,01,-6.5253165958961526e-06,7.280853728591756,43.42763289413273,-1.03,497.0459
325,02,-8.8568046297561e-06,4.634872235616048,55.29220876641359,-0.59,329.2141
326,03,-1.3873502668170125e-05,-4.782673361173239,59.930227692120816,-0.68,94.03549
329,06,-3.4785863751151034e-05,-27.11431088460287,44.96967633606062,0.02,-429.31522
331,08,-3.203818718891423e-05,-14.970106861073484,56.166526000266416,-0.52,-447.60788
332,09,-2.4569920312832332e-05,-1.9050392035590278,48.50952039943403,1.82,-199.51334
334,11,-1.6638314112929544e-05,21.698549422539603,51.20864173750348,1.68,169.9001
335,12,-1.1844671387852061e-05,21.158474252352146,51.61357204472506,1.0,429.511
336,01,-1.3167410284109127e-05,32.71415653975292,54.798027210791915,1.51,482.1153
337,02,-9.635896793779033e-06,12.227102448962983,62.05461917357218,1.68,266.95093
338,03,-1.969343553138324e-05,2.858439688077537,50.951221448258686,0.21,191.44414
339,04,-2.5420359923575438e-05,-23.728481532796227,35.425640993569964,-1.23,28.837288
340,05,-3.1186685044343005e-05,-23.42358186127037,55.67473245647261,1.01,-292.68533
342,07,-4.0491175616739144e-05,-14.380545316962786,51.51913973191349,-0.03,-501.8791
343,08,-3.430768915528969e-05,-11.902402343421853,46.669440629773256,0.07,-421.88657
344,09,-2.677926907070085e-05,-2.246240928141275,48.58724766878287,-0.52,-221.01941
345,10,-1.4836711174446523e-05,-1.5530790907336818,46.4751422240952,-0.33,85.74355
346,11,-1.4172945336880124e-05,15.984315191311307,55.0159122577058,-2.07,264.37387
347,12,-9.103623443880553e-06,18.67049515623687,44.72693699303237,-0.12,375.55563
348,01,-9.98381483742544e-06,30.50790186531313,59.32570013750177,-0.35,540.233
350,03,-2.0140387961912898e-05,4.352542552004578,67.29393991330491,0.16,85.680786
352,05,-3.326288808405293e-05,-18.37616691179173,46.32872357566895,-0.85,-239.64554
353,06,-3.476253857051133e-05,-32.52892781643338,47.80475471985869,0.85,-473.28098
355,08,-3.3834556450724496e-05,-9.036356891591062,49.02626591384924,-0.08,-413.89648
356,09,-2.5189189388381943e-05,-2.5223080678304033,46.95382839618127,-0.3,-206.1203
357,10,-1.8222273044254205e-05,6.518695762716314,54.30898137165141,0.08,-1.0627575
358,11,-1.2143508331428165e-05,12.723418456013999,55.05112889809742,-0.89,243.02542
359,12,-6.623100362498576e-06,8.910789440196046,51.189781416840454,-1.44,353.7358
360,01,-6.219402897665034e-06,13.638463789416898,56.756673166043,1.13,486.0965
361,02,-6.55127283612057e-06,7.2258432279314295,62.426701213981424,-0.72,239.50441
362,03,-1.4006747319585248e-05,0.15545269151913163,60.10794240493287,-1.34,94.25696
363,04,-2.2896213735516033e-05,-13.763160278998479,44.90089633327524,0.26,-86.90106
364,05,-3.152253704363203e-05,-24.89160391596312,50.72287625494953,1.12,-246.38138
365,06,-3.4585202314802804e-05,-32.20444840494791,47.13420631794532,-1.05,-381.1919
367,08,-3.326769469126164e-05,-18.63527480389995,42.41847231385144,1.85,-381.22418
368,09,-2.396435872586961e-05,-8.675344586181641,43.626415080409586,0.59,-178.59138
369,10,-1.8213049179844e-05,4.716025361748153,49.256211021474606,0.96,63.967033
371,12,-8.896478755051119e-06,9.686923075029926,62.37685010996686,0.93,444.6583
372,01,-6.091251291421628e-06,2.9262350808420488,60.36061479552843,0.38,596.49396
373,02,-7.65345504045659e-06,5.717629487900508,61.53230691539674,1.25,418.45282
374,03,-1.4227020407356234e-05,-0.1344084672825314,56.345688745778084,1.23,192.62558
375,04,-2.4690822054900404e-05,-20.66956467929416,50.227940069592,0.09,-7.579466
377,06,-3.182083758476639e-05,-35.711798379855686,43.71565713060168,0.34,-408.29175
378,07,-3.4407490462771055e-05,-31.11366353779454,49.13440625845617,1.8,-496.12823
379,08,-3.27152816781925e-05,-15.088779016966459,50.057286181364006,1.17,-414.7686
380,09,-2.3803562745282155e-05,-1.7829848341200085,47.799041656389505,0.55,-162.34372
381,10,-1.8914465963579488e-05,8.677334267236855,54.52403665949838,-0.78,51.13327
383,12,-7.738160395268594e-06,4.967533013128466,56.59717789244652,-0.49,294.1491
384,01,-4.432973011169315e-06,15.641597058367989,49.85520389962581,-1.31,665.3702
385,02,-7.274441715534998e-06,7.353929252261208,64.81677477946593,0.41,232.64316
386,03,-1.235675504704564e-05,-6.3443144091534345,43.386579177287324,-0.77,289.06067
387,04,-2.5035789431644346e-05,-14.869033695136176,49.48712501599656,-0.59,-79.80028
388,05,-3.0008848766624646e-05,-32.62149781881353,48.67582858574712,-0.67,-231.43488
389,06,-3.4230032604055946e-05,-25.01744469502767,49.43961729888122,-0.22,-473.03223
391,08,-3.274760770019843e-05,-10.64563058373236,50.85391145080519,1.04,-430.46918
392,09,-2.5484862159343414e-05,2.648160398695204,48.54894579696125,1.77,-194.54921
393,10,-1.916051529891168e-05,8.726722329416583,41.10612051369683,-0.28,18.638119
394,11,-8.12447487300637e-06,7.208228931681314,45.10324230610001,-0.09,182.8519
395,12,-1.2744765838047034e-05,29.389911852764826,62.27082245179138,0.11,500.1113
396,01,-9.557997748420493e-06,23.492998173539362,55.985124487241116,-1.76,552.2938
397,02,-6.941694202459045e-06,2.77444112036694,54.92825397600388,-1.73,455.39722
400,05,-3.2719707248821014e-05,-19.41600187732328,54.71462800888861,0.52,-268.32562
402,07,-3.9630504535585143e-05,-18.105863085346844,55.33667580591222,1.02,-522.8093
404,09,-2.780254297756781e-05,-4.337274759928387,47.643611919113,0.38,-214.95288
406,11,-9.782895505729057e-06,13.286790387301977,48.36725960095062,1.15,198.83763
407,12,-8.270612005098982e-06,23.135962751162953,68.44660146777348,0.68,449.54327
408,01,-7.079607454118081e-06,9.77005108642578,59.36599973937003,0.88,459.46594
411,04,-2.0434202846445263e-05,-16.983018215264217,45.651346360141694,1.31,-66.52988
412,05,-2.7662325821888435e-05,-23.158452428017892,56.92952051083376,0.14,-280.0431
415,08,-3.2683108437937644e-05,-17.84199171037572,39.46305893081491,0.34,-405.6897
417,10,-1.765674730958508e-05,13.677036990258001,51.31546706972713,1.39,35.49366
418,11,-1.2026654228591521e-05,13.685960133870443,60.59634180396663,0.09,184.66144
420,01,-8.580053124215514e-06,22.96357862870411,63.49304372530727,1.37,469.21912
422,03,-1.6731313326227373e-05,-1.3453218475669946,47.843510205716214,0.92,188.84715
423,04,-2.3883861623916246e-05,-16.521862002224392,58.86005653639768,0.52,11.44494
426,07,-3.570791800838603e-05,-18.498887496784167,52.862582088247414,0.58,-509.8601
427,08,-3.5946427165531874e-05,-15.756697428713563,51.75170243226714,0.75,-367.10468
428,09,-2.0748739615697153e-05,-9.244409510294595,35.08465283191469,0.2,-174.29099
429,10,-1.6616273676728237e-05,8.951883064844276,46.06859467966968,1.02,39.03546
430,11,-1.0089955154782932e-05,6.784489759657117,59.376273723493675,0.43,261.62448
431,12,-1.0581146033268115e-05,22.95546643394552,54.273882943514856,-0.59,476.52838
432,01,-9.2527426375611e-06,26.340960131573418,62.63006211892765,1.11,493.60623
433,02,-8.153189459681882e-06,8.31590086110433,48.93550452213628,-0.04,366.76306
434,03,-1.5915630637317265e-05,-1.6360386480515998,44.90566300547765,1.2,210.11096
435,04,-2.4346638547669703e-05,-22.934988667466907,50.17846367060873,0.88,-66.83443
436,05,-3.070366395367009e-05,-25.76910455847299,53.73915812349191,0.71,-254.04807
437,06,-3.477750818122634e-05,-31.860220404391814,46.7203716229452,1.06,-401.1255
439,08,-3.326061218056918e-05,-12.586229408838417,52.3345120203854,1.08,-387.27997
440,09,-2.5603061031688413e-05,-1.6679924726698132,46.654843129608366,0.15,-171.46893
441,10,-1.3186316454061119e-05,-1.463842040031187,51.45971762442205,0.22,42.895058
442,11,-1.4898132296588707e-05,27.46974549831814,55.57987919455502,1.55,210.6261
443,12,-8.385574634596725e-06,33.275967709449034,59.292129598577816,3.14,392.77725
444,01,-9.004527324929857e-06,20.359526514525058,60.00615774854665,1.01,632.76465
445,02,-1.2519085415486441e-05,14.879537966322628,54.698993667597065,1.85,514.13477
447,04,-2.7581765115751797e-05,-20.820068422105575,57.557788026644126,0.97,-42.40934
448,05,-3.16294027814815e-05,-19.310568396455505,50.32535560724812,0.22,-261.4184
449,06,-3.356170396635004e-05,-23.02242342732747,60.87640379265148,0.41,-414.0007
450,07,-3.758493633006676e-05,-22.269790681900524,47.74635748879372,1.82,-532.3442
451,08,-3.3272750999810424e-05,-17.014684508621052,43.397001161080546,2.08,-387.9015
452,09,-2.4645985519115736e-05,-7.889081433783638,37.34792189491059,3.48,-204.58273
453,10,-1.526362983537594e-05,-3.798430909843855,48.34944315867911,0.42,143.63814
455,12,-4.447676278540448e-06,15.633635981405934,42.93341399640295,0.87,299.7121
456,01,-6.416161365773257e-06,12.223324068787278,48.97643718384928,-1.15,430.9763
457,02,-8.18821650381367e-06,12.903916228158135,62.959067062718525,0.58,385.89404
458,03,-1.5800369091061108e-05,2.527072602630943,59.88884960889175,1.03,256.10327
459,04,-2.5679135762624757e-05,-26.331729773288306,46.84454056873057,-0.62,-44.598003
460,05,-2.9667726341906155e-05,-25.198657173730993,56.839670298081565,0.54,-239.01132
461,06,-3.566179110415154e-05,-31.36642959594727,52.944568701901716,2.03,-393.4157
462,07,-3.888270218750779e-05,-23.176640851420746,56.14024401203919,1.83,-510.70508
463,08,-3.333480648354688e-05,-12.395997953681537,44.035043613662005,2.02,-365.15564
464,09,-2.5415033401845397e-05,-5.530321179199219,52.86381167994076,1.58,-213.32465
466,11,-1.2597567349661808e-05,15.910226154920792,53.90823562632401,0.12,183.11888
467,12,-7.748080553331723e-06,20.40142875687794,63.311030514205655,-0.5,476.6846
468,01,-8.493993727101315e-06,23.796599253992884,55.116003269850566,0.55,535.67755
469,02,-1.1806723732206594e-05,-2.6082788761683875,46.30087924139698,-1.38,346.956
470,03,-1.3339704251535219e-05,-6.768148279333628,63.03257818707726,-0.62,41.408363
471,04,-2.4140652476206825e-05,-8.481860700141059,60.03202422682047,1.13,-22.814423
472,05,-3.631899526441482e-05,-17.44638056798135,47.40056218499266,-0.07,-248.45978
473,06,-3.447691067930363e-05,-33.33076165534125,39.74884000571834,-0.54,-430.97678
474,07,-3.4126774513620195e-05,-44.31138712696363,36.16823902212164,2.36,-533.249
475,08,-3.324744642680256e-05,-25.59706884437479,43.61733073811633,1.82,-421.51907
476,09,-2.7110998255941223e-05,-4.088550005425346,48.59134079140956,0.15,-160.58195
478,11,-1.049799736220949e-05,11.533768935139973,58.11769115721252,0.32,274.86282
479,12,-7.425197422547768e-06,21.47761040308142,53.53903508252609,1.44,530.40344
480,01,-8.170035396257738e-06,18.813249751593478,61.34680531404607,-1.67,493.0504
482,03,-1.7898125718357898e-05,7.876527682396675,54.192069970153995,0.94,163.69202
483,04,-2.786484313502215e-05,-15.88577495863173,41.53150874974462,-0.96,-33.97735
484,05,-2.8741963674400066e-05,-37.081440074305384,54.09692304540707,-0.64,-195.17891
485,06,-3.9525050331051005e-05,-23.208365014648436,47.86380608810849,1.28,-426.75888
486,07,-3.625940142692049e-05,-31.74150496025496,48.734570516079984,0.08,-500.26703
487,08,-3.404563471354698e-05,-17.337182702177312,41.57153246440298,1.93,-414.0642
488,09,-2.6543087166161665e-05,-4.24653964674208,45.73786681658825,2.19,-215.96881
490,11,-1.0039879183467646e-05,10.335369747924807,64.20363267016013,0.07,322.86035
491,12,-8.260583359534854e-06,25.078029959073632,56.60606037604423,0.81,384.2437
492,01,-6.012859741277161e-06,22.106840989635838,48.67357203781476,1.74,384.30914
494,03,-1.9840231885472768e-05,-1.8349693298339842,46.56073982853019,-0.11,41.1092
495,04,-2.7043378228700023e-05,-24.0670989525689,35.17819720014996,0.58,23.241865
498,07,-3.552329937512147e-05,-24.55973527871409,49.31133174363516,0.46,-470.3706
500,09,-2.4679065476549213e-05,-6.537764871215822,41.4254565234277,1.95,-181.35464
501,10,-1.848353834580477e-05,14.114419966174706,59.132486595437086,-0.23,56.26652
502,11,-1.0186800306089735e-05,15.631692754109702,47.969248177954896,0.05,280.16455
503,12,-6.893300624729055e-06,15.732371215492165,60.65007041392917,-0.8,532.7409
504,01,-7.860778656987515e-06,14.34612370152627,66.80461903254064,-0.04,495.0594
505,02,-9.005972841740524e-06,9.622026147751583,54.51137783175566,1.22,311.07086
506,03,-1.5948935392546162e-05,-0.9029574194467195,53.47545231677126,-0.18,33.644638
507,04,-2.588563685021654e-05,-27.98602328389486,47.86236142485672,0.31,-14.030231
508,05,-3.230829694098981e-05,-22.4746828918457,60.26473778712485,0.8,-227.8353
510,07,-3.6336240956178925e-05,-19.074829963273896,48.14752719921964,2.16,-521.1418
511,08,-3.444879628501263e-05,-12.903870650096605,45.419211714576655,1.08,-379.3043
512,09,-2.3354238802332672e-05,-7.743464881388346,41.71682162190013,1.7,-227.34497
513,10,-1.864643046111826e-05,14.62936670381279,46.729617401201246,0.86,91.23356
514,11,-1.0072340758698473e-05,9.36498726196289,49.88987413275507,-0.91,216.92819
