,month,MER,MSSHF,RH,TCC,ENSO
0,01,-7.186377549426466e-06,5.464709561255669,62.6901256937955,0.7674197445941228,0.47
1,02,-7.399999772068052e-06,2.729709174746558,52.295623941567676,0.8322987442470734,0.26
2,03,-1.408509512223264e-05,7.08405715679866,62.090667984242096,0.7213765135734314,-0.08
3,04,-2.191347909663616e-05,-15.59233038906521,62.41300571294825,0.7183522930145264,0.2
4,05,-2.839083756912113e-05,-16.16055940262989,64.02205650719006,0.6820745509978263,0.27
5,06,-3.330413338050373e-05,-22.16353809509278,52.028707694198026,0.624286894607544,-0.15
6,07,-3.0671342559486147e-05,-22.637875941122733,53.00265082314577,0.6923592846778133,-0.14
7,08,-2.8487004876296853e-05,-12.56110269165039,50.14281140049425,0.6369957595332977,0.44
9,10,-1.6345863611966567e-05,2.642213581372333,56.92965585534547,0.7263572831512779,0.24
12,01,-5.795284385228985e-06,8.867661568262244,49.01821534482766,0.7199518989645025,0.35
16,05,-2.9285246377967465e-05,-30.998830406271004,47.47244699586335,0.5115912202814574,0.55
17,06,-3.014735746900341e-05,-26.066622504679362,62.37913317463399,0.7134443809085422,0.62
18,07,-3.1905643976779664e-05,-14.025872309859079,48.67037434149174,0.7010493204260383,0.62
19,08,-3.1051088017916934e-05,-11.540256553403795,47.008779259716306,0.7037623250407558,0.15
20,09,-2.365392635981859e-05,-3.0327022542317708,42.946886476458445,0.653931602774726,0.2
21,10,-2.1172643707369163e-05,7.590982919672484,58.4636376896443,0.7753540998069188,0.09
22,11,-1.4279194747299093e-05,14.235161112806532,54.54851769668525,0.7181861507415772,-0.03
23,12,-7.873070872231058e-06,26.063403682913826,61.380955716897084,0.7685965811616633,-0.06
25,02,-8.991757432514056e-06,2.888394768487839,50.11619150138895,0.7581164837337676,-0.24
26,03,-1.2076194787720939e-05,11.89821663673975,73.37905685201383,0.8891850105203607,0.33
27,04,-2.2320882245185202e-05,-19.334173597547743,50.02077896680037,0.6974979371812609,0.41
29,06,-3.0904296795920855e-05,-15.787571440294057,51.69619375912348,0.7999754805246988,-0.6
30,07,-3.173775886429094e-05,-20.80200322239373,49.75860673643311,0.656765679923437,-0.51
31,08,-2.8741253340065727e-05,-19.03508228654759,42.77699926753197,0.6846821722625404,-0.31
32,09,-2.269007780640903e-05,-3.5648343312581385,46.85175361700852,0.6221041914621989,-0.01
33,10,-2.174942796122078e-05,9.781940688922843,60.93410625634399,0.7679681318959883,-0.1
34,11,-1.4328458308167076e-05,19.586548003133142,54.57233108670976,0.7831729083591039,-0.22
36,01,-5.276928763964617e-06,11.574925520045783,58.01885871766587,0.6630252150668892,-0.38
37,02,-7.864293709969517e-06,5.468580898829869,51.56958197040644,0.6381152653467087,-0.47
38,03,-1.6001877676116956e-05,1.792558938959594,55.95160838729334,0.6297853519890898,-0.28
39,04,-2.3437909088230905e-05,-21.874123499891493,46.11000325809585,0.6042834651523166,-0.34
40,05,-2.9170486620455693e-05,-20.4214844770534,47.92201473479629,0.5381072768344675,-0.03
41,06,-3.17826830204164e-05,-27.949367026435006,48.16991035015053,0.6107106636047364,0.78
43,08,-3.1963929242763654e-05,-15.790871219429917,46.55304641459066,0.6299341235417194,2.02
44,09,-2.1331834113273846e-05,-6.238656323920356,43.43915766518911,0.6479369944254556,1.81
45,10,-1.6551261839878706e-05,3.491510892150223,54.79260846710333,0.7931934629460816,1.93
46,11,-1.519573135911843e-05,20.401449884033198,56.70156626680825,0.757184676700168,2.28
48,01,-1.1369238679367056e-05,31.70380508160335,51.86229076744793,0.7840179075425671,2.57
49,02,-1.1685804688698098e-05,2.732715975443522,46.129101684696614,0.5929144132704963,2.74
51,04,-2.090864053300013e-05,-10.60586452026367,65.75529212030038,0.742861790678236,2.79
52,05,-2.6606813441591635e-05,-11.409518621957432,66.050863289825,0.7823214301242624,2.89
53,06,-3.6603149109497395e-05,-25.008415187242296,46.266101067479454,0.5639335038079155,2.02
54,07,-3.282222612492611e-05,-33.091220865229126,44.1499227373741,0.5684433198744251,0.75
55,08,-2.6941880611302234e-05,-27.08358682743196,31.77761535606461,0.4750448487804782,-0.11
56,09,-2.725831751290065e-05,0.9693071214463977,44.86737590899468,0.705576475101047,-0.41
58,11,-9.367185011372688e-06,10.117007967122396,41.05919099200301,0.6633599039289689,-0.43
59,12,-8.522425015388596e-06,21.808005747805364,57.410435429080856,0.7373599862129457,-0.43
61,02,-9.682757584759485e-06,6.4267875001403105,47.08914505602986,0.6832505156856844,-0.52
62,03,-1.3818876191033916e-05,-6.2181760956138685,56.610379949503034,0.7108914005730743,-0.11
63,04,-2.3066575134180317e-05,-21.124448284233942,53.13685258980724,0.5456292518191869,0.09
65,06,-3.0384449369921637e-05,-25.249517172580298,53.14751710217263,0.6465512983110214,-0.72
66,07,-3.052118788760435e-05,-16.333257173927887,51.58020934386151,0.7022927988934261,-0.31
67,08,-2.8069958612225798e-05,-17.017802792784988,42.472240740586344,0.4993924576133809,-0.15
68,09,-2.2138291550658728e-05,-0.809648367987739,66.94727416271104,0.8249710806952584,-0.11
69,10,-1.5594664512004833e-05,12.420039781796033,52.5519555827328,0.7500587646730484,-0.15
70,11,-1.2000811908506469e-05,17.20852971835666,62.11537896577253,0.7200436461130779,-0.58
74,03,-1.1304150707112197e-05,-2.56875498781922,68.34861116093205,0.8015634798439599,-0.6
75,04,-2.3272295822324753e-05,-10.486857863362628,59.37646033687326,0.7217336557176378,-0.76
76,05,-2.800802443084893e-05,-16.149492612120927,55.7763452255995,0.6990246018440494,-1.22
77,06,-3.090711121482552e-05,-17.990251360066733,61.34983533646531,0.6643057591756185,-0.57
79,08,-3.3271033724499884e-05,-4.3656862228557625,49.79625837316948,0.6493248435810047,-0.37
80,09,-2.244669017984254e-05,-3.3109654418945316,48.444472670045165,0.6852785703870988,-0.44
82,11,-1.5779393952086846e-05,2.730464919026692,53.6031213278585,0.7467017175886366,0.0
83,12,-6.748697063030508e-06,22.216181771555252,62.92255071562849,0.8592321815900905,-0.34
84,01,-1.0488508364736625e-05,25.802121266682942,67.17732922877546,0.7623722744193129,-0.36
85,02,-9.105866422227595e-06,-15.737989101954868,41.279925076501705,0.6196731731323969,-0.3
86,03,-1.09558865346488e-05,2.199697240357758,53.96111336709735,0.6894126181243568,-0.39
87,04,-1.9242588071877733e-05,-14.953707265557181,61.57429541588492,0.7479030370076497,-0.52
89,06,-3.5890827366468634e-05,-24.274000357055662,43.53411597645681,0.5244118612077501,0.12
91,08,-3.1366839325049225e-05,-20.726613564768147,49.22354232249208,0.686836864348381,1.05
92,09,-2.1116000810717296e-05,-5.870355172729491,52.886519872754164,0.7167194254557292,1.31
93,10,-1.7202233669146365e-05,6.4104873591597356,48.62927366667281,0.714295039597378,0.57
94,11,-1.2770530823662637e-05,20.62896745435927,57.76803370095226,0.7851363912794326,0.65
95,12,-1.128779906788603e-05,28.043287035542146,58.52688881322774,0.7719007456789735,1.06
96,01,-8.849628261046861e-06,-8.473066081057311,52.03738375666833,0.7138544017422582,0.98
97,02,-5.771432554432804e-06,6.824847212655203,67.52644709656069,0.8714824445361185,1.08
98,03,-1.3287096029671374e-05,-5.803373095440609,55.151999684815046,0.6475759961938345,1.47
99,04,-2.2575659647211267e-05,-11.442104777696397,52.015024873095086,0.6293081595102947,1.66
100,05,-2.791426425801057e-05,-28.103053294192083,60.924986691195485,0.7078949788411459,1.91
101,06,-2.8837502824555686e-05,-20.989433822292757,61.5306473079814,0.7672273565504287,2.02
102,07,-3.379324687933062e-05,-20.07741719498173,55.40260847481861,0.6694636565998037,1.92
103,08,-3.0242934917310693e-05,-13.572054321945357,50.633880177582476,0.7321427008105863,1.48
104,09,-2.5696148892024614e-05,-3.969099077690972,51.22118268649578,0.696313075680203,1.23
105,10,-1.9746457593286597e-05,13.28605210072507,59.41998880579267,0.7515758675606018,1.13
106,11,-1.2423982501220758e-05,8.69252590874566,58.77474638277293,0.8495418824089899,0.85
107,12,-5.659096497726741e-06,10.619382738339004,50.16868590621025,0.841202174976308,0.75
108,01,-9.400724827868036e-06,23.76198229324177,64.8158600401199,0.8154185586744739,0.59
109,02,-1.553154618433063e-05,17.196350676788683,61.10995617006565,0.7344264186552201,0.31
110,03,-1.4791143874625109e-05,4.141464673442225,71.63935923557511,0.8021229802613616,0.19
111,04,-2.4692344382775542e-05,-22.74501348402235,55.09817502149212,0.6086693189409044,-0.01
114,07,-3.385038605679304e-05,-9.511822006717805,59.07058047961163,0.7664063766233383,-1.77
115,08,-3.211179117533902e-05,-13.866469908683532,47.473473327189375,0.6423366078612625,-1.79
116,09,-2.5435363158006416e-05,2.907980506727431,49.177534459747214,0.6917857957204183,-1.77
118,11,-1.0307503538792339e-05,7.8851572241889105,46.36847800110711,0.7081493649376763,-1.61
119,12,-7.866494279115095e-06,20.208327730240367,52.71666673100892,0.8517327044907436,-1.49
120,01,-5.490775168401608e-06,12.580168148245866,46.32122026583841,0.6960385644974246,-1.09
121,02,-1.1993180484209699e-05,15.243881237211681,52.799659086113884,0.6851143281573341,-1.06
122,03,-1.7582771425163286e-05,5.919001820882161,61.97907953674307,0.7666241719235656,-1.2
123,04,-2.3728384267512105e-05,-15.711892689005532,62.36782957411343,0.7619601530710854,-1.09
124,05,-3.2913617601255e-05,-32.404015432706444,43.15242019264416,0.41460931174985816,-1.04
125,06,-3.3498540398290464e-05,-35.047065074327264,55.710710440916486,0.5851120146009657,-1.02
126,07,-3.3625666249610085e-05,-27.510599928661055,42.19065745926929,0.5743446630662487,-1.12
127,08,-3.0036708770112647e-05,-17.0266568734774,43.458151734339296,0.6336386088709678,-0.73
129,10,-1.9913688146604526e-05,14.103063629806684,48.60193847477949,0.7060558088159049,-0.56
130,11,-1.311930024130561e-05,7.912713109334308,43.72629240063826,0.5709897992451987,-0.33
131,12,-7.719866410816296e-06,20.033501539989185,45.286219627095804,0.760264010439637,-0.02
132,01,-9.708490018202875e-06,23.531725362798216,54.619796854420386,0.8431987389185095,0.12
134,03,-1.7018775953137494e-05,2.372058311872584,47.98838851665681,0.6078018044502504,0.61
135,04,-2.7999317039636173e-05,-19.276666238742408,46.732171709169286,0.4856501743316651,0.17
136,05,-3.125298669270236e-05,-34.3688931694441,36.06377147361027,0.4253419031943044,0.03
137,06,-3.068480971400681e-05,-23.63770078192817,52.16888050745726,0.7518713474273683,0.04
139,08,-2.897321149455781e-05,-28.290339532667595,47.590817581110095,0.5299162357699487,0.06
140,09,-2.7407515947157255e-05,-3.6402964202880854,48.108384553693405,0.7245800940619573,0.21
142,11,-1.0645134954231454e-05,8.876481322224937,54.38112868225972,0.7074830526563856,0.12
143,12,-1.0178729378000547e-05,19.264495642221096,49.02194799312469,0.741313444240119,0.28
145,02,-6.996622216688376e-06,0.507544446309408,46.996895068120395,0.6594038436526344,0.08
146,03,-1.2629808311264428e-05,-0.5304674036169569,53.76618897918476,0.6779174129937285,0.21
147,04,-2.5889148811054637e-05,-18.50936585184733,50.20018549894757,0.5432910179562039,0.21
148,05,-2.5811937759284265e-05,-33.066711107479634,47.67298183366304,0.6777907446994578,0.35
149,06,-2.987989489524302e-05,-20.686577268473304,57.62339900992447,0.7380680046929254,0.89
150,07,-3.606362330103894e-05,-12.26554677852508,46.37869990175771,0.6136622345216813,0.88
151,08,-2.9805839779475068e-05,-22.79464663072811,38.70661156831249,0.5833647762011457,0.42
153,10,-2.004618059737534e-05,2.17344532234438,45.307421456006274,0.6938537020939652,1.09
154,11,-1.4646135411648073e-05,14.444811823866104,60.08639300202131,0.7607454043918185,1.17
155,12,-7.654158530845394e-06,17.942148733159545,42.031411531264894,0.6701996401715022,1.29
156,01,-5.988280283046514e-06,9.900324605634134,41.55076964045469,0.7391515630906629,1.7
157,02,-7.568776633878318e-06,10.513905402874128,42.596786469010105,0.6980748454126818,1.59
158,03,-1.6743815379482177e-05,3.675611719931326,56.535387553599556,0.7537755890712943,1.72
159,04,-2.3724830210206465e-05,-12.979907084147134,60.15185276207658,0.687911747233073,1.98
160,05,-3.502280750303383e-05,-18.415903687507882,37.98684394011575,0.40541161912487395,1.69
162,07,-3.3542465003026134e-05,-26.574038988010855,46.61348771423679,0.5979461164987215,0.76
163,08,-3.290884278264643e-05,-13.404264240552024,52.83446418771308,0.6783674054709815,0.08
164,09,-2.5466491539959356e-05,-1.4094354346381297,48.6797681992597,0.6656476938883462,0.5
165,10,-1.9484351597922247e-05,1.9587082073252686,58.379234332862715,0.6918505046393281,0.81
166,11,-1.321692710625939e-05,23.694389510769323,50.96693710040848,0.754426333618164,0.73
167,12,-8.425528942156701e-06,11.411874493342573,45.69198678764476,0.710687043384839,0.78
168,01,-9.715480358609446e-06,34.39173987899288,57.42208674485646,0.7435397178896012,0.83
170,03,-1.4966802825774622e-05,-6.011914413616221,42.24266758934657,0.5090522961360152,0.78
172,05,-3.0932743489659034e-05,-26.541132331437964,51.168041845343446,0.5782415237426759,1.48
173,06,-3.281592492067931e-05,-24.277929318237305,46.836056776909025,0.6491131579928928,1.5
174,07,-3.3366269429406925e-05,-23.52127023184171,53.23872095220833,0.646910205923101,0.91
175,08,-3.234485571499712e-05,-11.285276480397874,49.79429166342623,0.65965662880354,0.62
176,09,-2.2725771390226628e-05,-2.4448908416748045,57.50485973500145,0.8023041222466362,0.64
177,10,-1.798888249350155e-05,2.3637267239478326,43.9463890340828,0.6776582923807124,0.95
178,11,-1.1587640056374466e-05,-1.8295716874864363,52.225245416957804,0.6554577938927545,0.7
179,12,-9.250304196792702e-06,31.236705364924607,64.63241229699248,0.7918248019884992,0.26
180,01,-8.814763398506955e-06,28.086010490499522,59.814965074129006,0.7457029264716692,0.02
181,02,-9.681430163471391e-06,-2.9269207930791947,54.97462990093799,0.6523898104713076,-0.17
182,03,-1.5868986940443404e-05,12.424105568506382,56.25959003628518,0.7475124271761985,-0.21
183,04,-2.4481364455176743e-05,-15.54007357143826,53.21672202842236,0.6873039249420165,0.03
184,05,-2.8615912740195944e-05,-19.306992470361852,50.8592781971834,0.7416989493011147,0.0
186,07,-3.466171150601792e-05,-32.442688338413035,36.16844127948567,0.471899675594863,0.88
187,08,-3.527003988845888e-05,-15.806742182249662,41.714041907468136,0.6527889345640778,0.84
188,09,-2.649383951805552e-05,-2.2674784339057075,50.77799905458556,0.743529254659017,1.06
189,10,-1.8016295581522476e-05,4.47270425086893,52.33998963107474,0.7289226303100587,1.47
190,11,-8.92097842036795e-06,12.752254605102538,55.27824593100681,0.8463350632985434,0.99
191,12,-1.093666692604627e-05,22.757288210632986,53.902280609893545,0.7332173781446233,0.87
192,01,-1.2804497735976505e-05,25.385474410518523,57.77612080058489,0.769013130639189,0.77
193,02,-1.271823695051786e-05,20.178666164579848,60.9734689490412,0.7695771319071454,0.48
197,06,-3.44918315846169e-05,-24.446217814466692,49.08188772321145,0.620938918601142,-0.0
198,07,-3.591561413959817e-05,-25.92438248894804,39.340810654867084,0.500560249123522,-0.25
199,08,-3.331847033315239e-05,-31.29434137422295,33.68999910253863,0.4308684326910203,-0.65
201,10,-1.4566836962311297e-05,5.514771194293934,41.310020164710224,0.7215961416100943,-0.65
203,12,-8.991161045966975e-06,-5.598886509064706,48.51484771922968,0.6904451063012563,-0.82
204,01,-7.460320452180465e-06,-0.4728464959257379,45.67560021059616,0.6517847482004473,-0.83
205,02,-7.544903639281147e-06,5.38362545916678,55.18347650017959,0.8090819851228561,-0.81
206,03,-1.2827322511164368e-05,-10.990242480862525,51.72073062135199,0.6624436052794098,-0.64
207,04,-2.0502408365953464e-05,-21.604367342122394,58.54018084150156,0.6166294084760878,-0.69
208,05,-2.4253428110207234e-05,-26.022296560964275,51.92535755428705,0.7435633220877698,-0.83
209,06,-2.8253365109311642e-05,-38.732165323215064,41.61192797080808,0.6266733358171251,-0.9
210,07,-3.142641031134248e-05,-27.054918192217425,49.82263012584947,0.6206146289046092,-0.76
211,08,-2.9903093116464793e-05,-15.358725825155936,42.33743624172287,0.5714169844350507,-0.6
213,10,-1.7171301486478214e-05,8.106230379494288,51.02844809201841,0.7336558953972274,-0.31
214,11,-1.4551765714713837e-05,14.46901237657335,58.72207561985916,0.7350521771748861,-0.3
216,01,-3.583592048936e-06,-1.2817189340899076,35.36421269791357,0.6917340717930949,-0.66
219,04,-2.201332183204714e-05,-17.60772253417969,50.15108422283994,0.6222039408365886,0.17
220,05,-3.085946982284968e-05,-22.07697987414944,55.658551038389554,0.6941719493250693,0.68
221,06,-3.476727682935032e-05,-20.254541469319665,56.16686724849277,0.6510188685946994,2.25
222,07,-3.376502295814329e-05,-20.43258258581674,48.29218798171063,0.6023651400330248,2.11
225,10,-2.0736059433235615e-05,1.8364669255082322,46.07108195983722,0.6453099249973092,2.01
226,11,-1.1372840429430654e-05,5.54297788119846,52.451002673839106,0.8336406787872315,2.06
229,02,-7.893391973560764e-06,12.879144769577753,54.623768248409036,0.6531332498732068,2.43
231,04,-2.2395207648413717e-05,-10.670934447903104,67.35853829729425,0.8237251260121663,2.55
232,05,-3.182257207745645e-05,-20.036693252071256,51.31070372274871,0.6138791913678568,2.26
235,08,-3.4686337675251e-05,-19.754633603331865,40.27667498864153,0.617704378968926,-1.74
236,09,-2.4247977624205914e-05,0.3736279635959201,55.41774919654528,0.7025377028147378,-1.31
238,11,-1.186565926222506e-05,4.6568576497395835,50.09492808050447,0.695817248280843,-1.3
239,12,-8.802920268002493e-06,22.454611907630838,51.308709990082264,0.7541032600402832,-1.25
240,01,-9.430198710966792e-06,24.63400003675235,61.44896206574927,0.7435347398327242,-1.26
241,02,-1.079772392194216e-05,13.779260249546594,59.85849182345754,0.7323656735647293,-1.18
242,03,-1.3397230129969535e-05,-0.9194605676794566,60.6708199271861,0.7651577397008096,-1.11
243,04,-2.54553507465769e-05,-17.42901027967665,53.24983413987689,0.5809090511745877,-1.17
244,05,-3.422614240797327e-05,-20.88572949317194,50.723297991629586,0.6588638867203909,-1.36
245,06,-3.759346314859108e-05,-24.964019442409946,49.104056137108806,0.5561656050364175,-1.26
246,07,-3.775679561435789e-05,-20.12216363230059,34.70881050790896,0.5384588477842269,-1.19
247,08,-3.318467006672979e-05,-13.657699137697938,45.50563225292391,0.7109437208688386,-1.07
248,09,-2.59650643648355e-05,-3.5717024329291456,50.26974016195536,0.6188350537194147,-1.17
249,10,-2.1588807777500546e-05,5.981483147405809,48.24640764357326,0.6639337637296286,-1.31
250,11,-1.3179962080519347e-05,12.654008286878799,52.50058610761298,0.7561134220971003,-1.33
252,01,-6.553396535759588e-06,18.42038040095504,45.80448549491872,0.7846040913571595,-1.26
255,04,-2.355722367422762e-05,-12.813957029554578,60.681698268123455,0.7118717977735731,-0.93
256,05,-3.550879427684679e-05,-19.147158501081563,47.704144963514416,0.6232741373944026,-0.97
258,07,-3.168135436499142e-05,-21.668345875401656,51.88578506780696,0.7779165895933747,-0.58
259,08,-3.0941285219664524e-05,-19.063545700565466,39.65101154342005,0.5950934829711911,-0.08
260,09,-2.4486756719630248e-05,-2.020394458007812,56.817002186003,0.778434502198961,-0.36
261,10,-2.1893689024856883e-05,11.235235126454343,57.40779917159772,0.7329834721472954,-0.55
262,11,-1.5146696185204038e-05,20.892512133110895,68.07071139411661,0.7944869282616509,-0.91
263,12,-1.1904006665214989e-05,20.81303864280127,63.79751548051194,0.7176606500276956,-0.8
264,01,-6.723928980547147e-06,14.384707934964087,53.25762820807451,0.6732578391208444,-0.82
265,02,-9.421481274265325e-06,7.153048214503697,61.79020408172125,0.7992697193509057,-0.87
266,03,-1.3063552253355424e-05,-6.242824222359606,58.59238742218351,0.8346674006472352,-0.79
267,04,-2.4765318735565716e-05,-15.737299090576174,60.65160554169682,0.7354721421559652,-0.61
268,05,-3.372209000100225e-05,-25.790908090242777,45.58359570831253,0.5665124677432481,-0.58
269,06,-3.303585196628976e-05,-31.827683939954966,48.06642211600013,0.6896868352678089,-0.71
270,07,-3.6646507612448495e-05,-24.41304970722813,43.035889669943884,0.609202791316535,-0.02
271,08,-3.349079792080317e-05,-13.273838911159066,49.470468634774605,0.6550026206560032,0.34
272,09,-2.8629883362433853e-05,-3.361749937269423,60.89090815499625,0.7758285717010498,-0.07
273,10,-1.872843477780094e-05,15.499699002173642,52.0420637966638,0.7502056204683036,-0.25
274,11,-1.4045017091525046e-05,9.019137569173179,50.75557469189433,0.8206311488681369,-0.32
277,02,-1.6342577849974034e-05,27.257544948032923,61.67323920420096,0.6965534969057356,-0.26
278,03,-1.718439095667989e-05,-2.8514695644583754,52.573686629964456,0.6759721070566486,-0.2
279,04,-2.4829810814864887e-05,-14.182246478949653,49.20558492463959,0.6064626646253799,-0.36
280,05,-3.0134792006426703e-05,-17.31557953963741,52.31226475243542,0.6915594408178842,-0.1
281,06,-3.5836119472898846e-05,-20.466573669433593,50.7506326838851,0.6739444850497776,0.4
282,07,-3.594073215623134e-05,-17.96138944137737,48.60045512300026,0.6706292401795746,0.42
283,08,-3.0240783373966385e-05,-12.41071590333344,52.640142950275894,0.6742144519846925,0.97
284,09,-2.726855740998468e-05,-6.606480073716904,41.46046437310777,0.6465029381222195,0.84
287,12,-9.155090198257839e-06,-0.601292420089886,52.83887711868107,0.773043066619545,0.86
288,01,-7.996820467572737e-06,16.024269751435966,52.92226850532075,0.7041166410138531,0.8
289,02,-9.213011075579354e-06,1.6289639434814458,40.65915042115535,0.44601174649738135,0.62
290,03,-1.4304734281419465e-05,-4.024482163624097,45.80751552796749,0.4610075515008742,0.53
291,04,-2.383696288773839e-05,-17.2942943037245,47.44735419490735,0.5701265349917942,-0.08
294,07,-3.637924248004731e-05,-25.786057973554062,44.12265574810709,0.5639495347135811,0.01
295,08,-3.1032737283929096e-05,-31.771135562691633,39.36124998163152,0.5673176327366982,0.01
297,10,-2.1305207502659715e-05,-2.352458050143333,49.86598729915773,0.6066881419356149,0.26
298,11,-8.746191556262298e-06,13.336127873399521,55.471923015075255,0.747657346555922,0.29
299,12,-8.986315398414586e-06,16.75842543636855,56.42778465677845,0.7093791133921633,0.1
300,01,-8.992702947169514e-06,20.66453995308825,64.87525535803712,0.837607708305441,0.16
301,02,-1.1818901434843997e-05,12.780648606925178,58.06078212638148,0.7371907467019968,-0.04
302,03,-1.5225630396960167e-05,1.0669384965794064,50.376974003080406,0.6286395969185776,-0.44
304,05,-2.847669872224737e-05,-31.81054322043798,50.857990436966695,0.6642094037045716,-0.44
305,06,-3.421590459786078e-05,-30.121984181382924,54.56608841220009,0.6948014066060384,-0.34
308,09,-3.09724094837697e-05,1.3779368174235027,41.60773183429904,0.5963927018059625,0.54
309,10,-1.9737982986943505e-05,10.8786054316695,45.96995730125903,0.6458563955163442,0.34
311,12,-6.509792311736683e-06,12.651209838210898,41.13814304297201,0.7556278750922091,0.51
312,01,-1.0532949036563073e-05,27.835473567839585,50.62756816835045,0.6568636556645875,0.08
313,02,-1.0796667724878803e-05,1.9850640389578682,54.967533898224424,0.6938661958603632,0.61
314,03,-1.2645556585016247e-05,2.2825399281491516,62.992716266741034,0.8004193943803029,0.82
315,04,-2.402455134354872e-05,-12.38321820203993,55.9102142579476,0.5803865731981066,0.13
316,05,-3.3327865934669755e-05,-23.83920729967343,52.369123788558014,0.6124563446455105,0.18
317,06,-3.715115132452208e-05,-30.632264646063906,50.84424858076307,0.5993636985354953,0.2
318,07,-3.409394384040644e-05,-23.561669685609886,47.80977541725482,0.6965740315427063,-0.02
320,09,-2.545146969718593e-05,-6.704652192857532,39.75358392157654,0.5590018055809869,-0.05
321,10,-1.7187334372416657e-05,10.538457600583316,41.694871458662455,0.5593414502297677,-0.71
322,11,-1.4535249143672345e-05,9.326381112670902,61.63253474075529,0.7317150510576037,-0.75
323,12,-9.12172876785682e-06,14.485518746324761,56.37181309181387,0.7231649466483824,-0.73
324,01,-6.5253165958961526e-06,7.280853728591756,43.42763289413273,0.6964808228195354,-0.68
325,02,-8.8568046297561e-06,4.634872235616048,55.29220876641359,0.8162552454812186,-0.5
327,04,-2.37631702343909e-05,-18.782449027506512,53.65862876264652,0.6540204958173964,-0.84
329,06,-3.4785863751151034e-05,-27.11431088460287,44.96967633606062,0.5200850902981229,-0.23
330,07,-3.3670624993676266e-05,-35.11209074615151,34.7803111832411,0.43903611341086773,0.11
331,08,-3.203818718891423e-05,-14.970106861073484,56.166526000266416,0.7095366280258342,0.56
332,09,-2.4569920312832332e-05,-1.9050392035590278,48.50952039943403,0.581430229356554,0.63
333,10,-2.0357669840078775e-05,8.929626497002058,49.91160704086961,0.7225601808281356,0.68
335,12,-1.1844671387852061e-05,21.158474252352146,51.61357204472506,0.8296075471447361,0.59
337,02,-9.635896793779033e-06,12.227102448962983,62.05461917357218,0.8024723008473714,0.39
338,03,-1.969343553138324e-05,2.858439688077537,50.951221448258686,0.5542246515827793,-0.22
339,04,-2.5420359923575438e-05,-23.728481532796227,35.425640993569964,0.4152809864044189,-0.36
340,05,-3.1186685044343005e-05,-23.42358186127037,55.67473245647261,0.6321231530302314,-0.44
342,07,-4.0491175616739144e-05,-14.380545316962786,51.51913973191349,0.6446249584074942,-0.77
344,09,-2.677926907070085e-05,-2.246240928141275,48.58724766878287,0.7133160124460857,-1.1
345,10,-1.4836711174446523e-05,-1.5530790907336818,46.4751422240952,0.701923614009734,-1.14
347,12,-9.103623443880553e-06,18.67049515623687,44.72693699303237,0.6842597386760096,-1.22
349,02,-9.733829621899499e-06,11.488472740085646,43.235250111784055,0.617157705548166,-1.27
350,03,-2.0140387961912898e-05,4.352542552004578,67.29393991330491,0.734719601292764,-1.54
353,06,-3.476253857051133e-05,-32.52892781643338,47.80475471985869,0.614883675257365,-0.86
354,07,-3.577182100015043e-05,-18.878891244211506,53.425692884929724,0.656665866605697,-0.87
356,09,-2.5189189388381943e-05,-2.5223080678304033,46.95382839618127,0.6436648470984564,-1.07
357,10,-1.8222273044254205e-05,6.518695762716314,54.30898137165141,0.7249526161686066,-1.12
358,11,-1.2143508331428165e-05,12.723418456013999,55.05112889809742,0.825160391023424,-1.05
359,12,-6.623100362498576e-06,8.910789440196046,51.189781416840454,0.6488331320977981,-1.05
360,01,-6.219402897665034e-06,13.638463789416898,56.756673166043,0.7386991263769006,-1.01
361,02,-6.55127283612057e-06,7.2258432279314295,62.426701213981424,0.8361105517886935,-0.85
362,03,-1.4006747319585248e-05,0.15545269151913163,60.10794240493287,0.7025409626294208,-0.94
363,04,-2.2896213735516033e-05,-13.763160278998479,44.90089633327524,0.48498084653218587,-0.81
364,05,-3.152253704363203e-05,-24.89160391596312,50.72287625494953,0.5892127600639097,-0.72
365,06,-3.4585202314802804e-05,-32.20444840494791,47.13420631794532,0.6027756735907661,-0.06
366,07,-3.995988693131167e-05,-23.939954596078525,46.67216465320125,0.5932403564042943,0.49
367,08,-3.326769469126164e-05,-18.63527480389995,42.41847231385144,0.5826293396078129,0.52
368,09,-2.396435872586961e-05,-8.675344586181641,43.626415080409586,0.6611582132975261,0.39
369,10,-1.8213049179844e-05,4.716025361748153,49.256211021474606,0.7351699196600144,0.56
370,11,-1.3997967538165946e-05,28.005924584282763,63.3120259418408,0.7561563105689154,1.05
372,01,-6.091251291421628e-06,2.9262350808420488,60.36061479552843,0.8002005400298742,0.93
373,02,-7.65345504045659e-06,5.717629487900508,61.53230691539674,0.840362766038804,1.28
375,04,-2.4690822054900404e-05,-20.66956467929416,50.227940069592,0.5461734185960557,0.49
376,05,-2.827942739082006e-05,-27.387183430333288,51.416537502500645,0.6631700312706732,-0.17
377,06,-3.182083758476639e-05,-35.711798379855686,43.71565713060168,0.5540890511406792,-1.33
379,08,-3.27152816781925e-05,-15.088779016966459,50.057286181364006,0.6841084087740991,-2.4
380,09,-2.3803562745282155e-05,-1.7829848341200085,47.799041656389505,0.723202462302314,-2.28
383,12,-7.738160395268594e-06,4.967533013128466,56.59717789244652,0.8155857144017373,-1.91
384,01,-4.432973011169315e-06,15.641597058367989,49.85520389962581,0.7540054655997985,-1.83
385,02,-7.274441715534998e-06,7.353929252261208,64.81677477946593,0.8188976639793034,-1.63
386,03,-1.235675504704564e-05,-6.3443144091534345,43.386579177287324,0.5508660727059971,-1.79
387,04,-2.5035789431644346e-05,-14.869033695136176,49.48712501599656,0.48454507878621417,-1.74
388,05,-3.0008848766624646e-05,-32.62149781881353,48.67582858574712,0.5843146355331587,-1.29
389,06,-3.4230032604055946e-05,-25.01744469502767,49.43961729888122,0.6491867294311522,-1.08
390,07,-3.7348723895911946e-05,-18.427609645064162,51.34294977803511,0.6786915706101284,-0.86
392,09,-2.5484862159343414e-05,2.648160398695204,48.54894579696125,0.6202911757998997,-1.16
393,10,-1.916051529891168e-05,8.726722329416583,41.10612051369683,0.5575945420624107,-1.37
394,11,-8.12447487300637e-06,7.208228931681314,45.10324230610001,0.701429992167155,-1.21
395,12,-1.2744765838047034e-05,29.389911852764826,62.27082245179138,0.7914767973705006,-1.24
396,01,-9.557997748420493e-06,23.492998173539362,55.985124487241116,0.6659661495249759,-1.08
398,03,-1.1845709033173812e-05,-9.130659757880753,42.53471919810516,0.5974054069108861,-0.59
400,05,-3.2719707248821014e-05,-19.41600187732328,54.71462800888861,0.6124644136736471,-0.35
401,06,-3.633841799156573e-05,-15.284035491265191,54.862410076340026,0.687191437657674,-0.28
403,08,-3.664081436780238e-05,-14.530181596981583,48.63167088847007,0.5989026939638199,-0.06
404,09,-2.780254297756781e-05,-4.337274759928387,47.643611919113,0.6738562953525119,-0.32
407,12,-8.270612005098982e-06,23.135962751162953,68.44660146777348,0.7871684615842758,-0.07
408,01,-7.079607454118081e-06,9.77005108642578,59.36599973937003,0.7646267884367255,-0.05
409,02,-9.82560560788399e-06,1.2790957768758144,54.799641565576906,0.7582939325514294,-0.07
410,03,-1.6003138249269338e-05,-14.11737674147083,62.83003596656937,0.6927704286882953,-0.14
411,04,-2.0434202846445263e-05,-16.983018215264217,45.651346360141694,0.6542446823967828,-0.37
412,05,-2.7662325821888435e-05,-23.158452428017892,56.92952051083376,0.7251711857703425,-0.71
413,06,-3.319209287441886e-05,-26.815010833062065,45.349666944320994,0.6919906041463215,-1.18
414,07,-3.405638901301333e-05,-27.630988150319745,40.32137145659744,0.6092420989415978,-0.85
415,08,-3.2683108437937644e-05,-17.84199171037572,39.46305893081491,0.5766515417201544,-0.5
417,10,-1.765674730958508e-05,13.677036990258001,51.31546706972713,0.6837250661952521,-0.16
418,11,-1.2026654228591521e-05,13.685960133870443,60.59634180396663,0.8003848901536729,-0.18
419,12,-9.44601224512954e-06,28.97793200421077,55.46996279250422,0.7417389381162581,-0.35
420,01,-8.580053124215514e-06,22.96357862870411,63.49304372530727,0.7983653154680804,-0.51
423,04,-2.3883861623916246e-05,-16.521862002224392,58.86005653639768,0.6785136405097115,-0.16
424,05,-3.2321809314922687e-05,-17.350711201329386,63.11191008513332,0.6571485758955761,-0.18
425,06,-3.645346474101341e-05,-28.120134918891054,43.231891095406475,0.5881563861846926,-0.01
427,08,-3.5946427165531874e-05,-15.756697428713563,51.75170243226714,0.6329949576265069,0.16
429,10,-1.6616273676728237e-05,8.951883064844276,46.06859467966968,0.7446583362292218,0.07
430,11,-1.0089955154782932e-05,6.784489759657117,59.376273723493675,0.7732809034559462,0.34
431,12,-1.0581146033268115e-05,22.95546643394552,54.273882943514856,0.7436095230348649,0.34
432,01,-9.2527426375611e-06,26.340960131573418,62.63006211892765,0.7490556118872858,0.23
434,03,-1.5915630637317265e-05,-1.6360386480515998,44.90566300547765,0.6124300711847119,0.13
436,05,-3.070366395367009e-05,-25.76910455847299,53.73915812349191,0.6242730488520797,0.96
438,07,-3.7615658574522775e-05,-25.170489753641114,45.05531850020347,0.5755130044670517,1.73
439,08,-3.326061218056918e-05,-12.586229408838417,52.3345120203854,0.6391717044871341,1.92
440,09,-2.5603061031688413e-05,-1.6679924726698132,46.654843129608366,0.6096027513292099,2.21
442,11,-1.4898132296588707e-05,27.46974549831814,55.57987919455502,0.7604801555633546,1.88
443,12,-8.385574634596725e-06,33.275967709449034,59.292129598577816,0.8201382914307299,1.9
444,01,-9.004527324929857e-06,20.359526514525058,60.00615774854665,0.7548654516896893,1.94
445,02,-1.2519085415486441e-05,14.879537966322628,54.698993667597065,0.6743794851193482,1.81
446,03,-1.4810545610421827e-05,-5.396197126162949,59.004922374092125,0.7097408081382832,1.31
448,05,-3.16294027814815e-05,-19.310568396455505,50.32535560724812,0.6191458486331407,1.26
449,06,-3.356170396635004e-05,-23.02242342732747,60.87640379265148,0.7205961045159235,0.36
450,07,-3.758493633006676e-05,-22.269790681900524,47.74635748879372,0.6224200283583774,-0.51
452,09,-2.4645985519115736e-05,-7.889081433783638,37.34792189491059,0.524225977367825,-0.34
453,10,-1.526362983537594e-05,-3.798430909843855,48.34944315867911,0.6597179581426803,-0.6
454,11,-1.1750765303218536e-05,10.89123139716254,54.5964946256227,0.707203536605835,-0.51
455,12,-4.447676278540448e-06,15.633635981405934,42.93341399640295,0.7323895825621903,-0.34
456,01,-6.416161365773257e-06,12.223324068787278,48.97643718384928,0.6294768250988375,-0.41
457,02,-8.18821650381367e-06,12.903916228158135,62.959067062718525,0.7587214859099616,-0.41
458,03,-1.5800369091061108e-05,2.527072602630943,59.88884960889175,0.6677468735889723,-0.58
460,05,-2.9667726341906155e-05,-25.198657173730993,56.839670298081565,0.6373602849898801,0.17
461,06,-3.566179110415154e-05,-31.36642959594727,52.944568701901716,0.6336122379302978,-0.29
462,07,-3.888270218750779e-05,-23.176640851420746,56.14024401203919,0.7181722790707824,-0.7
464,09,-2.5415033401845397e-05,-5.530321179199219,52.86381167994076,0.6659469718509251,-0.8
465,10,-2.0550294828412475e-05,15.281469091599986,50.30405073937036,0.7391711337592011,-0.63
466,11,-1.2597567349661808e-05,15.910226154920792,53.90823562632401,0.7324336131201851,-0.63
467,12,-7.748080553331723e-06,20.40142875687794,63.311030514205655,0.8281377038853143,-0.73
468,01,-8.493993727101315e-06,23.796599253992884,55.116003269850566,0.773939332449308,-0.77
469,02,-1.1806723732206594e-05,-2.6082788761683875,46.30087924139698,0.49758824085053943,-0.7
470,03,-1.3339704251535219e-05,-6.768148279333628,63.03257818707726,0.7746929998910554,-0.79
471,04,-2.4140652476206825e-05,-8.481860700141059,60.03202422682047,0.6661409033033583,-1.29
472,05,-3.631899526441482e-05,-17.44638056798135,47.40056218499266,0.5143529167175294,-0.91
473,06,-3.447691067930363e-05,-33.33076165534125,39.74884000571834,0.6253157601250542,-0.51
474,07,-3.4126774513620195e-05,-44.31138712696363,36.16823902212164,0.37328913009807624,-0.17
476,09,-2.7110998255941223e-05,-4.088550005425346,48.59134079140956,0.6058865221235487,0.52
477,10,-1.717439320385384e-05,2.0582064438686585,44.893768001867876,0.639095217099754,0.41
479,12,-7.425197422547768e-06,21.47761040308142,53.53903508252609,0.7783618319521668,0.13
480,01,-8.170035396257738e-06,18.813249751593478,61.34680531404607,0.7528509053055958,0.08
481,02,-8.232899953890454e-06,13.675333238874163,51.283400613031226,0.5672636126563663,0.52
482,03,-1.7898125718357898e-05,7.876527682396675,54.192069970153995,0.721235720644715,0.77
483,04,-2.786484313502215e-05,-15.88577495863173,41.53150874974462,0.4812803420596652,0.33
484,05,-2.8741963674400066e-05,-37.081440074305384,54.09692304540707,0.6394303563435872,0.26
485,06,-3.9525050331051005e-05,-23.208365014648436,47.86380608810849,0.5841832686954074,0.35
486,07,-3.625940142692049e-05,-31.74150496025496,48.734570516079984,0.5832159745411206,0.24
487,08,-3.404563471354698e-05,-17.337182702177312,41.57153246440298,0.5233138246843891,0.3
488,09,-2.6543087166161665e-05,-4.24653964674208,45.73786681658825,0.6424437209659153,0.15
489,10,-1.8569231195137014e-05,10.235854191605762,54.45598049366731,0.7636217814209639,0.27
490,11,-1.0039879183467646e-05,10.335369747924807,64.20363267016013,0.7561230901506213,0.45
491,12,-8.260583359534854e-06,25.078029959073632,56.60606037604423,0.7474534945334158,0.41
492,01,-6.012859741277161e-06,22.106840989635838,48.67357203781476,0.7904847107343776,0.29
493,02,-1.5386156723984276e-05,31.748662168305497,64.97568837541958,0.7392679562185004,0.3
494,03,-1.9840231885472768e-05,-1.8349693298339842,46.56073982853019,0.5246091230248892,0.15
495,04,-2.7043378228700023e-05,-24.0670989525689,35.17819720014996,0.3913077477349175,-0.11
498,07,-3.552329937512147e-05,-24.55973527871409,49.31133174363516,0.6232217548739526,-1.0
499,08,-3.48960954878191e-05,-17.491402352609946,46.845165995435046,0.5777176292583507,-0.99
500,09,-2.4679065476549213e-05,-6.537764871215822,41.4254565234277,0.5480422061920166,-1.19
501,10,-1.848353834580477e-05,14.114419966174706,59.132486595437086,0.7742676958063597,-1.2
502,11,-1.0186800306089735e-05,15.631692754109702,47.969248177954896,0.7008724307590062,-1.15
503,12,-6.893300624729055e-06,15.732371215492165,60.65007041392917,0.8102792325583837,-1.16
505,02,-9.005972841740524e-06,9.622026147751583,54.51137783175566,0.7260083712169102,-0.95
506,03,-1.5948935392546162e-05,-0.9029574194467195,53.47545231677126,0.6499336244726693,-0.79
507,04,-2.588563685021654e-05,-27.98602328389486,47.86236142485672,0.5903446748521592,-0.96
508,05,-3.230829694098981e-05,-22.4746828918457,60.26473778712485,0.6661243219273064,-1.06
509,06,-3.7502937650666964e-05,-26.38411481492784,47.88007799596918,0.6145602842542861,-1.11
510,07,-3.6336240956178925e-05,-19.074829963273896,48.14752719921964,0.6512409119554747,-1.53
511,08,-3.444879628501263e-05,-12.903870650096605,45.419211714576655,0.6586032222214565,-1.34
512,09,-2.3354238802332672e-05,-7.743464881388346,41.71682162190013,0.6791360401577418,-1.41
513,10,-1.864643046111826e-05,14.62936670381279,46.729617401201246,0.7194449672083701,-1.47
514,11,-1.0072340758698473e-05,9.36498726196289,49.88987413275507,0.77442657178243,-1.4
