,month,MER,MSSHF,RH,SH,NAO
1,02,-7.399999772068052e-06,2.729709174746558,52.295623941567676,0.0003947880218570064,-1.2
3,04,-2.191347909663616e-05,-15.59233038906521,62.41300571294825,0.00044040625960559647,-2.01
4,05,-2.839083756912113e-05,-16.16055940262989,64.02205650719006,0.0007071434940667084,-0.9
5,06,-3.330413338050373e-05,-22.16353809509278,52.028707694198026,0.0009014931640296304,1.92
6,07,-3.0671342559486147e-05,-22.637875941122733,53.00265082314577,0.0010329003032600922,0.86
7,08,-2.8487004876296853e-05,-12.56110269165039,50.14281140049425,0.0009515669327950404,1.11
10,11,-1.1569333000928361e-05,13.890767045423724,49.679388139549886,0.0005703534181247354,0.42
11,12,-1.207531024335357e-05,24.691616260159407,64.98245628347064,0.000536514795466784,0.84
12,01,-5.795284385228985e-06,8.867661568262244,49.01821534482766,0.0002899667802897751,-1.38
13,02,-7.359469057738698e-06,6.865867059466484,53.581606617508264,0.0004711822304191866,-0.39
14,03,-1.4070489600584629e-05,-6.186828353717764,55.02083505403355,0.00038754746073307194,-0.73
15,04,-2.282624180893941e-05,-17.872287172783746,48.97103869282801,0.0003994695938296395,1.26
16,05,-2.9285246377967465e-05,-30.998830406271004,47.47244699586335,0.0004922136487145694,-1.34
17,06,-3.014735746900341e-05,-26.066622504679362,62.37913317463399,0.0008849550965466025,-0.07
18,07,-3.1905643976779664e-05,-14.025872309859079,48.67037434149174,0.0008957915342465621,-0.39
19,08,-3.1051088017916934e-05,-11.540256553403795,47.008779259716306,0.00108178564986637,-3.01
20,09,-2.365392635981859e-05,-3.0327022542317708,42.946886476458445,0.0009669164780382541,0.79
22,11,-1.4279194747299093e-05,14.235161112806532,54.54851769668525,0.0006224606235835986,-0.52
23,12,-7.873070872231058e-06,26.063403682913826,61.380955716897084,0.0005165828911668244,0.63
24,01,-7.860688640385075e-06,20.899533713063885,47.875411116570554,0.000374949257934248,-0.08
25,02,-8.991757432514056e-06,2.888394768487839,50.11619150138895,0.0003669208622193323,0.6
26,03,-1.2076194787720939e-05,11.89821663673975,73.37905685201383,0.0006871956544953496,-1.65
28,05,-3.0310256707952082e-05,-17.47440350473055,59.34436809112436,0.0007153930285222947,0.24
29,06,-3.0904296795920855e-05,-15.787571440294057,51.69619375912348,0.0009842194550476254,-0.15
30,07,-3.173775886429094e-05,-20.80200322239373,49.75860673643311,0.001004735188951267,0.08
31,08,-2.8741253340065727e-05,-19.03508228654759,42.77699926753197,0.0010760535270361797,0.38
33,10,-2.174942796122078e-05,9.781940688922843,60.93410625634399,0.0006867919335684071,-0.96
34,11,-1.4328458308167076e-05,19.586548003133142,54.57233108670976,0.0006729366678450485,-0.53
35,12,-7.687594037497059e-06,8.885675470167591,67.75924336626196,0.0004129887476064696,-0.11
36,01,-5.276928763964617e-06,11.574925520045783,58.01885871766587,0.00046975674859519613,-1.55
37,02,-7.864293709969517e-06,5.468580898829869,51.56958197040644,0.000443328927262103,0.86
40,05,-2.9170486620455693e-05,-20.4214844770534,47.92201473479629,0.00055373141337474,-0.44
41,06,-3.17826830204164e-05,-27.949367026435006,48.16991035015053,0.0008103595633521967,-1.34
42,07,-3.416977696542745e-05,-21.999847670688425,39.2781192299025,0.0009021180810537498,1.18
43,08,-3.1963929242763654e-05,-15.790871219429917,46.55304641459066,0.0009689928345582772,0.21
44,09,-2.1331834113273846e-05,-6.238656323920356,43.43915766518911,0.0009065412273818056,1.86
45,10,-1.6551261839878706e-05,3.491510892150223,54.79260846710333,0.000806341602621908,-0.29
46,11,-1.519573135911843e-05,20.401449884033198,56.70156626680825,0.0006367408295191699,1.55
49,02,-1.1685804688698098e-05,2.732715975443522,46.129101684696614,0.00024583032542684335,-1.04
50,03,-1.3839232150540515e-05,-0.5926843497983868,57.115805566785156,0.00048506053711077566,0.59
51,04,-2.090864053300013e-05,-10.60586452026367,65.75529212030038,0.0005298972676287223,-1.07
53,06,-3.6603149109497395e-05,-25.008415187242296,46.266101067479454,0.0008680787925681217,1.31
54,07,-3.282222612492611e-05,-33.091220865229126,44.1499227373741,0.0011865903298230965,1.22
55,08,-2.6941880611302234e-05,-27.08358682743196,31.77761535606461,0.0007854492272301715,1.95
58,11,-9.367185011372688e-06,10.117007967122396,41.05919099200301,0.0005637446514673988,-1.16
59,12,-8.522425015388596e-06,21.808005747805364,57.410435429080856,0.0005939787194328425,0.18
60,01,-1.1848107099418698e-05,28.771229348787696,56.9102486772409,0.0003542191671304773,1.42
61,02,-9.682757584759485e-06,6.4267875001403105,47.08914505602986,0.0003115679466334117,0.37
62,03,-1.3818876191033916e-05,-6.2181760956138685,56.610379949503034,0.00032761467128058087,-0.79
63,04,-2.3066575134180317e-05,-21.124448284233942,53.13685258980724,0.00045012077381442295,-0.45
64,05,-2.301351515928619e-05,-21.276121071107926,61.30564291210714,0.00067266253149976,0.55
66,07,-3.052118788760435e-05,-16.333257173927887,51.58020934386151,0.001033779662579662,-0.04
67,08,-2.8069958612225798e-05,-17.017802792784988,42.472240740586344,0.0008598136095184325,1.35
68,09,-2.2138291550658728e-05,-0.809648367987739,66.94727416271104,0.0010072270758296226,0.31
69,10,-1.5594664512004833e-05,12.420039781796033,52.5519555827328,0.0008134660352591524,0.43
71,12,-7.343828446024142e-06,12.754345215500043,59.86620702467682,0.0005638061713049892,-0.09
74,03,-1.1304150707112197e-05,-2.56875498781922,68.34861116093205,0.00041982346533168605,-0.19
75,04,-2.3272295822324753e-05,-10.486857863362628,59.37646033687326,0.0005507065881250634,0.2
76,05,-2.800802443084893e-05,-16.149492612120927,55.7763452255995,0.0007271333313690247,-0.4
79,08,-3.3271033724499884e-05,-4.3656862228557625,49.79625837316948,0.0009632387406820798,-0.74
80,09,-2.244669017984254e-05,-3.3109654418945316,48.444472670045165,0.0010995125499796714,-0.36
81,10,-1.5745955748394817e-05,1.4800897167574978,41.847355274659336,0.0007476628478483084,1.49
82,11,-1.5779393952086846e-05,2.730464919026692,53.6031213278585,0.00036442432660848377,-0.84
83,12,-6.748697063030508e-06,22.216181771555252,62.92255071562849,0.0006171308285160469,0.11
84,01,-1.0488508364736625e-05,25.802121266682942,67.17732922877546,0.00041564420438127206,0.78
85,02,-9.105866422227595e-06,-15.737989101954868,41.279925076501705,0.00019560193471323016,-1.58
87,04,-1.9242588071877733e-05,-14.953707265557181,61.57429541588492,0.00039568850197150223,-0.79
88,05,-3.1224375424332516e-05,-18.680161248648037,54.14751819698144,0.0007434592337500871,0.84
89,06,-3.5890827366468634e-05,-24.274000357055662,43.53411597645681,0.0008331960368823792,1.54
90,07,-3.000731417455182e-05,-30.125119514383297,48.19723509739805,0.0010106809674292967,0.15
91,08,-3.1366839325049225e-05,-20.726613564768147,49.22354232249208,0.0009093863952855494,-1.53
92,09,-2.1116000810717296e-05,-5.870355172729491,52.886519872754164,0.0010170114291461383,-0.95
93,10,-1.7202233669146365e-05,6.4104873591597356,48.62927366667281,0.0008042660296969873,2.2
94,11,-1.2770530823662637e-05,20.62896745435927,57.76803370095226,0.000712386935210562,2.27
95,12,-1.128779906788603e-05,28.043287035542146,58.52688881322774,0.0005160226476652414,0.83
96,01,-8.849628261046861e-06,-8.473066081057311,52.03738375666833,0.00039371051453645855,-1.85
97,02,-5.771432554432804e-06,6.824847212655203,67.52644709656069,0.0005444937176130874,-1.27
98,03,-1.3287096029671374e-05,-5.803373095440609,55.151999684815046,0.00038326355497387356,-0.26
99,04,-2.2575659647211267e-05,-11.442104777696397,52.015024873095086,0.0005509123427555208,2.03
100,05,-2.791426425801057e-05,-28.103053294192083,60.924986691195485,0.0006231550341834262,0.96
101,06,-2.8837502824555686e-05,-20.989433822292757,61.5306473079814,0.0008995023713432398,-1.53
102,07,-3.379324687933062e-05,-20.07741719498173,55.40260847481861,0.0011762637337276985,0.55
104,09,-2.5696148892024614e-05,-3.969099077690972,51.22118268649578,0.001026891966428189,-1.04
105,10,-1.9746457593286597e-05,13.28605210072507,59.41998880579267,0.0008929555590629677,0.66
106,11,-1.2423982501220758e-05,8.69252590874566,58.77474638277293,0.0005567817669088578,0.06
108,01,-9.400724827868036e-06,23.76198229324177,64.8158600401199,0.0005186993550770137,0.68
109,02,-1.553154618433063e-05,17.196350676788683,61.10995617006565,0.00036645799898507564,0.42
110,03,-1.4791143874625109e-05,4.141464673442225,71.63935923557511,0.00047325576421621175,-0.58
111,04,-2.4692344382775542e-05,-22.74501348402235,55.09817502149212,0.0005172340481790242,-1.42
112,05,-3.182606770285695e-05,-15.882362545546664,52.83810746537357,0.0007443033780645266,0.64
113,06,-2.7714982728361462e-05,-28.63852083367242,47.29024293223089,0.0008593489899378255,1.19
114,07,-3.385038605679304e-05,-9.511822006717805,59.07058047961163,0.001171458948932473,-0.32
115,08,-3.211179117533902e-05,-13.866469908683532,47.473473327189375,0.0010266525363930598,-0.07
116,09,-2.5435363158006416e-05,2.907980506727431,49.177534459747214,0.0009323654926211424,-0.82
117,10,-1.6347254436593455e-05,7.273599919801116,47.520342997120274,0.0007721173569709835,-0.66
118,11,-1.0307503538792339e-05,7.8851572241889105,46.36847800110711,0.000563931326113359,-0.49
119,12,-7.866494279115095e-06,20.208327730240367,52.71666673100892,0.00053423904773601,0.48
120,01,-5.490775168401608e-06,12.580168148245866,46.32122026583841,0.0005023698754026696,0.85
121,02,-1.1993180484209699e-05,15.243881237211681,52.799659086113884,0.00042497837058714,1.82
122,03,-1.7582771425163286e-05,5.919001820882161,61.97907953674307,0.0005982449319345967,1.54
123,04,-2.3728384267512105e-05,-15.711892689005532,62.36782957411343,0.0005368266940982721,0.16
124,05,-3.2913617601255e-05,-32.404015432706444,43.15242019264416,0.0005949903542140838,1.33
125,06,-3.3498540398290464e-05,-35.047065074327264,55.710710440916486,0.0008175972156450774,0.03
126,07,-3.3625666249610085e-05,-27.510599928661055,42.19065745926929,0.000971569565642772,1.0
127,08,-3.0036708770112647e-05,-17.0266568734774,43.458151734339296,0.0009896705504082786,-0.11
128,09,-2.1827326350689368e-05,-6.781363076782227,44.02462579022247,0.0009320243816883804,2.15
129,10,-1.9913688146604526e-05,14.103063629806684,48.60193847477949,0.0008421332443241979,0.48
130,11,-1.311930024130561e-05,7.912713109334308,43.72629240063826,0.0004454905331929088,0.03
132,01,-9.708490018202875e-06,23.531725362798216,54.619796854420386,0.0005105691684948654,0.7
133,02,-1.709957590030951e-05,31.83555304718018,59.52337883048256,0.0005475542892947997,1.16
135,04,-2.7999317039636173e-05,-19.276666238742408,46.732171709169286,0.00037736529698403654,2.03
136,05,-3.125298669270236e-05,-34.3688931694441,36.06377147361027,0.00042185220914118,-1.37
137,06,-3.068480971400681e-05,-23.63770078192817,52.16888050745726,0.0008391077614164817,0.29
139,08,-2.897321149455781e-05,-28.290339532667595,47.590817581110095,0.0010727420896216627,1.12
141,10,-1.8407037761653066e-05,10.48773665069252,49.92561818830045,0.0007825079715910818,0.76
142,11,-1.0645134954231454e-05,8.876481322224937,54.38112868225972,0.0004970781178460824,-0.39
143,12,-1.0178729378000547e-05,19.264495642221096,49.02194799312469,0.0004455819003796224,0.11
144,01,-9.804670876438911e-06,24.167181801416536,38.86062395377826,0.00029198987653266507,0.49
145,02,-6.996622216688376e-06,0.507544446309408,46.996895068120395,0.000305701507385693,0.74
146,03,-1.2629808311264428e-05,-0.5304674036169569,53.76618897918476,0.0005727407951866191,-0.61
147,04,-2.5889148811054637e-05,-18.50936585184733,50.20018549894757,0.00041218083241272116,0.17
148,05,-2.5811937759284265e-05,-33.066711107479634,47.67298183366304,0.0005622225995608382,0.12
149,06,-2.987989489524302e-05,-20.686577268473304,57.62339900992447,0.0007455840776351881,-0.52
150,07,-3.606362330103894e-05,-12.26554677852508,46.37869990175771,0.0011091873102282322,-0.46
154,11,-1.4646135411648073e-05,14.444811823866104,60.08639300202131,0.0006339337644810405,0.37
155,12,-7.654158530845394e-06,17.942148733159545,42.031411531264894,0.00046165224257053707,0.34
156,01,-5.988280283046514e-06,9.900324605634134,41.55076964045469,0.000437638549289248,-0.66
157,02,-7.568776633878318e-06,10.513905402874128,42.596786469010105,0.00039763415424268303,0.77
158,03,-1.6743815379482177e-05,3.675611719931326,56.535387553599556,0.0004879701252311531,0.51
159,04,-2.3724830210206465e-05,-12.979907084147134,60.15185276207658,0.000579528459085648,1.88
160,05,-3.502280750303383e-05,-18.415903687507882,37.98684394011575,0.0005439886107167655,2.49
161,06,-3.339920427913765e-05,-25.873405965508358,43.36981476617124,0.0008486856836498394,0.51
162,07,-3.3542465003026134e-05,-26.574038988010855,46.61348771423679,0.0011160113274397768,0.19
164,09,-2.5466491539959356e-05,-1.4094354346381297,48.6797681992597,0.0008614746787727199,-0.28
167,12,-8.425528942156701e-06,11.411874493342573,45.69198678764476,0.00046205227275860006,0.35
169,02,-8.449411843078754e-06,-1.1622854381742926,41.2482318814184,0.00038359931115603885,0.12
170,03,-1.4966802825774622e-05,-6.011914413616221,42.24266758934657,0.0004124762266675568,0.3
171,04,-2.191761210872048e-05,-4.539731902737087,59.59964808656376,0.000576000432182122,0.91
172,05,-3.0932743489659034e-05,-26.541132331437964,51.168041845343446,0.0007194121543284234,-0.67
173,06,-3.281592492067931e-05,-24.277929318237305,46.836056776909025,0.0009091609778879503,-0.29
174,07,-3.3366269429406925e-05,-23.52127023184171,53.23872095220833,0.0009773544866860003,-3.14
175,08,-3.234485571499712e-05,-11.285276480397874,49.79429166342623,0.0010167660779612973,0.03
176,09,-2.2725771390226628e-05,-2.4448908416748045,57.50485973500145,0.000888641576060541,-0.41
177,10,-1.798888249350155e-05,2.3637267239478326,43.9463890340828,0.000542134024022548,-0.26
178,11,-1.1587640056374466e-05,-1.8295716874864363,52.225245416957804,0.00047988380124447253,2.56
179,12,-9.250304196792702e-06,31.236705364924607,64.63241229699248,0.0004956924168822877,1.36
180,01,-8.814763398506955e-06,28.086010490499522,59.814965074129006,0.0004701822597394422,0.7
181,02,-9.681430163471391e-06,-2.9269207930791947,54.97462990093799,0.0004138276064931533,0.08
182,03,-1.5868986940443404e-05,12.424105568506382,56.25959003628518,0.0005810495797577411,0.92
183,04,-2.4481364455176743e-05,-15.54007357143826,53.21672202842236,0.00040480200442157807,1.1
184,05,-2.8615912740195944e-05,-19.306992470361852,50.8592781971834,0.0006858745914348111,-0.48
185,06,-3.390126228795352e-05,-22.424498955281575,49.86442946763436,0.0010699702445989207,1.84
186,07,-3.466171150601792e-05,-32.442688338413035,36.16844127948567,0.0009186411803072188,1.34
187,08,-3.527003988845888e-05,-15.806742182249662,41.714041907468136,0.0008680270261172562,0.36
188,09,-2.649383951805552e-05,-2.2674784339057075,50.77799905458556,0.0008433525541978978,-1.14
189,10,-1.8016295581522476e-05,4.47270425086893,52.33998963107474,0.0007590626369145407,-0.54
190,11,-8.92097842036795e-06,12.752254605102538,55.27824593100681,0.0008178240753429337,0.54
191,12,-1.093666692604627e-05,22.757288210632986,53.902280609893545,0.0005556525008313002,1.78
192,01,-1.2804497735976505e-05,25.385474410518523,57.77612080058489,0.00045759688101936,0.57
195,04,-2.3056703787511248e-05,-15.611610607231992,48.9374839578549,0.0005232466899471546,-1.07
197,06,-3.44918315846169e-05,-24.446217814466692,49.08188772321145,0.0007471122926498033,0.44
198,07,-3.591561413959817e-05,-25.92438248894804,39.340810654867084,0.001035028367159925,-0.19
199,08,-3.331847033315239e-05,-31.29434137422295,33.68999910253863,0.0008271361476220967,0.76
200,09,-2.6222378082234683e-05,-4.395296908230251,54.09243484116659,0.0008676720050675714,0.45
201,10,-1.4566836962311297e-05,5.514771194293934,41.310020164710224,0.0008753650264261328,0.72
203,12,-8.991161045966975e-06,-5.598886509064706,48.51484771922968,0.00039905608716880105,-1.64
205,02,-7.544903639281147e-06,5.38362545916678,55.18347650017959,0.00031412921131322426,-0.52
206,03,-1.2827322511164368e-05,-10.990242480862525,51.72073062135199,0.0004322530456430366,-0.66
207,04,-2.0502408365953464e-05,-21.604367342122394,58.54018084150156,0.0005573882549563778,-0.33
209,06,-2.8253365109311642e-05,-38.732165323215064,41.61192797080808,0.0007725716853643563,0.87
210,07,-3.142641031134248e-05,-27.054918192217425,49.82263012584947,0.0009566610893040974,0.7
211,08,-2.9903093116464793e-05,-15.358725825155936,42.33743624172287,0.0008052989171323801,1.19
212,09,-2.534073391895315e-05,-7.00570699428982,43.673043699496326,0.0007056351989302735,-0.69
213,10,-1.7171301486478214e-05,8.106230379494288,51.02844809201841,0.0008193838488076182,0.15
215,12,-8.836182103413613e-06,1.1414017176474303,51.832999992789766,0.000456995769084828,-1.4
216,01,-3.583592048936e-06,-1.2817189340899076,35.36421269791357,0.0002965270524839061,-1.08
217,02,-9.97768289436776e-06,28.48145621345157,61.04910012837534,0.0005305327026612487,1.48
218,03,-1.2413017713795421e-05,-3.0697627356744577,49.8996438915832,0.0005206532129615308,1.13
219,04,-2.201332183204714e-05,-17.60772253417969,50.15108422283994,0.0005176294510015927,-1.25
220,05,-3.085946982284968e-05,-22.07697987414944,55.658551038389554,0.000691181856834612,-0.21
221,06,-3.476727682935032e-05,-20.254541469319665,56.16686724849277,0.0008864397704303581,-1.17
222,07,-3.376502295814329e-05,-20.43258258581674,48.29218798171063,0.0008547632643424363,0.37
223,08,-3.064838395117496e-05,-15.397676236060358,39.11490551742816,0.0010386910332973625,0.94
224,09,-2.7053925191669103e-05,-10.968042353990342,40.873450344501606,0.0009289264848881631,0.74
226,11,-1.1372840429430654e-05,5.54297788119846,52.451002673839106,0.000528491018474924,-1.08
227,12,-9.893875752236308e-06,16.98351939342868,60.12797338394067,0.0005512983522442909,-0.98
229,02,-7.893391973560764e-06,12.879144769577753,54.623768248409036,0.000624683462594898,-0.57
230,03,-1.582076560769428e-05,4.910139277304372,64.38913835901599,0.0006810213565312239,0.51
231,04,-2.2395207648413717e-05,-10.670934447903104,67.35853829729425,0.0005132326088525791,-0.88
232,05,-3.182257207745645e-05,-20.036693252071256,51.31070372274871,0.0007038634061112829,-1.17
233,06,-3.4082233544055876e-05,-13.138249787733287,60.09514157660935,0.001018815234679136,-2.44
234,07,-3.6390916169732936e-05,-13.917790471887077,46.5719772114318,0.0009119439115554566,-0.45
235,08,-3.4686337675251e-05,-19.754633603331865,40.27667498864153,0.0009149996268527415,-0.15
236,09,-2.4247977624205914e-05,0.3736279635959201,55.41774919654528,0.0010404470592029612,-1.8
237,10,-2.3367591303340108e-05,14.50471792602539,57.49670259841796,0.0007692835288216944,0.2
238,11,-1.186565926222506e-05,4.6568576497395835,50.09492808050447,0.0004236663616776847,-0.43
240,01,-9.430198710966792e-06,24.63400003675235,61.44896206574927,0.0005411838983149154,0.39
241,02,-1.079772392194216e-05,13.779260249546594,59.85849182345754,0.0004247924906180526,-0.11
242,03,-1.3397230129969535e-05,-0.9194605676794566,60.6708199271861,0.000520822167453769,-0.16
244,05,-3.422614240797327e-05,-20.88572949317194,50.723297991629586,0.0007112033766742989,0.9
245,06,-3.759346314859108e-05,-24.964019442409946,49.104056137108806,0.0007349941236675172,1.44
246,07,-3.775679561435789e-05,-20.12216363230059,34.70881050790896,0.0008227019134094047,-0.87
247,08,-3.318467006672979e-05,-13.657699137697938,45.50563225292391,0.0009116657846986517,0.38
248,09,-2.59650643648355e-05,-3.5717024329291456,50.26974016195536,0.0010456855732800857,0.5
249,10,-2.1588807777500546e-05,5.981483147405809,48.24640764357326,0.0006945507025795002,0.73
250,11,-1.3179962080519347e-05,12.654008286878799,52.50058610761298,0.0005313356323464177,0.55
251,12,-1.3700721242369786e-05,27.986750325848984,63.54783165261822,0.0004460608781439875,1.4
252,01,-6.553396535759588e-06,18.42038040095504,45.80448549491872,0.0004392718665100694,0.19
253,02,-1.2230161100386137e-05,18.65321454909752,54.35344561065067,0.0004498816253623835,1.48
254,03,-1.4517082142339604e-05,-0.5979741453765541,58.83941007500695,0.0004991599991315802,0.4
257,06,-3.750390542944741e-05,-27.016546727159287,42.780413097916714,0.0008396627575370277,0.28
258,07,-3.168135436499142e-05,-21.668345875401656,51.88578506780696,0.0008486174719188665,-1.0
259,08,-3.0941285219664524e-05,-19.063545700565466,39.65101154342005,0.0008177378859400235,-0.5
260,09,-2.4486756719630248e-05,-2.020394458007812,56.817002186003,0.0011746618843225302,-0.06
261,10,-2.1893689024856883e-05,11.235235126454343,57.40779917159772,0.000834898857871064,1.51
262,11,-1.5146696185204038e-05,20.892512133110895,68.07071139411661,0.0005471246481323154,-1.1
263,12,-1.1904006665214989e-05,20.81303864280127,63.79751548051194,0.0005704053421768659,-0.63
264,01,-6.723928980547147e-06,14.384707934964087,53.25762820807451,0.00033838884669713326,-0.22
265,02,-9.421481274265325e-06,7.153048214503697,61.79020408172125,0.00045849606639379885,0.07
266,03,-1.3063552253355424e-05,-6.242824222359606,58.59238742218351,0.00043964260734938635,-1.73
268,05,-3.372209000100225e-05,-25.790908090242777,45.58359570831253,0.0006874419770607463,0.03
270,07,-3.6646507612448495e-05,-24.41304970722813,43.035889669943884,0.0009577895311687377,-0.22
271,08,-3.349079792080317e-05,-13.273838911159066,49.470468634774605,0.0011785009511229004,-0.22
272,09,-2.8629883362433853e-05,-3.361749937269423,60.89090815499625,0.0008204311439514236,-0.49
273,10,-1.872843477780094e-05,15.499699002173642,52.0420637966638,0.0009255201393185142,0.25
274,11,-1.4045017091525046e-05,9.019137569173179,50.75557469189433,0.0006085738384488525,0.53
275,12,-9.904081011676856e-06,14.487402564920403,52.82181985401466,0.00042967180998163804,-0.86
276,01,-6.60295483731882e-06,23.604068570044735,51.65779350411636,0.0005113839650168305,0.0
277,02,-1.6342577849974034e-05,27.257544948032923,61.67323920420096,0.0005129149039266849,0.8
278,03,-1.718439095667989e-05,-2.8514695644583754,52.573686629964456,0.0004819596547454955,0.32
279,04,-2.4829810814864887e-05,-14.182246478949653,49.20558492463959,0.0004709443206453266,1.14
280,05,-3.0134792006426703e-05,-17.31557953963741,52.31226475243542,0.0007120376103461025,-0.15
283,08,-3.0240783373966385e-05,-12.41071590333344,52.640142950275894,0.001163815572202473,0.36
285,10,-2.2813934475604865e-05,5.003235001430717,55.25826176021304,0.000718885400139463,-1.97
287,12,-9.155090198257839e-06,-0.601292420089886,52.83887711868107,0.0004945328851989802,-0.96
288,01,-7.996820467572737e-06,16.024269751435966,52.92226850532075,0.00041192595895207524,-0.32
289,02,-9.213011075579354e-06,1.6289639434814458,40.65915042115535,0.0002735949758984874,0.26
290,03,-1.4304734281419465e-05,-4.024482163624097,45.80751552796749,0.0004401956440712298,-0.07
291,04,-2.383696288773839e-05,-17.2942943037245,47.44735419490735,0.0004770017007668381,-0.34
294,07,-3.637924248004731e-05,-25.786057973554062,44.12265574810709,0.000985359612786695,0.16
296,09,-2.437035215904568e-05,-12.497950702243381,40.21523504180775,0.0008103102327222991,0.16
299,12,-8.986315398414586e-06,16.75842543636855,56.42778465677845,0.0005586620659873345,0.5
300,01,-8.992702947169514e-06,20.66453995308825,64.87525535803712,0.0004630176850634722,-0.85
302,03,-1.5225630396960167e-05,1.0669384965794064,50.376974003080406,0.00036018773000070863,0.67
303,04,-2.4217375733618005e-05,-11.611916856553819,59.49211039767795,0.0005477365501182944,1.11
306,07,-3.5823426863228845e-05,-21.040274605699764,48.61712288511441,0.0009030186964724067,1.16
307,08,-3.442271008691844e-05,-10.630728795861687,53.4802156332962,0.0011410420949086592,-0.74
308,09,-3.09724094837697e-05,1.3779368174235027,41.60773183429904,0.0008935518929530012,0.52
309,10,-1.9737982986943505e-05,10.8786054316695,45.96995730125903,0.0006333934098819987,-0.69
310,11,-1.219442167142309e-05,8.63346869269477,52.650442458646836,0.0006341721947358944,0.63
311,12,-6.509792311736683e-06,12.651209838210898,41.13814304297201,0.0003987152580916455,1.03
312,01,-1.0532949036563073e-05,27.835473567839585,50.62756816835045,0.0004537746557087837,1.26
314,03,-1.2645556585016247e-05,2.2825399281491516,62.992716266741034,0.0005048640071809572,-2.32
315,04,-2.402455134354872e-05,-12.38321820203993,55.9102142579476,0.0005435340928157731,-0.47
316,05,-3.3327865934669755e-05,-23.83920729967343,52.369123788558014,0.0006399812987691344,-1.11
317,06,-3.715115132452208e-05,-30.632264646063906,50.84424858076307,0.0010480431722563416,0.26
318,07,-3.409394384040644e-05,-23.561669685609886,47.80977541725482,0.0009847484367624458,-0.48
320,09,-2.545146969718593e-05,-6.704652192857532,39.75358392157654,0.0009221086927508522,0.76
321,10,-1.7187334372416657e-05,10.538457600583316,41.694871458662455,0.0007750956863858269,-0.55
322,11,-1.4535249143672345e-05,9.326381112670902,61.63253474075529,0.0005952350228117148,-0.46
323,12,-9.12172876785682e-06,14.485518746324761,56.37181309181387,0.0004220962651623558,-0.5
326,03,-1.3873502668170125e-05,-4.782673361173239,59.930227692120816,0.00041051977616280897,-1.75
327,04,-2.37631702343909e-05,-18.782449027506512,53.65862876264652,0.00045216028320109117,1.2
328,05,-3.370682173148433e-05,-13.439136345319852,55.415879218805216,0.0006535041197075036,-1.01
330,07,-3.3670624993676266e-05,-35.11209074615151,34.7803111832411,0.0009552916027034605,0.93
331,08,-3.203818718891423e-05,-14.970106861073484,56.166526000266416,0.0009000416037593156,-2.35
333,10,-2.0357669840078775e-05,8.929626497002058,49.91160704086961,0.0008570413862924212,-1.92
335,12,-1.1844671387852061e-05,21.158474252352146,51.61357204472506,0.0005773151541380593,1.15
336,01,-1.3167410284109127e-05,32.71415653975292,54.798027210791915,0.0005230013527154189,-0.25
337,02,-9.635896793779033e-06,12.227102448962983,62.05461917357218,0.0005590188341237168,-0.98
338,03,-1.969343553138324e-05,2.858439688077537,50.951221448258686,0.0004028064890359467,1.11
339,04,-2.5420359923575438e-05,-23.728481532796227,35.425640993569964,0.0005033413915325177,0.04
340,05,-3.1186685044343005e-05,-23.42358186127037,55.67473245647261,0.0008101687334261413,0.66
341,06,-3.458860908376663e-05,-19.802041976589628,51.81401281598541,0.0009322974188374144,-1.01
342,07,-4.0491175616739144e-05,-14.380545316962786,51.51913973191349,0.0009613429224455643,-0.55
344,09,-2.677926907070085e-05,-2.246240928141275,48.58724766878287,0.0008591688969658409,0.85
345,10,-1.4836711174446523e-05,-1.5530790907336818,46.4751422240952,0.0008285501714110792,1.0
346,11,-1.4172945336880124e-05,15.984315191311307,55.0159122577058,0.0006465871534172897,0.48
347,12,-9.103623443880553e-06,18.67049515623687,44.72693699303237,0.0003995294160866323,0.23
348,01,-9.98381483742544e-06,30.50790186531313,59.32570013750177,0.0005276380488101,0.53
349,02,-9.733829621899499e-06,11.488472740085646,43.235250111784055,0.00042143233519641003,0.38
351,04,-2.446588194630345e-05,-15.287676639472116,50.48518859204715,0.00038008468478427,-1.31
352,05,-3.326288808405293e-05,-18.37616691179173,46.32872357566895,0.0006870887521260839,-1.55
353,06,-3.476253857051133e-05,-32.52892781643338,47.80475471985869,0.0008564286241224787,-1.09
354,07,-3.577182100015043e-05,-18.878891244211506,53.425692884929724,0.0011261872946572934,-1.24
355,08,-3.3834556450724496e-05,-9.036356891591062,49.02626591384924,0.001041277370647549,-1.62
356,09,-2.5189189388381943e-05,-2.5223080678304033,46.95382839618127,0.0009044781553824899,1.14
357,10,-1.8222273044254205e-05,6.518695762716314,54.30898137165141,0.0008543528111196123,0.47
358,11,-1.2143508331428165e-05,12.723418456013999,55.05112889809742,0.0005676329277205644,-0.47
359,12,-6.623100362498576e-06,8.910789440196046,51.189781416840454,0.00043185676473623153,-0.35
360,01,-6.219402897665034e-06,13.638463789416898,56.756673166043,0.0004136181822207933,-0.52
364,05,-3.152253704363203e-05,-24.89160391596312,50.72287625494953,0.0007151075125502661,1.61
365,06,-3.4585202314802804e-05,-32.20444840494791,47.13420631794532,0.0007885755440597576,-0.91
366,07,-3.995988693131167e-05,-23.939954596078525,46.67216465320125,0.0009029157017727434,-2.11
367,08,-3.326769469126164e-05,-18.63527480389995,42.41847231385144,0.0010581389043553269,-0.37
368,09,-2.396435872586961e-05,-8.675344586181641,43.626415080409586,0.0009490466401233954,1.62
369,10,-1.8213049179844e-05,4.716025361748153,49.256211021474606,0.0008116932342555208,-0.61
370,11,-1.3997967538165946e-05,28.005924584282763,63.3120259418408,0.0006304514712387844,-0.16
372,01,-6.091251291421628e-06,2.9262350808420488,60.36061479552843,0.0003629201125318107,-1.8
373,02,-7.65345504045659e-06,5.717629487900508,61.53230691539674,0.0003673177904023817,-2.69
374,03,-1.4227020407356234e-05,-0.1344084672825314,56.345688745778084,0.0004143901391054961,-1.33
376,05,-2.827942739082006e-05,-27.387183430333288,51.416537502500645,0.0005531739490862218,-1.33
377,06,-3.182083758476639e-05,-35.711798379855686,43.71565713060168,0.0008911056623261983,-0.52
379,08,-3.27152816781925e-05,-15.088779016966459,50.057286181364006,0.0010051635737900273,-1.69
382,11,-1.1904203317903414e-05,4.708053307088217,64.34552551558414,0.000539917925373298,-1.84
383,12,-7.738160395268594e-06,4.967533013128466,56.59717789244652,0.00034308914540316133,-1.8
385,02,-7.274441715534998e-06,7.353929252261208,64.81677477946593,0.0005457368057977929,0.35
386,03,-1.235675504704564e-05,-6.3443144091534345,43.386579177287324,0.00039190909222795576,0.24
387,04,-2.5035789431644346e-05,-14.869033695136176,49.48712501599656,0.0005911379486306348,2.55
388,05,-3.0008848766624646e-05,-32.62149781881353,48.67582858574712,0.0006954327806093939,-0.01
389,06,-3.4230032604055946e-05,-25.01744469502767,49.43961729888122,0.000881464317699061,-0.98
390,07,-3.7348723895911946e-05,-18.427609645064162,51.34294977803511,0.0009686399827052652,-1.48
391,08,-3.274760770019843e-05,-10.64563058373236,50.85391145080519,0.0011464830641275342,-1.85
392,09,-2.5484862159343414e-05,2.648160398695204,48.54894579696125,0.0010463940876720393,0.67
393,10,-1.916051529891168e-05,8.726722329416583,41.10612051369683,0.0007127288467344178,0.94
394,11,-8.12447487300637e-06,7.208228931681314,45.10324230610001,0.0006513960211994212,1.3
395,12,-1.2744765838047034e-05,29.389911852764826,62.27082245179138,0.0004817236066579237,2.25
396,01,-9.557997748420493e-06,23.492998173539362,55.985124487241116,0.00043240021513436713,0.86
401,06,-3.633841799156573e-05,-15.284035491265191,54.862410076340026,0.0009098009567069676,-2.25
402,07,-3.9630504535585143e-05,-18.105863085346844,55.33667580591222,0.0010251161839649637,-1.29
403,08,-3.664081436780238e-05,-14.530181596981583,48.63167088847007,0.0010329766651933964,-1.39
405,10,-1.749340033099435e-05,6.576196681525118,62.883388684188155,0.0009416702161500776,-1.73
406,11,-9.782895505729057e-06,13.286790387301977,48.36725960095062,0.0004847364594485018,-0.74
407,12,-8.270612005098982e-06,23.135962751162953,68.44660146777348,0.0005064767144187343,0.07
408,01,-7.079607454118081e-06,9.77005108642578,59.36599973937003,0.000497766507189808,-0.11
409,02,-9.82560560788399e-06,1.2790957768758144,54.799641565576906,0.0003367882807537607,-0.96
410,03,-1.6003138249269338e-05,-14.11737674147083,62.83003596656937,0.0004201141621528276,-2.09
411,04,-2.0434202846445263e-05,-16.983018215264217,45.651346360141694,0.0004941429305161389,0.6
412,05,-2.7662325821888435e-05,-23.158452428017892,56.92952051083376,0.0006636143321345607,0.58
413,06,-3.319209287441886e-05,-26.815010833062065,45.349666944320994,0.0008767861766169669,0.83
414,07,-3.405638901301333e-05,-27.630988150319745,40.32137145659744,0.0009992564759155084,0.7
416,09,-2.475842662511746e-05,-8.054260448540582,49.65095689521101,0.0009952416975374742,0.38
417,10,-1.765674730958508e-05,13.677036990258001,51.31546706972713,0.0007650325017121314,-0.88
421,02,-1.1990748406116751e-05,26.598223410470148,61.15281964255657,0.000413683501669097,1.07
422,03,-1.6731313326227373e-05,-1.3453218475669946,47.843510205716214,0.0004369409978938565,0.44
423,04,-2.3883861623916246e-05,-16.521862002224392,58.86005653639768,0.0007145584834816368,0.19
424,05,-3.2321809314922687e-05,-17.350711201329386,63.11191008513332,0.0007860145196551182,-0.8
425,06,-3.645346474101341e-05,-28.120134918891054,43.231891095406475,0.0007369192126624208,-0.67
427,08,-3.5946427165531874e-05,-15.756697428713563,51.75170243226714,0.00083940602619154,-2.28
428,09,-2.0748739615697153e-05,-9.244409510294595,35.08465283191469,0.0007514128688763474,1.72
429,10,-1.6616273676728237e-05,8.951883064844276,46.06859467966968,0.0007536827149327755,-0.87
430,11,-1.0089955154782932e-05,6.784489759657117,59.376273723493675,0.0007041661412425191,0.58
431,12,-1.0581146033268115e-05,22.95546643394552,54.273882943514856,0.00047802787376777174,1.63
432,01,-9.2527426375611e-06,26.340960131573418,62.63006211892765,0.000489844752344597,1.57
433,02,-8.153189459681882e-06,8.31590086110433,48.93550452213628,0.0003498088643584164,1.05
434,03,-1.5915630637317265e-05,-1.6360386480515998,44.90566300547765,0.00042303985436162447,1.12
435,04,-2.4346638547669703e-05,-22.934988667466907,50.17846367060873,0.0005260060907692656,0.64
436,05,-3.070366395367009e-05,-25.76910455847299,53.73915812349191,0.0007177736570713329,0.19
438,07,-3.7615658574522775e-05,-25.170489753641114,45.05531850020347,0.0010782962788556474,-3.14
439,08,-3.326061218056918e-05,-12.586229408838417,52.3345120203854,0.0013657396460582901,-1.1
440,09,-2.5603061031688413e-05,-1.6679924726698132,46.654843129608366,0.0007566028229298049,-0.49
442,11,-1.4898132296588707e-05,27.46974549831814,55.57987919455502,0.0007983321246238999,1.7
443,12,-8.385574634596725e-06,33.275967709449034,59.292129598577816,0.0007795188684168917,1.99
444,01,-9.004527324929857e-06,20.359526514525058,60.00615774854665,0.000488436789451965,-0.37
445,02,-1.2519085415486441e-05,14.879537966322628,54.698993667597065,0.000396557157183862,1.35
446,03,-1.4810545610421827e-05,-5.396197126162949,59.004922374092125,0.00045848496732475713,0.37
447,04,-2.7581765115751797e-05,-20.820068422105575,57.557788026644126,0.0004367676396880408,0.26
448,05,-3.16294027814815e-05,-19.310568396455505,50.32535560724812,0.0007176550833915553,-0.67
449,06,-3.356170396635004e-05,-23.02242342732747,60.87640379265148,0.0010927039331910299,-0.13
452,09,-2.4645985519115736e-05,-7.889081433783638,37.34792189491059,0.0009151321535124882,0.74
453,10,-1.526362983537594e-05,-3.798430909843855,48.34944315867911,0.0005933222717686742,0.96
454,11,-1.1750765303218536e-05,10.89123139716254,54.5964946256227,0.0005619674263660951,-0.31
456,01,-6.416161365773257e-06,12.223324068787278,48.97643718384928,0.00038658891371489107,0.05
457,02,-8.18821650381367e-06,12.903916228158135,62.959067062718525,0.0005283647472425172,0.69
458,03,-1.5800369091061108e-05,2.527072602630943,59.88884960889175,0.0006005471790666234,0.37
459,04,-2.5679135762624757e-05,-26.331729773288306,46.84454056873057,0.00046593889041503434,1.74
461,06,-3.566179110415154e-05,-31.36642959594727,52.944568701901716,0.0011968786994141958,0.35
462,07,-3.888270218750779e-05,-23.176640851420746,56.14024401203919,0.0012087215603821659,1.28
463,08,-3.333480648354688e-05,-12.395997953681537,44.035043613662005,0.0010214693359917133,-1.53
464,09,-2.5415033401845397e-05,-5.530321179199219,52.86381167994076,0.0008053615700507684,-0.45
465,10,-2.0550294828412475e-05,15.281469091599986,50.30405073937036,0.000977998422354175,0.71
466,11,-1.2597567349661808e-05,15.910226154920792,53.90823562632401,0.0005069242515831825,-0.14
467,12,-7.748080553331723e-06,20.40142875687794,63.311030514205655,0.0004944631197981608,0.73
468,01,-8.493993727101315e-06,23.796599253992884,55.116003269850566,0.0004060688798143667,1.17
476,09,-2.7110998255941223e-05,-4.088550005425346,48.59134079140956,0.0010813803784312972,1.78
477,10,-1.717439320385384e-05,2.0582064438686585,44.893768001867876,0.0008625090847966448,1.53
478,11,-1.049799736220949e-05,11.533768935139973,58.11769115721252,0.0007007089032915043,-0.25
480,01,-8.170035396257738e-06,18.813249751593478,61.34680531404607,0.0004562786708415723,0.18
482,03,-1.7898125718357898e-05,7.876527682396675,54.192069970153995,0.0005073455370986293,0.89
483,04,-2.786484313502215e-05,-15.88577495863173,41.53150874974462,0.0003912166226224751,0.36
484,05,-2.8741963674400066e-05,-37.081440074305384,54.09692304540707,0.0006720132131989082,-2.38
485,06,-3.9525050331051005e-05,-23.208365014648436,47.86380608810849,0.0009900846631499234,-0.79
487,08,-3.404563471354698e-05,-17.337182702177312,41.57153246440298,0.0009153493840614355,-1.62
488,09,-2.6543087166161665e-05,-4.24653964674208,45.73786681658825,0.0009920191406140525,-0.01
489,10,-1.8569231195137014e-05,10.235854191605762,54.45598049366731,0.0009659558784721729,-1.03
490,11,-1.0039879183467646e-05,10.335369747924807,64.20363267016013,0.0005838539287481886,0.16
492,01,-6.012859741277161e-06,22.106840989635838,48.67357203781476,0.0005441964545661171,1.05
493,02,-1.5386156723984276e-05,31.748662168305497,64.97568837541958,0.0006172183049920366,0.98
494,03,-1.9840231885472768e-05,-1.8349693298339842,46.56073982853019,0.00044156570029401656,0.66
495,04,-2.7043378228700023e-05,-24.0670989525689,35.17819720014996,0.00044264087076846477,-1.26
496,05,-2.995519203009721e-05,-45.04488896819084,46.51938461271666,0.0006991983233638057,-0.33
497,06,-3.546342912159163e-05,-30.903872137790252,54.092656515480414,0.0009531023765690003,0.16
499,08,-3.48960954878191e-05,-17.491402352609946,46.845165995435046,0.0011642942770002831,0.03
500,09,-2.4679065476549213e-05,-6.537764871215822,41.4254565234277,0.0009814041400650556,1.11
501,10,-1.848353834580477e-05,14.114419966174706,59.132486595437086,0.0008436635503033075,-0.2
502,11,-1.0186800306089735e-05,15.631692754109702,47.969248177954896,0.0007050563983345021,2.54
503,12,-6.893300624729055e-06,15.732371215492165,60.65007041392917,0.0004749457487080894,-0.37
504,01,-7.860778656987515e-06,14.34612370152627,66.80461903254064,0.0004323260738559914,-1.8
505,02,-9.005972841740524e-06,9.622026147751583,54.51137783175566,0.000539877978493261,-0.29
506,03,-1.5948935392546162e-05,-0.9029574194467195,53.47545231677126,0.0004469089032667109,0.36
507,04,-2.588563685021654e-05,-27.98602328389486,47.86236142485672,0.0003414452638194754,-1.69
508,05,-3.230829694098981e-05,-22.4746828918457,60.26473778712485,0.0005485733494364279,-1.1
509,06,-3.7502937650666964e-05,-26.38411481492784,47.88007799596918,0.0010744130859948195,1.08
510,07,-3.6336240956178925e-05,-19.074829963273896,48.14752719921964,0.001075812178065009,0.06
511,08,-3.444879628501263e-05,-12.903870650096605,45.419211714576655,0.000943864032105035,-0.49
512,09,-2.3354238802332672e-05,-7.743464881388346,41.71682162190013,0.0009716396207307595,-0.06
513,10,-1.864643046111826e-05,14.62936670381279,46.729617401201246,0.0007882013383125549,-1.98
