,month,MER,MSSHF,RH,SD,sst
0,01,-7.186377549426466e-06,5.464709561255669,62.6901256937955,0.010292715281568547,-208.11876
1,02,-7.399999772068052e-06,2.729709174746558,52.295623941567676,0.0088853447891417,-252.49718
2,03,-1.408509512223264e-05,7.08405715679866,62.090667984242096,0.00040960040271923105,-260.6345
3,04,-2.191347909663616e-05,-15.59233038906521,62.41300571294825,3.557954761717054e-05,-213.38321
4,05,-2.839083756912113e-05,-16.16055940262989,64.02205650719006,4.408267492889076e-05,-108.649216
5,06,-3.330413338050373e-05,-22.16353809509278,52.028707694198026,0.0,56.88711
6,07,-3.0671342559486147e-05,-22.637875941122733,53.00265082314577,0.0,208.37221
7,08,-2.8487004876296853e-05,-12.56110269165039,50.14281140049425,0.0,299.82867
8,09,-2.3132900744369383e-05,-4.023202255249023,42.3501046719922,0.0,270.3994
9,10,-1.6345863611966567e-05,2.642213581372333,56.92965585534547,5.061999700402701e-05,151.74283
10,11,-1.1569333000928361e-05,13.890767045423724,49.679388139549886,8.024262719684175e-05,14.056938
11,12,-1.207531024335357e-05,24.691616260159407,64.98245628347064,0.00017524099221793556,-112.316895
14,03,-1.4070489600584629e-05,-6.186828353717764,55.02083505403355,6.114121534491099e-05,-267.13205
15,04,-2.282624180893941e-05,-17.872287172783746,48.97103869282801,0.0,-220.7666
17,06,-3.014735746900341e-05,-26.066622504679362,62.37913317463399,0.0,52.345497
18,07,-3.1905643976779664e-05,-14.025872309859079,48.67037434149174,0.0,210.80803
19,08,-3.1051088017916934e-05,-11.540256553403795,47.008779259716306,0.0,298.0196
20,09,-2.365392635981859e-05,-3.0327022542317708,42.946886476458445,0.0,262.47488
22,11,-1.4279194747299093e-05,14.235161112806532,54.54851769668525,0.0015326325999365914,3.0203018
23,12,-7.873070872231058e-06,26.063403682913826,61.380955716897084,0.0016069860227646364,-121.441666
24,01,-7.860688640385075e-06,20.899533713063885,47.875411116570554,0.0019344636983768915,-214.14313
25,02,-8.991757432514056e-06,2.888394768487839,50.11619150138895,0.0005664595067501069,-258.68878
26,03,-1.2076194787720939e-05,11.89821663673975,73.37905685201383,0.0001724853964262111,-264.47455
28,05,-3.0310256707952082e-05,-17.47440350473055,59.34436809112436,9.34754648516255e-08,-100.61342
29,06,-3.0904296795920855e-05,-15.787571440294057,51.69619375912348,0.0,58.217922
30,07,-3.173775886429094e-05,-20.80200322239373,49.75860673643311,0.0,212.5307
31,08,-2.8741253340065727e-05,-19.03508228654759,42.77699926753197,0.0,306.95087
32,09,-2.269007780640903e-05,-3.5648343312581385,46.85175361700852,0.0,276.18964
33,10,-2.174942796122078e-05,9.781940688922843,60.93410625634399,0.0,159.61664
34,11,-1.4328458308167076e-05,19.586548003133142,54.57233108670976,2.2300614251030816e-06,14.054325
35,12,-7.687594037497059e-06,8.885675470167591,67.75924336626196,0.012596724167946844,-114.8694
38,03,-1.6001877676116956e-05,1.792558938959594,55.95160838729334,3.8041683935349995e-06,-258.4923
39,04,-2.3437909088230905e-05,-21.874123499891493,46.11000325809585,2.168152067396376e-08,-213.68204
40,05,-2.9170486620455693e-05,-20.4214844770534,47.92201473479629,0.0,-101.054596
42,07,-3.416977696542745e-05,-21.999847670688425,39.2781192299025,0.0,191.801
43,08,-3.1963929242763654e-05,-15.790871219429917,46.55304641459066,0.0,285.89493
45,10,-1.6551261839878706e-05,3.491510892150223,54.79260846710333,0.0,143.32773
46,11,-1.519573135911843e-05,20.401449884033198,56.70156626680825,5.0221549140082464e-08,7.606967
49,02,-1.1685804688698098e-05,2.732715975443522,46.129101684696614,0.00031034646715436665,-267.99997
51,04,-2.090864053300013e-05,-10.60586452026367,65.75529212030038,1.1234845055474176e-05,-225.34506
52,05,-2.6606813441591635e-05,-11.409518621957432,66.050863289825,0.0,-107.398544
53,06,-3.6603149109497395e-05,-25.008415187242296,46.266101067479454,0.0,37.762463
56,09,-2.725831751290065e-05,0.9693071214463977,44.86737590899468,0.0,269.49554
57,10,-2.1395454446465794e-05,12.186390243366201,47.91972020449689,0.0,152.57852
58,11,-9.367185011372688e-06,10.117007967122396,41.05919099200301,3.5537613762749565e-08,13.070839
59,12,-8.522425015388596e-06,21.808005747805364,57.410435429080856,2.6479295504990444e-05,-119.66895
61,02,-9.682757584759485e-06,6.4267875001403105,47.08914505602986,8.748411584174497e-05,-267.71136
62,03,-1.3818876191033916e-05,-6.2181760956138685,56.610379949503034,9.418372313181559e-05,-272.247
63,04,-2.3066575134180317e-05,-21.124448284233942,53.13685258980724,5.596658653683133e-05,-224.94711
64,05,-2.301351515928619e-05,-21.276121071107926,61.30564291210714,3.1990530670330086e-06,-104.32037
65,06,-3.0384449369921637e-05,-25.249517172580298,53.14751710217263,0.0,54.13925
66,07,-3.052118788760435e-05,-16.333257173927887,51.58020934386151,0.0,215.99567
67,08,-2.8069958612225798e-05,-17.017802792784988,42.472240740586344,0.0,306.99686
69,10,-1.5594664512004833e-05,12.420039781796033,52.5519555827328,0.0,149.69373
71,12,-7.343828446024142e-06,12.754345215500043,59.86620702467682,1.1825137240912326e-05,-117.96097
72,01,-6.201572312694294e-06,7.789162023728894,59.71689801232405,0.006257890532093664,-219.38138
73,02,-7.646551471441942e-06,-7.170963860648018,49.17462651499538,0.00039035758092289885,-267.43716
74,03,-1.1304150707112197e-05,-2.56875498781922,68.34861116093205,0.0002458149412626861,-269.76782
76,05,-2.800802443084893e-05,-16.149492612120927,55.7763452255995,0.0,-111.163536
77,06,-3.090711121482552e-05,-17.990251360066733,61.34983533646531,0.0,45.83745
79,08,-3.3271033724499884e-05,-4.3656862228557625,49.79625837316948,0.0,290.7936
80,09,-2.244669017984254e-05,-3.3109654418945316,48.444472670045165,0.0,267.31805
81,10,-1.5745955748394817e-05,1.4800897167574978,41.847355274659336,0.0,152.42363
82,11,-1.5779393952086846e-05,2.730464919026692,53.6031213278585,0.0001320727745691935,13.126698
83,12,-6.748697063030508e-06,22.216181771555252,62.92255071562849,0.0009846030858255202,-119.78204
84,01,-1.0488508364736625e-05,25.802121266682942,67.17732922877546,0.0024635101813142014,-213.85347
85,02,-9.105866422227595e-06,-15.737989101954868,41.279925076501705,0.0001222507996218545,-266.13788
86,03,-1.09558865346488e-05,2.199697240357758,53.96111336709735,0.0001382134986180131,-273.91473
87,04,-1.9242588071877733e-05,-14.953707265557181,61.57429541588492,7.426198323567707e-06,-219.13618
88,05,-3.1224375424332516e-05,-18.680161248648037,54.14751819698144,0.0,-105.88925
94,11,-1.2770530823662637e-05,20.62896745435927,57.76803370095226,4.2331218719482425e-08,8.25046
95,12,-1.128779906788603e-05,28.043287035542146,58.52688881322774,0.00037468132152352284,-121.466125
96,01,-8.849628261046861e-06,-8.473066081057311,52.03738375666833,0.0005335850459273144,-217.81647
97,02,-5.771432554432804e-06,6.824847212655203,67.52644709656069,0.00025317513942718504,-267.50854
99,04,-2.2575659647211267e-05,-11.442104777696397,52.015024873095086,1.2648238076104058e-07,-229.09427
100,05,-2.791426425801057e-05,-28.103053294192083,60.924986691195485,0.0,-117.12509
101,06,-2.8837502824555686e-05,-20.989433822292757,61.5306473079814,0.0,35.844696
102,07,-3.379324687933062e-05,-20.07741719498173,55.40260847481861,0.0,188.90482
103,08,-3.0242934917310693e-05,-13.572054321945357,50.633880177582476,0.0,277.08835
104,09,-2.5696148892024614e-05,-3.969099077690972,51.22118268649578,0.0,253.5654
105,10,-1.9746457593286597e-05,13.28605210072507,59.41998880579267,0.0,141.72237
107,12,-5.659096497726741e-06,10.619382738339004,50.16868590621025,5.145294307380593e-05,-122.24761
108,01,-9.400724827868036e-06,23.76198229324177,64.8158600401199,0.0002939996052813786,-213.37595
110,03,-1.4791143874625109e-05,4.141464673442225,71.63935923557511,3.25570567961662e-05,-269.5462
111,04,-2.4692344382775542e-05,-22.74501348402235,55.09817502149212,0.0,-214.5957
113,06,-2.7714982728361462e-05,-28.63852083367242,47.29024293223089,0.0,55.270496
114,07,-3.385038605679304e-05,-9.511822006717805,59.07058047961163,0.0,213.12001
115,08,-3.211179117533902e-05,-13.866469908683532,47.473473327189375,0.0,300.59436
117,10,-1.6347254436593455e-05,7.273599919801116,47.520342997120274,0.0,152.93036
118,11,-1.0307503538792339e-05,7.8851572241889105,46.36847800110711,7.3817332585652676e-06,8.568884
119,12,-7.866494279115095e-06,20.208327730240367,52.71666673100892,0.0,-116.8037
120,01,-5.490775168401608e-06,12.580168148245866,46.32122026583841,0.0,-208.44342
123,04,-2.3728384267512105e-05,-15.711892689005532,62.36782957411343,7.404155201382107e-06,-203.05246
124,05,-3.2913617601255e-05,-32.404015432706444,43.15242019264416,0.0,-91.227486
125,06,-3.3498540398290464e-05,-35.047065074327264,55.710710440916486,0.0,63.08377
126,07,-3.3625666249610085e-05,-27.510599928661055,42.19065745926929,0.0,221.9855
127,08,-3.0036708770112647e-05,-17.0266568734774,43.458151734339296,0.0,316.78278
128,09,-2.1827326350689368e-05,-6.781363076782227,44.02462579022247,0.0,284.76236
129,10,-1.9913688146604526e-05,14.103063629806684,48.60193847477949,0.0,158.5364
132,01,-9.708490018202875e-06,23.531725362798216,54.619796854420386,3.920951197224279e-06,-199.32901
133,02,-1.709957590030951e-05,31.83555304718018,59.52337883048256,2.0835172562372115e-06,-248.38136
134,03,-1.7018775953137494e-05,2.372058311872584,47.98838851665681,2.4298456407362414e-05,-247.98639
135,04,-2.7999317039636173e-05,-19.276666238742408,46.732171709169286,0.0,-203.2647
136,05,-3.125298669270236e-05,-34.3688931694441,36.06377147361027,0.0,-92.380615
137,06,-3.068480971400681e-05,-23.63770078192817,52.16888050745726,0.0,63.27597
139,08,-2.897321149455781e-05,-28.290339532667595,47.590817581110095,0.0,317.37732
140,09,-2.7407515947157255e-05,-3.6402964202880854,48.108384553693405,0.0,294.69257
141,10,-1.8407037761653066e-05,10.48773665069252,49.92561818830045,0.0,177.35858
142,11,-1.0645134954231454e-05,8.876481322224937,54.38112868225972,1.7197676499684652e-05,37.2995
143,12,-1.0178729378000547e-05,19.264495642221096,49.02194799312469,0.00010385854269868586,-95.6442
144,01,-9.804670876438911e-06,24.167181801416536,38.86062395377826,7.464897248052782e-06,-188.78886
145,02,-6.996622216688376e-06,0.507544446309408,46.996895068120395,0.002555922939663842,-242.10509
146,03,-1.2629808311264428e-05,-0.5304674036169569,53.76618897918476,0.0,-247.31317
147,04,-2.5889148811054637e-05,-18.50936585184733,50.20018549894757,1.8495678901672365e-06,-197.40364
148,05,-2.5811937759284265e-05,-33.066711107479634,47.67298183366304,0.0,-97.24831
150,07,-3.606362330103894e-05,-12.26554677852508,46.37869990175771,0.0,217.83084
151,08,-2.9805839779475068e-05,-22.79464663072811,38.70661156831249,0.0,305.9394
152,09,-2.1833397036001162e-05,-8.548686426798504,39.4321560544822,0.0,275.25665
153,10,-2.004618059737534e-05,2.17344532234438,45.307421456006274,0.0,164.49423
154,11,-1.4646135411648073e-05,14.444811823866104,60.08639300202131,2.8859506713019477e-05,25.70676
155,12,-7.654158530845394e-06,17.942148733159545,42.031411531264894,5.5359345610423755e-06,-105.09711
156,01,-5.988280283046514e-06,9.900324605634134,41.55076964045469,0.0,-201.56274
157,02,-7.568776633878318e-06,10.513905402874128,42.596786469010105,3.7069602944385046e-05,-251.19467
159,04,-2.3724830210206465e-05,-12.979907084147134,60.15185276207658,2.5939941406250002e-08,-207.67139
160,05,-3.502280750303383e-05,-18.415903687507882,37.98684394011575,0.0,-101.0515
161,06,-3.339920427913765e-05,-25.873405965508358,43.36981476617124,0.0,59.389687
162,07,-3.3542465003026134e-05,-26.574038988010855,46.61348771423679,0.0,199.55093
163,08,-3.290884278264643e-05,-13.404264240552024,52.83446418771308,0.0,290.01053
164,09,-2.5466491539959356e-05,-1.4094354346381297,48.6797681992597,0.0,266.59598
165,10,-1.9484351597922247e-05,1.9587082073252686,58.379234332862715,1.8078127214985508e-06,145.84909
166,11,-1.321692710625939e-05,23.694389510769323,50.96693710040848,0.0,6.8008475
167,12,-8.425528942156701e-06,11.411874493342573,45.69198678764476,3.2269544498894803e-06,-116.19818
168,01,-9.715480358609446e-06,34.39173987899288,57.42208674485646,4.798289268247543e-07,-203.17293
169,02,-8.449411843078754e-06,-1.1622854381742926,41.2482318814184,0.0001454247690382458,-251.26378
170,03,-1.4966802825774622e-05,-6.011914413616221,42.24266758934657,0.00013486407008222353,-258.4761
171,04,-2.191761210872048e-05,-4.539731902737087,59.59964808656376,0.0,-212.92264
173,06,-3.281592492067931e-05,-24.277929318237305,46.836056776909025,0.0,54.150032
174,07,-3.3366269429406925e-05,-23.52127023184171,53.23872095220833,0.0,200.83073
175,08,-3.234485571499712e-05,-11.285276480397874,49.79429166342623,0.0,293.26306
176,09,-2.2725771390226628e-05,-2.4448908416748045,57.50485973500145,0.0,265.01385
177,10,-1.798888249350155e-05,2.3637267239478326,43.9463890340828,0.0,148.98598
179,12,-9.250304196792702e-06,31.236705364924607,64.63241229699248,0.00020338165888222312,-117.06053
180,01,-8.814763398506955e-06,28.086010490499522,59.814965074129006,6.143172710172592e-05,-207.94952
181,02,-9.681430163471391e-06,-2.9269207930791947,54.97462990093799,0.0003871754450457437,-252.08557
182,03,-1.5868986940443404e-05,12.424105568506382,56.25959003628518,9.499826738911291e-08,-255.72327
183,04,-2.4481364455176743e-05,-15.54007357143826,53.21672202842236,6.838602489895291e-06,-203.73242
184,05,-2.8615912740195944e-05,-19.306992470361852,50.8592781971834,0.0,-93.791245
186,07,-3.466171150601792e-05,-32.442688338413035,36.16844127948567,0.0,228.94498
188,09,-2.649383951805552e-05,-2.2674784339057075,50.77799905458556,0.0,292.97333
189,10,-1.8016295581522476e-05,4.47270425086893,52.33998963107474,0.0,179.21783
190,11,-8.92097842036795e-06,12.752254605102538,55.27824593100681,0.0,30.125263
191,12,-1.093666692604627e-05,22.757288210632986,53.902280609893545,6.536950347244099e-07,-99.09962
193,02,-1.271823695051786e-05,20.178666164579848,60.9734689490412,5.487134059270224e-06,-252.72824
194,03,-2.219248033328259e-05,-0.5256330294045062,56.57506640008187,0.00016835869896796444,-257.2906
195,04,-2.3056703787511248e-05,-15.611610607231992,48.9374839578549,0.0,-210.79485
196,05,-3.3250014936618425e-05,-29.631465932538433,52.844916530618114,0.0,-97.157486
197,06,-3.44918315846169e-05,-24.446217814466692,49.08188772321145,0.0,59.801548
202,11,-1.3042386322538529e-05,9.068964893934462,58.53600206141338,2.0260943306816947e-07,24.61908
204,01,-7.460320452180465e-06,-0.4728464959257379,45.67560021059616,0.00023015245699113416,-204.14955
207,04,-2.0502408365953464e-05,-21.604367342122394,58.54018084150156,2.815988328721788e-08,-209.39212
208,05,-2.4253428110207234e-05,-26.022296560964275,51.92535755428705,0.0,-96.41757
209,06,-2.8253365109311642e-05,-38.732165323215064,41.61192797080808,0.0,59.80393
211,08,-2.9903093116464793e-05,-15.358725825155936,42.33743624172287,0.0,317.36407
212,09,-2.534073391895315e-05,-7.00570699428982,43.673043699496326,0.0,284.22748
213,10,-1.7171301486478214e-05,8.106230379494288,51.02844809201841,0.0,159.14539
214,11,-1.4551765714713837e-05,14.46901237657335,58.72207561985916,0.00012027359008789062,15.1198845
216,01,-3.583592048936e-06,-1.2817189340899076,35.36421269791357,0.00038023888808424755,-198.90337
219,04,-2.201332183204714e-05,-17.60772253417969,50.15108422283994,0.0,-201.61722
220,05,-3.085946982284968e-05,-22.07697987414944,55.658551038389554,0.0,-88.17208
221,06,-3.476727682935032e-05,-20.254541469319665,56.16686724849277,0.0,63.102516
222,07,-3.376502295814329e-05,-20.43258258581674,48.29218798171063,0.0,226.17522
223,08,-3.064838395117496e-05,-15.397676236060358,39.11490551742816,0.0,310.8877
224,09,-2.7053925191669103e-05,-10.968042353990342,40.873450344501606,0.0,276.9946
225,10,-2.0736059433235615e-05,1.8364669255082322,46.07108195983722,0.0,156.68465
226,11,-1.1372840429430654e-05,5.54297788119846,52.451002673839106,0.0,10.901682
227,12,-9.893875752236308e-06,16.98351939342868,60.12797338394067,1.687051532089069e-05,-122.44232
229,02,-7.893391973560764e-06,12.879144769577753,54.623768248409036,3.740382904098147e-05,-260.59717
230,03,-1.582076560769428e-05,4.910139277304372,64.38913835901599,1.3940626575100807e-05,-261.73734
231,04,-2.2395207648413717e-05,-10.670934447903104,67.35853829729425,2.9785103268093537e-07,-205.28815
232,05,-3.182257207745645e-05,-20.036693252071256,51.31070372274871,0.0,-86.350876
233,06,-3.4082233544055876e-05,-13.138249787733287,60.09514157660935,0.0,75.73547
234,07,-3.6390916169732936e-05,-13.917790471887077,46.5719772114318,0.0,238.76855
235,08,-3.4686337675251e-05,-19.754633603331865,40.27667498864153,0.0,328.14075
236,09,-2.4247977624205914e-05,0.3736279635959201,55.41774919654528,0.0,287.886
237,10,-2.3367591303340108e-05,14.50471792602539,57.49670259841796,9.088093234646704e-07,174.57172
238,11,-1.186565926222506e-05,4.6568576497395835,50.09492808050447,2.143026722802056e-06,29.89191
239,12,-8.802920268002493e-06,22.454611907630838,51.308709990082264,0.00011667215695945164,-103.16757
240,01,-9.430198710966792e-06,24.63400003675235,61.44896206574927,0.00020755073460199501,-193.87334
241,02,-1.079772392194216e-05,13.779260249546594,59.85849182345754,0.0025613292994953337,-244.65048
242,03,-1.3397230129969535e-05,-0.9194605676794566,60.6708199271861,8.536538770121912e-08,-250.3097
243,04,-2.54553507465769e-05,-17.42901027967665,53.24983413987689,8.541558848487004e-06,-201.42395
244,05,-3.422614240797327e-05,-20.88572949317194,50.723297991629586,0.0,-86.031944
245,06,-3.759346314859108e-05,-24.964019442409946,49.104056137108806,0.0,73.24413
246,07,-3.775679561435789e-05,-20.12216363230059,34.70881050790896,0.0,228.04578
247,08,-3.318467006672979e-05,-13.657699137697938,45.50563225292391,0.0,323.57687
248,09,-2.59650643648355e-05,-3.5717024329291456,50.26974016195536,0.0,295.46503
249,10,-2.1588807777500546e-05,5.981483147405809,48.24640764357326,0.0,178.06552
250,11,-1.3179962080519347e-05,12.654008286878799,52.50058610761298,2.0961513784196646e-05,27.919708
252,01,-6.553396535759588e-06,18.42038040095504,45.80448549491872,7.689163249026063e-06,-195.02097
253,02,-1.2230161100386137e-05,18.65321454909752,54.35344561065067,3.605513052008618e-05,-251.17891
254,03,-1.4517082142339604e-05,-0.5979741453765541,58.83941007500695,2.188550656841647e-05,-254.11316
256,05,-3.550879427684679e-05,-19.147158501081563,47.704144963514416,0.0,-79.591194
257,06,-3.750390542944741e-05,-27.016546727159287,42.780413097916714,0.0,78.234634
258,07,-3.168135436499142e-05,-21.668345875401656,51.88578506780696,0.0,235.93149
259,08,-3.0941285219664524e-05,-19.063545700565466,39.65101154342005,0.0,327.60477
260,09,-2.4486756719630248e-05,-2.020394458007812,56.817002186003,0.0,294.55408
262,11,-1.5146696185204038e-05,20.892512133110895,68.07071139411661,0.0,25.008003
263,12,-1.1904006665214989e-05,20.81303864280127,63.79751548051194,0.0006958496250132079,-108.342926
265,02,-9.421481274265325e-06,7.153048214503697,61.79020408172125,0.0006544472773869832,-251.74123
266,03,-1.3063552253355424e-05,-6.242824222359606,58.59238742218351,0.00027922883085025255,-257.9026
268,05,-3.372209000100225e-05,-25.790908090242777,45.58359570831253,0.0,-92.49663
269,06,-3.303585196628976e-05,-31.827683939954966,48.06642211600013,0.0,73.58887
272,09,-2.8629883362433853e-05,-3.361749937269423,60.89090815499625,0.0,291.45947
276,01,-6.60295483731882e-06,23.604068570044735,51.65779350411636,0.00012535062912971744,-203.31386
278,03,-1.718439095667989e-05,-2.8514695644583754,52.573686629964456,1.5001514906524331e-06,-254.28192
279,04,-2.4829810814864887e-05,-14.182246478949653,49.20558492463959,0.0,-200.58838
281,06,-3.5836119472898846e-05,-20.466573669433593,50.7506326838851,0.0,68.85075
282,07,-3.594073215623134e-05,-17.96138944137737,48.60045512300026,0.0,221.24956
283,08,-3.0240783373966385e-05,-12.41071590333344,52.640142950275894,0.0,313.42725
284,09,-2.726855740998468e-05,-6.606480073716904,41.46046437310777,0.0,287.25922
285,10,-2.2813934475604865e-05,5.003235001430717,55.25826176021304,0.0,170.15543
286,11,-9.433203981300014e-06,10.082439758300783,57.335292302331666,0.0,17.629963
287,12,-9.155090198257839e-06,-0.601292420089886,52.83887711868107,1.2510566301243278e-09,-115.00637
288,01,-7.996820467572737e-06,16.024269751435966,52.92226850532075,0.00044667841542151673,-215.482
289,02,-9.213011075579354e-06,1.6289639434814458,40.65915042115535,0.000368756529830751,-260.396
290,03,-1.4304734281419465e-05,-4.024482163624097,45.80751552796749,0.0,-264.01828
291,04,-2.383696288773839e-05,-17.2942943037245,47.44735419490735,1.5020370483398438e-08,-212.79156
292,05,-3.0977665722578726e-05,-19.48317038226384,57.695412786129985,0.0,-87.141266
293,06,-3.491794925367785e-05,-29.63445593295627,48.58540389312637,0.0,71.53174
294,07,-3.637924248004731e-05,-25.786057973554062,44.12265574810709,0.0,231.66992
295,08,-3.1032737283929096e-05,-31.771135562691633,39.36124998163152,0.0,325.25574
296,09,-2.437035215904568e-05,-12.497950702243381,40.21523504180775,0.0,301.4654
297,10,-2.1305207502659715e-05,-2.352458050143333,49.86598729915773,1.9682761161558088e-06,179.30418
298,11,-8.746191556262298e-06,13.336127873399521,55.471923015075255,0.0,32.61881
299,12,-8.986315398414586e-06,16.75842543636855,56.42778465677845,1.2960655714875909e-05,-105.056076
300,01,-8.992702947169514e-06,20.66453995308825,64.87525535803712,0.0007110370653931812,-196.01004
301,02,-1.1818901434843997e-05,12.780648606925178,58.06078212638148,0.0004339445432027181,-250.22966
302,03,-1.5225630396960167e-05,1.0669384965794064,50.376974003080406,0.00020815543461871405,-250.74774
303,04,-2.4217375733618005e-05,-11.611916856553819,59.49211039767795,0.0,-197.51141
304,05,-2.847669872224737e-05,-31.81054322043798,50.857990436966695,0.0,-81.17781
305,06,-3.421590459786078e-05,-30.121984181382924,54.56608841220009,0.0,78.90975
306,07,-3.5823426863228845e-05,-21.040274605699764,48.61712288511441,0.0,239.07536
308,09,-3.09724094837697e-05,1.3779368174235027,41.60773183429904,0.0,292.5277
309,10,-1.9737982986943505e-05,10.8786054316695,45.96995730125903,0.0,180.6937
311,12,-6.509792311736683e-06,12.651209838210898,41.13814304297201,0.000107577202140644,-96.82564
312,01,-1.0532949036563073e-05,27.835473567839585,50.62756816835045,0.0002284056717349637,-193.48175
313,02,-1.0796667724878803e-05,1.9850640389578682,54.967533898224424,0.00020228017086074463,-242.99954
314,03,-1.2645556585016247e-05,2.2825399281491516,62.992716266741034,0.002058747031355417,-255.88997
317,06,-3.715115132452208e-05,-30.632264646063906,50.84424858076307,0.0,82.912155
318,07,-3.409394384040644e-05,-23.561669685609886,47.80977541725482,0.0,246.07285
320,09,-2.545146969718593e-05,-6.704652192857532,39.75358392157654,0.0,310.998
321,10,-1.7187334372416657e-05,10.538457600583316,41.694871458662455,0.0,189.7112
324,01,-6.5253165958961526e-06,7.280853728591756,43.42763289413273,0.00014880976241122009,-202.09009
326,03,-1.3873502668170125e-05,-4.782673361173239,59.930227692120816,0.0004253186384836833,-259.30286
327,04,-2.37631702343909e-05,-18.782449027506512,53.65862876264652,0.0,-205.37473
328,05,-3.370682173148433e-05,-13.439136345319852,55.415879218805216,0.0,-88.27333
329,06,-3.4785863751151034e-05,-27.11431088460287,44.96967633606062,0.0,73.77506
330,07,-3.3670624993676266e-05,-35.11209074615151,34.7803111832411,0.0,234.84058
331,08,-3.203818718891423e-05,-14.970106861073484,56.166526000266416,0.0,335.8658
332,09,-2.4569920312832332e-05,-1.9050392035590278,48.50952039943403,0.0,301.1058
333,10,-2.0357669840078775e-05,8.929626497002058,49.91160704086961,0.0,182.5612
334,11,-1.6638314112929544e-05,21.698549422539603,51.20864173750348,6.023910310533312e-08,41.160606
335,12,-1.1844671387852061e-05,21.158474252352146,51.61357204472506,1.2561005930746755e-06,-97.41812
336,01,-1.3167410284109127e-05,32.71415653975292,54.798027210791915,7.495572490076866e-08,-193.72314
337,02,-9.635896793779033e-06,12.227102448962983,62.05461917357218,0.00012729246417681375,-244.92383
338,03,-1.969343553138324e-05,2.858439688077537,50.951221448258686,8.514286369405767e-07,-249.87447
339,04,-2.5420359923575438e-05,-23.728481532796227,35.425640993569964,0.0,-204.4891
340,05,-3.1186685044343005e-05,-23.42358186127037,55.67473245647261,0.0,-90.42946
341,06,-3.458860908376663e-05,-19.802041976589628,51.81401281598541,0.0,69.567764
342,07,-4.0491175616739144e-05,-14.380545316962786,51.51913973191349,0.0,223.30011
344,09,-2.677926907070085e-05,-2.246240928141275,48.58724766878287,0.0,299.53864
345,10,-1.4836711174446523e-05,-1.5530790907336818,46.4751422240952,0.0,183.469
346,11,-1.4172945336880124e-05,15.984315191311307,55.0159122577058,8.570086956024171e-06,35.682327
347,12,-9.103623443880553e-06,18.67049515623687,44.72693699303237,1.9495038576023557e-06,-96.64929
348,01,-9.98381483742544e-06,30.50790186531313,59.32570013750177,3.1635838170205394e-06,-194.09558
349,02,-9.733829621899499e-06,11.488472740085646,43.235250111784055,9.416011558181937e-06,-243.19987
350,03,-2.0140387961912898e-05,4.352542552004578,67.29393991330491,6.198341231192312e-05,-249.29823
352,05,-3.326288808405293e-05,-18.37616691179173,46.32872357566895,0.0,-81.834076
353,06,-3.476253857051133e-05,-32.52892781643338,47.80475471985869,0.0,81.286064
355,08,-3.3834556450724496e-05,-9.036356891591062,49.02626591384924,0.0,331.48868
356,09,-2.5189189388381943e-05,-2.5223080678304033,46.95382839618127,0.0,299.13034
357,10,-1.8222273044254205e-05,6.518695762716314,54.30898137165141,1.0895472700877858e-09,178.11224
358,11,-1.2143508331428165e-05,12.723418456013999,55.05112889809742,0.00035360905991660223,33.126022
359,12,-6.623100362498576e-06,8.910789440196046,51.189781416840454,3.1098793911677535e-05,-97.115654
360,01,-6.219402897665034e-06,13.638463789416898,56.756673166043,0.00026115813434764905,-197.90271
361,02,-6.55127283612057e-06,7.2258432279314295,62.426701213981424,5.497220584324428e-05,-248.76172
364,05,-3.152253704363203e-05,-24.89160391596312,50.72287625494953,0.0,-84.93785
365,06,-3.4585202314802804e-05,-32.20444840494791,47.13420631794532,0.0,80.21404
366,07,-3.995988693131167e-05,-23.939954596078525,46.67216465320125,0.0,237.84923
367,08,-3.326769469126164e-05,-18.63527480389995,42.41847231385144,0.0,326.26874
370,11,-1.3997967538165946e-05,28.005924584282763,63.3120259418408,7.164478302001954e-09,21.674397
371,12,-8.896478755051119e-06,9.686923075029926,62.37685010996686,0.0033527605789963914,-108.99002
372,01,-6.091251291421628e-06,2.9262350808420488,60.36061479552843,0.002126177963390145,-204.41669
373,02,-7.65345504045659e-06,5.717629487900508,61.53230691539674,0.0021790685525962285,-254.84726
375,04,-2.4690822054900404e-05,-20.66956467929416,50.227940069592,2.4727185567220055e-07,-209.03813
376,05,-2.827942739082006e-05,-27.387183430333288,51.416537502500645,0.0,-91.9122
378,07,-3.4407490462771055e-05,-31.11366353779454,49.13440625845617,0.0,250.4729
379,08,-3.27152816781925e-05,-15.088779016966459,50.057286181364006,0.0,345.0786
380,09,-2.3803562745282155e-05,-1.7829848341200085,47.799041656389505,0.0,307.0451
381,10,-1.8914465963579488e-05,8.677334267236855,54.52403665949838,0.0,174.23488
382,11,-1.1904203317903414e-05,4.708053307088217,64.34552551558414,0.0002805316183302138,28.351051
383,12,-7.738160395268594e-06,4.967533013128466,56.59717789244652,0.006288984498670025,-95.07625
385,02,-7.274441715534998e-06,7.353929252261208,64.81677477946593,0.00014321758775483995,-247.98434
386,03,-1.235675504704564e-05,-6.3443144091534345,43.386579177287324,0.00019613219461133403,-257.66382
388,05,-3.0008848766624646e-05,-32.62149781881353,48.67582858574712,0.0,-85.83118
389,06,-3.4230032604055946e-05,-25.01744469502767,49.43961729888122,0.0,76.64729
390,07,-3.7348723895911946e-05,-18.427609645064162,51.34294977803511,0.0,242.6725
391,08,-3.274760770019843e-05,-10.64563058373236,50.85391145080519,0.0,332.78384
393,10,-1.916051529891168e-05,8.726722329416583,41.10612051369683,1.6692376905871977e-07,175.5738
394,11,-8.12447487300637e-06,7.208228931681314,45.10324230610001,0.0,31.939625
395,12,-1.2744765838047034e-05,29.389911852764826,62.27082245179138,8.855871231325211e-05,-97.63498
396,01,-9.557997748420493e-06,23.492998173539362,55.985124487241116,3.76804490243235e-05,-192.60287
397,02,-6.941694202459045e-06,2.77444112036694,54.92825397600388,0.0013561625960229456,-250.09402
398,03,-1.1845709033173812e-05,-9.130659757880753,42.53471919810516,5.560450656439668e-06,-253.78601
399,04,-2.412122515035865e-05,-15.116672309705946,65.52592149374486,0.0,-197.72855
402,07,-3.9630504535585143e-05,-18.105863085346844,55.33667580591222,0.0,246.96399
403,08,-3.664081436780238e-05,-14.530181596981583,48.63167088847007,0.0,341.8911
404,09,-2.780254297756781e-05,-4.337274759928387,47.643611919113,0.0,308.6551
405,10,-1.749340033099435e-05,6.576196681525118,62.883388684188155,1.6571373067876343e-08,184.90181
406,11,-9.782895505729057e-06,13.286790387301977,48.36725960095062,0.0,36.056686
407,12,-8.270612005098982e-06,23.135962751162953,68.44660146777348,0.0004308112231633996,-99.733315
408,01,-7.079607454118081e-06,9.77005108642578,59.36599973937003,0.0024007742763847433,-202.18321
410,03,-1.6003138249269338e-05,-14.11737674147083,62.83003596656937,0.00018706004465779953,-261.9342
411,04,-2.0434202846445263e-05,-16.983018215264217,45.651346360141694,0.0,-208.05605
412,05,-2.7662325821888435e-05,-23.158452428017892,56.92952051083376,0.0,-79.08029
413,06,-3.319209287441886e-05,-26.815010833062065,45.349666944320994,0.0,86.79332
414,07,-3.405638901301333e-05,-27.630988150319745,40.32137145659744,0.0,257.35236
416,09,-2.475842662511746e-05,-8.054260448540582,49.65095689521101,0.0,306.1037
417,10,-1.765674730958508e-05,13.677036990258001,51.31546706972713,0.0,178.28241
419,12,-9.44601224512954e-06,28.97793200421077,55.46996279250422,5.1136837210706475e-05,-101.73851
421,02,-1.1990748406116751e-05,26.598223410470148,61.15281964255657,1.0926482223329089e-06,-249.76251
422,03,-1.6731313326227373e-05,-1.3453218475669946,47.843510205716214,6.519722682173533e-08,-257.3613
423,04,-2.3883861623916246e-05,-16.521862002224392,58.86005653639768,0.0,-201.06114
425,06,-3.645346474101341e-05,-28.120134918891054,43.231891095406475,0.0,87.61433
426,07,-3.570791800838603e-05,-18.498887496784167,52.862582088247414,0.0,254.43741
427,08,-3.5946427165531874e-05,-15.756697428713563,51.75170243226714,0.0,350.82916
430,11,-1.0089955154782932e-05,6.784489759657117,59.376273723493675,3.112157185872396e-08,30.479858
431,12,-1.0581146033268115e-05,22.95546643394552,54.273882943514856,0.0004054831791949528,-101.78531
432,01,-9.2527426375611e-06,26.340960131573418,62.63006211892765,0.00016244323407450028,-198.84024
433,02,-8.153189459681882e-06,8.31590086110433,48.93550452213628,9.767446773392813e-05,-248.97568
434,03,-1.5915630637317265e-05,-1.6360386480515998,44.90566300547765,2.4049384619600027e-06,-252.0631
435,04,-2.4346638547669703e-05,-22.934988667466907,50.17846367060873,9.625487857394749e-09,-201.12756
436,05,-3.070366395367009e-05,-25.76910455847299,53.73915812349191,0.0,-73.96898
439,08,-3.326061218056918e-05,-12.586229408838417,52.3345120203854,0.0,340.5588
440,09,-2.5603061031688413e-05,-1.6679924726698132,46.654843129608366,0.0,304.93585
441,10,-1.3186316454061119e-05,-1.463842040031187,51.45971762442205,0.0,181.39813
442,11,-1.4898132296588707e-05,27.46974549831814,55.57987919455502,4.5776367187500004e-09,36.564617
443,12,-8.385574634596725e-06,33.275967709449034,59.292129598577816,0.0,-95.697525
444,01,-9.004527324929857e-06,20.359526514525058,60.00615774854665,9.698816525038853e-05,-199.39874
445,02,-1.2519085415486441e-05,14.879537966322628,54.698993667597065,1.52496250196435e-05,-252.61133
446,03,-1.4810545610421827e-05,-5.396197126162949,59.004922374092125,3.62938924502301e-05,-257.3903
449,06,-3.356170396635004e-05,-23.02242342732747,60.87640379265148,0.0,90.14717
450,07,-3.758493633006676e-05,-22.269790681900524,47.74635748879372,0.0,255.10458
451,08,-3.3272750999810424e-05,-17.014684508621052,43.397001161080546,0.0,345.66754
452,09,-2.4645985519115736e-05,-7.889081433783638,37.34792189491059,0.0,308.009
453,10,-1.526362983537594e-05,-3.798430909843855,48.34944315867911,0.0,179.71786
454,11,-1.1750765303218536e-05,10.89123139716254,54.5964946256227,3.956906927956475e-05,32.485813
455,12,-4.447676278540448e-06,15.633635981405934,42.93341399640295,3.86891185596425e-06,-97.02783
456,01,-6.416161365773257e-06,12.223324068787278,48.97643718384928,0.00022398640519829207,-193.61737
457,02,-8.18821650381367e-06,12.903916228158135,62.959067062718525,0.00023337035661651976,-247.50122
458,03,-1.5800369091061108e-05,2.527072602630943,59.88884960889175,0.0,-253.44226
459,04,-2.5679135762624757e-05,-26.331729773288306,46.84454056873057,0.0,-200.89957
460,05,-2.9667726341906155e-05,-25.198657173730993,56.839670298081565,0.0,-87.02518
461,06,-3.566179110415154e-05,-31.36642959594727,52.944568701901716,0.0,73.37328
462,07,-3.888270218750779e-05,-23.176640851420746,56.14024401203919,0.0,245.64731
463,08,-3.333480648354688e-05,-12.395997953681537,44.035043613662005,0.0,338.80066
464,09,-2.5415033401845397e-05,-5.530321179199219,52.86381167994076,0.0,306.6641
465,10,-2.0550294828412475e-05,15.281469091599986,50.30405073937036,0.0,189.6282
466,11,-1.2597567349661808e-05,15.910226154920792,53.90823562632401,3.65040037367079e-07,48.2101
468,01,-8.493993727101315e-06,23.796599253992884,55.116003269850566,1.641540501707344e-05,-178.42278
469,02,-1.1806723732206594e-05,-2.6082788761683875,46.30087924139698,9.837871222268968e-05,-232.23602
470,03,-1.3339704251535219e-05,-6.768148279333628,63.03257818707726,0.00012620726580260901,-238.10538
471,04,-2.4140652476206825e-05,-8.481860700141059,60.03202422682047,0.0,-192.08922
472,05,-3.631899526441482e-05,-17.44638056798135,47.40056218499266,0.0,-70.23612
474,07,-3.4126774513620195e-05,-44.31138712696363,36.16823902212164,0.0,238.5682
475,08,-3.324744642680256e-05,-25.59706884437479,43.61733073811633,0.0,334.25873
478,11,-1.049799736220949e-05,11.533768935139973,58.11769115721252,4.4242540995279946e-07,48.342213
480,01,-8.170035396257738e-06,18.813249751593478,61.34680531404607,0.0003725200532585062,-191.69865
481,02,-8.232899953890454e-06,13.675333238874163,51.283400613031226,6.108944188980828e-05,-241.5795
483,04,-2.786484313502215e-05,-15.88577495863173,41.53150874974462,0.0,-196.51419
484,05,-2.8741963674400066e-05,-37.081440074305384,54.09692304540707,0.0,-79.56921
485,06,-3.9525050331051005e-05,-23.208365014648436,47.86380608810849,0.0,85.64583
486,07,-3.625940142692049e-05,-31.74150496025496,48.734570516079984,0.0,249.96614
487,08,-3.404563471354698e-05,-17.337182702177312,41.57153246440298,0.0,349.34082
488,09,-2.6543087166161665e-05,-4.24653964674208,45.73786681658825,0.0,316.62964
489,10,-1.8569231195137014e-05,10.235854191605762,54.45598049366731,0.0,196.70993
490,11,-1.0039879183467646e-05,10.335369747924807,64.20363267016013,0.0,51.50994
491,12,-8.260583359534854e-06,25.078029959073632,56.60606037604423,0.0,-89.39198
492,01,-6.012859741277161e-06,22.106840989635838,48.67357203781476,1.4043623401272683e-08,-183.25778
493,02,-1.5386156723984276e-05,31.748662168305497,64.97568837541958,1.7729275528041798e-05,-232.07655
494,03,-1.9840231885472768e-05,-1.8349693298339842,46.56073982853019,0.0,-233.13191
495,04,-2.7043378228700023e-05,-24.0670989525689,35.17819720014996,0.0,-182.35811
498,07,-3.552329937512147e-05,-24.55973527871409,49.31133174363516,0.0,257.70776
499,08,-3.48960954878191e-05,-17.491402352609946,46.845165995435046,0.0,356.04077
500,09,-2.4679065476549213e-05,-6.537764871215822,41.4254565234277,0.0,327.88394
502,11,-1.0186800306089735e-05,15.631692754109702,47.969248177954896,0.0,64.81697
503,12,-6.893300624729055e-06,15.732371215492165,60.65007041392917,1.2867758350987586e-06,-74.34242
504,01,-7.860778656987515e-06,14.34612370152627,66.80461903254064,3.849816578690723e-05,-178.63574
505,02,-9.005972841740524e-06,9.622026147751583,54.51137783175566,0.0020311918883096605,-227.77467
506,03,-1.5948935392546162e-05,-0.9029574194467195,53.47545231677126,8.298632919147451e-08,-234.0027
507,04,-2.588563685021654e-05,-27.98602328389486,47.86236142485672,1.457011964586046e-05,-180.48375
508,05,-3.230829694098981e-05,-22.4746828918457,60.26473778712485,0.0,-63.81663
509,06,-3.7502937650666964e-05,-26.38411481492784,47.88007799596918,0.0,96.46658
510,07,-3.6336240956178925e-05,-19.074829963273896,48.14752719921964,0.0,263.09274
511,08,-3.444879628501263e-05,-12.903870650096605,45.419211714576655,0.0,349.42886
512,09,-2.3354238802332672e-05,-7.743464881388346,41.71682162190013,0.0,323.5558
513,10,-1.864643046111826e-05,14.62936670381279,46.729617401201246,0.0,199.14392
