,month,MER,MSSHF,RH,TCWV,tp
0,01,-7.186377549426466e-06,5.464709561255669,62.6901256937955,8.14543241929367,61.434043169021606
1,02,-7.399999772068052e-06,2.729709174746558,52.295623941567676,8.97375713603837,62.58125376701355
2,03,-1.408509512223264e-05,7.08405715679866,62.090667984242096,11.168600756099146,107.00708317756653
4,05,-2.839083756912113e-05,-16.16055940262989,64.02205650719006,17.216401719138187,98.91896796226501
5,06,-3.330413338050373e-05,-22.16353809509278,52.028707694198026,22.014874159757298,77.33350610733032
8,09,-2.3132900744369383e-05,-4.023202255249023,42.3501046719922,21.151945761863388,43.01969242095947
9,10,-1.6345863611966567e-05,2.642213581372333,56.92965585534547,19.721688314687825,56.921231508255005
10,11,-1.1569333000928361e-05,13.890767045423724,49.679388139549886,13.441472351654372,76.8632504940033
12,01,-5.795284385228985e-06,8.867661568262244,49.01821534482766,9.088685051160473,58.65590763092041
13,02,-7.359469057738698e-06,6.865867059466484,53.581606617508264,12.12962919981178,60.54261493682861
14,03,-1.4070489600584629e-05,-6.186828353717764,55.02083505403355,11.427750095593034,70.78502440452576
15,04,-2.282624180893941e-05,-17.872287172783746,48.97103869282801,11.357650041418605,41.5899133682251
18,07,-3.1905643976779664e-05,-14.025872309859079,48.67037434149174,23.41994776180611,142.42091464996338
19,08,-3.1051088017916934e-05,-11.540256553403795,47.008779259716306,25.701051704905364,67.59736728668213
20,09,-2.365392635981859e-05,-3.0327022542317708,42.946886476458445,23.25748233046532,42.64728355407715
21,10,-2.1172643707369163e-05,7.590982919672484,58.4636376896443,16.11280749658359,107.7690110206604
22,11,-1.4279194747299093e-05,14.235161112806532,54.54851769668525,13.396459855666425,72.95901393890381
24,01,-7.860688640385075e-06,20.899533713063885,47.875411116570554,10.644810918326018,93.3958797454834
26,03,-1.2076194787720939e-05,11.89821663673975,73.37905685201383,15.744720834609,133.0828936100006
27,04,-2.2320882245185202e-05,-19.334173597547743,50.02077896680037,13.077067014764415,35.788278102874756
29,06,-3.0904296795920855e-05,-15.787571440294057,51.69619375912348,21.37912677978939,69.78700375556946
30,07,-3.173775886429094e-05,-20.80200322239373,49.75860673643311,23.73428546353951,54.99441409111023
33,10,-2.174942796122078e-05,9.781940688922843,60.93410625634399,15.963218076816172,150.74281787872314
34,11,-1.4328458308167076e-05,19.586548003133142,54.57233108670976,14.317446869442199,79.1025390625
35,12,-7.687594037497059e-06,8.885675470167591,67.75924336626196,9.079969420325373,63.80108118057251
36,01,-5.276928763964617e-06,11.574925520045783,58.01885871766587,11.162234676566175,43.573694705963135
37,02,-7.864293709969517e-06,5.468580898829869,51.56958197040644,10.334659840992519,18.835744380950928
38,03,-1.6001877676116956e-05,1.792558938959594,55.95160838729334,9.970802344655477,72.00946402549744
39,04,-2.3437909088230905e-05,-21.874123499891493,46.11000325809585,11.432875588513745,35.43097186088562
40,05,-2.9170486620455693e-05,-20.4214844770534,47.92201473479629,15.03766018853521,53.242250204086304
41,06,-3.17826830204164e-05,-27.949367026435006,48.16991035015053,22.511012832081317,93.72558498382568
42,07,-3.416977696542745e-05,-21.999847670688425,39.2781192299025,24.456834705301517,32.713236570358276
43,08,-3.1963929242763654e-05,-15.790871219429917,46.55304641459066,24.45286580407748,88.86780834197998
44,09,-2.1331834113273846e-05,-6.238656323920356,43.43915766518911,22.404552868395385,59.11188769340515
46,11,-1.519573135911843e-05,20.401449884033198,56.70156626680825,15.306237562237841,70.76487922668457
47,12,-1.0313162028783104e-05,17.753608460457098,55.75187243828721,11.54048159815932,83.42955470085144
48,01,-1.1369238679367056e-05,31.70380508160335,51.86229076744793,12.54478739766921,104.55150389671326
49,02,-1.1685804688698098e-05,2.732715975443522,46.129101684696614,7.829569845487675,42.88707685470581
50,03,-1.3839232150540515e-05,-0.5926843497983868,57.115805566785156,11.947326620060911,81.02017283439636
51,04,-2.090864053300013e-05,-10.60586452026367,65.75529212030038,13.397991041318578,105.42021083831787
52,05,-2.6606813441591635e-05,-11.409518621957432,66.050863289825,16.563480364199606,118.89742398262024
53,06,-3.6603149109497395e-05,-25.008415187242296,46.266101067479454,20.88666345251666,40.00491166114807
54,07,-3.282222612492611e-05,-33.091220865229126,44.1499227373741,27.130274066945557,22.25583553314209
55,08,-2.6941880611302234e-05,-27.08358682743196,31.77761535606461,24.006322544676,31.294189929962158
57,10,-2.1395454446465794e-05,12.186390243366201,47.91972020449689,17.054838546397864,59.156498670578
62,03,-1.3818876191033916e-05,-6.2181760956138685,56.610379949503034,9.797240060637074,62.89697480201721
64,05,-2.301351515928619e-05,-21.276121071107926,61.30564291210714,17.356259771243217,106.87018704414368
66,07,-3.052118788760435e-05,-16.333257173927887,51.58020934386151,22.990089238066826,95.44521999359131
69,10,-1.5594664512004833e-05,12.420039781796033,52.5519555827328,19.463715816155556,95.18328905105591
70,11,-1.2000811908506469e-05,17.20852971835666,62.11537896577253,16.40034759771559,78.44082713127136
71,12,-7.343828446024142e-06,12.754345215500043,59.86620702467682,13.293887527272263,57.75411510467529
72,01,-6.201572312694294e-06,7.789162023728894,59.71689801232405,8.008615290749457,62.144726276397705
73,02,-7.646551471441942e-06,-7.170963860648018,49.17462651499538,8.483470379527834,9.736912250518799
74,03,-1.1304150707112197e-05,-2.56875498781922,68.34861116093205,10.938059937977021,66.12149095535278
75,04,-2.3272295822324753e-05,-10.486857863362628,59.37646033687326,13.55916669224368,78.5594162940979
76,05,-2.800802443084893e-05,-16.149492612120927,55.7763452255995,18.50802798619578,63.01261830329895
77,06,-3.090711121482552e-05,-17.990251360066733,61.34983533646531,19.0323849847277,126.5044174194336
78,07,-3.447742918110781e-05,-15.274860501197074,50.75858460182529,24.054852292717143,100.84526371955872
81,10,-1.5745955748394817e-05,1.4800897167574978,41.847355274659336,17.189858579468986,36.53095197677612
83,12,-6.748697063030508e-06,22.216181771555252,62.92255071562849,14.085127126652706,100.24923872947693
84,01,-1.0488508364736625e-05,25.802121266682942,67.17732922877546,10.206371892220231,118.28075385093689
85,02,-9.105866422227595e-06,-15.737989101954868,41.279925076501705,5.607975746361981,5.396147966384888
86,03,-1.09558865346488e-05,2.199697240357758,53.96111336709735,10.942116465018639,80.05486178398132
87,04,-1.9242588071877733e-05,-14.953707265557181,61.57429541588492,11.382743049732845,64.68825125694275
91,08,-3.1366839325049225e-05,-20.726613564768147,49.22354232249208,21.520708266890182,85.93903732299805
92,09,-2.1116000810717296e-05,-5.870355172729491,52.886519872754164,18.77687866865794,48.16365933418274
93,10,-1.7202233669146365e-05,6.4104873591597356,48.62927366667281,19.589035635976384,94.80732774734497
94,11,-1.2770530823662637e-05,20.62896745435927,57.76803370095226,15.246456928649215,84.64354729652405
95,12,-1.128779906788603e-05,28.043287035542146,58.52688881322774,12.267536138803731,125.43024492263794
96,01,-8.849628261046861e-06,-8.473066081057311,52.03738375666833,8.603436328787955,40.21212434768677
97,02,-5.771432554432804e-06,6.824847212655203,67.52644709656069,10.734177145354804,35.931448459625244
100,05,-2.791426425801057e-05,-28.103053294192083,60.924986691195485,14.467633944537052,69.35014915466309
101,06,-2.8837502824555686e-05,-20.989433822292757,61.5306473079814,21.273624211708704,96.28858280181885
102,07,-3.379324687933062e-05,-20.07741719498173,55.40260847481861,24.62420682204411,134.5398542881012
103,08,-3.0242934917310693e-05,-13.572054321945357,50.633880177582476,24.83616227820099,87.18918299674988
104,09,-2.5696148892024614e-05,-3.969099077690972,51.22118268649578,22.86273651031123,66.9906599521637
105,10,-1.9746457593286597e-05,13.28605210072507,59.41998880579267,18.012657082369252,102.30783081054688
106,11,-1.2423982501220758e-05,8.69252590874566,58.77474638277293,14.093879046629535,110.22080183029175
107,12,-5.659096497726741e-06,10.619382738339004,50.16868590621025,13.523867330752395,47.003796100616455
108,01,-9.400724827868036e-06,23.76198229324177,64.8158600401199,13.478511014884521,138.66146302223206
110,03,-1.4791143874625109e-05,4.141464673442225,71.63935923557511,11.452679470425014,114.518559217453
111,04,-2.4692344382775542e-05,-22.74501348402235,55.09817502149212,12.66216660157707,27.742077589035034
112,05,-3.182606770285695e-05,-15.882362545546664,52.83810746537357,18.308951694468018,71.89129495620728
113,06,-2.7714982728361462e-05,-28.63852083367242,47.29024293223089,21.301890547300708,31.23433208465576
114,07,-3.385038605679304e-05,-9.511822006717805,59.07058047961163,24.77475175948938,151.79068851470947
115,08,-3.211179117533902e-05,-13.866469908683532,47.473473327189375,23.52457447757131,72.62528491020203
116,09,-2.5435363158006416e-05,2.907980506727431,49.177534459747214,21.290678543053733,99.14269590377808
117,10,-1.6347254436593455e-05,7.273599919801116,47.520342997120274,19.266358468080078,79.42021083831787
119,12,-7.866494279115095e-06,20.208327730240367,52.71666673100892,14.357002457380297,61.15853786468506
120,01,-5.490775168401608e-06,12.580168148245866,46.32122026583841,11.883489435585597,24.550368309020996
121,02,-1.1993180484209699e-05,15.243881237211681,52.799659086113884,11.023137841236023,59.8443021774292
122,03,-1.7582771425163286e-05,5.919001820882161,61.97907953674307,13.789131960060006,101.1904981136322
124,05,-3.2913617601255e-05,-32.404015432706444,43.15242019264416,15.407821862953968,14.875389337539673
125,06,-3.3498540398290464e-05,-35.047065074327264,55.710710440916486,18.088483912891817,67.16671657562256
126,07,-3.3625666249610085e-05,-27.510599928661055,42.19065745926929,24.40308312683977,59.59615159034729
127,08,-3.0036708770112647e-05,-17.0266568734774,43.458151734339296,23.732882308342127,58.18086361885071
128,09,-2.1827326350689368e-05,-6.781363076782227,44.02462579022247,23.486319775686,52.75948238372803
129,10,-1.9913688146604526e-05,14.103063629806684,48.60193847477949,19.272771393693905,78.90591788291931
131,12,-7.719866410816296e-06,20.033501539989185,45.286219627095804,12.302766914845797,99.99442100524902
132,01,-9.708490018202875e-06,23.531725362798216,54.619796854420386,13.03048595025206,62.73529887199402
133,02,-1.709957590030951e-05,31.83555304718018,59.52337883048256,12.68034689824212,96.37451434135437
134,03,-1.7018775953137494e-05,2.372058311872584,47.98838851665681,11.869843073837217,25.981262683868408
136,05,-3.125298669270236e-05,-34.3688931694441,36.06377147361027,14.324859504516404,35.43364858627319
137,06,-3.068480971400681e-05,-23.63770078192817,52.16888050745726,20.68230553075605,81.75433492660522
138,07,-3.559518055198981e-05,-33.07448882301904,37.832517702871755,20.875357654766372,43.237606048583984
139,08,-2.897321149455781e-05,-28.290339532667595,47.590817581110095,24.33309032836268,43.99504566192627
140,09,-2.7407515947157255e-05,-3.6402964202880854,48.108384553693405,20.220626075602905,93.28326845169067
141,10,-1.8407037761653066e-05,10.48773665069252,49.92561818830045,18.95590408874968,70.05437111854553
142,11,-1.0645134954231454e-05,8.876481322224937,54.38112868225972,13.421097168287966,88.05533337593079
145,02,-6.996622216688376e-06,0.507544446309408,46.996895068120395,8.221342761926708,29.07620143890381
146,03,-1.2629808311264428e-05,-0.5304674036169569,53.76618897918476,14.275736472201602,29.050020217895508
147,04,-2.5889148811054637e-05,-18.50936585184733,50.20018549894757,10.986529590508672,46.967238903045654
148,05,-2.5811937759284265e-05,-33.066711107479634,47.67298183366304,14.460797650952493,35.415016651153564
150,07,-3.606362330103894e-05,-12.26554677852508,46.37869990175771,25.921418963223378,86.47331523895264
151,08,-2.9805839779475068e-05,-22.79464663072811,38.70661156831249,23.833731042867065,22.764347553253174
152,09,-2.1833397036001162e-05,-8.548686426798504,39.4321560544822,20.83496838520235,69.85359048843384
154,11,-1.4646135411648073e-05,14.444811823866104,60.08639300202131,14.225457465975815,121.3805501461029
155,12,-7.654158530845394e-06,17.942148733159545,42.031411531264894,11.076515356142036,44.35604405403137
157,02,-7.568776633878318e-06,10.513905402874128,42.596786469010105,11.196383694080101,32.84419345855713
158,03,-1.6743815379482177e-05,3.675611719931326,56.535387553599556,12.269467439161831,89.10991644859314
159,04,-2.3724830210206465e-05,-12.979907084147134,60.15185276207658,12.85867560589181,57.617363929748535
160,05,-3.502280750303383e-05,-18.415903687507882,37.98684394011575,17.11736192246663,48.60550785064697
164,09,-2.5466491539959356e-05,-1.4094354346381297,48.6797681992597,21.089136655476363,66.03445959091187
166,11,-1.321692710625939e-05,23.694389510769323,50.96693710040848,14.199872933730813,114.02044343948364
167,12,-8.425528942156701e-06,11.411874493342573,45.69198678764476,11.040920949630838,59.72125196456909
168,01,-9.715480358609446e-06,34.39173987899288,57.42208674485646,12.073609010492602,79.51586604118347
169,02,-8.449411843078754e-06,-1.1622854381742926,41.2482318814184,10.165785772635825,24.723291158676147
171,04,-2.191761210872048e-05,-4.539731902737087,59.59964808656376,14.761491688218381,50.1136200428009
172,05,-3.0932743489659034e-05,-26.541132331437964,51.168041845343446,18.49295009515106,72.61612272262573
173,06,-3.281592492067931e-05,-24.277929318237305,46.836056776909025,21.09136703202724,49.03701114654541
174,07,-3.3366269429406925e-05,-23.52127023184171,53.23872095220833,23.766084752114875,138.4921417236328
175,08,-3.234485571499712e-05,-11.285276480397874,49.79429166342623,21.499373248984732,65.69953942298889
176,09,-2.2725771390226628e-05,-2.4448908416748045,57.50485973500145,20.6290178585887,149.34324550628662
177,10,-1.798888249350155e-05,2.3637267239478326,43.9463890340828,14.716569644813896,80.44077348709106
178,11,-1.1587640056374466e-05,-1.8295716874864363,52.225245416957804,11.321686016183431,62.847052574157715
179,12,-9.250304196792702e-06,31.236705364924607,64.63241229699248,12.371003425172582,142.54706811904907
180,01,-8.814763398506955e-06,28.086010490499522,59.814965074129006,11.951160548843365,85.40289497375488
181,02,-9.681430163471391e-06,-2.9269207930791947,54.97462990093799,9.542274346257958,36.50040102005005
182,03,-1.5868986940443404e-05,12.424105568506382,56.25959003628518,13.046672808460013,94.18527913093567
183,04,-2.4481364455176743e-05,-15.54007357143826,53.21672202842236,12.108356564888691,85.7735435962677
184,05,-2.8615912740195944e-05,-19.306992470361852,50.8592781971834,16.437750189096697,59.618553161621094
185,06,-3.390126228795352e-05,-22.424498955281575,49.86442946763436,21.024796435148186,51.52622365951538
187,08,-3.527003988845888e-05,-15.806742182249662,41.714041907468136,23.171906867293902,89.98871898651123
188,09,-2.649383951805552e-05,-2.2674784339057075,50.77799905458556,20.662340495669845,147.07339644432068
189,10,-1.8016295581522476e-05,4.47270425086893,52.33998963107474,16.282121984560003,97.18963932991028
190,11,-8.92097842036795e-06,12.752254605102538,55.27824593100681,18.250592901670938,50.59832048416138
191,12,-1.093666692604627e-05,22.757288210632986,53.902280609893545,13.035411139304921,112.21855115890503
194,03,-2.219248033328259e-05,-0.5256330294045062,56.57506640008187,9.68667776564885,94.79378461837769
195,04,-2.3056703787511248e-05,-15.611610607231992,48.9374839578549,13.610398491528297,42.51542043685913
196,05,-3.3250014936618425e-05,-29.631465932538433,52.844916530618114,14.887000348762799,94.81036853790283
197,06,-3.44918315846169e-05,-24.446217814466692,49.08188772321145,19.14153311720292,64.76006937026978
198,07,-3.591561413959817e-05,-25.92438248894804,39.340810654867084,26.651675874188385,45.93726992607117
199,08,-3.331847033315239e-05,-31.29434137422295,33.68999910253863,22.036511386484225,22.496978521347046
200,09,-2.6222378082234683e-05,-4.395296908230251,54.09243484116659,21.198522507119172,112.6880235671997
201,10,-1.4566836962311297e-05,5.514771194293934,41.310020164710224,19.556401405724145,18.715614557266235
202,11,-1.3042386322538529e-05,9.068964893934462,58.53600206141338,14.086958012714652,32.25963592529297
203,12,-8.991161045966975e-06,-5.598886509064706,48.51484771922968,9.520831813155645,40.51283264160156
206,03,-1.2827322511164368e-05,-10.990242480862525,51.72073062135199,9.525472053571415,22.461695432662964
207,04,-2.0502408365953464e-05,-21.604367342122394,58.54018084150156,12.497388009622364,11.859672546386719
208,05,-2.4253428110207234e-05,-26.022296560964275,51.92535755428705,15.523370743020891,57.326932191848755
209,06,-2.8253365109311642e-05,-38.732165323215064,41.61192797080808,18.80213339232339,28.135314464569092
210,07,-3.142641031134248e-05,-27.054918192217425,49.82263012584947,21.689672550591094,59.759037256240845
211,08,-2.9903093116464793e-05,-15.358725825155936,42.33743624172287,22.9990404958584,98.74433755874634
212,09,-2.534073391895315e-05,-7.00570699428982,43.673043699496326,17.80062923739222,48.277573585510254
213,10,-1.7171301486478214e-05,8.106230379494288,51.02844809201841,18.058174803824834,73.76016211509705
215,12,-8.836182103413613e-06,1.1414017176474303,51.832999992789766,9.593377716324662,45.02203106880188
217,02,-9.97768289436776e-06,28.48145621345157,61.04910012837534,12.171147674492426,84.60573077201843
219,04,-2.201332183204714e-05,-17.60772253417969,50.15108422283994,11.840950494820543,28.14702796936035
220,05,-3.085946982284968e-05,-22.07697987414944,55.658551038389554,16.664446066212914,78.28123354911804
222,07,-3.376502295814329e-05,-20.43258258581674,48.29218798171063,23.78260384443754,69.49712204933167
223,08,-3.064838395117496e-05,-15.397676236060358,39.11490551742816,26.16295267547331,54.35530233383179
224,09,-2.7053925191669103e-05,-10.968042353990342,40.873450344501606,19.439216820406912,29.832056999206543
225,10,-2.0736059433235615e-05,1.8364669255082322,46.07108195983722,16.4008664570893,81.02550506591797
226,11,-1.1372840429430654e-05,5.54297788119846,52.451002673839106,14.74272731684049,56.97358417510986
227,12,-9.893875752236308e-06,16.98351939342868,60.12797338394067,13.047354222416878,77.3915023803711
228,01,-1.1099072907757458e-05,24.386054642872143,54.87726956107148,11.066128452862465,88.08339476585388
229,02,-7.893391973560764e-06,12.879144769577753,54.623768248409036,12.837736519389209,20.71983242034912
230,03,-1.582076560769428e-05,4.910139277304372,64.38913835901599,14.007189303759604,89.45151329040527
231,04,-2.2395207648413717e-05,-10.670934447903104,67.35853829729425,14.318035180071991,131.57473421096802
232,05,-3.182257207745645e-05,-20.036693252071256,51.31070372274871,18.25652126416596,44.95067262649536
233,06,-3.4082233544055876e-05,-13.138249787733287,60.09514157660935,23.464375189109646,136.99862432479858
234,07,-3.6390916169732936e-05,-13.917790471887077,46.5719772114318,22.643103410513174,77.72835302352905
235,08,-3.4686337675251e-05,-19.754633603331865,40.27667498864153,21.998242530926582,67.5933165550232
236,09,-2.4247977624205914e-05,0.3736279635959201,55.41774919654528,23.421663728037153,154.75264143943787
238,11,-1.186565926222506e-05,4.6568576497395835,50.09492808050447,11.023035687553882,92.01937747001648
239,12,-8.802920268002493e-06,22.454611907630838,51.308709990082264,12.303671738373337,78.07752561569214
240,01,-9.430198710966792e-06,24.63400003675235,61.44896206574927,12.195444267046069,91.57960391044617
241,02,-1.079772392194216e-05,13.779260249546594,59.85849182345754,10.259473174222878,56.13470458984375
242,03,-1.3397230129969535e-05,-0.9194605676794566,60.6708199271861,13.508820564555867,87.33539247512817
243,04,-2.54553507465769e-05,-17.42901027967665,53.24983413987689,13.930574816384583,65.29687428474426
245,06,-3.759346314859108e-05,-24.964019442409946,49.104056137108806,19.179021763939325,86.7335524559021
246,07,-3.775679561435789e-05,-20.12216363230059,34.70881050790896,24.06717719546313,54.39849805831909
247,08,-3.318467006672979e-05,-13.657699137697938,45.50563225292391,23.8488504817614,99.36693954467773
250,11,-1.3179962080519347e-05,12.654008286878799,52.50058610761298,13.172062302903335,52.17728924751282
251,12,-1.3700721242369786e-05,27.986750325848984,63.54783165261822,11.135898228195407,142.15608167648315
252,01,-6.553396535759588e-06,18.42038040095504,45.80448549491872,11.324720192924623,47.351823568344116
253,02,-1.2230161100386137e-05,18.65321454909752,54.35344561065067,11.535072371006011,98.67708921432495
254,03,-1.4517082142339604e-05,-0.5979741453765541,58.83941007500695,13.146086779553404,60.096646308898926
255,04,-2.355722367422762e-05,-12.813957029554578,60.681698268123455,14.799168964303863,76.35283160209656
256,05,-3.550879427684679e-05,-19.147158501081563,47.704144963514416,18.64379195670543,97.27209305763245
257,06,-3.750390542944741e-05,-27.016546727159287,42.780413097916714,20.217285911058053,55.01609134674072
258,07,-3.168135436499142e-05,-21.668345875401656,51.88578506780696,22.884604032078098,102.94842576980591
259,08,-3.0941285219664524e-05,-19.063545700565466,39.65101154342005,23.377618400014857,51.30303931236267
260,09,-2.4486756719630248e-05,-2.020394458007812,56.817002186003,25.28914702420103,85.14948225021362
261,10,-2.1893689024856883e-05,11.235235126454343,57.40779917159772,19.02933904491702,130.40920996665955
262,11,-1.5146696185204038e-05,20.892512133110895,68.07071139411661,14.33508744482597,131.4802393913269
265,02,-9.421481274265325e-06,7.153048214503697,61.79020408172125,11.304749446694343,83.6603274345398
267,04,-2.4765318735565716e-05,-15.737299090576174,60.65160554169682,12.39155946132872,95.43563151359558
269,06,-3.303585196628976e-05,-31.827683939954966,48.06642211600013,18.788384712798067,56.74857974052429
270,07,-3.6646507612448495e-05,-24.41304970722813,43.035889669943884,25.123447815056778,87.7753267288208
274,11,-1.4045017091525046e-05,9.019137569173179,50.75557469189433,14.766802187086476,85.68967199325562
275,12,-9.904081011676856e-06,14.487402564920403,52.82181985401466,10.6310780278957,73.46089029312134
276,01,-6.60295483731882e-06,23.604068570044735,51.65779350411636,12.109373243094772,67.26308727264404
277,02,-1.6342577849974034e-05,27.257544948032923,61.67323920420096,11.585383370463337,111.30836725234985
278,03,-1.718439095667989e-05,-2.8514695644583754,52.573686629964456,11.607923356689431,40.98473596572876
280,05,-3.0134792006426703e-05,-17.31557953963741,52.31226475243542,17.86483551645279,64.66420650482178
281,06,-3.5836119472898846e-05,-20.466573669433593,50.7506326838851,21.94502347338862,77.7912917137146
282,07,-3.594073215623134e-05,-17.96138944137737,48.60045512300026,25.717054898814485,94.12360286712646
283,08,-3.0240783373966385e-05,-12.41071590333344,52.640142950275894,28.186662356700946,146.93423414230347
284,09,-2.726855740998468e-05,-6.606480073716904,41.46046437310777,19.46754291381571,57.52717709541321
286,11,-9.433203981300014e-06,10.082439758300783,57.335292302331666,14.819048055042161,88.66095638275146
287,12,-9.155090198257839e-06,-0.601292420089886,52.83887711868107,12.703119583929736,93.86429786682129
288,01,-7.996820467572737e-06,16.024269751435966,52.92226850532075,10.557260232224259,73.5739049911499
290,03,-1.4304734281419465e-05,-4.024482163624097,45.80751552796749,10.201501829046073,22.1645565032959
292,05,-3.0977665722578726e-05,-19.48317038226384,57.695412786129985,17.237994223952292,85.30281352996826
293,06,-3.491794925367785e-05,-29.63445593295627,48.58540389312637,23.02299164098236,47.240581035614014
295,08,-3.1032737283929096e-05,-31.771135562691633,39.36124998163152,23.719839718063675,22.521544456481934
296,09,-2.437035215904568e-05,-12.497950702243381,40.21523504180775,18.67727894531356,46.90879726409912
297,10,-2.1305207502659715e-05,-2.352458050143333,49.86598729915773,12.834833942158248,74.57617855072021
298,11,-8.746191556262298e-06,13.336127873399521,55.471923015075255,15.444975968167515,56.468339920043945
300,01,-8.992702947169514e-06,20.66453995308825,64.87525535803712,11.204803152650916,107.22431802749634
301,02,-1.1818901434843997e-05,12.780648606925178,58.06078212638148,11.609675477981567,64.95090794563293
303,04,-2.4217375733618005e-05,-11.611916856553819,59.49211039767795,14.257841776642534,45.28127717971802
304,05,-2.847669872224737e-05,-31.81054322043798,50.857990436966695,15.359272943048065,37.014437675476074
305,06,-3.421590459786078e-05,-30.121984181382924,54.56608841220009,21.4024883570883,70.646568775177
306,07,-3.5823426863228845e-05,-21.040274605699764,48.61712288511441,23.3933894850977,104.08150887489319
307,08,-3.442271008691844e-05,-10.630728795861687,53.4802156332962,26.830953647472523,153.6393961906433
308,09,-3.09724094837697e-05,1.3779368174235027,41.60773183429904,20.335168852259056,68.27244329452515
309,10,-1.9737982986943505e-05,10.8786054316695,45.96995730125903,17.218317307363275,55.872933864593506
310,11,-1.219442167142309e-05,8.63346869269477,52.650442458646836,13.982692417393787,66.66378116607666
311,12,-6.509792311736683e-06,12.651209838210898,41.13814304297201,10.708026006760138,54.07814908027649
312,01,-1.0532949036563073e-05,27.835473567839585,50.62756816835045,11.058444803249454,53.984177112579346
313,02,-1.0796667724878803e-05,1.9850640389578682,54.967533898224424,8.97967280293788,50.05322074890137
314,03,-1.2645556585016247e-05,2.2825399281491516,62.992716266741034,13.200527901346966,63.6138596534729
320,09,-2.545146969718593e-05,-6.704652192857532,39.75358392157654,22.82103427496221,79.9967360496521
321,10,-1.7187334372416657e-05,10.538457600583316,41.694871458662455,20.637318765312116,58.746543884277344
322,11,-1.4535249143672345e-05,9.326381112670902,61.63253474075529,14.740219080596498,66.79116821289062
323,12,-9.12172876785682e-06,14.485518746324761,56.37181309181387,11.177854364097762,50.890292167663574
324,01,-6.5253165958961526e-06,7.280853728591756,43.42763289413273,8.982065612998058,18.287110328674316
325,02,-8.8568046297561e-06,4.634872235616048,55.29220876641359,9.648650506130284,57.903024673461914
327,04,-2.37631702343909e-05,-18.782449027506512,53.65862876264652,12.557103431734772,51.75546956062317
328,05,-3.370682173148433e-05,-13.439136345319852,55.415879218805216,16.937964208655462,97.34957218170166
329,06,-3.4785863751151034e-05,-27.11431088460287,44.96967633606062,20.177302681291106,34.651726484298706
330,07,-3.3670624993676266e-05,-35.11209074615151,34.7803111832411,25.163574650856756,25.724807262420654
331,08,-3.203818718891423e-05,-14.970106861073484,56.166526000266416,24.020286544034562,192.56933999061584
333,10,-2.0357669840078775e-05,8.929626497002058,49.91160704086961,21.241959986229094,104.8823778629303
334,11,-1.6638314112929544e-05,21.698549422539603,51.20864173750348,14.983468749819865,79.28392601013184
336,01,-1.3167410284109127e-05,32.71415653975292,54.798027210791915,13.106980731325766,116.52486562728882
337,02,-9.635896793779033e-06,12.227102448962983,62.05461917357218,12.45363125636322,88.80820941925049
338,03,-1.969343553138324e-05,2.858439688077537,50.951221448258686,11.756546522871137,65.31020927429199
339,04,-2.5420359923575438e-05,-23.728481532796227,35.425640993569964,14.029402746246918,1.6051898002624512
341,06,-3.458860908376663e-05,-19.802041976589628,51.81401281598541,24.706341961563957,100.40370607376099
342,07,-4.0491175616739144e-05,-14.380545316962786,51.51913973191349,23.765559630895176,166.44169425964355
343,08,-3.430768915528969e-05,-11.902402343421853,46.669440629773256,24.276185533899135,52.89487075805664
344,09,-2.677926907070085e-05,-2.246240928141275,48.58724766878287,21.141295356886918,74.65286588668823
345,10,-1.4836711174446523e-05,-1.5530790907336818,46.4751422240952,17.69225229575172,38.23624563217163
346,11,-1.4172945336880124e-05,15.984315191311307,55.0159122577058,14.289930684622128,63.65782594680786
347,12,-9.103623443880553e-06,18.67049515623687,44.72693699303237,10.617689527364186,75.82493901252747
348,01,-9.98381483742544e-06,30.50790186531313,59.32570013750177,13.490079094302269,98.90966415405273
349,02,-9.733829621899499e-06,11.488472740085646,43.235250111784055,9.918647395893075,39.91739559173584
350,03,-2.0140387961912898e-05,4.352542552004578,67.29393991330491,11.024969367623331,110.58221864700317
351,04,-2.446588194630345e-05,-15.287676639472116,50.48518859204715,11.81326274435123,37.05441331863403
352,05,-3.326288808405293e-05,-18.37616691179173,46.32872357566895,18.2019808564968,58.6919801235199
353,06,-3.476253857051133e-05,-32.52892781643338,47.80475471985869,20.658758763898746,40.78405427932739
355,08,-3.3834556450724496e-05,-9.036356891591062,49.02626591384924,25.532705715393504,114.81742095947266
357,10,-1.8222273044254205e-05,6.518695762716314,54.30898137165141,16.76005811733328,92.71740341186523
358,11,-1.2143508331428165e-05,12.723418456013999,55.05112889809742,14.737761704242228,87.03951120376587
359,12,-6.623100362498576e-06,8.910789440196046,51.189781416840454,10.188280075834642,32.103607177734375
360,01,-6.219402897665034e-06,13.638463789416898,56.756673166043,8.690243806926153,59.60752511024475
361,02,-6.55127283612057e-06,7.2258432279314295,62.426701213981424,11.645883812596404,62.01654672622681
363,04,-2.2896213735516033e-05,-13.763160278998479,44.90089633327524,14.887117676052782,23.97039556503296
364,05,-3.152253704363203e-05,-24.89160391596312,50.72287625494953,17.44448770763798,51.12992525100708
365,06,-3.4585202314802804e-05,-32.20444840494791,47.13420631794532,18.887264902786413,75.43589448928833
366,07,-3.995988693131167e-05,-23.939954596078525,46.67216465320125,23.57777746359636,103.68392610549927
367,08,-3.326769469126164e-05,-18.63527480389995,42.41847231385144,24.330370817279302,46.274324893951416
368,09,-2.396435872586961e-05,-8.675344586181641,43.626415080409586,22.162491116016437,40.19728755950928
370,11,-1.3997967538165946e-05,28.005924584282763,63.3120259418408,15.272984667379328,119.02290868759155
371,12,-8.896478755051119e-06,9.686923075029926,62.37685010996686,10.664877343126522,98.37137460708618
372,01,-6.091251291421628e-06,2.9262350808420488,60.36061479552843,9.084873129739556,49.821874141693115
373,02,-7.65345504045659e-06,5.717629487900508,61.53230691539674,9.55672571522707,91.62952327728271
374,03,-1.4227020407356234e-05,-0.1344084672825314,56.345688745778084,10.645667281794292,56.222103118896484
375,04,-2.4690822054900404e-05,-20.66956467929416,50.227940069592,11.397826892315017,27.15949821472168
376,05,-2.827942739082006e-05,-27.387183430333288,51.416537502500645,14.071137885897391,63.4017915725708
378,07,-3.4407490462771055e-05,-31.11366353779454,49.13440625845617,27.35150430944914,68.74052047729492
379,08,-3.27152816781925e-05,-15.088779016966459,50.057286181364006,25.141525758176723,146.2640986442566
381,10,-1.8914465963579488e-05,8.677334267236855,54.52403665949838,17.27257944951775,76.19713640213013
383,12,-7.738160395268594e-06,4.967533013128466,56.59717789244652,8.428497275237117,51.991679430007935
384,01,-4.432973011169315e-06,15.641597058367989,49.85520389962581,10.790953362373896,71.90442681312561
385,02,-7.274441715534998e-06,7.353929252261208,64.81677477946593,12.025972804131962,54.225329875946045
386,03,-1.235675504704564e-05,-6.3443144091534345,43.386579177287324,10.456544133351697,20.28888177871704
387,04,-2.5035789431644346e-05,-14.869033695136176,49.48712501599656,15.158912003555566,17.25916814804077
389,06,-3.4230032604055946e-05,-25.01744469502767,49.43961729888122,21.81825442208979,94.74681329727173
391,08,-3.274760770019843e-05,-10.64563058373236,50.85391145080519,25.6041415031533,128.73549723625183
392,09,-2.5484862159343414e-05,2.648160398695204,48.54894579696125,22.98564577755134,68.3792371749878
393,10,-1.916051529891168e-05,8.726722329416583,41.10612051369683,18.000692696975126,69.30626606941223
394,11,-8.12447487300637e-06,7.208228931681314,45.10324230610001,15.098697719383242,17.076764583587646
395,12,-1.2744765838047034e-05,29.389911852764826,62.27082245179138,12.64775550762171,135.77323961257935
396,01,-9.557997748420493e-06,23.492998173539362,55.985124487241116,11.476601598980604,90.29691076278687
397,02,-6.941694202459045e-06,2.77444112036694,54.92825397600388,10.29393062870804,25.181623220443726
398,03,-1.1845709033173812e-05,-9.130659757880753,42.53471919810516,12.56907799679105,29.57355237007141
399,04,-2.412122515035865e-05,-15.116672309705946,65.52592149374486,12.959454562992518,93.77713108062744
400,05,-3.2719707248821014e-05,-19.41600187732328,54.71462800888861,19.47343097171732,68.41745948791504
401,06,-3.633841799156573e-05,-15.284035491265191,54.862410076340026,20.928866900479797,122.0042052268982
402,07,-3.9630504535585143e-05,-18.105863085346844,55.33667580591222,23.770940406066114,133.29841899871826
403,08,-3.664081436780238e-05,-14.530181596981583,48.63167088847007,25.032045431551115,90.66671252250671
404,09,-2.780254297756781e-05,-4.337274759928387,47.643611919113,20.29766017638975,79.25185561180115
405,10,-1.749340033099435e-05,6.576196681525118,62.883388684188155,19.45141905994441,131.10860514640808
407,12,-8.270612005098982e-06,23.135962751162953,68.44660146777348,12.410677929641098,126.01667380332947
408,01,-7.079607454118081e-06,9.77005108642578,59.36599973937003,10.500852505586481,56.091444969177246
409,02,-9.82560560788399e-06,1.2790957768758144,54.799641565576906,8.859147338378996,42.50241231918335
410,03,-1.6003138249269338e-05,-14.11737674147083,62.83003596656937,8.8088545557581,46.14034557342529
411,04,-2.0434202846445263e-05,-16.983018215264217,45.651346360141694,11.91540409259134,31.149431228637695
412,05,-2.7662325821888435e-05,-23.158452428017892,56.92952051083376,16.579097982118206,89.41290044784546
413,06,-3.319209287441886e-05,-26.815010833062065,45.349666944320994,20.551190380279227,63.59688186645508
414,07,-3.405638901301333e-05,-27.630988150319745,40.32137145659744,24.74629142739055,58.30738687515259
416,09,-2.475842662511746e-05,-8.054260448540582,49.65095689521101,21.14314986570544,81.32235813140869
417,10,-1.765674730958508e-05,13.677036990258001,51.31546706972713,19.146578139390993,135.23726177215576
418,11,-1.2026654228591521e-05,13.685960133870443,60.59634180396663,14.24176825358338,95.3849720954895
419,12,-9.44601224512954e-06,28.97793200421077,55.46996279250422,12.755031762801186,74.25229167938232
422,03,-1.6731313326227373e-05,-1.3453218475669946,47.843510205716214,11.066952292218005,34.10970735549927
423,04,-2.3883861623916246e-05,-16.521862002224392,58.86005653639768,16.86577033540408,52.129727363586426
424,05,-3.2321809314922687e-05,-17.350711201329386,63.11191008513332,17.91922860039819,111.14941215515137
425,06,-3.645346474101341e-05,-28.120134918891054,43.231891095406475,19.652886832084917,53.205344676971436
426,07,-3.570791800838603e-05,-18.498887496784167,52.862582088247414,27.574913323899757,91.65657234191895
427,08,-3.5946427165531874e-05,-15.756697428713563,51.75170243226714,22.186411076767474,126.34322667121887
428,09,-2.0748739615697153e-05,-9.244409510294595,35.08465283191469,22.670960359727015,25.215217113494873
429,10,-1.6616273676728237e-05,8.951883064844276,46.06859467966968,21.249415780923695,79.9614315032959
430,11,-1.0089955154782932e-05,6.784489759657117,59.376273723493675,16.452237505469057,64.11601209640503
431,12,-1.0581146033268115e-05,22.95546643394552,54.273882943514856,12.032215354372097,89.71414184570312
432,01,-9.2527426375611e-06,26.340960131573418,62.63006211892765,11.101973199181659,107.20374536514282
433,02,-8.153189459681882e-06,8.31590086110433,48.93550452213628,9.554675642374013,54.84558963775635
434,03,-1.5915630637317265e-05,-1.6360386480515998,44.90566300547765,10.268197295402967,61.79024076461792
435,04,-2.4346638547669703e-05,-22.934988667466907,50.17846367060873,11.4696420110782,27.186142444610596
436,05,-3.070366395367009e-05,-25.76910455847299,53.73915812349191,15.192477716480534,61.485331535339355
437,06,-3.477750818122634e-05,-31.860220404391814,46.7203716229452,19.765049702053602,35.5678129196167
438,07,-3.7615658574522775e-05,-25.170489753641114,45.05531850020347,24.844298535511058,95.02099466323853
439,08,-3.326061218056918e-05,-12.586229408838417,52.3345120203854,27.893779480126597,123.28978443145752
440,09,-2.5603061031688413e-05,-1.6679924726698132,46.654843129608366,19.359477819336785,98.359215259552
441,10,-1.3186316454061119e-05,-1.463842040031187,51.45971762442205,17.587374542541404,34.89073657989502
442,11,-1.4898132296588707e-05,27.46974549831814,55.57987919455502,17.272885030308036,119.42508697509766
443,12,-8.385574634596725e-06,33.275967709449034,59.292129598577816,16.484773507957822,54.18260717391968
444,01,-9.004527324929857e-06,20.359526514525058,60.00615774854665,12.302332713373247,107.9379734992981
445,02,-1.2519085415486441e-05,14.879537966322628,54.698993667597065,10.2782587918509,72.69394779205322
446,03,-1.4810545610421827e-05,-5.396197126162949,59.004922374092125,10.437647663715065,69.4955415725708
447,04,-2.7581765115751797e-05,-20.820068422105575,57.557788026644126,11.800390531207455,67.43884038925171
449,06,-3.356170396635004e-05,-23.02242342732747,60.87640379265148,25.228303343276185,113.14722728729248
450,07,-3.758493633006676e-05,-22.269790681900524,47.74635748879372,25.57397250136893,56.59930372238159
451,08,-3.3272750999810424e-05,-17.014684508621052,43.397001161080546,24.996205532712324,57.580533027648926
452,09,-2.4645985519115736e-05,-7.889081433783638,37.34792189491059,24.11319072261387,28.704333305358887
453,10,-1.526362983537594e-05,-3.798430909843855,48.34944315867911,17.225026653107776,57.946226596832275
454,11,-1.1750765303218536e-05,10.89123139716254,54.5964946256227,13.316576630128754,75.84917688369751
455,12,-4.447676278540448e-06,15.633635981405934,42.93341399640295,13.01997802054626,19.911759853363037
456,01,-6.416161365773257e-06,12.223324068787278,48.97643718384928,9.654886861660149,56.35315418243408
457,02,-8.18821650381367e-06,12.903916228158135,62.959067062718525,12.805091260918546,67.99254751205444
458,03,-1.5800369091061108e-05,2.527072602630943,59.88884960889175,13.275623237716257,58.12478494644165
460,05,-2.9667726341906155e-05,-25.198657173730993,56.839670298081565,20.08667393688617,37.424317359924316
461,06,-3.566179110415154e-05,-31.36642959594727,52.944568701901716,24.920626615144148,63.719133377075195
462,07,-3.888270218750779e-05,-23.176640851420746,56.14024401203919,25.7952684127118,125.55045461654663
463,08,-3.333480648354688e-05,-12.395997953681537,44.035043613662005,24.6443350070715,75.39064645767212
464,09,-2.5415033401845397e-05,-5.530321179199219,52.86381167994076,21.336988494233296,131.7170844078064
465,10,-2.0550294828412475e-05,15.281469091599986,50.30405073937036,21.25215219498321,63.67462873458862
466,11,-1.2597567349661808e-05,15.910226154920792,53.90823562632401,13.703532370326256,71.56626224517822
468,01,-8.493993727101315e-06,23.796599253992884,55.116003269850566,11.85726924298784,94.42302966117859
470,03,-1.3339704251535219e-05,-6.768148279333628,63.03257818707726,11.490985864388046,81.36417293548584
471,04,-2.4140652476206825e-05,-8.481860700141059,60.03202422682047,16.594467750182417,102.50590419769287
472,05,-3.631899526441482e-05,-17.44638056798135,47.40056218499266,19.263493356326578,48.21310758590698
474,07,-3.4126774513620195e-05,-44.31138712696363,36.16823902212164,24.748706597475596,19.791842460632324
475,08,-3.324744642680256e-05,-25.59706884437479,43.61733073811633,25.458101015994625,94.60595369338989
476,09,-2.7110998255941223e-05,-4.088550005425346,48.59134079140956,22.0211015687267,68.28795766830444
477,10,-1.717439320385384e-05,2.0582064438686585,44.893768001867876,19.248132997887105,34.76789951324463
478,11,-1.049799736220949e-05,11.533768935139973,58.11769115721252,14.188456836369303,34.97020101547241
480,01,-8.170035396257738e-06,18.813249751593478,61.34680531404607,10.371796175769582,48.710402965545654
481,02,-8.232899953890454e-06,13.675333238874163,51.283400613031226,11.63011999922565,53.84524393081665
483,04,-2.786484313502215e-05,-15.88577495863173,41.53150874974462,12.17203074105051,32.68497180938721
484,05,-2.8741963674400066e-05,-37.081440074305384,54.09692304540707,16.092180326128517,39.454394817352295
485,06,-3.9525050331051005e-05,-23.208365014648436,47.86380608810849,23.5430796470099,106.98088932037354
487,08,-3.404563471354698e-05,-17.337182702177312,41.57153246440298,24.424641755612946,76.33737087249756
488,09,-2.6543087166161665e-05,-4.24653964674208,45.73786681658825,22.349180271658632,112.17082786560059
491,12,-8.260583359534854e-06,25.078029959073632,56.60606037604423,13.37290997615809,84.95069599151611
493,02,-1.5386156723984276e-05,31.748662168305497,64.97568837541958,12.667990640856756,131.38312101364136
494,03,-1.9840231885472768e-05,-1.8349693298339842,46.56073982853019,10.753236534503198,49.32469892501831
495,04,-2.7043378228700023e-05,-24.0670989525689,35.17819720014996,11.874213944729169,24.384860515594482
496,05,-2.995519203009721e-05,-45.04488896819084,46.51938461271666,15.459495272367233,17.802208423614502
497,06,-3.546342912159163e-05,-30.903872137790252,54.092656515480414,22.70657669124338,67.27775382995605
498,07,-3.552329937512147e-05,-24.55973527871409,49.31133174363516,24.6124194765155,73.53353977203369
499,08,-3.48960954878191e-05,-17.491402352609946,46.845165995435046,28.500981259279346,91.37486410140991
500,09,-2.4679065476549213e-05,-6.537764871215822,41.4254565234277,21.540383629229332,61.862966537475586
501,10,-1.848353834580477e-05,14.114419966174706,59.132486595437086,18.9628441576868,137.80672430992126
502,11,-1.0186800306089735e-05,15.631692754109702,47.969248177954896,17.017071428382398,45.380624771118164
503,12,-6.893300624729055e-06,15.732371215492165,60.65007041392917,13.366138016835336,109.63903760910034
504,01,-7.860778656987515e-06,14.34612370152627,66.80461903254064,10.656338111351893,90.61761569976807
507,04,-2.588563685021654e-05,-27.98602328389486,47.86236142485672,9.781603732807106,51.77638530731201
508,05,-3.230829694098981e-05,-22.4746828918457,60.26473778712485,15.16792012552164,118.6035623550415
509,06,-3.7502937650666964e-05,-26.38411481492784,47.88007799596918,25.49175883189704,106.48373031616211
510,07,-3.6336240956178925e-05,-19.074829963273896,48.14752719921964,26.729435961833566,97.35786199569702
512,09,-2.3354238802332672e-05,-7.743464881388346,41.71682162190013,23.398362704971102,33.61188364028931
513,10,-1.864643046111826e-05,14.62936670381279,46.729617401201246,18.430376787841958,138.24248218536377
