,month,MER,MSSHF,SD,SH,z
0,01,-7.186377549426466e-06,5.464709561255669,0.010292715281568547,0.00035855482704265606,-12983.552
2,03,-1.408509512223264e-05,7.08405715679866,0.00040960040271923105,0.00044260006009506144,-8952.365
3,04,-2.191347909663616e-05,-15.59233038906521,3.557954761717054e-05,0.00044040625960559647,-3387.2014
4,05,-2.839083756912113e-05,-16.16055940262989,4.408267492889076e-05,0.0007071434940667084,2636.5713
6,07,-3.0671342559486147e-05,-22.637875941122733,0.0,0.0010329003032600922,12624.102
7,08,-2.8487004876296853e-05,-12.56110269165039,0.0,0.0009515669327950404,11227.026
8,09,-2.3132900744369383e-05,-4.023202255249023,0.0,0.0009334240310760934,7526.6787
9,10,-1.6345863611966567e-05,2.642213581372333,5.061999700402701e-05,0.0009355248356116273,681.32794
10,11,-1.1569333000928361e-05,13.890767045423724,8.024262719684175e-05,0.0005703534181247354,-3821.458
11,12,-1.207531024335357e-05,24.691616260159407,0.00017524099221793556,0.000536514795466784,-8600.618
12,01,-5.795284385228985e-06,8.867661568262244,0.000661063572411896,0.0002899667802897751,-12892.271
14,03,-1.4070489600584629e-05,-6.186828353717764,6.114121534491099e-05,0.00038754746073307194,-10381.222
15,04,-2.282624180893941e-05,-17.872287172783746,0.0,0.0003994695938296395,-4110.7583
17,06,-3.014735746900341e-05,-26.066622504679362,0.0,0.0008849550965466025,9106.279
18,07,-3.1905643976779664e-05,-14.025872309859079,0.0,0.0008957915342465621,12649.193
20,09,-2.365392635981859e-05,-3.0327022542317708,0.0,0.0009669164780382541,7417.4062
21,10,-2.1172643707369163e-05,7.590982919672484,0.0,0.0007849959412277741,558.46906
22,11,-1.4279194747299093e-05,14.235161112806532,0.0015326325999365914,0.0006224606235835986,-5537.6504
23,12,-7.873070872231058e-06,26.063403682913826,0.0016069860227646364,0.0005165828911668244,-9399.23
24,01,-7.860688640385075e-06,20.899533713063885,0.0019344636983768915,0.000374949257934248,-12668.026
25,02,-8.991757432514056e-06,2.888394768487839,0.0005664595067501069,0.0003669208622193323,-11515.447
26,03,-1.2076194787720939e-05,11.89821663673975,0.0001724853964262111,0.0006871956544953496,-10401.13
27,04,-2.2320882245185202e-05,-19.334173597547743,1.5786700778537326e-06,0.0005069280005498918,-2994.2437
28,05,-3.0310256707952082e-05,-17.47440350473055,9.34754648516255e-08,0.0007153930285222947,2633.1704
29,06,-3.0904296795920855e-05,-15.787571440294057,0.0,0.0009842194550476254,8256.623
30,07,-3.173775886429094e-05,-20.80200322239373,0.0,0.001004735188951267,13459.991
31,08,-2.8741253340065727e-05,-19.03508228654759,0.0,0.0010760535270361797,12523.084
32,09,-2.269007780640903e-05,-3.5648343312581385,0.0,0.0008672290949221253,7815.3857
33,10,-2.174942796122078e-05,9.781940688922843,0.0,0.0006867919335684071,2117.8809
34,11,-1.4328458308167076e-05,19.586548003133142,2.2300614251030816e-06,0.0006729366678450485,-5269.926
36,01,-5.276928763964617e-06,11.574925520045783,0.0001972472347239012,0.00046975674859519613,-12740.817
37,02,-7.864293709969517e-06,5.468580898829869,2.739869412921724e-07,0.000443328927262103,-11891.56
38,03,-1.6001877676116956e-05,1.792558938959594,3.8041683935349995e-06,0.0003661708261100601,-9483.807
39,04,-2.3437909088230905e-05,-21.874123499891493,2.168152067396376e-08,0.0004928932368082314,-2405.484
40,05,-2.9170486620455693e-05,-20.4214844770534,0.0,0.00055373141337474,3279.677
41,06,-3.17826830204164e-05,-27.949367026435006,0.0,0.0008103595633521967,7303.959
42,07,-3.416977696542745e-05,-21.999847670688425,0.0,0.0009021180810537498,12002.489
44,09,-2.1331834113273846e-05,-6.238656323920356,0.0,0.0009065412273818056,8185.0386
45,10,-1.6551261839878706e-05,3.491510892150223,0.0,0.000806341602621908,1867.9567
46,11,-1.519573135911843e-05,20.401449884033198,5.0221549140082464e-08,0.0006367408295191699,-5351.1455
48,01,-1.1369238679367056e-05,31.70380508160335,0.00012911142713280135,0.0005065474144361389,-12102.741
49,02,-1.1685804688698098e-05,2.732715975443522,0.00031034646715436665,0.00024583032542684335,-13619.205
50,03,-1.3839232150540515e-05,-0.5926843497983868,2.071826688704952e-05,0.00048506053711077566,-9382.432
51,04,-2.090864053300013e-05,-10.60586452026367,1.1234845055474176e-05,0.0005298972676287223,-3019.9963
52,05,-2.6606813441591635e-05,-11.409518621957432,0.0,0.0006822573668070693,2276.1526
53,06,-3.6603149109497395e-05,-25.008415187242296,0.0,0.0008680787925681217,7731.6387
56,09,-2.725831751290065e-05,0.9693071214463977,0.0,0.0008300272881937013,8093.8037
59,12,-8.522425015388596e-06,21.808005747805364,2.6479295504990444e-05,0.0005939787194328425,-10094.393
62,03,-1.3818876191033916e-05,-6.2181760956138685,9.418372313181559e-05,0.00032761467128058087,-10244.445
63,04,-2.3066575134180317e-05,-21.124448284233942,5.596658653683133e-05,0.00045012077381442295,-3452.0566
64,05,-2.301351515928619e-05,-21.276121071107926,3.1990530670330086e-06,0.00067266253149976,2646.815
65,06,-3.0384449369921637e-05,-25.249517172580298,0.0,0.0009127790745715982,8230.125
67,08,-2.8069958612225798e-05,-17.017802792784988,0.0,0.0008598136095184325,12337.277
68,09,-2.2138291550658728e-05,-0.809648367987739,0.0,0.0010072270758296226,6722.2812
69,10,-1.5594664512004833e-05,12.420039781796033,0.0,0.0008134660352591524,1001.843
70,11,-1.2000811908506469e-05,17.20852971835666,8.267998695373535e-07,0.000733812687942615,-6401.875
71,12,-7.343828446024142e-06,12.754345215500043,1.1825137240912326e-05,0.0005638061713049892,-9653.169
72,01,-6.201572312694294e-06,7.789162023728894,0.006257890532093664,0.00032037616245556873,-14567.641
74,03,-1.1304150707112197e-05,-2.56875498781922,0.0002458149412626861,0.00041982346533168605,-8741.896
75,04,-2.3272295822324753e-05,-10.486857863362628,3.632929590013292e-07,0.0005507065881250634,-3331.5537
76,05,-2.800802443084893e-05,-16.149492612120927,0.0,0.0007271333313690247,2155.8694
77,06,-3.090711121482552e-05,-17.990251360066733,0.0,0.0007727630264536654,7241.7017
79,08,-3.3271033724499884e-05,-4.3656862228557625,0.0,0.0009632387406820798,12346.494
80,09,-2.244669017984254e-05,-3.3109654418945316,0.0,0.0010995125499796714,7780.6104
81,10,-1.5745955748394817e-05,1.4800897167574978,0.0,0.0007476628478483084,1638.3
82,11,-1.5779393952086846e-05,2.730464919026692,0.0001320727745691935,0.00036442432660848377,-5195.42
83,12,-6.748697063030508e-06,22.216181771555252,0.0009846030858255202,0.0006171308285160469,-11278.66
84,01,-1.0488508364736625e-05,25.802121266682942,0.0024635101813142014,0.00041564420438127206,-12885.61
85,02,-9.105866422227595e-06,-15.737989101954868,0.0001222507996218545,0.00019560193471323016,-13610.397
86,03,-1.09558865346488e-05,2.199697240357758,0.0001382134986180131,0.000417650180977115,-9207.96
87,04,-1.9242588071877733e-05,-14.953707265557181,7.426198323567707e-06,0.00039568850197150223,-2435.5063
88,05,-3.1224375424332516e-05,-18.680161248648037,0.0,0.0007434592337500871,2810.278
89,06,-3.5890827366468634e-05,-24.274000357055662,0.0,0.0008331960368823792,7908.591
90,07,-3.000731417455182e-05,-30.125119514383297,0.0,0.0010106809674292967,12588.645
91,08,-3.1366839325049225e-05,-20.726613564768147,0.0,0.0009093863952855494,11993.845
93,10,-1.7202233669146365e-05,6.4104873591597356,0.0,0.0008042660296969873,1644.6323
94,11,-1.2770530823662637e-05,20.62896745435927,4.2331218719482425e-08,0.000712386935210562,-4921.7197
95,12,-1.128779906788603e-05,28.043287035542146,0.00037468132152352284,0.0005160226476652414,-10492.792
96,01,-8.849628261046861e-06,-8.473066081057311,0.0005335850459273144,0.00039371051453645855,-12957.75
97,02,-5.771432554432804e-06,6.824847212655203,0.00025317513942718504,0.0005444937176130874,-12039.557
98,03,-1.3287096029671374e-05,-5.803373095440609,7.337508534872401e-05,0.00038326355497387356,-9353.159
102,07,-3.379324687933062e-05,-20.07741719498173,0.0,0.0011762637337276985,11790.809
103,08,-3.0242934917310693e-05,-13.572054321945357,0.0,0.0011241900766090502,11847.082
106,11,-1.2423982501220758e-05,8.69252590874566,0.0,0.0005567817669088578,-4764.048
107,12,-5.659096497726741e-06,10.619382738339004,5.145294307380593e-05,0.0006231452756041871,-9666.695
108,01,-9.400724827868036e-06,23.76198229324177,0.0002939996052813786,0.0005186993550770137,-12891.656
109,02,-1.553154618433063e-05,17.196350676788683,4.479276722875135e-05,0.00036645799898507564,-12426.167
111,04,-2.4692344382775542e-05,-22.74501348402235,0.0,0.0005172340481790242,-3400.7476
114,07,-3.385038605679304e-05,-9.511822006717805,0.0,0.001171458948932473,13053.012
115,08,-3.211179117533902e-05,-13.866469908683532,0.0,0.0010266525363930598,12574.75
116,09,-2.5435363158006416e-05,2.907980506727431,0.0,0.0009323654926211424,8919.295
117,10,-1.6347254436593455e-05,7.273599919801116,0.0,0.0007721173569709835,2164.855
118,11,-1.0307503538792339e-05,7.8851572241889105,7.3817332585652676e-06,0.000563931326113359,-5202.1226
119,12,-7.866494279115095e-06,20.208327730240367,0.0,0.00053423904773601,-9374.618
121,02,-1.1993180484209699e-05,15.243881237211681,4.026403029759725e-06,0.00042497837058714,-10396.438
122,03,-1.7582771425163286e-05,5.919001820882161,1.3147951454244634e-06,0.0005982449319345967,-7817.208
125,06,-3.3498540398290464e-05,-35.047065074327264,0.0,0.0008175972156450774,9252.898
126,07,-3.3625666249610085e-05,-27.510599928661055,0.0,0.000971569565642772,13969.616
127,08,-3.0036708770112647e-05,-17.0266568734774,0.0,0.0009896705504082786,12105.055
128,09,-2.1827326350689368e-05,-6.781363076782227,0.0,0.0009320243816883804,8512.631
130,11,-1.311930024130561e-05,7.912713109334308,7.664759953816732e-08,0.0004454905331929088,-4522.3643
131,12,-7.719866410816296e-06,20.033501539989185,2.718377369706349e-05,0.00047829752353097696,-10370.855
132,01,-9.708490018202875e-06,23.531725362798216,3.920951197224279e-06,0.0005105691684948654,-12823.053
134,03,-1.7018775953137494e-05,2.372058311872584,2.4298456407362414e-05,0.00048062062612102977,-6716.025
135,04,-2.7999317039636173e-05,-19.276666238742408,0.0,0.00037736529698403654,-2483.7031
136,05,-3.125298669270236e-05,-34.3688931694441,0.0,0.00042185220914118,2844.2002
137,06,-3.068480971400681e-05,-23.63770078192817,0.0,0.0008391077614164817,8606.277
138,07,-3.559518055198981e-05,-33.07448882301904,0.0,0.000870340643866736,12592.949
140,09,-2.7407515947157255e-05,-3.6402964202880854,0.0,0.0008673468175783354,8088.205
142,11,-1.0645134954231454e-05,8.876481322224937,1.7197676499684652e-05,0.0004970781178460824,-2572.9263
143,12,-1.0178729378000547e-05,19.264495642221096,0.00010385854269868586,0.0004455819003796224,-7587.5117
144,01,-9.804670876438911e-06,24.167181801416536,7.464897248052782e-06,0.00029198987653266507,-11716.369
146,03,-1.2629808311264428e-05,-0.5304674036169569,0.0,0.0005727407951866191,-8260.119
147,04,-2.5889148811054637e-05,-18.50936585184733,1.8495678901672365e-06,0.00041218083241272116,-2404.1084
148,05,-2.5811937759284265e-05,-33.066711107479634,0.0,0.0005622225995608382,3497.7732
149,06,-2.987989489524302e-05,-20.686577268473304,0.0,0.0007455840776351881,9118.853
150,07,-3.606362330103894e-05,-12.26554677852508,0.0,0.0011091873102282322,12269.301
151,08,-2.9805839779475068e-05,-22.79464663072811,0.0,0.0010097339748723264,12724.1875
153,10,-2.004618059737534e-05,2.17344532234438,0.0,0.0006820325499599374,3349.3254
154,11,-1.4646135411648073e-05,14.444811823866104,2.8859506713019477e-05,0.0006339337644810405,-4154.4434
157,02,-7.568776633878318e-06,10.513905402874128,3.7069602944385046e-05,0.00039763415424268303,-11997.281
159,04,-2.3724830210206465e-05,-12.979907084147134,2.5939941406250002e-08,0.000579528459085648,-4329.791
160,05,-3.502280750303383e-05,-18.415903687507882,0.0,0.0005439886107167655,3277.6328
161,06,-3.339920427913765e-05,-25.873405965508358,0.0,0.0008486856836498394,7493.039
162,07,-3.3542465003026134e-05,-26.574038988010855,0.0,0.0011160113274397768,11209.033
163,08,-3.290884278264643e-05,-13.404264240552024,0.0,0.0012228114123283905,11860.617
164,09,-2.5466491539959356e-05,-1.4094354346381297,0.0,0.0008614746787727199,7666.021
165,10,-1.9484351597922247e-05,1.9587082073252686,1.8078127214985508e-06,0.0005589232049004094,1738.3691
168,01,-9.715480358609446e-06,34.39173987899288,4.798289268247543e-07,0.0005887621752377449,-11316.948
169,02,-8.449411843078754e-06,-1.1622854381742926,0.0001454247690382458,0.00038359931115603885,-11625.643
170,03,-1.4966802825774622e-05,-6.011914413616221,0.00013486407008222353,0.0004124762266675568,-9084.051
172,05,-3.0932743489659034e-05,-26.541132331437964,0.0,0.0007194121543284234,1831.8264
173,06,-3.281592492067931e-05,-24.277929318237305,0.0,0.0009091609778879503,7380.5605
174,07,-3.3366269429406925e-05,-23.52127023184171,0.0,0.0009773544866860003,12324.951
175,08,-3.234485571499712e-05,-11.285276480397874,0.0,0.0010167660779612973,12369.6875
177,10,-1.798888249350155e-05,2.3637267239478326,0.0,0.000542134024022548,1851.1718
178,11,-1.1587640056374466e-05,-1.8295716874864363,0.00015719194677140975,0.00047988380124447253,-4278.8623
179,12,-9.250304196792702e-06,31.236705364924607,0.00020338165888222312,0.0004956924168822877,-9209.593
180,01,-8.814763398506955e-06,28.086010490499522,6.143172710172592e-05,0.0004701822597394422,-12290.321
181,02,-9.681430163471391e-06,-2.9269207930791947,0.0003871754450457437,0.0004138276064931533,-12544.299
182,03,-1.5868986940443404e-05,12.424105568506382,9.499826738911291e-08,0.0005810495797577411,-8456.49
183,04,-2.4481364455176743e-05,-15.54007357143826,6.838602489895291e-06,0.00040480200442157807,-3700.6802
184,05,-2.8615912740195944e-05,-19.306992470361852,0.0,0.0006858745914348111,2286.397
185,06,-3.390126228795352e-05,-22.424498955281575,0.0,0.0010699702445989207,9017.891
186,07,-3.466171150601792e-05,-32.442688338413035,0.0,0.0009186411803072188,12583.033
187,08,-3.527003988845888e-05,-15.806742182249662,0.0,0.0008680270261172562,12615.576
189,10,-1.8016295581522476e-05,4.47270425086893,0.0,0.0007590626369145407,2842.37
191,12,-1.093666692604627e-05,22.757288210632986,6.536950347244099e-07,0.0005556525008313002,-9218.747
193,02,-1.271823695051786e-05,20.178666164579848,5.487134059270224e-06,0.00048809193327531924,-11473.805
194,03,-2.219248033328259e-05,-0.5256330294045062,0.00016835869896796444,0.00037265990637394303,-7837.5586
195,04,-2.3056703787511248e-05,-15.611610607231992,0.0,0.0005232466899471546,-3884.269
196,05,-3.3250014936618425e-05,-29.631465932538433,0.0,0.0006214292339710306,2303.0793
198,07,-3.591561413959817e-05,-25.92438248894804,0.0,0.001035028367159925,11802.275
199,08,-3.331847033315239e-05,-31.29434137422295,0.0,0.0008271361476220967,12235.742
200,09,-2.6222378082234683e-05,-4.395296908230251,0.0,0.0008676720050675714,7576.7783
201,10,-1.4566836962311297e-05,5.514771194293934,0.0,0.0008753650264261328,2406.9517
202,11,-1.3042386322538529e-05,9.068964893934462,2.0260943306816947e-07,0.0006469659394806109,-4033.9004
203,12,-8.991161045966975e-06,-5.598886509064706,0.00015860379254946144,0.00039905608716880105,-10558.865
204,01,-7.460320452180465e-06,-0.4728464959257379,0.00023015245699113416,0.00044037663110958085,-12493.307
205,02,-7.544903639281147e-06,5.38362545916678,0.0006102077837648064,0.00031412921131322426,-11458.586
207,04,-2.0502408365953464e-05,-21.604367342122394,2.815988328721788e-08,0.0005573882549563778,-5084.3975
208,05,-2.4253428110207234e-05,-26.022296560964275,0.0,0.0006685273422467372,2916.164
210,07,-3.142641031134248e-05,-27.054918192217425,0.0,0.0009566610893040974,13330.924
211,08,-2.9903093116464793e-05,-15.358725825155936,0.0,0.0008052989171323801,12918.486
212,09,-2.534073391895315e-05,-7.00570699428982,0.0,0.0007056351989302735,7087.5884
213,10,-1.7171301486478214e-05,8.106230379494288,0.0,0.0008193838488076182,1783.5667
214,11,-1.4551765714713837e-05,14.46901237657335,0.00012027359008789062,0.0004943569559801082,-3627.2476
215,12,-8.836182103413613e-06,1.1414017176474303,0.00011574836187465217,0.000456995769084828,-9236.525
216,01,-3.583592048936e-06,-1.2817189340899076,0.00038023888808424755,0.0002965270524839061,-12668.095
217,02,-9.97768289436776e-06,28.48145621345157,6.829840796334402e-08,0.0005305327026612487,-12102.283
218,03,-1.2413017713795421e-05,-3.0697627356744577,0.0,0.0005206532129615308,-8786.002
219,04,-2.201332183204714e-05,-17.60772253417969,0.0,0.0005176294510015927,-3991.495
220,05,-3.085946982284968e-05,-22.07697987414944,0.0,0.000691181856834612,2068.3198
223,08,-3.064838395117496e-05,-15.397676236060358,0.0,0.0010386910332973625,12458.877
224,09,-2.7053925191669103e-05,-10.968042353990342,0.0,0.0009289264848881631,7802.4526
225,10,-2.0736059433235615e-05,1.8364669255082322,0.0,0.0007064217952702141,1956.2338
226,11,-1.1372840429430654e-05,5.54297788119846,0.0,0.000528491018474924,-5173.366
227,12,-9.893875752236308e-06,16.98351939342868,1.687051532089069e-05,0.0005512983522442909,-10235.378
228,01,-1.1099072907757458e-05,24.386054642872143,2.2409808251165574e-07,0.00045592296519506595,-12711.047
229,02,-7.893391973560764e-06,12.879144769577753,3.740382904098147e-05,0.000624683462594898,-11515.506
230,03,-1.582076560769428e-05,4.910139277304372,1.3940626575100807e-05,0.0006810213565312239,-8205.196
231,04,-2.2395207648413717e-05,-10.670934447903104,2.9785103268093537e-07,0.0005132326088525791,-2415.8035
232,05,-3.182257207745645e-05,-20.036693252071256,0.0,0.0007038634061112829,3884.1162
233,06,-3.4082233544055876e-05,-13.138249787733287,0.0,0.001018815234679136,9756.339
234,07,-3.6390916169732936e-05,-13.917790471887077,0.0,0.0009119439115554566,13476.268
236,09,-2.4247977624205914e-05,0.3736279635959201,0.0,0.0010404470592029612,8416.307
237,10,-2.3367591303340108e-05,14.50471792602539,9.088093234646704e-07,0.0007692835288216944,3249.6301
239,12,-8.802920268002493e-06,22.454611907630838,0.00011667215695945164,0.0005018636649010024,-9021.898
240,01,-9.430198710966792e-06,24.63400003675235,0.00020755073460199501,0.0005411838983149154,-11336.487
242,03,-1.3397230129969535e-05,-0.9194605676794566,8.536538770121912e-08,0.000520822167453769,-9444.732
243,04,-2.54553507465769e-05,-17.42901027967665,8.541558848487004e-06,0.00045097119342235603,-2218.065
244,05,-3.422614240797327e-05,-20.88572949317194,0.0,0.0007112033766742989,3516.2585
246,07,-3.775679561435789e-05,-20.12216363230059,0.0,0.0008227019134094047,13197.864
248,09,-2.59650643648355e-05,-3.5717024329291456,0.0,0.0010456855732800857,8163.219
249,10,-2.1588807777500546e-05,5.981483147405809,0.0,0.0006945507025795002,2215.9766
250,11,-1.3179962080519347e-05,12.654008286878799,2.0961513784196646e-05,0.0005313356323464177,-3724.193
251,12,-1.3700721242369786e-05,27.986750325848984,0.0004829321933049028,0.0004460608781439875,-8032.503
252,01,-6.553396535759588e-06,18.42038040095504,7.689163249026063e-06,0.0004392718665100694,-10158.497
253,02,-1.2230161100386137e-05,18.65321454909752,3.605513052008618e-05,0.0004498816253623835,-12774.437
254,03,-1.4517082142339604e-05,-0.5979741453765541,2.188550656841647e-05,0.0004991599991315802,-9403.302
256,05,-3.550879427684679e-05,-19.147158501081563,0.0,0.0006344104929724587,2958.1106
260,09,-2.4486756719630248e-05,-2.020394458007812,0.0,0.0011746618843225302,8237.045
261,10,-2.1893689024856883e-05,11.235235126454343,0.0,0.000834898857871064,1794.7119
262,11,-1.5146696185204038e-05,20.892512133110895,0.0,0.0005471246481323154,-5156.847
263,12,-1.1904006665214989e-05,20.81303864280127,0.0006958496250132079,0.0005704053421768659,-11324.825
265,02,-9.421481274265325e-06,7.153048214503697,0.0006544472773869832,0.00045849606639379885,-12668.153
266,03,-1.3063552253355424e-05,-6.242824222359606,0.00027922883085025255,0.00043964260734938635,-9028.758
268,05,-3.372209000100225e-05,-25.790908090242777,0.0,0.0006874419770607463,3758.436
269,06,-3.303585196628976e-05,-31.827683939954966,0.0,0.0007031702677992751,8386.166
270,07,-3.6646507612448495e-05,-24.41304970722813,0.0,0.0009577895311687377,13028.198
271,08,-3.349079792080317e-05,-13.273838911159066,0.0,0.0011785009511229004,13188.9375
272,09,-2.8629883362433853e-05,-3.361749937269423,0.0,0.0008204311439514236,8191.8184
276,01,-6.60295483731882e-06,23.604068570044735,0.00012535062912971744,0.0005113839650168305,-11342.457
277,02,-1.6342577849974034e-05,27.257544948032923,5.277034782228017e-06,0.0005129149039266849,-10167.487
278,03,-1.718439095667989e-05,-2.8514695644583754,1.5001514906524331e-06,0.0004819596547454955,-8677.614
280,05,-3.0134792006426703e-05,-17.31557953963741,0.0,0.0007120376103461025,2660.2405
281,06,-3.5836119472898846e-05,-20.466573669433593,0.0,0.0009486301975226323,8117.595
282,07,-3.594073215623134e-05,-17.96138944137737,0.0,0.0010623623587375588,13534.084
283,08,-3.0240783373966385e-05,-12.41071590333344,0.0,0.001163815572202473,12610.621
284,09,-2.726855740998468e-05,-6.606480073716904,0.0,0.0007335374628951386,8738.96
285,10,-2.2813934475604865e-05,5.003235001430717,0.0,0.000718885400139463,672.004
286,11,-9.433203981300014e-06,10.082439758300783,0.0,0.0005791067180039236,-6299.0566
287,12,-9.155090198257839e-06,-0.601292420089886,1.2510566301243278e-09,0.0004945328851989802,-11281.893
288,01,-7.996820467572737e-06,16.024269751435966,0.00044667841542151673,0.00041192595895207524,-12354.537
289,02,-9.213011075579354e-06,1.6289639434814458,0.000368756529830751,0.0002735949758984874,-12362.105
290,03,-1.4304734281419465e-05,-4.024482163624097,0.0,0.0004401956440712298,-9032.742
293,06,-3.491794925367785e-05,-29.63445593295627,0.0,0.0011471253787109367,8099.236
294,07,-3.637924248004731e-05,-25.786057973554062,0.0,0.000985359612786695,13272.147
295,08,-3.1032737283929096e-05,-31.771135562691633,0.0,0.001063466894169325,13160.795
297,10,-2.1305207502659715e-05,-2.352458050143333,1.9682761161558088e-06,0.0005624345080602805,2325.4429
298,11,-8.746191556262298e-06,13.336127873399521,0.0,0.0006547417485429125,-2965.475
299,12,-8.986315398414586e-06,16.75842543636855,1.2960655714875909e-05,0.0005586620659873345,-8547.623
300,01,-8.992702947169514e-06,20.66453995308825,0.0007110370653931812,0.0004630176850634722,-12542.646
301,02,-1.1818901434843997e-05,12.780648606925178,0.0004339445432027181,0.000495099684988787,-12022.3
302,03,-1.5225630396960167e-05,1.0669384965794064,0.00020815543461871405,0.00036018773000070863,-6904.1777
303,04,-2.4217375733618005e-05,-11.611916856553819,0.0,0.0005477365501182944,-3949.5981
304,05,-2.847669872224737e-05,-31.81054322043798,0.0,0.0006152930506795131,3078.7227
305,06,-3.421590459786078e-05,-30.121984181382924,0.0,0.0008944627820598017,8685.926
306,07,-3.5823426863228845e-05,-21.040274605699764,0.0,0.0009030186964724067,12311.014
307,08,-3.442271008691844e-05,-10.630728795861687,0.0,0.0011410420949086592,11878.887
308,09,-3.09724094837697e-05,1.3779368174235027,0.0,0.0008935518929530012,9257.885
309,10,-1.9737982986943505e-05,10.8786054316695,0.0,0.0006333934098819987,2727.353
310,11,-1.219442167142309e-05,8.63346869269477,3.3279392454359266e-07,0.0006341721947358944,-3160.4514
312,01,-1.0532949036563073e-05,27.835473567839585,0.0002284056717349637,0.0004537746557087837,-10832.431
313,02,-1.0796667724878803e-05,1.9850640389578682,0.00020228017086074463,0.00030567886635834556,-10960.072
314,03,-1.2645556585016247e-05,2.2825399281491516,0.002058747031355417,0.0005048640071809572,-9775.863
315,04,-2.402455134354872e-05,-12.38321820203993,0.0,0.0005435340928157731,-2364.649
316,05,-3.3327865934669755e-05,-23.83920729967343,0.0,0.0006399812987691344,2733.8765
317,06,-3.715115132452208e-05,-30.632264646063906,0.0,0.0010480431722563416,8358.736
319,08,-3.320200081173924e-05,-14.21000237282374,0.0,0.0008214074471167111,12891.807
320,09,-2.545146969718593e-05,-6.704652192857532,0.0,0.0009221086927508522,9680.373
324,01,-6.5253165958961526e-06,7.280853728591756,0.00014880976241122009,0.00037462094703483867,-11462.503
326,03,-1.3873502668170125e-05,-4.782673361173239,0.0004253186384836833,0.00041051977616280897,-8583.664
327,04,-2.37631702343909e-05,-18.782449027506512,0.0,0.00045216028320109117,-2589.8484
328,05,-3.370682173148433e-05,-13.439136345319852,0.0,0.0006535041197075036,3713.7139
329,06,-3.4785863751151034e-05,-27.11431088460287,0.0,0.0008772879220370063,10106.725
331,08,-3.203818718891423e-05,-14.970106861073484,0.0,0.0009000416037593156,12927.963
332,09,-2.4569920312832332e-05,-1.9050392035590278,0.0,0.0011661635124005137,8830.771
333,10,-2.0357669840078775e-05,8.929626497002058,0.0,0.0008570413862924212,2249.8918
335,12,-1.1844671387852061e-05,21.158474252352146,1.2561005930746755e-06,0.0005773151541380593,-9065.404
336,01,-1.3167410284109127e-05,32.71415653975292,7.495572490076866e-08,0.0005230013527154189,-10290.587
337,02,-9.635896793779033e-06,12.227102448962983,0.00012729246417681375,0.0005590188341237168,-12554.8545
338,03,-1.969343553138324e-05,2.858439688077537,8.514286369405767e-07,0.0004028064890359467,-7261.653
339,04,-2.5420359923575438e-05,-23.728481532796227,0.0,0.0005033413915325177,-3775.0063
340,05,-3.1186685044343005e-05,-23.42358186127037,0.0,0.0008101687334261413,3238.6772
341,06,-3.458860908376663e-05,-19.802041976589628,0.0,0.0009322974188374144,8779.474
342,07,-4.0491175616739144e-05,-14.380545316962786,0.0,0.0009613429224455643,12006.457
343,08,-3.430768915528969e-05,-11.902402343421853,0.0,0.0010274620080804539,12792.945
344,09,-2.677926907070085e-05,-2.246240928141275,0.0,0.0008591688969658409,9155.794
345,10,-1.4836711174446523e-05,-1.5530790907336818,0.0,0.0008285501714110792,3346.7856
348,01,-9.98381483742544e-06,30.50790186531313,3.1635838170205394e-06,0.0005276380488101,-11596.357
350,03,-2.0140387961912898e-05,4.352542552004578,6.198341231192312e-05,0.0004389440757035161,-7448.323
351,04,-2.446588194630345e-05,-15.287676639472116,0.0,0.00038008468478427,-1608.2236
352,05,-3.326288808405293e-05,-18.37616691179173,0.0,0.0006870887521260839,2248.1724
353,06,-3.476253857051133e-05,-32.52892781643338,0.0,0.0008564286241224787,8983.739
354,07,-3.577182100015043e-05,-18.878891244211506,0.0,0.0011261872946572934,12879.001
355,08,-3.3834556450724496e-05,-9.036356891591062,0.0,0.001041277370647549,12002.367
356,09,-2.5189189388381943e-05,-2.5223080678304033,0.0,0.0009044781553824899,8320.913
357,10,-1.8222273044254205e-05,6.518695762716314,1.0895472700877858e-09,0.0008543528111196123,3302.063
358,11,-1.2143508331428165e-05,12.723418456013999,0.00035360905991660223,0.0005676329277205644,-3610.3171
359,12,-6.623100362498576e-06,8.910789440196046,3.1098793911677535e-05,0.00043185676473623153,-7688.4434
360,01,-6.219402897665034e-06,13.638463789416898,0.00026115813434764905,0.0004136181822207933,-11191.939
361,02,-6.55127283612057e-06,7.2258432279314295,5.497220584324428e-05,0.00047579284143406164,-10677.055
362,03,-1.4006747319585248e-05,0.15545269151913163,4.5311066412156626e-07,0.0004989911271048672,-7101.0977
363,04,-2.2896213735516033e-05,-13.763160278998479,7.51813252766927e-09,0.0004889661802240576,-2819.3765
364,05,-3.152253704363203e-05,-24.89160391596312,0.0,0.0007151075125502661,2962.1082
365,06,-3.4585202314802804e-05,-32.20444840494791,0.0,0.0007885755440597576,8054.696
366,07,-3.995988693131167e-05,-23.939954596078525,0.0,0.0009029157017727434,11923.331
368,09,-2.396435872586961e-05,-8.675344586181641,0.0,0.0009490466401233954,8970.406
369,10,-1.8213049179844e-05,4.716025361748153,0.0,0.0008116932342555208,1281.572
370,11,-1.3997967538165946e-05,28.005924584282763,7.164478302001954e-09,0.0006304514712387844,-3956.2368
371,12,-8.896478755051119e-06,9.686923075029926,0.0033527605789963914,0.00038589618015715004,-10731.596
372,01,-6.091251291421628e-06,2.9262350808420488,0.002126177963390145,0.0003629201125318107,-11965.043
373,02,-7.65345504045659e-06,5.717629487900508,0.0021790685525962285,0.0003673177904023817,-12842.964
375,04,-2.4690822054900404e-05,-20.66956467929416,2.4727185567220055e-07,0.0004912910699575554,-3127.2769
376,05,-2.827942739082006e-05,-27.387183430333288,0.0,0.0005531739490862218,3434.8018
377,06,-3.182083758476639e-05,-35.711798379855686,0.0,0.0008911056623261983,9477.134
378,07,-3.4407490462771055e-05,-31.11366353779454,0.0,0.0012401764772639779,14117.738
379,08,-3.27152816781925e-05,-15.088779016966459,0.0,0.0010051635737900273,13844.592
380,09,-2.3803562745282155e-05,-1.7829848341200085,0.0,0.0008983746668693987,8440.077
381,10,-1.8914465963579488e-05,8.677334267236855,0.0,0.000821376938233815,1822.7205
382,11,-1.1904203317903414e-05,4.708053307088217,0.0002805316183302138,0.000539917925373298,-3240.7046
385,02,-7.274441715534998e-06,7.353929252261208,0.00014321758775483995,0.0005457368057977929,-11343.588
386,03,-1.235675504704564e-05,-6.3443144091534345,0.00019613219461133403,0.00039190909222795576,-8745.595
387,04,-2.5035789431644346e-05,-14.869033695136176,0.0,0.0005911379486306348,-3766.185
389,06,-3.4230032604055946e-05,-25.01744469502767,0.0,0.000881464317699061,8522.589
390,07,-3.7348723895911946e-05,-18.427609645064162,0.0,0.0009686399827052652,13304.209
391,08,-3.274760770019843e-05,-10.64563058373236,0.0,0.0011464830641275342,12545.309
392,09,-2.5484862159343414e-05,2.648160398695204,0.0,0.0010463940876720393,8106.6914
393,10,-1.916051529891168e-05,8.726722329416583,1.6692376905871977e-07,0.0007127288467344178,2845.1597
394,11,-8.12447487300637e-06,7.208228931681314,0.0,0.0006513960211994212,-4209.909
395,12,-1.2744765838047034e-05,29.389911852764826,8.855871231325211e-05,0.0004817236066579237,-8245.632
396,01,-9.557997748420493e-06,23.492998173539362,3.76804490243235e-05,0.00043240021513436713,-11709.73
397,02,-6.941694202459045e-06,2.77444112036694,0.0013561625960229456,0.0004849237747458461,-12270.711
398,03,-1.1845709033173812e-05,-9.130659757880753,5.560450656439668e-06,0.00044616643216331627,-8183.375
399,04,-2.412122515035865e-05,-15.116672309705946,0.0,0.0005342435015494618,-2456.8147
401,06,-3.633841799156573e-05,-15.284035491265191,0.0,0.0009098009567069676,9093.15
403,08,-3.664081436780238e-05,-14.530181596981583,0.0,0.0010329766651933964,13348.1875
404,09,-2.780254297756781e-05,-4.337274759928387,0.0,0.0009458465725743282,9610.217
405,10,-1.749340033099435e-05,6.576196681525118,1.6571373067876343e-08,0.0009416702161500776,2476.8164
406,11,-9.782895505729057e-06,13.286790387301977,0.0,0.0004847364594485018,-3606.5073
407,12,-8.270612005098982e-06,23.135962751162953,0.0004308112231633996,0.0005064767144187343,-9457.321
408,01,-7.079607454118081e-06,9.77005108642578,0.0024007742763847433,0.000497766507189808,-12108.826
409,02,-9.82560560788399e-06,1.2790957768758144,0.0007189501410438901,0.0003367882807537607,-11181.008
410,03,-1.6003138249269338e-05,-14.11737674147083,0.00018706004465779953,0.0004201141621528276,-8761.071
411,04,-2.0434202846445263e-05,-16.983018215264217,0.0,0.0004941429305161389,-2547.5322
412,05,-2.7662325821888435e-05,-23.158452428017892,0.0,0.0006636143321345607,4319.057
413,06,-3.319209287441886e-05,-26.815010833062065,0.0,0.0008767861766169669,9306.766
414,07,-3.405638901301333e-05,-27.630988150319745,0.0,0.0009992564759155084,13354.846
415,08,-3.2683108437937644e-05,-17.84199171037572,0.0,0.0008798842714115641,12723.973
416,09,-2.475842662511746e-05,-8.054260448540582,0.0,0.0009952416975374742,8733.424
417,10,-1.765674730958508e-05,13.677036990258001,0.0,0.0007650325017121314,3200.0771
418,11,-1.2026654228591521e-05,13.685960133870443,8.762069013383654e-05,0.0006722915904273629,-2620.3228
419,12,-9.44601224512954e-06,28.97793200421077,5.1136837210706475e-05,0.0005743988471772425,-8320.039
420,01,-8.580053124215514e-06,22.96357862870411,1.0653635506988855e-05,0.0004570045449137564,-12811.721
421,02,-1.1990748406116751e-05,26.598223410470148,1.0926482223329089e-06,0.000413683501669097,-11489.95
424,05,-3.2321809314922687e-05,-17.350711201329386,5.8457146408737335e-06,0.0007860145196551182,4448.62
425,06,-3.645346474101341e-05,-28.120134918891054,0.0,0.0007369192126624208,9441.354
426,07,-3.570791800838603e-05,-18.498887496784167,0.0,0.0012707728695600497,13088.571
427,08,-3.5946427165531874e-05,-15.756697428713563,0.0,0.00083940602619154,13180.656
428,09,-2.0748739615697153e-05,-9.244409510294595,0.0,0.0007514128688763474,8517.592
429,10,-1.6616273676728237e-05,8.951883064844276,0.0,0.0007536827149327755,2385.7197
430,11,-1.0089955154782932e-05,6.784489759657117,3.112157185872396e-08,0.0007041661412425191,-4713.4883
431,12,-1.0581146033268115e-05,22.95546643394552,0.0004054831791949528,0.00047802787376777174,-8236.11
432,01,-9.2527426375611e-06,26.340960131573418,0.00016244323407450028,0.000489844752344597,-10161.668
433,02,-8.153189459681882e-06,8.31590086110433,9.767446773392813e-05,0.0003498088643584164,-10001.895
435,04,-2.4346638547669703e-05,-22.934988667466907,9.625487857394749e-09,0.0005260060907692656,-2704.566
436,05,-3.070366395367009e-05,-25.76910455847299,0.0,0.0007177736570713329,3165.2417
437,06,-3.477750818122634e-05,-31.860220404391814,0.0,0.0009790266007457542,9395.018
438,07,-3.7615658574522775e-05,-25.170489753641114,0.0,0.0010782962788556474,12422.004
439,08,-3.326061218056918e-05,-12.586229408838417,0.0,0.0013657396460582901,13571.832
440,09,-2.5603061031688413e-05,-1.6679924726698132,0.0,0.0007566028229298049,9830.963
442,11,-1.4898132296588707e-05,27.46974549831814,4.5776367187500004e-09,0.0007983321246238999,-2251.8684
443,12,-8.385574634596725e-06,33.275967709449034,0.0,0.0007795188684168917,-8085.759
445,02,-1.2519085415486441e-05,14.879537966322628,1.52496250196435e-05,0.000396557157183862,-10601.429
447,04,-2.7581765115751797e-05,-20.820068422105575,1.3241238064236113e-07,0.0004367676396880408,-3222.1306
449,06,-3.356170396635004e-05,-23.02242342732747,0.0,0.0010927039331910299,9931.154
450,07,-3.758493633006676e-05,-22.269790681900524,0.0,0.0010440241232438279,14253.011
451,08,-3.3272750999810424e-05,-17.014684508621052,0.0,0.0010487866989167115,14536.734
452,09,-2.4645985519115736e-05,-7.889081433783638,0.0,0.0009151321535124882,9768.117
453,10,-1.526362983537594e-05,-3.798430909843855,0.0,0.0005933222717686742,1841.001
454,11,-1.1750765303218536e-05,10.89123139716254,3.956906927956475e-05,0.0005619674263660951,-3742.731
455,12,-4.447676278540448e-06,15.633635981405934,3.86891185596425e-06,0.000560933945176403,-8544.316
457,02,-8.18821650381367e-06,12.903916228158135,0.00023337035661651976,0.0005283647472425172,-10775.6
458,03,-1.5800369091061108e-05,2.527072602630943,0.0,0.0006005471790666234,-7240.8403
459,04,-2.5679135762624757e-05,-26.331729773288306,0.0,0.00046593889041503434,-3072.143
462,07,-3.888270218750779e-05,-23.176640851420746,0.0,0.0012087215603821659,13472.393
463,08,-3.333480648354688e-05,-12.395997953681537,0.0,0.0010214693359917133,13503.146
465,10,-2.0550294828412475e-05,15.281469091599986,0.0,0.000977998422354175,3282.1846
466,11,-1.2597567349661808e-05,15.910226154920792,3.65040037367079e-07,0.0005069242515831825,-3006.099
467,12,-7.748080553331723e-06,20.40142875687794,0.0006995919622400755,0.0004944631197981608,-8109.84
468,01,-8.493993727101315e-06,23.796599253992884,1.641540501707344e-05,0.0004060688798143667,-10281.492
469,02,-1.1806723732206594e-05,-2.6082788761683875,9.837871222268968e-05,0.0002829947456795624,-10500.296
471,04,-2.4140652476206825e-05,-8.481860700141059,0.0,0.0007254045517381757,-2874.0417
472,05,-3.631899526441482e-05,-17.44638056798135,0.0,0.0007784020966188845,4304.946
473,06,-3.447691067930363e-05,-33.33076165534125,0.0,0.0009423105013197868,9041.705
474,07,-3.4126774513620195e-05,-44.31138712696363,0.0,0.0009376750856292581,15132.674
478,11,-1.049799736220949e-05,11.533768935139973,4.4242540995279946e-07,0.0007007089032915043,-3944.4722
479,12,-7.425197422547768e-06,21.47761040308142,5.2109628595331655e-05,0.0005544804356621699,-8671.062
480,01,-8.170035396257738e-06,18.813249751593478,0.0003725200532585062,0.0004562786708415723,-11606.07
481,02,-8.232899953890454e-06,13.675333238874163,6.108944188980828e-05,0.0004878204055308429,-10558.027
484,05,-2.8741963674400066e-05,-37.081440074305384,0.0,0.0006720132131989082,2909.3171
485,06,-3.9525050331051005e-05,-23.208365014648436,0.0,0.0009900846631499234,9554.1
486,07,-3.625940142692049e-05,-31.74150496025496,0.0,0.001190152164367206,13082.412
487,08,-3.404563471354698e-05,-17.337182702177312,0.0,0.0009153493840614355,13310.427
488,09,-2.6543087166161665e-05,-4.24653964674208,0.0,0.0009920191406140525,9489.041
489,10,-1.8569231195137014e-05,10.235854191605762,0.0,0.0009659558784721729,4077.4116
490,11,-1.0039879183467646e-05,10.335369747924807,0.0,0.0005838539287481886,-3516.458
491,12,-8.260583359534854e-06,25.078029959073632,0.0,0.0006186688043578876,-8662.177
493,02,-1.5386156723984276e-05,31.748662168305497,1.7729275528041798e-05,0.0006172183049920366,-9793.764
494,03,-1.9840231885472768e-05,-1.8349693298339842,0.0,0.00044156570029401656,-5220.315
495,04,-2.7043378228700023e-05,-24.0670989525689,0.0,0.00044264087076846477,-2510.7695
496,05,-2.995519203009721e-05,-45.04488896819084,0.0,0.0006991983233638057,3390.13
497,06,-3.546342912159163e-05,-30.903872137790252,0.0,0.0009531023765690003,9647.23
499,08,-3.48960954878191e-05,-17.491402352609946,0.0,0.0011642942770002831,12770.095
502,11,-1.0186800306089735e-05,15.631692754109702,0.0,0.0007050563983345021,-2124.9226
503,12,-6.893300624729055e-06,15.732371215492165,1.2867758350987586e-06,0.0004749457487080894,-9286.457
504,01,-7.860778656987515e-06,14.34612370152627,3.849816578690723e-05,0.0004323260738559914,-11123.504
505,02,-9.005972841740524e-06,9.622026147751583,0.0020311918883096605,0.000539877978493261,-10611.308
506,03,-1.5948935392546162e-05,-0.9029574194467195,8.298632919147451e-08,0.0004469089032667109,-5812.0693
507,04,-2.588563685021654e-05,-27.98602328389486,1.457011964586046e-05,0.0003414452638194754,-443.98746
508,05,-3.230829694098981e-05,-22.4746828918457,0.0,0.0005485733494364279,3597.2734
509,06,-3.7502937650666964e-05,-26.38411481492784,0.0,0.0010744130859948195,10248.627
510,07,-3.6336240956178925e-05,-19.074829963273896,0.0,0.001075812178065009,15012.054
511,08,-3.444879628501263e-05,-12.903870650096605,0.0,0.000943864032105035,14165.55
512,09,-2.3354238802332672e-05,-7.743464881388346,0.0,0.0009716396207307595,9597.432
513,10,-1.864643046111826e-05,14.62936670381279,0.0,0.0007882013383125549,4162.327
