,month,MER,MSSHF,RH,UW,NAO
1,02,-7.399999772068052e-06,2.729709174746558,52.295623941567676,5.242820933818818,-1.2
2,03,-1.408509512223264e-05,7.08405715679866,62.090667984242096,13.765281541639759,0.41
3,04,-2.191347909663616e-05,-15.59233038906521,62.41300571294825,5.253018767907886,-2.01
4,05,-2.839083756912113e-05,-16.16055940262989,64.02205650719006,9.909492792170534,-0.9
5,06,-3.330413338050373e-05,-22.16353809509278,52.028707694198026,5.934494112353855,1.92
6,07,-3.0671342559486147e-05,-22.637875941122733,53.00265082314577,13.328552245519495,0.86
7,08,-2.8487004876296853e-05,-12.56110269165039,50.14281140049425,9.79633006227145,1.11
8,09,-2.3132900744369383e-05,-4.023202255249023,42.3501046719922,12.264388197920056,1.13
9,10,-1.6345863611966567e-05,2.642213581372333,56.92965585534547,4.59894328461924,0.18
10,11,-1.1569333000928361e-05,13.890767045423724,49.679388139549886,15.572536984846325,0.42
12,01,-5.795284385228985e-06,8.867661568262244,49.01821534482766,5.114125808059528,-1.38
13,02,-7.359469057738698e-06,6.865867059466484,53.581606617508264,7.856037982940672,-0.39
14,03,-1.4070489600584629e-05,-6.186828353717764,55.02083505403355,7.28385072402544,-0.73
15,04,-2.282624180893941e-05,-17.872287172783746,48.97103869282801,0.1369029037899443,1.26
16,05,-2.9285246377967465e-05,-30.998830406271004,47.47244699586335,-4.025603452805551,-1.34
17,06,-3.014735746900341e-05,-26.066622504679362,62.37913317463399,6.837710131094192,-0.07
18,07,-3.1905643976779664e-05,-14.025872309859079,48.67037434149174,7.28260863685608,-0.39
19,08,-3.1051088017916934e-05,-11.540256553403795,47.008779259716306,13.212725781204876,-3.01
20,09,-2.365392635981859e-05,-3.0327022542317708,42.946886476458445,12.575276836034986,0.79
21,10,-2.1172643707369163e-05,7.590982919672484,58.4636376896443,13.979145259652089,-1.41
22,11,-1.4279194747299093e-05,14.235161112806532,54.54851769668525,8.777663723097907,-0.52
23,12,-7.873070872231058e-06,26.063403682913826,61.380955716897084,13.964713369225944,0.63
24,01,-7.860688640385075e-06,20.899533713063885,47.875411116570554,12.33075755956096,-0.08
26,03,-1.2076194787720939e-05,11.89821663673975,73.37905685201383,13.306958838185956,-1.65
27,04,-2.2320882245185202e-05,-19.334173597547743,50.02077896680037,2.920826218308343,0.25
29,06,-3.0904296795920855e-05,-15.787571440294057,51.69619375912348,11.143315948295594,-0.15
30,07,-3.173775886429094e-05,-20.80200322239373,49.75860673643311,10.426191270602645,0.08
31,08,-2.8741253340065727e-05,-19.03508228654759,42.77699926753197,7.685691989857664,0.38
32,09,-2.269007780640903e-05,-3.5648343312581385,46.85175361700852,8.593244362915888,-1.27
33,10,-2.174942796122078e-05,9.781940688922843,60.93410625634399,16.650438065046906,-0.96
34,11,-1.4328458308167076e-05,19.586548003133142,54.57233108670976,17.251836509937714,-0.53
35,12,-7.687594037497059e-06,8.885675470167591,67.75924336626196,9.12891215738686,-0.11
36,01,-5.276928763964617e-06,11.574925520045783,58.01885871766587,10.828720034978724,-1.55
37,02,-7.864293709969517e-06,5.468580898829869,51.56958197040644,2.3612015480768114,0.86
38,03,-1.6001877676116956e-05,1.792558938959594,55.95160838729334,6.721166247665241,0.8
39,04,-2.3437909088230905e-05,-21.874123499891493,46.11000325809585,4.110112059911092,-0.04
40,05,-2.9170486620455693e-05,-20.4214844770534,47.92201473479629,9.468134508666173,-0.44
41,06,-3.17826830204164e-05,-27.949367026435006,48.16991035015053,8.309710549185011,-1.34
42,07,-3.416977696542745e-05,-21.999847670688425,39.2781192299025,2.935726840890864,1.18
43,08,-3.1963929242763654e-05,-15.790871219429917,46.55304641459066,12.161826806775984,0.21
45,10,-1.6551261839878706e-05,3.491510892150223,54.79260846710333,6.952388475377072,-0.29
46,11,-1.519573135911843e-05,20.401449884033198,56.70156626680825,14.35263231576284,1.55
47,12,-1.0313162028783104e-05,17.753608460457098,55.75187243828721,13.39048569564409,1.56
50,03,-1.3839232150540515e-05,-0.5926843497983868,57.115805566785156,13.265807060569843,0.59
51,04,-2.090864053300013e-05,-10.60586452026367,65.75529212030038,9.872940920575457,-1.07
52,05,-2.6606813441591635e-05,-11.409518621957432,66.050863289825,6.826091371003018,-0.01
53,06,-3.6603149109497395e-05,-25.008415187242296,46.266101067479454,7.4451282612482705,1.31
54,07,-3.282222612492611e-05,-33.091220865229126,44.1499227373741,7.109862047544089,1.22
55,08,-2.6941880611302234e-05,-27.08358682743196,31.77761535606461,0.022965281558293076,1.95
56,09,-2.725831751290065e-05,0.9693071214463977,44.86737590899468,17.08183361146715,-0.95
57,10,-2.1395454446465794e-05,12.186390243366201,47.91972020449689,17.807696523379256,1.22
58,11,-9.367185011372688e-06,10.117007967122396,41.05919099200301,7.654566838243273,-1.16
59,12,-8.522425015388596e-06,21.808005747805364,57.410435429080856,13.30256360898992,0.18
60,01,-1.1848107099418698e-05,28.771229348787696,56.9102486772409,17.3053938906885,1.42
61,02,-9.682757584759485e-06,6.4267875001403105,47.08914505602986,1.374231495539348,0.37
62,03,-1.3818876191033916e-05,-6.2181760956138685,56.610379949503034,1.7070786961791335,-0.79
63,04,-2.3066575134180317e-05,-21.124448284233942,53.13685258980724,2.0456456870185007,-0.45
64,05,-2.301351515928619e-05,-21.276121071107926,61.30564291210714,-3.17149069710188,0.55
65,06,-3.0384449369921637e-05,-25.249517172580298,53.14751710217263,7.471991460397509,-0.12
67,08,-2.8069958612225798e-05,-17.017802792784988,42.472240740586344,2.872892107502107,1.35
71,12,-7.343828446024142e-06,12.754345215500043,59.86620702467682,8.305007507467783,-0.09
72,01,-6.201572312694294e-06,7.789162023728894,59.71689801232405,3.3671332889679944,-2.38
73,02,-7.646551471441942e-06,-7.170963860648018,49.17462651499538,5.9333629534131,-1.0
74,03,-1.1304150707112197e-05,-2.56875498781922,68.34861116093205,5.728958231320945,-0.19
75,04,-2.3272295822324753e-05,-10.486857863362628,59.37646033687326,12.875126613341438,0.2
76,05,-2.800802443084893e-05,-16.149492612120927,55.7763452255995,0.7978462683975057,-0.4
77,06,-3.090711121482552e-05,-17.990251360066733,61.34983533646531,9.56488656516605,-0.5
78,07,-3.447742918110781e-05,-15.274860501197074,50.75858460182529,13.101680323898153,1.25
79,08,-3.3271033724499884e-05,-4.3656862228557625,49.79625837316948,15.87532358626909,-0.74
80,09,-2.244669017984254e-05,-3.3109654418945316,48.444472670045165,17.991419761784872,-0.36
81,10,-1.5745955748394817e-05,1.4800897167574978,41.847355274659336,3.9228212014475177,1.49
82,11,-1.5779393952086846e-05,2.730464919026692,53.6031213278585,8.510707509316338,-0.84
83,12,-6.748697063030508e-06,22.216181771555252,62.92255071562849,19.30713940606066,0.11
84,01,-1.0488508364736625e-05,25.802121266682942,67.17732922877546,14.171719384019092,0.78
85,02,-9.105866422227595e-06,-15.737989101954868,41.279925076501705,-5.740575921649026,-1.58
86,03,-1.09558865346488e-05,2.199697240357758,53.96111336709735,11.289218418552027,1.39
87,04,-1.9242588071877733e-05,-14.953707265557181,61.57429541588492,5.863026918029785,-0.79
90,07,-3.000731417455182e-05,-30.125119514383297,48.19723509739805,12.281629657273651,0.15
92,09,-2.1116000810717296e-05,-5.870355172729491,52.886519872754164,13.824011871359083,-0.95
93,10,-1.7202233669146365e-05,6.4104873591597356,48.62927366667281,15.84836222144096,2.2
95,12,-1.128779906788603e-05,28.043287035542146,58.52688881322774,15.426232051849366,0.83
96,01,-8.849628261046861e-06,-8.473066081057311,52.03738375666833,3.380256105915193,-1.85
97,02,-5.771432554432804e-06,6.824847212655203,67.52644709656069,7.183116704645611,-1.27
98,03,-1.3287096029671374e-05,-5.803373095440609,55.151999684815046,8.146193476933306,-0.26
99,04,-2.2575659647211267e-05,-11.442104777696397,52.015024873095086,4.7397296148724015,2.03
100,05,-2.791426425801057e-05,-28.103053294192083,60.924986691195485,5.088691424010902,0.96
101,06,-2.8837502824555686e-05,-20.989433822292757,61.5306473079814,12.883800532786049,-1.53
102,07,-3.379324687933062e-05,-20.07741719498173,55.40260847481861,8.933421974059073,0.55
104,09,-2.5696148892024614e-05,-3.969099077690972,51.22118268649578,18.18680549267663,-1.04
105,10,-1.9746457593286597e-05,13.28605210072507,59.41998880579267,8.569977047376735,0.66
106,11,-1.2423982501220758e-05,8.69252590874566,58.77474638277293,6.046647794045342,0.06
107,12,-5.659096497726741e-06,10.619382738339004,50.16868590621025,10.722129596197476,0.21
108,01,-9.400724827868036e-06,23.76198229324177,64.8158600401199,14.951265936513103,0.68
109,02,-1.553154618433063e-05,17.196350676788683,61.10995617006565,13.528206202342595,0.42
111,04,-2.4692344382775542e-05,-22.74501348402235,55.09817502149212,6.067272683482699,-1.42
112,05,-3.182606770285695e-05,-15.882362545546664,52.83810746537357,2.950671381858087,0.64
113,06,-2.7714982728361462e-05,-28.63852083367242,47.29024293223089,-0.37918123620351224,1.19
115,08,-3.211179117533902e-05,-13.866469908683532,47.473473327189375,13.94590260669749,-0.07
117,10,-1.6347254436593455e-05,7.273599919801116,47.520342997120274,9.869671590989638,-0.66
118,11,-1.0307503538792339e-05,7.8851572241889105,46.36847800110711,9.089208542802597,-0.49
120,01,-5.490775168401608e-06,12.580168148245866,46.32122026583841,10.294662934293028,0.85
121,02,-1.1993180484209699e-05,15.243881237211681,52.799659086113884,16.366795333748772,1.82
122,03,-1.7582771425163286e-05,5.919001820882161,61.97907953674307,17.954782301687423,1.54
124,05,-3.2913617601255e-05,-32.404015432706444,43.15242019264416,6.0320307345851765,1.33
125,06,-3.3498540398290464e-05,-35.047065074327264,55.710710440916486,4.440140065659417,0.03
126,07,-3.3625666249610085e-05,-27.510599928661055,42.19065745926929,6.757328301583567,1.0
127,08,-3.0036708770112647e-05,-17.0266568734774,43.458151734339296,11.918716067467969,-0.11
128,09,-2.1827326350689368e-05,-6.781363076782227,44.02462579022247,2.8825163167741565,2.15
129,10,-1.9913688146604526e-05,14.103063629806684,48.60193847477949,14.940329161633727,0.48
131,12,-7.719866410816296e-06,20.033501539989185,45.286219627095804,13.531202857314899,-1.15
133,02,-1.709957590030951e-05,31.83555304718018,59.52337883048256,22.9481457257952,1.16
134,03,-1.7018775953137494e-05,2.372058311872584,47.98838851665681,13.333049105408369,1.13
135,04,-2.7999317039636173e-05,-19.276666238742408,46.732171709169286,3.7507871259901253,2.03
137,06,-3.068480971400681e-05,-23.63770078192817,52.16888050745726,7.454946297454835,0.29
138,07,-3.559518055198981e-05,-33.07448882301904,37.832517702871755,11.827403479811963,0.56
142,11,-1.0645134954231454e-05,8.876481322224937,54.38112868225972,5.109709851434498,-0.39
143,12,-1.0178729378000547e-05,19.264495642221096,49.02194799312469,5.829736719623688,0.11
144,01,-9.804670876438911e-06,24.167181801416536,38.86062395377826,8.86982310034639,0.49
145,02,-6.996622216688376e-06,0.507544446309408,46.996895068120395,2.419369213149661,0.74
147,04,-2.5889148811054637e-05,-18.50936585184733,50.20018549894757,5.61995390847524,0.17
148,05,-2.5811937759284265e-05,-33.066711107479634,47.67298183366304,0.8872901309023614,0.12
149,06,-2.987989489524302e-05,-20.686577268473304,57.62339900992447,14.718036211374072,-0.52
150,07,-3.606362330103894e-05,-12.26554677852508,46.37869990175771,6.619193799377769,-0.46
151,08,-2.9805839779475068e-05,-22.79464663072811,38.70661156831249,11.01385874016054,1.46
152,09,-2.1833397036001162e-05,-8.548686426798504,39.4321560544822,9.955680732430352,0.61
153,10,-2.004618059737534e-05,2.17344532234438,45.307421456006274,4.971583007299772,0.3
154,11,-1.4646135411648073e-05,14.444811823866104,60.08639300202131,11.738773440445796,0.37
156,01,-5.988280283046514e-06,9.900324605634134,41.55076964045469,3.217538565153716,-0.66
157,02,-7.568776633878318e-06,10.513905402874128,42.596786469010105,11.67841455961644,0.77
158,03,-1.6743815379482177e-05,3.675611719931326,56.535387553599556,12.80877443896058,0.51
159,04,-2.3724830210206465e-05,-12.979907084147134,60.15185276207658,11.795587993537051,1.88
160,05,-3.502280750303383e-05,-18.415903687507882,37.98684394011575,3.870598782180457,2.49
162,07,-3.3542465003026134e-05,-26.574038988010855,46.61348771423679,10.104954804943455,0.19
163,08,-3.290884278264643e-05,-13.404264240552024,52.83446418771308,17.78341034901527,0.97
164,09,-2.5466491539959356e-05,-1.4094354346381297,48.6797681992597,9.088945560031467,-0.28
165,10,-1.9484351597922247e-05,1.9587082073252686,58.379234332862715,6.554792054104549,-1.4
166,11,-1.321692710625939e-05,23.694389510769323,50.96693710040848,20.914857090568542,1.12
167,12,-8.425528942156701e-06,11.411874493342573,45.69198678764476,8.596278399949433,0.35
168,01,-9.715480358609446e-06,34.39173987899288,57.42208674485646,24.59790798663068,1.35
169,02,-8.449411843078754e-06,-1.1622854381742926,41.2482318814184,2.4115948096456985,0.12
170,03,-1.4966802825774622e-05,-6.011914413616221,42.24266758934657,6.541541600606773,0.3
172,05,-3.0932743489659034e-05,-26.541132331437964,51.168041845343446,3.497821047116352,-0.67
173,06,-3.281592492067931e-05,-24.277929318237305,46.836056776909025,9.25905919657813,-0.29
174,07,-3.3366269429406925e-05,-23.52127023184171,53.23872095220833,13.991837543220932,-3.14
175,08,-3.234485571499712e-05,-11.285276480397874,49.79429166342623,14.445863279670796,0.03
176,09,-2.2725771390226628e-05,-2.4448908416748045,57.50485973500145,4.56495947757297,-0.41
177,10,-1.798888249350155e-05,2.3637267239478326,43.9463890340828,3.003415204591649,-0.26
178,11,-1.1587640056374466e-05,-1.8295716874864363,52.225245416957804,2.3298814604229396,2.56
179,12,-9.250304196792702e-06,31.236705364924607,64.63241229699248,20.999137792648806,1.36
181,02,-9.681430163471391e-06,-2.9269207930791947,54.97462990093799,6.761308108556839,0.08
182,03,-1.5868986940443404e-05,12.424105568506382,56.25959003628518,25.385559077929432,0.92
184,05,-2.8615912740195944e-05,-19.306992470361852,50.8592781971834,4.769940718599545,-0.48
185,06,-3.390126228795352e-05,-22.424498955281575,49.86442946763436,12.548458471997579,1.84
187,08,-3.527003988845888e-05,-15.806742182249662,41.714041907468136,12.279929775791784,0.36
188,09,-2.649383951805552e-05,-2.2674784339057075,50.77799905458556,9.422944353548688,-1.14
189,10,-1.8016295581522476e-05,4.47270425086893,52.33998963107474,9.331117238485684,-0.54
190,11,-8.92097842036795e-06,12.752254605102538,55.27824593100681,10.65475141023,0.54
191,12,-1.093666692604627e-05,22.757288210632986,53.902280609893545,16.48587201194353,1.78
193,02,-1.271823695051786e-05,20.178666164579848,60.9734689490412,20.19777915863764,0.85
194,03,-2.219248033328259e-05,-0.5256330294045062,56.57506640008187,14.015041863861907,0.91
196,05,-3.3250014936618425e-05,-29.631465932538433,52.844916530618114,9.018692946013585,-1.33
197,06,-3.44918315846169e-05,-24.446217814466692,49.08188772321145,4.274826041094461,0.44
198,07,-3.591561413959817e-05,-25.92438248894804,39.340810654867084,7.295851527121759,-0.19
199,08,-3.331847033315239e-05,-31.29434137422295,33.68999910253863,0.6543888631225918,0.76
201,10,-1.4566836962311297e-05,5.514771194293934,41.310020164710224,12.37252014750819,0.72
202,11,-1.3042386322538529e-05,9.068964893934462,58.53600206141338,6.407606474367777,-1.59
203,12,-8.991161045966975e-06,-5.598886509064706,48.51484771922968,2.4333651795746185,-1.64
204,01,-7.460320452180465e-06,-0.4728464959257379,45.67560021059616,1.658294647544943,-0.65
205,02,-7.544903639281147e-06,5.38362545916678,55.18347650017959,4.37647370480943,-0.52
206,03,-1.2827322511164368e-05,-10.990242480862525,51.72073062135199,1.0527366366232593,-0.66
207,04,-2.0502408365953464e-05,-21.604367342122394,58.54018084150156,4.561729153993395,-0.33
208,05,-2.4253428110207234e-05,-26.022296560964275,51.92535755428705,9.13497221109944,-0.93
210,07,-3.142641031134248e-05,-27.054918192217425,49.82263012584947,10.088768128179733,0.7
213,10,-1.7171301486478214e-05,8.106230379494288,51.02844809201841,10.03043698339565,0.15
214,11,-1.4551765714713837e-05,14.46901237657335,58.72207561985916,12.736440114508735,-0.72
215,12,-8.836182103413613e-06,1.1414017176474303,51.832999992789766,4.368369198132585,-1.4
216,01,-3.583592048936e-06,-1.2817189340899076,35.36421269791357,-1.286656943434028,-1.08
217,02,-9.97768289436776e-06,28.48145621345157,61.04910012837534,22.079497913224362,1.48
219,04,-2.201332183204714e-05,-17.60772253417969,50.15108422283994,7.54457913983663,-1.25
220,05,-3.085946982284968e-05,-22.07697987414944,55.658551038389554,8.545581844842562,-0.21
221,06,-3.476727682935032e-05,-20.254541469319665,56.16686724849277,3.493047113927205,-1.17
222,07,-3.376502295814329e-05,-20.43258258581674,48.29218798171063,6.435511002550844,0.37
223,08,-3.064838395117496e-05,-15.397676236060358,39.11490551742816,4.405646029728714,0.94
224,09,-2.7053925191669103e-05,-10.968042353990342,40.873450344501606,12.051192799843681,0.74
226,11,-1.1372840429430654e-05,5.54297788119846,52.451002673839106,4.724241298357645,-1.08
228,01,-1.1099072907757458e-05,24.386054642872143,54.87726956107148,9.809003644122871,-0.05
229,02,-7.893391973560764e-06,12.879144769577753,54.623768248409036,14.813645704178581,-0.57
231,04,-2.2395207648413717e-05,-10.670934447903104,67.35853829729425,7.908418326038785,-0.88
232,05,-3.182257207745645e-05,-20.036693252071256,51.31070372274871,3.9262605809857765,-1.17
233,06,-3.4082233544055876e-05,-13.138249787733287,60.09514157660935,13.012940218522813,-2.44
234,07,-3.6390916169732936e-05,-13.917790471887077,46.5719772114318,15.677108238486833,-0.45
235,08,-3.4686337675251e-05,-19.754633603331865,40.27667498864153,14.429789518274287,-0.15
236,09,-2.4247977624205914e-05,0.3736279635959201,55.41774919654528,3.919208845329285,-1.8
237,10,-2.3367591303340108e-05,14.50471792602539,57.49670259841796,15.000559230353243,0.2
239,12,-8.802920268002493e-06,22.454611907630838,51.308709990082264,12.782658350072886,0.72
240,01,-9.430198710966792e-06,24.63400003675235,61.44896206574927,16.481189683155343,0.39
241,02,-1.079772392194216e-05,13.779260249546594,59.85849182345754,13.373481011186328,-0.11
242,03,-1.3397230129969535e-05,-0.9194605676794566,60.6708199271861,9.409900608575471,-0.16
243,04,-2.54553507465769e-05,-17.42901027967665,53.24983413987689,5.066782274542914,-1.18
245,06,-3.759346314859108e-05,-24.964019442409946,49.104056137108806,9.589524438858033,1.44
246,07,-3.775679561435789e-05,-20.12216363230059,34.70881050790896,6.7905215421697145,-0.87
248,09,-2.59650643648355e-05,-3.5717024329291456,50.26974016195536,5.929397126367357,0.5
250,11,-1.3179962080519347e-05,12.654008286878799,52.50058610761298,4.796225587866042,0.55
252,01,-6.553396535759588e-06,18.42038040095504,45.80448549491872,10.353726586782804,0.19
255,04,-2.355722367422762e-05,-12.813957029554578,60.681698268123455,4.805695806566875,-0.18
256,05,-3.550879427684679e-05,-19.147158501081563,47.704144963514416,6.9489958812139365,1.52
257,06,-3.750390542944741e-05,-27.016546727159287,42.780413097916714,14.330717013740538,0.28
258,07,-3.168135436499142e-05,-21.668345875401656,51.88578506780696,6.044026700850455,-1.0
259,08,-3.0941285219664524e-05,-19.063545700565466,39.65101154342005,11.04517762957337,-0.5
260,09,-2.4486756719630248e-05,-2.020394458007812,56.817002186003,7.933719080649483,-0.06
261,10,-2.1893689024856883e-05,11.235235126454343,57.40779917159772,12.005480048866684,1.51
262,11,-1.5146696185204038e-05,20.892512133110895,68.07071139411661,12.342221737946403,-1.1
264,01,-6.723928980547147e-06,14.384707934964087,53.25762820807451,6.1000643886237995,-0.22
267,04,-2.4765318735565716e-05,-15.737299090576174,60.65160554169682,10.400624713431462,-0.15
268,05,-3.372209000100225e-05,-25.790908090242777,45.58359570831253,7.128588644150765,0.03
269,06,-3.303585196628976e-05,-31.827683939954966,48.06642211600013,12.22468430902693,0.11
270,07,-3.6646507612448495e-05,-24.41304970722813,43.035889669943884,8.167003860658214,-0.22
271,08,-3.349079792080317e-05,-13.273838911159066,49.470468634774605,10.676284386645083,-0.22
272,09,-2.8629883362433853e-05,-3.361749937269423,60.89090815499625,7.402657788870068,-0.49
273,10,-1.872843477780094e-05,15.499699002173642,52.0420637966638,14.544020690487276,0.25
274,11,-1.4045017091525046e-05,9.019137569173179,50.75557469189433,7.708632052760654,0.53
275,12,-9.904081011676856e-06,14.487402564920403,52.82181985401466,5.938569107137702,-0.86
277,02,-1.6342577849974034e-05,27.257544948032923,61.67323920420096,20.7849390369824,0.8
278,03,-1.718439095667989e-05,-2.8514695644583754,52.573686629964456,12.162814038861184,0.32
279,04,-2.4829810814864887e-05,-14.182246478949653,49.20558492463959,2.687068967501322,1.14
280,05,-3.0134792006426703e-05,-17.31557953963741,52.31226475243542,4.80779668205015,-0.15
282,07,-3.594073215623134e-05,-17.96138944137737,48.60045512300026,8.125416749031315,0.65
283,08,-3.0240783373966385e-05,-12.41071590333344,52.640142950275894,0.3693177606316022,0.36
284,09,-2.726855740998468e-05,-6.606480073716904,41.46046437310777,-0.6506538895077175,-0.54
285,10,-2.2813934475604865e-05,5.003235001430717,55.25826176021304,15.801558265091272,-1.97
286,11,-9.433203981300014e-06,10.082439758300783,57.335292302331666,8.362891557502746,-0.32
287,12,-9.155090198257839e-06,-0.601292420089886,52.83887711868107,3.7487439302218855,-0.96
288,01,-7.996820467572737e-06,16.024269751435966,52.92226850532075,7.2308413329791,-0.32
289,02,-9.213011075579354e-06,1.6289639434814458,40.65915042115535,-2.7782855909211293,0.26
290,03,-1.4304734281419465e-05,-4.024482163624097,45.80751552796749,5.931675549784015,-0.07
293,06,-3.491794925367785e-05,-29.63445593295627,48.58540389312637,15.360014124997457,0.24
294,07,-3.637924248004731e-05,-25.786057973554062,44.12265574810709,7.717995313931539,0.16
296,09,-2.437035215904568e-05,-12.497950702243381,40.21523504180775,8.71134063267178,0.16
297,10,-2.1305207502659715e-05,-2.352458050143333,49.86598729915773,5.868036298526231,-0.86
299,12,-8.986315398414586e-06,16.75842543636855,56.42778465677845,8.24986906863797,0.5
300,01,-8.992702947169514e-06,20.66453995308825,64.87525535803712,12.400445861242154,-0.85
304,05,-2.847669872224737e-05,-31.81054322043798,50.857990436966695,3.692849372720206,0.23
306,07,-3.5823426863228845e-05,-21.040274605699764,48.61712288511441,11.099155380125966,1.16
307,08,-3.442271008691844e-05,-10.630728795861687,53.4802156332962,7.505057596555321,-0.74
308,09,-3.09724094837697e-05,1.3779368174235027,41.60773183429904,12.613644289016724,0.52
309,10,-1.9737982986943505e-05,10.8786054316695,45.96995730125903,11.938783076604208,-0.69
310,11,-1.219442167142309e-05,8.63346869269477,52.650442458646836,7.877422987598844,0.63
311,12,-6.509792311736683e-06,12.651209838210898,41.13814304297201,9.412742538349605,1.03
312,01,-1.0532949036563073e-05,27.835473567839585,50.62756816835045,13.787942452297413,1.26
314,03,-1.2645556585016247e-05,2.2825399281491516,62.992716266741034,6.881408927343225,-2.32
315,04,-2.402455134354872e-05,-12.38321820203993,55.9102142579476,5.966150120883517,-0.47
316,05,-3.3327865934669755e-05,-23.83920729967343,52.369123788558014,12.497400639995453,-1.11
318,07,-3.409394384040644e-05,-23.561669685609886,47.80977541725482,6.903388320861324,-0.48
319,08,-3.320200081173924e-05,-14.21000237282374,41.28222914207624,7.691539144146827,0.35
320,09,-2.545146969718593e-05,-6.704652192857532,39.75358392157654,6.048352263323466,0.76
321,10,-1.7187334372416657e-05,10.538457600583316,41.694871458662455,6.321603889998569,-0.55
322,11,-1.4535249143672345e-05,9.326381112670902,61.63253474075529,8.41573143863678,-0.46
323,12,-9.12172876785682e-06,14.485518746324761,56.37181309181387,6.250331046853014,-0.5
324,01,-6.5253165958961526e-06,7.280853728591756,43.42763289413273,-1.198527814270348,0.97
325,02,-8.8568046297561e-06,4.634872235616048,55.29220876641359,2.863534123965672,-1.02
326,03,-1.3873502668170125e-05,-4.782673361173239,59.930227692120816,8.711972299124605,-1.75
327,04,-2.37631702343909e-05,-18.782449027506512,53.65862876264652,13.231339445326062,1.2
328,05,-3.370682173148433e-05,-13.439136345319852,55.415879218805216,11.327168507647768,-1.01
330,07,-3.3670624993676266e-05,-35.11209074615151,34.7803111832411,5.194669483061761,0.93
331,08,-3.203818718891423e-05,-14.970106861073484,56.166526000266416,5.139944788245744,-2.35
332,09,-2.4569920312832332e-05,-1.9050392035590278,48.50952039943403,7.6637080093383805,-1.43
334,11,-1.6638314112929544e-05,21.698549422539603,51.20864173750348,16.657310976600645,0.33
335,12,-1.1844671387852061e-05,21.158474252352146,51.61357204472506,13.276590780688874,1.15
336,01,-1.3167410284109127e-05,32.71415653975292,54.798027210791915,20.381366841223937,-0.25
337,02,-9.635896793779033e-06,12.227102448962983,62.05461917357218,11.984527422791432,-0.98
338,03,-1.969343553138324e-05,2.858439688077537,50.951221448258686,3.589432570611277,1.11
339,04,-2.5420359923575438e-05,-23.728481532796227,35.425640993569964,3.3506547569486838,0.04
340,05,-3.1186685044343005e-05,-23.42358186127037,55.67473245647261,10.869236741629978,0.66
341,06,-3.458860908376663e-05,-19.802041976589628,51.81401281598541,5.424472069888645,-1.01
342,07,-4.0491175616739144e-05,-14.380545316962786,51.51913973191349,13.94707431110259,-0.55
343,08,-3.430768915528969e-05,-11.902402343421853,46.669440629773256,6.611389506945046,-0.31
344,09,-2.677926907070085e-05,-2.246240928141275,48.58724766878287,8.22912563188341,0.85
345,10,-1.4836711174446523e-05,-1.5530790907336818,46.4751422240952,4.005545213678831,1.0
347,12,-9.103623443880553e-06,18.67049515623687,44.72693699303237,6.526885977427164,0.23
348,01,-9.98381483742544e-06,30.50790186531313,59.32570013750177,20.154622732100943,0.53
349,02,-9.733829621899499e-06,11.488472740085646,43.235250111784055,12.265323426432992,0.38
350,03,-2.0140387961912898e-05,4.352542552004578,67.29393991330491,15.45844951196896,-0.32
351,04,-2.446588194630345e-05,-15.287676639472116,50.48518859204715,7.088551215807597,-1.31
352,05,-3.326288808405293e-05,-18.37616691179173,46.32872357566895,0.6533463385182041,-1.55
353,06,-3.476253857051133e-05,-32.52892781643338,47.80475471985869,12.328733485349018,-1.09
358,11,-1.2143508331428165e-05,12.723418456013999,55.05112889809742,9.143233898650275,-0.47
359,12,-6.623100362498576e-06,8.910789440196046,51.189781416840454,3.3564824344881106,-0.35
360,01,-6.219402897665034e-06,13.638463789416898,56.756673166043,4.487606855351436,-0.52
361,02,-6.55127283612057e-06,7.2258432279314295,62.426701213981424,6.029134575253441,-0.38
362,03,-1.4006747319585248e-05,0.15545269151913163,60.10794240493287,9.182660163920414,0.19
363,04,-2.2896213735516033e-05,-13.763160278998479,44.90089633327524,-0.685411971897549,-0.36
365,06,-3.4585202314802804e-05,-32.20444840494791,47.13420631794532,8.964238966602748,-0.91
366,07,-3.995988693131167e-05,-23.939954596078525,46.67216465320125,12.934066957371208,-2.11
367,08,-3.326769469126164e-05,-18.63527480389995,42.41847231385144,12.439483702608335,-0.37
369,10,-1.8213049179844e-05,4.716025361748153,49.256211021474606,10.755346892162034,-0.61
370,11,-1.3997967538165946e-05,28.005924584282763,63.3120259418408,16.328244664086235,-0.16
371,12,-8.896478755051119e-06,9.686923075029926,62.37685010996686,7.806057778881443,-1.88
373,02,-7.65345504045659e-06,5.717629487900508,61.53230691539674,8.026179726691472,-2.69
374,03,-1.4227020407356234e-05,-0.1344084672825314,56.345688745778084,6.929926506247573,-1.33
375,04,-2.4690822054900404e-05,-20.66956467929416,50.227940069592,6.223680580245124,-0.93
378,07,-3.4407490462771055e-05,-31.11366353779454,49.13440625845617,10.114219836901592,-0.39
379,08,-3.27152816781925e-05,-15.088779016966459,50.057286181364006,11.199890485086746,-1.69
380,09,-2.3803562745282155e-05,-1.7829848341200085,47.799041656389505,7.507118406274583,-0.62
381,10,-1.8914465963579488e-05,8.677334267236855,54.52403665949838,6.946783918237173,-0.5
382,11,-1.1904203317903414e-05,4.708053307088217,64.34552551558414,11.954520990626015,-1.84
383,12,-7.738160395268594e-06,4.967533013128466,56.59717789244652,9.098118736759309,-1.8
384,01,-4.432973011169315e-06,15.641597058367989,49.85520389962581,7.8899931685950175,-1.53
386,03,-1.235675504704564e-05,-6.3443144091534345,43.386579177287324,6.132339461931618,0.24
387,04,-2.5035789431644346e-05,-14.869033695136176,49.48712501599656,3.5041900164074367,2.55
388,05,-3.0008848766624646e-05,-32.62149781881353,48.67582858574712,12.94653068993681,-0.01
389,06,-3.4230032604055946e-05,-25.01744469502767,49.43961729888122,9.191161323695713,-0.98
390,07,-3.7348723895911946e-05,-18.427609645064162,51.34294977803511,5.025835220500987,-1.48
391,08,-3.274760770019843e-05,-10.64563058373236,50.85391145080519,14.01876132214454,-1.85
392,09,-2.5484862159343414e-05,2.648160398695204,48.54894579696125,15.945109005716112,0.67
393,10,-1.916051529891168e-05,8.726722329416583,41.10612051369683,11.441918302064302,0.94
394,11,-8.12447487300637e-06,7.208228931681314,45.10324230610001,5.92565191201104,1.3
395,12,-1.2744765838047034e-05,29.389911852764826,62.27082245179138,20.643361183248544,2.25
397,02,-6.941694202459045e-06,2.77444112036694,54.92825397600388,2.178728864450564,0.03
398,03,-1.1845709033173812e-05,-9.130659757880753,42.53471919810516,4.415157397813695,0.93
399,04,-2.412122515035865e-05,-15.116672309705946,65.52592149374486,9.397371100213794,0.37
400,05,-3.2719707248821014e-05,-19.41600187732328,54.71462800888861,6.590203753809776,-0.79
401,06,-3.633841799156573e-05,-15.284035491265191,54.862410076340026,15.388559870190088,-2.25
403,08,-3.664081436780238e-05,-14.530181596981583,48.63167088847007,11.868504572201799,-1.39
404,09,-2.780254297756781e-05,-4.337274759928387,47.643611919113,13.954834382735358,-0.43
405,10,-1.749340033099435e-05,6.576196681525118,62.883388684188155,14.909538201732023,-1.73
406,11,-9.782895505729057e-06,13.286790387301977,48.36725960095062,12.563796591271297,-0.74
407,12,-8.270612005098982e-06,23.135962751162953,68.44660146777348,14.61453167242645,0.07
408,01,-7.079607454118081e-06,9.77005108642578,59.36599973937003,11.252236509794832,-0.11
409,02,-9.82560560788399e-06,1.2790957768758144,54.799641565576906,-1.159094538597833,-0.96
410,03,-1.6003138249269338e-05,-14.11737674147083,62.83003596656937,4.0497559374942576,-2.09
411,04,-2.0434202846445263e-05,-16.983018215264217,45.651346360141694,11.989419890530904,0.6
413,06,-3.319209287441886e-05,-26.815010833062065,45.349666944320994,8.969547468270196,0.83
415,08,-3.2683108437937644e-05,-17.84199171037572,39.46305893081491,9.443083260218303,1.12
416,09,-2.475842662511746e-05,-8.054260448540582,49.65095689521101,9.695096008894179,0.38
417,10,-1.765674730958508e-05,13.677036990258001,51.31546706972713,9.855143433540098,-0.88
419,12,-9.44601224512954e-06,28.97793200421077,55.46996279250422,17.02456877497191,0.79
420,01,-8.580053124215514e-06,22.96357862870411,63.49304372530727,12.436592943314585,-0.17
421,02,-1.1990748406116751e-05,26.598223410470148,61.15281964255657,13.365070623874661,1.07
423,04,-2.3883861623916246e-05,-16.521862002224392,58.86005653639768,4.371208240678578,0.19
424,05,-3.2321809314922687e-05,-17.350711201329386,63.11191008513332,4.460978497023224,-0.8
426,07,-3.570791800838603e-05,-18.498887496784167,52.862582088247414,2.4712541101312127,0.21
427,08,-3.5946427165531874e-05,-15.756697428713563,51.75170243226714,11.565455817253357,-2.28
429,10,-1.6616273676728237e-05,8.951883064844276,46.06859467966968,13.233899098078409,-0.87
430,11,-1.0089955154782932e-05,6.784489759657117,59.376273723493675,5.4755702130211725,0.58
431,12,-1.0581146033268115e-05,22.95546643394552,54.273882943514856,14.305220015987274,1.63
432,01,-9.2527426375611e-06,26.340960131573418,62.63006211892765,18.644701262320243,1.57
433,02,-8.153189459681882e-06,8.31590086110433,48.93550452213628,2.498706819670541,1.05
434,03,-1.5915630637317265e-05,-1.6360386480515998,44.90566300547765,10.029118978069674,1.12
435,04,-2.4346638547669703e-05,-22.934988667466907,50.17846367060873,10.873251885689628,0.64
436,05,-3.070366395367009e-05,-25.76910455847299,53.73915812349191,16.856304020481723,0.19
437,06,-3.477750818122634e-05,-31.860220404391814,46.7203716229452,14.235752619510228,0.24
440,09,-2.5603061031688413e-05,-1.6679924726698132,46.654843129608366,4.154875349871318,-0.49
441,10,-1.3186316454061119e-05,-1.463842040031187,51.45971762442205,-0.8720540958937775,0.99
443,12,-8.385574634596725e-06,33.275967709449034,59.292129598577816,20.310897958140217,1.99
444,01,-9.004527324929857e-06,20.359526514525058,60.00615774854665,14.172474664052327,-0.37
446,03,-1.4810545610421827e-05,-5.396197126162949,59.004922374092125,3.1354650305676195,0.37
447,04,-2.7581765115751797e-05,-20.820068422105575,57.557788026644126,10.033905906762017,0.26
448,05,-3.16294027814815e-05,-19.310568396455505,50.32535560724812,2.073139207963021,-0.67
449,06,-3.356170396635004e-05,-23.02242342732747,60.87640379265148,5.402156425751581,-0.13
451,08,-3.3272750999810424e-05,-17.014684508621052,43.397001161080546,12.400393611907957,-2.24
452,09,-2.4645985519115736e-05,-7.889081433783638,37.34792189491059,7.136507175445558,0.74
453,10,-1.526362983537594e-05,-3.798430909843855,48.34944315867911,3.3976095040639245,0.96
454,11,-1.1750765303218536e-05,10.89123139716254,54.5964946256227,10.592714350276527,-0.31
457,02,-8.18821650381367e-06,12.903916228158135,62.959067062718525,8.4660046029545,0.69
458,03,-1.5800369091061108e-05,2.527072602630943,59.88884960889175,12.592574200394331,0.37
461,06,-3.566179110415154e-05,-31.36642959594727,52.944568701901716,13.948579157532585,0.35
462,07,-3.888270218750779e-05,-23.176640851420746,56.14024401203919,13.697072580809232,1.28
463,08,-3.333480648354688e-05,-12.395997953681537,44.035043613662005,13.987586888959333,-1.53
464,09,-2.5415033401845397e-05,-5.530321179199219,52.86381167994076,8.872825825288562,-0.45
465,10,-2.0550294828412475e-05,15.281469091599986,50.30405073937036,16.963595434599025,0.71
466,11,-1.2597567349661808e-05,15.910226154920792,53.90823562632401,13.279509921370614,-0.14
467,12,-7.748080553331723e-06,20.40142875687794,63.311030514205655,11.00165480297868,0.73
468,01,-8.493993727101315e-06,23.796599253992884,55.116003269850566,17.663954543821273,1.17
470,03,-1.3339704251535219e-05,-6.768148279333628,63.03257818707726,5.418887780302315,-1.38
472,05,-3.631899526441482e-05,-17.44638056798135,47.40056218499266,-1.2031118744265645,2.02
473,06,-3.447691067930363e-05,-33.33076165534125,39.74884000571834,5.857450155003866,1.41
476,09,-2.7110998255941223e-05,-4.088550005425346,48.59134079140956,14.669336867396035,1.78
478,11,-1.049799736220949e-05,11.533768935139973,58.11769115721252,2.182743043751187,-0.25
480,01,-8.170035396257738e-06,18.813249751593478,61.34680531404607,7.291034113053352,0.18
481,02,-8.232899953890454e-06,13.675333238874163,51.283400613031226,10.586008830433798,-0.11
484,05,-2.8741963674400066e-05,-37.081440074305384,54.09692304540707,7.031841904855544,-2.38
485,06,-3.9525050331051005e-05,-23.208365014648436,47.86380608810849,8.609806874932184,-0.79
486,07,-3.625940142692049e-05,-31.74150496025496,48.734570516079984,9.829136697256438,-1.39
487,08,-3.404563471354698e-05,-17.337182702177312,41.57153246440298,12.387275987091884,-1.62
488,09,-2.6543087166161665e-05,-4.24653964674208,45.73786681658825,13.203323169390362,-0.01
490,11,-1.0039879183467646e-05,10.335369747924807,64.20363267016013,4.349684637090895,0.16
492,01,-6.012859741277161e-06,22.106840989635838,48.67357203781476,12.273396517066544,1.05
493,02,-1.5386156723984276e-05,31.748662168305497,64.97568837541958,24.30691208471101,0.98
494,03,-1.9840231885472768e-05,-1.8349693298339842,46.56073982853019,8.99767588207286,0.66
495,04,-2.7043378228700023e-05,-24.0670989525689,35.17819720014996,5.183640297359891,-1.26
496,05,-2.995519203009721e-05,-45.04488896819084,46.51938461271666,10.13006349647686,-0.33
497,06,-3.546342912159163e-05,-30.903872137790252,54.092656515480414,3.432671832127041,0.16
498,07,-3.552329937512147e-05,-24.55973527871409,49.31133174363516,16.479953436000375,-1.19
499,08,-3.48960954878191e-05,-17.491402352609946,46.845165995435046,8.51712136036863,0.03
500,09,-2.4679065476549213e-05,-6.537764871215822,41.4254565234277,5.957221874258255,1.11
501,10,-1.848353834580477e-05,14.114419966174706,59.132486595437086,10.385557453668246,-0.2
502,11,-1.0186800306089735e-05,15.631692754109702,47.969248177954896,12.617822023794385,2.54
503,12,-6.893300624729055e-06,15.732371215492165,60.65007041392917,7.658956028005128,-0.37
504,01,-7.860778656987515e-06,14.34612370152627,66.80461903254064,10.133833827295609,-1.8
505,02,-9.005972841740524e-06,9.622026147751583,54.51137783175566,11.546674844446638,-0.29
506,03,-1.5948935392546162e-05,-0.9029574194467195,53.47545231677126,7.127447119456466,0.36
507,04,-2.588563685021654e-05,-27.98602328389486,47.86236142485672,6.313839817237854,-1.69
508,05,-3.230829694098981e-05,-22.4746828918457,60.26473778712485,9.505540847839844,-1.1
509,06,-3.7502937650666964e-05,-26.38411481492784,47.88007799596918,4.540895039600795,1.08
510,07,-3.6336240956178925e-05,-19.074829963273896,48.14752719921964,4.705716874132874,0.06
511,08,-3.444879628501263e-05,-12.903870650096605,45.419211714576655,7.435324650220974,-0.49
512,09,-2.3354238802332672e-05,-7.743464881388346,41.71682162190013,5.674252790345087,-0.06
