,month,MER,MSSHF,RH,t2m,TCWV
0,01,-7.186377549426466e-06,5.464709561255669,62.6901256937955,271.0374221375988,8.14543241929367
1,02,-7.399999772068052e-06,2.729709174746558,52.295623941567676,272.4365299592699,8.97375713603837
2,03,-1.408509512223264e-05,7.08405715679866,62.090667984242096,277.5071083010602,11.168600756099146
3,04,-2.191347909663616e-05,-15.59233038906521,62.41300571294825,280.35185083779226,12.183705327253872
4,05,-2.839083756912113e-05,-16.16055940262989,64.02205650719006,284.1894770028719,17.216401719138187
5,06,-3.330413338050373e-05,-22.16353809509278,52.028707694198026,287.5916414632162,22.014874159757298
6,07,-3.0671342559486147e-05,-22.637875941122733,53.00265082314577,288.5937503051758,23.12972981539721
7,08,-2.8487004876296853e-05,-12.56110269165039,50.14281140049425,288.49456290886997,22.75220546986083
8,09,-2.3132900744369383e-05,-4.023202255249023,42.3501046719922,287.08609388970274,21.151945761863388
9,10,-1.6345863611966567e-05,2.642213581372333,56.92965585534547,284.1524093375258,19.721688314687825
11,12,-1.207531024335357e-05,24.691616260159407,64.98245628347064,278.9589235103156,13.014830520187658
13,02,-7.359469057738698e-06,6.865867059466484,53.581606617508264,277.9200598216879,12.12962919981178
14,03,-1.4070489600584629e-05,-6.186828353717764,55.02083505403355,277.7412255432786,11.427750095593034
15,04,-2.282624180893941e-05,-17.872287172783746,48.97103869282801,280.6358343542311,11.357650041418605
16,05,-2.9285246377967465e-05,-30.998830406271004,47.47244699586335,284.48860593045146,13.246584139289395
17,06,-3.014735746900341e-05,-26.066622504679362,62.37913317463399,287.3835177541096,21.07108883677324
18,07,-3.1905643976779664e-05,-14.025872309859079,48.67037434149174,288.3328994714881,23.41994776180611
20,09,-2.365392635981859e-05,-3.0327022542317708,42.946886476458445,288.5418778632271,23.25748233046532
22,11,-1.4279194747299093e-05,14.235161112806532,54.54851769668525,278.42969395684133,13.396459855666425
23,12,-7.873070872231058e-06,26.063403682913826,61.380955716897084,277.40736817940336,11.703535817465474
24,01,-7.860688640385075e-06,20.899533713063885,47.875411116570554,276.2877688055551,10.644810918326018
25,02,-8.991757432514056e-06,2.888394768487839,50.11619150138895,274.87796189149225,9.000017916314658
26,03,-1.2076194787720939e-05,11.89821663673975,73.37905685201383,280.6608627738133,15.744720834609
27,04,-2.2320882245185202e-05,-19.334173597547743,50.02077896680037,280.8875384987725,13.077067014764415
28,05,-3.0310256707952082e-05,-17.47440350473055,59.34436809112436,285.6955955049248,18.54690212902715
29,06,-3.0904296795920855e-05,-15.787571440294057,51.69619375912348,286.96279334038627,21.37912677978939
30,07,-3.173775886429094e-05,-20.80200322239373,49.75860673643311,289.0546993070213,23.73428546353951
31,08,-2.8741253340065727e-05,-19.03508228654759,42.77699926753197,289.5996995383643,24.403104924806982
32,09,-2.269007780640903e-05,-3.5648343312581385,46.85175361700852,288.2523063490126,21.203304509778818
33,10,-2.174942796122078e-05,9.781940688922843,60.93410625634399,282.36856040909464,15.963218076816172
34,11,-1.4328458308167076e-05,19.586548003133142,54.57233108670976,280.54755887637674,14.317446869442199
35,12,-7.687594037497059e-06,8.885675470167591,67.75924336626196,273.28184220705754,9.079969420325373
36,01,-5.276928763964617e-06,11.574925520045783,58.01885871766587,274.71989871035333,11.162234676566175
37,02,-7.864293709969517e-06,5.468580898829869,51.56958197040644,276.0330576188678,10.334659840992519
38,03,-1.6001877676116956e-05,1.792558938959594,55.95160838729334,278.2745939710473,9.970802344655477
39,04,-2.3437909088230905e-05,-21.874123499891493,46.11000325809585,280.3653982337103,11.432875588513745
41,06,-3.17826830204164e-05,-27.949367026435006,48.16991035015053,288.8242188401964,22.511012832081317
42,07,-3.416977696542745e-05,-21.999847670688425,39.2781192299025,291.04000476303924,24.456834705301517
43,08,-3.1963929242763654e-05,-15.790871219429917,46.55304641459066,290.1174927072832,24.45286580407748
44,09,-2.1331834113273846e-05,-6.238656323920356,43.43915766518911,288.8515710662842,22.404552868395385
47,12,-1.0313162028783104e-05,17.753608460457098,55.75187243828721,277.1484120603172,11.54048159815932
48,01,-1.1369238679367056e-05,31.70380508160335,51.86229076744793,279.3915269172832,12.54478739766921
49,02,-1.1685804688698098e-05,2.732715975443522,46.129101684696614,274.1075286789849,7.829569845487675
51,04,-2.090864053300013e-05,-10.60586452026367,65.75529212030038,281.01254923197433,13.397991041318578
53,06,-3.6603149109497395e-05,-25.008415187242296,46.266101067479454,288.4321055046929,20.88666345251666
55,08,-2.6941880611302234e-05,-27.08358682743196,31.77761535606461,290.7689338021227,24.006322544676
56,09,-2.725831751290065e-05,0.9693071214463977,44.86737590899468,287.3565667371962,21.1710378525734
57,10,-2.1395454446465794e-05,12.186390243366201,47.91972020449689,284.1974871086613,17.054838546397864
58,11,-9.367185011372688e-06,10.117007967122396,41.05919099200301,280.0425614195929,14.363651190684902
59,12,-8.522425015388596e-06,21.808005747805364,57.410435429080856,277.4857788941578,12.56604288422677
60,01,-1.1848107099418698e-05,28.771229348787696,56.9102486772409,276.7842754120365,10.191702869721642
61,02,-9.682757584759485e-06,6.4267875001403105,47.08914505602986,275.46569391803087,9.158349270805545
62,03,-1.3818876191033916e-05,-6.2181760956138685,56.610379949503034,277.09370695126444,9.797240060637074
63,04,-2.3066575134180317e-05,-21.124448284233942,53.13685258980724,280.480126296997,10.647589474581345
64,05,-2.301351515928619e-05,-21.276121071107926,61.30564291210714,282.87292314492504,17.356259771243217
65,06,-3.0384449369921637e-05,-25.249517172580298,53.14751710217263,286.0332354305691,19.618736166115596
67,08,-2.8069958612225798e-05,-17.017802792784988,42.472240740586344,290.61531108601883,23.504970162709558
68,09,-2.2138291550658728e-05,-0.809648367987739,66.94727416271104,286.73494841105145,22.38970984335343
69,10,-1.5594664512004833e-05,12.420039781796033,52.5519555827328,284.94581760332665,19.463715816155556
71,12,-7.343828446024142e-06,12.754345215500043,59.86620702467682,277.9717317575434,13.293887527272263
73,02,-7.646551471441942e-06,-7.170963860648018,49.17462651499538,272.6459450080508,8.483470379527834
74,03,-1.1304150707112197e-05,-2.56875498781922,68.34861116093205,276.80950123838204,10.938059937977021
75,04,-2.3272295822324753e-05,-10.486857863362628,59.37646033687326,281.0197640380859,13.55916669224368
76,05,-2.800802443084893e-05,-16.149492612120927,55.7763452255995,285.3065335752425,18.50802798619578
77,06,-3.090711121482552e-05,-17.990251360066733,61.34983533646531,286.164952170478,19.0323849847277
79,08,-3.3271033724499884e-05,-4.3656862228557625,49.79625837316948,288.7357638382451,23.133719152373654
81,10,-1.5745955748394817e-05,1.4800897167574978,41.847355274659336,283.8836659237441,17.189858579468986
82,11,-1.5779393952086846e-05,2.730464919026692,53.6031213278585,276.48227231207954,10.760161425473955
83,12,-6.748697063030508e-06,22.216181771555252,62.92255071562849,278.89900289527316,14.085127126652706
84,01,-1.0488508364736625e-05,25.802121266682942,67.17732922877546,275.801350984922,10.206371892220231
85,02,-9.105866422227595e-06,-15.737989101954868,41.279925076501705,269.8368100568681,5.607975746361981
86,03,-1.09558865346488e-05,2.199697240357758,53.96111336709735,276.74076908246934,10.942116465018639
87,04,-1.9242588071877733e-05,-14.953707265557181,61.57429541588492,278.83615111126363,11.382743049732845
88,05,-3.1224375424332516e-05,-18.680161248648037,54.14751819698144,285.4117867415233,17.007801973546705
89,06,-3.5890827366468634e-05,-24.274000357055662,43.53411597645681,288.4358594709608,20.289311543525592
90,07,-3.000731417455182e-05,-30.125119514383297,48.19723509739805,289.44563059620185,23.818925079271356
91,08,-3.1366839325049225e-05,-20.726613564768147,49.22354232249208,288.36188031465264,21.520708266890182
92,09,-2.1116000810717296e-05,-5.870355172729491,52.886519872754164,284.9466449978299,18.77687866865794
93,10,-1.7202233669146365e-05,6.4104873591597356,48.62927366667281,284.73838183753725,19.589035635976384
94,11,-1.2770530823662637e-05,20.62896745435927,57.76803370095226,281.3988308635288,15.246456928649215
95,12,-1.128779906788603e-05,28.043287035542146,58.52688881322774,278.653770938135,12.267536138803731
96,01,-8.849628261046861e-06,-8.473066081057311,52.03738375666833,271.0571230804279,8.603436328787955
98,03,-1.3287096029671374e-05,-5.803373095440609,55.151999684815046,275.18381564716617,8.999293845345896
100,05,-2.791426425801057e-05,-28.103053294192083,60.924986691195485,282.72152383422844,14.467633944537052
101,06,-2.8837502824555686e-05,-20.989433822292757,61.5306473079814,286.23068305765787,21.273624211708704
102,07,-3.379324687933062e-05,-20.07741719498173,55.40260847481861,289.3334297852875,24.62420682204411
103,08,-3.0242934917310693e-05,-13.572054321945357,50.633880177582476,288.99911613021357,24.83616227820099
104,09,-2.5696148892024614e-05,-3.969099077690972,51.22118268649578,287.79776992187493,22.86273651031123
105,10,-1.9746457593286597e-05,13.28605210072507,59.41998880579267,284.1081416557065,18.012657082369252
106,11,-1.2423982501220758e-05,8.69252590874566,58.77474638277293,280.28694883850955,14.093879046629535
107,12,-5.659096497726741e-06,10.619382738339004,50.16868590621025,277.7222096857871,13.523867330752395
108,01,-9.400724827868036e-06,23.76198229324177,64.8158600401199,279.10735159379686,13.478511014884521
109,02,-1.553154618433063e-05,17.196350676788683,61.10995617006565,277.7702740127738,10.345760452389717
110,03,-1.4791143874625109e-05,4.141464673442225,71.63935923557511,278.11941827511527,11.452679470425014
111,04,-2.4692344382775542e-05,-22.74501348402235,55.09817502149212,281.1784597961426,12.66216660157707
112,05,-3.182606770285695e-05,-15.882362545546664,52.83810746537357,286.42319685117656,18.308951694468018
113,06,-2.7714982728361462e-05,-28.63852083367242,47.29024293223089,287.1965049299452,21.301890547300708
114,07,-3.385038605679304e-05,-9.511822006717805,59.07058047961163,288.8184828294324,24.77475175948938
115,08,-3.211179117533902e-05,-13.866469908683532,47.473473327189375,289.36880185199044,23.52457447757131
117,10,-1.6347254436593455e-05,7.273599919801116,47.520342997120274,284.2524626317998,19.266358468080078
118,11,-1.0307503538792339e-05,7.8851572241889105,46.36847800110711,279.7681574443817,13.532653791407743
120,01,-5.490775168401608e-06,12.580168148245866,46.32122026583841,278.0433618807229,11.883489435585597
121,02,-1.1993180484209699e-05,15.243881237211681,52.799659086113884,278.5967229493005,11.023137841236023
122,03,-1.7582771425163286e-05,5.919001820882161,61.97907953674307,280.92673047006264,13.789131960060006
123,04,-2.3728384267512105e-05,-15.711892689005532,62.36782957411343,279.7644985144721,12.549550183918742
125,06,-3.3498540398290464e-05,-35.047065074327264,55.710710440916486,288.0712565836589,18.088483912891817
126,07,-3.3625666249610085e-05,-27.510599928661055,42.19065745926929,290.43235706386776,24.40308312683977
127,08,-3.0036708770112647e-05,-17.0266568734774,43.458151734339296,290.0662455388552,23.732882308342127
128,09,-2.1827326350689368e-05,-6.781363076782227,44.02462579022247,288.6776379201254,23.486319775686
130,11,-1.311930024130561e-05,7.912713109334308,43.72629240063826,279.22501226437885,12.214345464632247
131,12,-7.719866410816296e-06,20.033501539989185,45.286219627095804,278.14191156752395,12.302766914845797
133,02,-1.709957590030951e-05,31.83555304718018,59.52337883048256,280.50749825822743,12.68034689824212
134,03,-1.7018775953137494e-05,2.372058311872584,47.98838851665681,281.1010017314214,11.869843073837217
135,04,-2.7999317039636173e-05,-19.276666238742408,46.732171709169286,281.5536805019803,12.065731884741782
136,05,-3.125298669270236e-05,-34.3688931694441,36.06377147361027,286.42458363949356,14.324859504516404
138,07,-3.559518055198981e-05,-33.07448882301904,37.832517702871755,289.3471467754405,20.875357654766372
139,08,-2.897321149455781e-05,-28.290339532667595,47.590817581110095,291.14238770975095,24.33309032836268
142,11,-1.0645134954231454e-05,8.876481322224937,54.38112868225972,279.7035436231401,13.421097168287966
143,12,-1.0178729378000547e-05,19.264495642221096,49.02194799312469,277.58139236323046,11.535513428002275
145,02,-6.996622216688376e-06,0.507544446309408,46.996895068120395,272.81969927006674,8.221342761926708
147,04,-2.5889148811054637e-05,-18.50936585184733,50.20018549894757,281.06129239251874,10.986529590508672
148,05,-2.5811937759284265e-05,-33.066711107479634,47.67298183366304,282.56432028493566,14.460797650952493
151,08,-2.9805839779475068e-05,-22.79464663072811,38.70661156831249,290.6213046195738,23.833731042867065
152,09,-2.1833397036001162e-05,-8.548686426798504,39.4321560544822,288.29770074191623,20.83496838520235
153,10,-2.004618059737534e-05,2.17344532234438,45.307421456006274,283.64651159085514,17.674736063961063
154,11,-1.4646135411648073e-05,14.444811823866104,60.08639300202131,279.0964361319648,14.225457465975815
155,12,-7.654158530845394e-06,17.942148733159545,42.031411531264894,277.4903090515137,11.076515356142036
156,01,-5.988280283046514e-06,9.900324605634134,41.55076964045469,276.29669176196023,10.36507142100283
158,03,-1.6743815379482177e-05,3.675611719931326,56.535387553599556,279.7299019205238,12.269467439161831
159,04,-2.3724830210206465e-05,-12.979907084147134,60.15185276207658,281.38050007290315,12.85867560589181
161,06,-3.339920427913765e-05,-25.873405965508358,43.36981476617124,289.51187445407453,21.26468744079934
162,07,-3.3542465003026134e-05,-26.574038988010855,46.61348771423679,290.8302553724063,24.872119238017707
163,08,-3.290884278264643e-05,-13.404264240552024,52.83446418771308,290.5360282891386,25.45110419567298
164,09,-2.5466491539959356e-05,-1.4094354346381297,48.6797681992597,287.5794175764296,21.089136655476363
165,10,-1.9484351597922247e-05,1.9587082073252686,58.379234332862715,281.5607008762565,14.223404862920445
166,11,-1.321692710625939e-05,23.694389510769323,50.96693710040848,281.2424108364529,14.199872933730813
167,12,-8.425528942156701e-06,11.411874493342573,45.69198678764476,277.1291988499139,11.040920949630838
170,03,-1.4966802825774622e-05,-6.011914413616221,42.24266758934657,278.6799079442178,10.57913865132614
171,04,-2.191761210872048e-05,-4.539731902737087,59.59964808656376,283.3900037384034,14.761491688218381
172,05,-3.0932743489659034e-05,-26.541132331437964,51.168041845343446,286.5305111710743,18.49295009515106
173,06,-3.281592492067931e-05,-24.277929318237305,46.836056776909025,288.3121968231201,21.09136703202724
175,08,-3.234485571499712e-05,-11.285276480397874,49.79429166342623,288.38119730434624,21.499373248984732
176,09,-2.2725771390226628e-05,-2.4448908416748045,57.50485973500145,286.37938309156635,20.6290178585887
177,10,-1.798888249350155e-05,2.3637267239478326,43.9463890340828,282.4125413159196,14.716569644813896
178,11,-1.1587640056374466e-05,-1.8295716874864363,52.225245416957804,275.9691254242791,11.321686016183431
180,01,-8.814763398506955e-06,28.086010490499522,59.814965074129006,278.4522831625169,11.951160548843365
181,02,-9.681430163471391e-06,-2.9269207930791947,54.97462990093799,274.71976377387267,9.542274346257958
183,04,-2.4481364455176743e-05,-15.54007357143826,53.21672202842236,281.15531175240415,12.108356564888691
184,05,-2.8615912740195944e-05,-19.306992470361852,50.8592781971834,284.95634343137016,16.437750189096697
185,06,-3.390126228795352e-05,-22.424498955281575,49.86442946763436,287.7325351216634,21.024796435148186
187,08,-3.527003988845888e-05,-15.806742182249662,41.714041907468136,290.50995685306685,23.171906867293902
189,10,-1.8016295581522476e-05,4.47270425086893,52.33998963107474,282.91257732530823,16.282121984560003
190,11,-8.92097842036795e-06,12.752254605102538,55.27824593100681,283.18030227940875,18.250592901670938
191,12,-1.093666692604627e-05,22.757288210632986,53.902280609893545,279.09193974574924,13.035411139304921
192,01,-1.2804497735976505e-05,25.385474410518523,57.77612080058489,277.2651151844968,10.959147662439655
193,02,-1.271823695051786e-05,20.178666164579848,60.9734689490412,279.69789509668806,12.205283860994237
194,03,-2.219248033328259e-05,-0.5256330294045062,56.57506640008187,278.52115150119414,9.68667776564885
195,04,-2.3056703787511248e-05,-15.611610607231992,48.9374839578549,281.70371436835387,13.610398491528297
196,05,-3.3250014936618425e-05,-29.631465932538433,52.844916530618114,285.3548243562432,14.887000348762799
197,06,-3.44918315846169e-05,-24.446217814466692,49.08188772321145,287.09207231580945,19.14153311720292
198,07,-3.591561413959817e-05,-25.92438248894804,39.340810654867084,292.21608878154143,26.651675874188385
199,08,-3.331847033315239e-05,-31.29434137422295,33.68999910253863,292.1374796096639,22.036511386484225
200,09,-2.6222378082234683e-05,-4.395296908230251,54.09243484116659,287.4659033938938,21.198522507119172
201,10,-1.4566836962311297e-05,5.514771194293934,41.310020164710224,286.1660483907064,19.556401405724145
203,12,-8.991161045966975e-06,-5.598886509064706,48.51484771922968,272.8523069154063,9.520831813155645
204,01,-7.460320452180465e-06,-0.4728464959257379,45.67560021059616,273.0739127290787,10.440877024148103
205,02,-7.544903639281147e-06,5.38362545916678,55.18347650017959,273.61455346710375,8.869372559355593
206,03,-1.2827322511164368e-05,-10.990242480862525,51.72073062135199,275.89573825737733,9.525472053571415
207,04,-2.0502408365953464e-05,-21.604367342122394,58.54018084150156,281.5059792378743,12.497388009622364
211,08,-2.9903093116464793e-05,-15.358725825155936,42.33743624172287,290.26938906532206,22.9990404958584
213,10,-1.7171301486478214e-05,8.106230379494288,51.02844809201841,284.35446074524754,18.058174803824834
215,12,-8.836182103413613e-06,1.1414017176474303,51.832999992789766,274.0792455669526,9.593377716324662
216,01,-3.583592048936e-06,-1.2817189340899076,35.36421269791357,272.25964624536164,8.961908747665344
217,02,-9.97768289436776e-06,28.48145621345157,61.04910012837534,278.9320034816378,12.171147674492426
218,03,-1.2413017713795421e-05,-3.0697627356744577,49.8996438915832,280.40703176859375,12.901507511982352
219,04,-2.201332183204714e-05,-17.60772253417969,50.15108422283994,280.5644874141693,11.840950494820543
220,05,-3.085946982284968e-05,-22.07697987414944,55.658551038389554,285.1017764521773,16.664446066212914
222,07,-3.376502295814329e-05,-20.43258258581674,48.29218798171063,290.03099838158397,23.78260384443754
223,08,-3.064838395117496e-05,-15.397676236060358,39.11490551742816,293.2227237929478,26.16295267547331
224,09,-2.7053925191669103e-05,-10.968042353990342,40.873450344501606,287.54944601949063,19.439216820406912
226,11,-1.1372840429430654e-05,5.54297788119846,52.451002673839106,279.9875980561574,14.74272731684049
227,12,-9.893875752236308e-06,16.98351939342868,60.12797338394067,278.3321768117105,13.047354222416878
228,01,-1.1099072907757458e-05,24.386054642872143,54.87726956107148,277.9622745796942,11.066128452862465
229,02,-7.893391973560764e-06,12.879144769577753,54.623768248409036,279.23413331127165,12.837736519389209
230,03,-1.582076560769428e-05,4.910139277304372,64.38913835901599,280.3343201620861,14.007189303759604
232,05,-3.182257207745645e-05,-20.036693252071256,51.31070372274871,286.9770894601474,18.25652126416596
233,06,-3.4082233544055876e-05,-13.138249787733287,60.09514157660935,288.37100996331105,23.464375189109646
234,07,-3.6390916169732936e-05,-13.917790471887077,46.5719772114318,288.9995175761561,22.643103410513174
236,09,-2.4247977624205914e-05,0.3736279635959201,55.41774919654528,288.04718676249183,23.421663728037153
237,10,-2.3367591303340108e-05,14.50471792602539,57.49670259841796,283.2419490077521,17.60276400920909
238,11,-1.186565926222506e-05,4.6568576497395835,50.09492808050447,277.3990418517218,11.023035687553882
239,12,-8.802920268002493e-06,22.454611907630838,51.308709990082264,277.97066255097747,12.303671738373337
240,01,-9.430198710966792e-06,24.63400003675235,61.44896206574927,278.42221806261614,12.195444267046069
241,02,-1.079772392194216e-05,13.779260249546594,59.85849182345754,276.5846275064377,10.259473174222878
242,03,-1.3397230129969535e-05,-0.9194605676794566,60.6708199271861,280.0196965524407,13.508820564555867
243,04,-2.54553507465769e-05,-17.42901027967665,53.24983413987689,282.47727725253634,13.930574816384583
244,05,-3.422614240797327e-05,-20.88572949317194,50.723297991629586,286.46426943280625,17.992914966178198
245,06,-3.759346314859108e-05,-24.964019442409946,49.104056137108806,287.621155009969,19.179021763939325
248,09,-2.59650643648355e-05,-3.5717024329291456,50.26974016195536,290.39740791795515,25.80820150032573
249,10,-2.1588807777500546e-05,5.981483147405809,48.24640764357326,284.0889761727855,16.691097016297363
250,11,-1.3179962080519347e-05,12.654008286878799,52.50058610761298,280.36134305237664,13.172062302903335
251,12,-1.3700721242369786e-05,27.986750325848984,63.54783165261822,278.27631423343126,11.135898228195407
253,02,-1.2230161100386137e-05,18.65321454909752,54.35344561065067,278.9918639561445,11.535072371006011
257,06,-3.750390542944741e-05,-27.016546727159287,42.780413097916714,288.429064964803,20.217285911058053
258,07,-3.168135436499142e-05,-21.668345875401656,51.88578506780696,288.20182105771954,22.884604032078098
259,08,-3.0941285219664524e-05,-19.063545700565466,39.65101154342005,290.2980615874259,23.377618400014857
260,09,-2.4486756719630248e-05,-2.020394458007812,56.817002186003,288.9522197736953,25.28914702420103
261,10,-2.1893689024856883e-05,11.235235126454343,57.40779917159772,284.6498967747843,19.02933904491702
262,11,-1.5146696185204038e-05,20.892512133110895,68.07071139411661,281.02643124508324,14.33508744482597
263,12,-1.1904006665214989e-05,20.81303864280127,63.79751548051194,278.4327853809069,12.55957897350352
264,01,-6.723928980547147e-06,14.384707934964087,53.25762820807451,275.96743091123847,10.276413458688285
265,02,-9.421481274265325e-06,7.153048214503697,61.79020408172125,277.52430097507295,11.304749446694343
266,03,-1.3063552253355424e-05,-6.242824222359606,58.59238742218351,277.80964705756395,11.94844622561111
267,04,-2.4765318735565716e-05,-15.737299090576174,60.65160554169682,281.0073699052598,12.39155946132872
268,05,-3.372209000100225e-05,-25.790908090242777,45.58359570831253,286.25971681492297,16.882564342469298
269,06,-3.303585196628976e-05,-31.827683939954966,48.06642211600013,287.6171802242279,18.788384712798067
270,07,-3.6646507612448495e-05,-24.41304970722813,43.035889669943884,291.0954466385379,25.123447815056778
272,09,-2.8629883362433853e-05,-3.361749937269423,60.89090815499625,286.7026010084364,20.705136747317844
273,10,-1.872843477780094e-05,15.499699002173642,52.0420637966638,287.358400129749,21.72099201665899
274,11,-1.4045017091525046e-05,9.019137569173179,50.75557469189433,281.0378544276344,14.766802187086476
275,12,-9.904081011676856e-06,14.487402564920403,52.82181985401466,276.8109058604907,10.6310780278957
276,01,-6.60295483731882e-06,23.604068570044735,51.65779350411636,277.7092359037091,12.109373243094772
277,02,-1.6342577849974034e-05,27.257544948032923,61.67323920420096,280.01173835877006,11.585383370463337
278,03,-1.718439095667989e-05,-2.8514695644583754,52.573686629964456,280.1865670277176,11.607923356689431
280,05,-3.0134792006426703e-05,-17.31557953963741,52.31226475243542,285.91615550937445,17.86483551645279
281,06,-3.5836119472898846e-05,-20.466573669433593,50.7506326838851,289.008934870402,21.94502347338862
282,07,-3.594073215623134e-05,-17.96138944137737,48.60045512300026,290.12367375199517,25.717054898814485
284,09,-2.726855740998468e-05,-6.606480073716904,41.46046437310777,288.12181282060413,19.46754291381571
286,11,-9.433203981300014e-06,10.082439758300783,57.335292302331666,281.24613218036234,14.819048055042161
287,12,-9.155090198257839e-06,-0.601292420089886,52.83887711868107,276.11271182759606,12.703119583929736
288,01,-7.996820467572737e-06,16.024269751435966,52.92226850532075,276.0992543067932,10.557260232224259
289,02,-9.213011075579354e-06,1.6289639434814458,40.65915042115535,275.1990847414562,7.618574587362154
290,03,-1.4304734281419465e-05,-4.024482163624097,45.80751552796749,280.07939777218405,10.201501829046073
291,04,-2.383696288773839e-05,-17.2942943037245,47.44735419490735,282.52701496353154,11.80928153449032
292,05,-3.0977665722578726e-05,-19.48317038226384,57.695412786129985,285.87503277128485,17.237994223952292
294,07,-3.637924248004731e-05,-25.786057973554062,44.12265574810709,291.4632059519777,25.262484286273676
295,08,-3.1032737283929096e-05,-31.771135562691633,39.36124998163152,291.8428295599825,23.719839718063675
296,09,-2.437035215904568e-05,-12.497950702243381,40.21523504180775,287.9652745859782,18.67727894531356
297,10,-2.1305207502659715e-05,-2.352458050143333,49.86598729915773,281.3235289662679,12.834833942158248
298,11,-8.746191556262298e-06,13.336127873399521,55.471923015075255,281.18456970901485,15.444975968167515
299,12,-8.986315398414586e-06,16.75842543636855,56.42778465677845,277.70850726802377,12.111972078078535
300,01,-8.992702947169514e-06,20.66453995308825,64.87525535803712,277.01399096031605,11.204803152650916
303,04,-2.4217375733618005e-05,-11.611916856553819,59.49211039767795,283.0342345699735,14.257841776642534
306,07,-3.5823426863228845e-05,-21.040274605699764,48.61712288511441,289.52838083738925,23.3933894850977
307,08,-3.442271008691844e-05,-10.630728795861687,53.4802156332962,291.53894050384855,26.830953647472523
309,10,-1.9737982986943505e-05,10.8786054316695,45.96995730125903,284.57554275028684,17.218317307363275
310,11,-1.219442167142309e-05,8.63346869269477,52.650442458646836,280.0218678001404,13.982692417393787
311,12,-6.509792311736683e-06,12.651209838210898,41.13814304297201,277.18444233658494,10.708026006760138
312,01,-1.0532949036563073e-05,27.835473567839585,50.62756816835045,278.5624613469442,11.058444803249454
316,05,-3.3327865934669755e-05,-23.83920729967343,52.369123788558014,284.99818274778966,16.13438991110812
317,06,-3.715115132452208e-05,-30.632264646063906,50.84424858076307,288.991852593655,21.792493984187978
318,07,-3.409394384040644e-05,-23.561669685609886,47.80977541725482,290.1906704429708,25.305337204162793
319,08,-3.320200081173924e-05,-14.21000237282374,41.28222914207624,289.1398493754069,22.598466931248222
320,09,-2.545146969718593e-05,-6.704652192857532,39.75358392157654,289.0389223130968,22.82103427496221
321,10,-1.7187334372416657e-05,10.538457600583316,41.694871458662455,286.6108520703879,20.637318765312116
322,11,-1.4535249143672345e-05,9.326381112670902,61.63253474075529,280.7140452206929,14.740219080596498
323,12,-9.12172876785682e-06,14.485518746324761,56.37181309181387,277.6781497156286,11.177854364097762
325,02,-8.8568046297561e-06,4.634872235616048,55.29220876641359,275.99080734402787,9.648650506130284
326,03,-1.3873502668170125e-05,-4.782673361173239,59.930227692120816,276.79120616527274,9.928221458632457
327,04,-2.37631702343909e-05,-18.782449027506512,53.65862876264652,281.3412661899143,12.557103431734772
328,05,-3.370682173148433e-05,-13.439136345319852,55.415879218805216,286.611448016423,16.937964208655462
329,06,-3.4785863751151034e-05,-27.11431088460287,44.96967633606062,288.7861003506131,20.177302681291106
330,07,-3.3670624993676266e-05,-35.11209074615151,34.7803111832411,294.31578268137275,25.163574650856756
331,08,-3.203818718891423e-05,-14.970106861073484,56.166526000266416,289.42563545177825,24.020286544034562
332,09,-2.4569920312832332e-05,-1.9050392035590278,48.50952039943403,290.8846295525445,25.35001326700052
333,10,-2.0357669840078775e-05,8.929626497002058,49.91160704086961,286.9078280718404,21.241959986229094
334,11,-1.6638314112929544e-05,21.698549422539603,51.20864173750348,282.7481851179335,14.983468749819865
335,12,-1.1844671387852061e-05,21.158474252352146,51.61357204472506,280.0480408410102,13.297097678603667
337,02,-9.635896793779033e-06,12.227102448962983,62.05461917357218,279.13144602752857,12.45363125636322
338,03,-1.969343553138324e-05,2.858439688077537,50.951221448258686,280.9515473870718,11.756546522871137
339,04,-2.5420359923575438e-05,-23.728481532796227,35.425640993569964,285.1133049407959,14.029402746246918
340,05,-3.1186685044343005e-05,-23.42358186127037,55.67473245647261,286.3991220269972,19.129142921575937
341,06,-3.458860908376663e-05,-19.802041976589628,51.81401281598541,289.6702567504883,24.706341961563957
342,07,-4.0491175616739144e-05,-14.380545316962786,51.51913973191349,289.65608735082475,23.765559630895176
343,08,-3.430768915528969e-05,-11.902402343421853,46.669440629773256,290.0370085491878,24.276185533899135
344,09,-2.677926907070085e-05,-2.246240928141275,48.58724766878287,287.3048455885146,21.141295356886918
345,10,-1.4836711174446523e-05,-1.5530790907336818,46.4751422240952,283.5498818838469,17.69225229575172
346,11,-1.4172945336880124e-05,15.984315191311307,55.0159122577058,280.5269208690644,14.289930684622128
347,12,-9.103623443880553e-06,18.67049515623687,44.72693699303237,277.3368185319388,10.617689527364186
348,01,-9.98381483742544e-06,30.50790186531313,59.32570013750177,279.4891412764929,13.490079094302269
349,02,-9.733829621899499e-06,11.488472740085646,43.235250111784055,278.2568273897719,9.918647395893075
350,03,-2.0140387961912898e-05,4.352542552004578,67.29393991330491,278.8884844916969,11.024969367623331
351,04,-2.446588194630345e-05,-15.287676639472116,50.48518859204715,281.5612035566542,11.81326274435123
352,05,-3.326288808405293e-05,-18.37616691179173,46.32872357566895,287.85736066133234,18.2019808564968
353,06,-3.476253857051133e-05,-32.52892781643338,47.80475471985869,288.7505925245497,20.658758763898746
354,07,-3.577182100015043e-05,-18.878891244211506,53.425692884929724,290.6381676658713,25.707979306942672
355,08,-3.3834556450724496e-05,-9.036356891591062,49.02626591384924,290.2695800380912,25.532705715393504
356,09,-2.5189189388381943e-05,-2.5223080678304033,46.95382839618127,286.9092003065321,19.755159920113613
357,10,-1.8222273044254205e-05,6.518695762716314,54.30898137165141,283.49328779224686,16.76005811733328
358,11,-1.2143508331428165e-05,12.723418456013999,55.05112889809742,280.38257168964805,14.737761704242228
359,12,-6.623100362498576e-06,8.910789440196046,51.189781416840454,276.00092939651654,10.188280075834642
360,01,-6.219402897665034e-06,13.638463789416898,56.756673166043,274.32254045474144,8.690243806926153
361,02,-6.55127283612057e-06,7.2258432279314295,62.426701213981424,276.2893881261462,11.645883812596404
362,03,-1.4006747319585248e-05,0.15545269151913163,60.10794240493287,279.1052625570399,11.059879185275365
365,06,-3.4585202314802804e-05,-32.20444840494791,47.13420631794532,288.15789018961584,18.887264902786413
366,07,-3.995988693131167e-05,-23.939954596078525,46.67216465320125,290.62653678746375,23.57777746359636
367,08,-3.326769469126164e-05,-18.63527480389995,42.41847231385144,291.493365414199,24.330370817279302
369,10,-1.8213049179844e-05,4.716025361748153,49.256211021474606,284.11453383484707,17.60658678425256
371,12,-8.896478755051119e-06,9.686923075029926,62.37685010996686,275.9152564712032,10.664877343126522
372,01,-6.091251291421628e-06,2.9262350808420488,60.36061479552843,273.08482904479325,9.084873129739556
376,05,-2.827942739082006e-05,-27.387183430333288,51.416537502500645,283.07650033011487,14.071137885897391
378,07,-3.4407490462771055e-05,-31.11366353779454,49.13440625845617,291.94731353169107,27.35150430944914
379,08,-3.27152816781925e-05,-15.088779016966459,50.057286181364006,289.71709932881015,25.141525758176723
380,09,-2.3803562745282155e-05,-1.7829848341200085,47.799041656389505,286.8539448320178,21.12537328449091
381,10,-1.8914465963579488e-05,8.677334267236855,54.52403665949838,284.0074488248518,17.27257944951775
382,11,-1.1904203317903414e-05,4.708053307088217,64.34552551558414,279.1010974715339,13.104098462952505
383,12,-7.738160395268594e-06,4.967533013128466,56.59717789244652,272.7350027047024,8.428497275237117
384,01,-4.432973011169315e-06,15.641597058367989,49.85520389962581,276.640032220861,10.790953362373896
385,02,-7.274441715534998e-06,7.353929252261208,64.81677477946593,277.5559378022239,12.025972804131962
386,03,-1.235675504704564e-05,-6.3443144091534345,43.386579177287324,278.86510410210394,10.456544133351697
387,04,-2.5035789431644346e-05,-14.869033695136176,49.48712501599656,285.153135196601,15.158912003555566
388,05,-3.0008848766624646e-05,-32.62149781881353,48.67582858574712,286.410771462061,16.91407297216308
390,07,-3.7348723895911946e-05,-18.427609645064162,51.34294977803511,288.60765880658556,22.20925140021052
391,08,-3.274760770019843e-05,-10.64563058373236,50.85391145080519,289.6281859905284,25.6041415031533
392,09,-2.5484862159343414e-05,2.648160398695204,48.54894579696125,288.68825934821234,22.98564577755134
393,10,-1.916051529891168e-05,8.726722329416583,41.10612051369683,284.83637540882887,18.000692696975126
394,11,-8.12447487300637e-06,7.208228931681314,45.10324230610001,280.86535165697734,15.098697719383242
396,01,-9.557997748420493e-06,23.492998173539362,55.985124487241116,278.0025916491273,11.476601598980604
397,02,-6.941694202459045e-06,2.77444112036694,54.92825397600388,273.9540438470512,10.29393062870804
398,03,-1.1845709033173812e-05,-9.130659757880753,42.53471919810516,280.5903991654509,12.56907799679105
400,05,-3.2719707248821014e-05,-19.41600187732328,54.71462800888861,286.39187647731336,19.47343097171732
401,06,-3.633841799156573e-05,-15.284035491265191,54.862410076340026,287.4815220364041,20.928866900479797
402,07,-3.9630504535585143e-05,-18.105863085346844,55.33667580591222,289.83332058683004,23.770940406066114
403,08,-3.664081436780238e-05,-14.530181596981583,48.63167088847007,291.1731117379793,25.032045431551115
406,11,-9.782895505729057e-06,13.286790387301977,48.36725960095062,280.2187192969428,13.530393645091852
409,02,-9.82560560788399e-06,1.2790957768758144,54.799641565576906,274.82777969859893,8.859147338378996
410,03,-1.6003138249269338e-05,-14.11737674147083,62.83003596656937,275.29698841222125,8.8088545557581
411,04,-2.0434202846445263e-05,-16.983018215264217,45.651346360141694,280.441605447091,11.91540409259134
412,05,-2.7662325821888435e-05,-23.158452428017892,56.92952051083376,283.8569099442677,16.579097982118206
413,06,-3.319209287441886e-05,-26.815010833062065,45.349666944320994,287.4700203450521,20.551190380279227
414,07,-3.405638901301333e-05,-27.630988150319745,40.32137145659744,291.3996042135915,24.74629142739055
416,09,-2.475842662511746e-05,-8.054260448540582,49.65095689521101,287.60815346442337,21.14314986570544
417,10,-1.765674730958508e-05,13.677036990258001,51.31546706972713,285.3490841153053,19.146578139390993
418,11,-1.2026654228591521e-05,13.685960133870443,60.59634180396663,280.35682493527725,14.24176825358338
419,12,-9.44601224512954e-06,28.97793200421077,55.46996279250422,279.21073650786695,12.755031762801186
420,01,-8.580053124215514e-06,22.96357862870411,63.49304372530727,278.7270791265426,12.548642675956094
421,02,-1.1990748406116751e-05,26.598223410470148,61.15281964255657,279.40804705011277,11.46738722245466
422,03,-1.6731313326227373e-05,-1.3453218475669946,47.843510205716214,281.1189634679159,11.066952292218005
423,04,-2.3883861623916246e-05,-16.521862002224392,58.86005653639768,284.4238784166124,16.86577033540408
424,05,-3.2321809314922687e-05,-17.350711201329386,63.11191008513332,286.0054483229113,17.91922860039819
425,06,-3.645346474101341e-05,-28.120134918891054,43.231891095406475,288.60506283637153,19.652886832084917
426,07,-3.570791800838603e-05,-18.498887496784167,52.862582088247414,292.2635286937426,27.574913323899757
427,08,-3.5946427165531874e-05,-15.756697428713563,51.75170243226714,289.2081022578413,22.186411076767474
428,09,-2.0748739615697153e-05,-9.244409510294595,35.08465283191469,289.19143939514163,22.670960359727015
429,10,-1.6616273676728237e-05,8.951883064844276,46.06859467966968,286.6383070147115,21.249415780923695
430,11,-1.0089955154782932e-05,6.784489759657117,59.376273723493675,281.4275366665734,16.452237505469057
432,01,-9.2527426375611e-06,26.340960131573418,62.63006211892765,277.32805558928624,11.101973199181659
433,02,-8.153189459681882e-06,8.31590086110433,48.93550452213628,276.6668339920044,9.554675642374013
434,03,-1.5915630637317265e-05,-1.6360386480515998,44.90566300547765,279.08244967077115,10.268197295402967
435,04,-2.4346638547669703e-05,-22.934988667466907,50.17846367060873,281.46281248359685,11.4696420110782
436,05,-3.070366395367009e-05,-25.76910455847299,53.73915812349191,284.7904129192393,15.192477716480534
437,06,-3.477750818122634e-05,-31.860220404391814,46.7203716229452,288.02580254245345,19.765049702053602
439,08,-3.326061218056918e-05,-12.586229408838417,52.3345120203854,291.25167575270126,27.893779480126597
440,09,-2.5603061031688413e-05,-1.6679924726698132,46.654843129608366,286.66352415195047,19.359477819336785
442,11,-1.4898132296588707e-05,27.46974549831814,55.57987919455502,283.10383579525416,17.272885030308036
444,01,-9.004527324929857e-06,20.359526514525058,60.00615774854665,278.0475291836237,12.302332713373247
446,03,-1.4810545610421827e-05,-5.396197126162949,59.004922374092125,278.4155945600284,10.437647663715065
447,04,-2.7581765115751797e-05,-20.820068422105575,57.557788026644126,281.36615560573995,11.800390531207455
448,05,-3.16294027814815e-05,-19.310568396455505,50.32535560724812,286.8687926589802,17.92110827917566
449,06,-3.356170396635004e-05,-23.02242342732747,60.87640379265148,289.0600437771266,25.228303343276185
450,07,-3.758493633006676e-05,-22.269790681900524,47.74635748879372,290.91323088844877,25.57397250136893
451,08,-3.3272750999810424e-05,-17.014684508621052,43.397001161080546,290.91866476046647,24.996205532712324
452,09,-2.4645985519115736e-05,-7.889081433783638,37.34792189491059,290.7287192874484,24.11319072261387
453,10,-1.526362983537594e-05,-3.798430909843855,48.34944315867911,283.3498556886078,17.225026653107776
455,12,-4.447676278540448e-06,15.633635981405934,42.93341399640295,278.4459245055413,13.01997802054626
456,01,-6.416161365773257e-06,12.223324068787278,48.97643718384928,275.05028467830533,9.654886861660149
457,02,-8.18821650381367e-06,12.903916228158135,62.959067062718525,277.86915778559734,12.805091260918546
459,04,-2.5679135762624757e-05,-26.331729773288306,46.84454056873057,281.41495227517026,11.854652500814861
460,05,-2.9667726341906155e-05,-25.198657173730993,56.839670298081565,287.2392350808421,20.08667393688617
461,06,-3.566179110415154e-05,-31.36642959594727,52.944568701901716,290.51245804307734,24.920626615144148
462,07,-3.888270218750779e-05,-23.176640851420746,56.14024401203919,290.7070247267856,25.7952684127118
464,09,-2.5415033401845397e-05,-5.530321179199219,52.86381167994076,287.1538292568631,21.336988494233296
465,10,-2.0550294828412475e-05,15.281469091599986,50.30405073937036,286.4926618480888,21.25215219498321
468,01,-8.493993727101315e-06,23.796599253992884,55.116003269850566,278.53154294832297,11.85726924298784
469,02,-1.1806723732206594e-05,-2.6082788761683875,46.30087924139698,274.0743940366564,7.208972067391589
470,03,-1.3339704251535219e-05,-6.768148279333628,63.03257818707726,277.2524915700113,11.490985864388046
471,04,-2.4140652476206825e-05,-8.481860700141059,60.03202422682047,284.2523615995619,16.594467750182417
473,06,-3.447691067930363e-05,-33.33076165534125,39.74884000571834,289.49784020724826,22.747421039063397
474,07,-3.4126774513620195e-05,-44.31138712696363,36.16823902212164,292.90806091046085,24.748706597475596
477,10,-1.717439320385384e-05,2.0582064438686585,44.893768001867876,285.3938754693308,19.248132997887105
478,11,-1.049799736220949e-05,11.533768935139973,58.11769115721252,280.0686911998748,14.188456836369303
480,01,-8.170035396257738e-06,18.813249751593478,61.34680531404607,276.9462481465493,10.371796175769582
482,03,-1.7898125718357898e-05,7.876527682396675,54.192069970153995,280.7588669757638,13.107204236979122
484,05,-2.8741963674400066e-05,-37.081440074305384,54.09692304540707,284.36448736465616,16.092180326128517
485,06,-3.9525050331051005e-05,-23.208365014648436,47.86380608810849,290.2859401516385,23.5430796470099
486,07,-3.625940142692049e-05,-31.74150496025496,48.734570516079984,291.26846290670414,25.33940084237309
487,08,-3.404563471354698e-05,-17.337182702177312,41.57153246440298,291.4738801791283,24.424641755612946
488,09,-2.6543087166161665e-05,-4.24653964674208,45.73786681658825,287.9392709560819,22.349180271658632
489,10,-1.8569231195137014e-05,10.235854191605762,54.45598049366731,284.78358039642666,19.84700183868793
490,11,-1.0039879183467646e-05,10.335369747924807,64.20363267016013,279.8074893178728,13.91127883404626
492,01,-6.012859741277161e-06,22.106840989635838,48.67357203781476,279.3999776622403,13.501913585694883
494,03,-1.9840231885472768e-05,-1.8349693298339842,46.56073982853019,279.7202150045004,10.753236534503198
495,04,-2.7043378228700023e-05,-24.0670989525689,35.17819720014996,283.457096534729,11.874213944729169
496,05,-2.995519203009721e-05,-45.04488896819084,46.51938461271666,285.6595867329259,15.459495272367233
498,07,-3.552329937512147e-05,-24.55973527871409,49.31133174363516,289.7865116117744,24.6124194765155
499,08,-3.48960954878191e-05,-17.491402352609946,46.845165995435046,292.9717935617098,28.500981259279346
500,09,-2.4679065476549213e-05,-6.537764871215822,41.4254565234277,288.42726283230246,21.540383629229332
501,10,-1.848353834580477e-05,14.114419966174706,59.132486595437086,284.57053201831286,18.9628441576868
503,12,-6.893300624729055e-06,15.732371215492165,60.65007041392917,278.8222056623889,13.366138016835336
504,01,-7.860778656987515e-06,14.34612370152627,66.80461903254064,276.7231909807677,10.656338111351893
505,02,-9.005972841740524e-06,9.622026147751583,54.51137783175566,276.8945384240831,12.087850346680197
507,04,-2.588563685021654e-05,-27.98602328389486,47.86236142485672,279.4237252683427,9.781603732807106
508,05,-3.230829694098981e-05,-22.4746828918457,60.26473778712485,283.8163767559092,15.16792012552164
509,06,-3.7502937650666964e-05,-26.38411481492784,47.88007799596918,290.2330343007406,25.49175883189704
510,07,-3.6336240956178925e-05,-19.074829963273896,48.14752719921964,290.67390889748197,26.729435961833566
512,09,-2.3354238802332672e-05,-7.743464881388346,41.71682162190013,289.1970728213839,23.398362704971102
514,11,-1.0072340758698473e-05,9.36498726196289,49.88987413275507,281.017371949217,15.007591073438855
