,month,MER,MSSHF,RH,SD,TCWV
0,01,-7.186377549426466e-06,5.464709561255669,62.6901256937955,0.010292715281568547,8.14543241929367
2,03,-1.408509512223264e-05,7.08405715679866,62.090667984242096,0.00040960040271923105,11.168600756099146
3,04,-2.191347909663616e-05,-15.59233038906521,62.41300571294825,3.557954761717054e-05,12.183705327253872
4,05,-2.839083756912113e-05,-16.16055940262989,64.02205650719006,4.408267492889076e-05,17.216401719138187
5,06,-3.330413338050373e-05,-22.16353809509278,52.028707694198026,0.0,22.014874159757298
6,07,-3.0671342559486147e-05,-22.637875941122733,53.00265082314577,0.0,23.12972981539721
7,08,-2.8487004876296853e-05,-12.56110269165039,50.14281140049425,0.0,22.75220546986083
8,09,-2.3132900744369383e-05,-4.023202255249023,42.3501046719922,0.0,21.151945761863388
10,11,-1.1569333000928361e-05,13.890767045423724,49.679388139549886,8.024262719684175e-05,13.441472351654372
12,01,-5.795284385228985e-06,8.867661568262244,49.01821534482766,0.000661063572411896,9.088685051160473
13,02,-7.359469057738698e-06,6.865867059466484,53.581606617508264,0.00011199214540678879,12.12962919981178
15,04,-2.282624180893941e-05,-17.872287172783746,48.97103869282801,0.0,11.357650041418605
16,05,-2.9285246377967465e-05,-30.998830406271004,47.47244699586335,0.0,13.246584139289395
17,06,-3.014735746900341e-05,-26.066622504679362,62.37913317463399,0.0,21.07108883677324
19,08,-3.1051088017916934e-05,-11.540256553403795,47.008779259716306,0.0,25.701051704905364
20,09,-2.365392635981859e-05,-3.0327022542317708,42.946886476458445,0.0,23.25748233046532
21,10,-2.1172643707369163e-05,7.590982919672484,58.4636376896443,0.0,16.11280749658359
22,11,-1.4279194747299093e-05,14.235161112806532,54.54851769668525,0.0015326325999365914,13.396459855666425
24,01,-7.860688640385075e-06,20.899533713063885,47.875411116570554,0.0019344636983768915,10.644810918326018
26,03,-1.2076194787720939e-05,11.89821663673975,73.37905685201383,0.0001724853964262111,15.744720834609
27,04,-2.2320882245185202e-05,-19.334173597547743,50.02077896680037,1.5786700778537326e-06,13.077067014764415
28,05,-3.0310256707952082e-05,-17.47440350473055,59.34436809112436,9.34754648516255e-08,18.54690212902715
29,06,-3.0904296795920855e-05,-15.787571440294057,51.69619375912348,0.0,21.37912677978939
31,08,-2.8741253340065727e-05,-19.03508228654759,42.77699926753197,0.0,24.403104924806982
33,10,-2.174942796122078e-05,9.781940688922843,60.93410625634399,0.0,15.963218076816172
34,11,-1.4328458308167076e-05,19.586548003133142,54.57233108670976,2.2300614251030816e-06,14.317446869442199
35,12,-7.687594037497059e-06,8.885675470167591,67.75924336626196,0.012596724167946844,9.079969420325373
36,01,-5.276928763964617e-06,11.574925520045783,58.01885871766587,0.0001972472347239012,11.162234676566175
37,02,-7.864293709969517e-06,5.468580898829869,51.56958197040644,2.739869412921724e-07,10.334659840992519
39,04,-2.3437909088230905e-05,-21.874123499891493,46.11000325809585,2.168152067396376e-08,11.432875588513745
40,05,-2.9170486620455693e-05,-20.4214844770534,47.92201473479629,0.0,15.03766018853521
41,06,-3.17826830204164e-05,-27.949367026435006,48.16991035015053,0.0,22.511012832081317
42,07,-3.416977696542745e-05,-21.999847670688425,39.2781192299025,0.0,24.456834705301517
43,08,-3.1963929242763654e-05,-15.790871219429917,46.55304641459066,0.0,24.45286580407748
44,09,-2.1331834113273846e-05,-6.238656323920356,43.43915766518911,0.0,22.404552868395385
46,11,-1.519573135911843e-05,20.401449884033198,56.70156626680825,5.0221549140082464e-08,15.306237562237841
47,12,-1.0313162028783104e-05,17.753608460457098,55.75187243828721,4.658237964876236e-05,11.54048159815932
48,01,-1.1369238679367056e-05,31.70380508160335,51.86229076744793,0.00012911142713280135,12.54478739766921
50,03,-1.3839232150540515e-05,-0.5926843497983868,57.115805566785156,2.071826688704952e-05,11.947326620060911
52,05,-2.6606813441591635e-05,-11.409518621957432,66.050863289825,0.0,16.563480364199606
53,06,-3.6603149109497395e-05,-25.008415187242296,46.266101067479454,0.0,20.88666345251666
56,09,-2.725831751290065e-05,0.9693071214463977,44.86737590899468,0.0,21.1710378525734
57,10,-2.1395454446465794e-05,12.186390243366201,47.91972020449689,0.0,17.054838546397864
58,11,-9.367185011372688e-06,10.117007967122396,41.05919099200301,3.5537613762749565e-08,14.363651190684902
59,12,-8.522425015388596e-06,21.808005747805364,57.410435429080856,2.6479295504990444e-05,12.56604288422677
60,01,-1.1848107099418698e-05,28.771229348787696,56.9102486772409,0.0017296655524161556,10.191702869721642
61,02,-9.682757584759485e-06,6.4267875001403105,47.08914505602986,8.748411584174497e-05,9.158349270805545
62,03,-1.3818876191033916e-05,-6.2181760956138685,56.610379949503034,9.418372313181559e-05,9.797240060637074
63,04,-2.3066575134180317e-05,-21.124448284233942,53.13685258980724,5.596658653683133e-05,10.647589474581345
64,05,-2.301351515928619e-05,-21.276121071107926,61.30564291210714,3.1990530670330086e-06,17.356259771243217
65,06,-3.0384449369921637e-05,-25.249517172580298,53.14751710217263,0.0,19.618736166115596
66,07,-3.052118788760435e-05,-16.333257173927887,51.58020934386151,0.0,22.990089238066826
67,08,-2.8069958612225798e-05,-17.017802792784988,42.472240740586344,0.0,23.504970162709558
68,09,-2.2138291550658728e-05,-0.809648367987739,66.94727416271104,0.0,22.38970984335343
69,10,-1.5594664512004833e-05,12.420039781796033,52.5519555827328,0.0,19.463715816155556
70,11,-1.2000811908506469e-05,17.20852971835666,62.11537896577253,8.267998695373535e-07,16.40034759771559
72,01,-6.201572312694294e-06,7.789162023728894,59.71689801232405,0.006257890532093664,8.008615290749457
73,02,-7.646551471441942e-06,-7.170963860648018,49.17462651499538,0.00039035758092289885,8.483470379527834
74,03,-1.1304150707112197e-05,-2.56875498781922,68.34861116093205,0.0002458149412626861,10.938059937977021
75,04,-2.3272295822324753e-05,-10.486857863362628,59.37646033687326,3.632929590013292e-07,13.55916669224368
77,06,-3.090711121482552e-05,-17.990251360066733,61.34983533646531,0.0,19.0323849847277
78,07,-3.447742918110781e-05,-15.274860501197074,50.75858460182529,0.0,24.054852292717143
79,08,-3.3271033724499884e-05,-4.3656862228557625,49.79625837316948,0.0,23.133719152373654
81,10,-1.5745955748394817e-05,1.4800897167574978,41.847355274659336,0.0,17.189858579468986
82,11,-1.5779393952086846e-05,2.730464919026692,53.6031213278585,0.0001320727745691935,10.760161425473955
83,12,-6.748697063030508e-06,22.216181771555252,62.92255071562849,0.0009846030858255202,14.085127126652706
85,02,-9.105866422227595e-06,-15.737989101954868,41.279925076501705,0.0001222507996218545,5.607975746361981
87,04,-1.9242588071877733e-05,-14.953707265557181,61.57429541588492,7.426198323567707e-06,11.382743049732845
88,05,-3.1224375424332516e-05,-18.680161248648037,54.14751819698144,0.0,17.007801973546705
89,06,-3.5890827366468634e-05,-24.274000357055662,43.53411597645681,0.0,20.289311543525592
90,07,-3.000731417455182e-05,-30.125119514383297,48.19723509739805,0.0,23.818925079271356
92,09,-2.1116000810717296e-05,-5.870355172729491,52.886519872754164,0.0,18.77687866865794
93,10,-1.7202233669146365e-05,6.4104873591597356,48.62927366667281,0.0,19.589035635976384
95,12,-1.128779906788603e-05,28.043287035542146,58.52688881322774,0.00037468132152352284,12.267536138803731
98,03,-1.3287096029671374e-05,-5.803373095440609,55.151999684815046,7.337508534872401e-05,8.999293845345896
99,04,-2.2575659647211267e-05,-11.442104777696397,52.015024873095086,1.2648238076104058e-07,14.52642838770946
100,05,-2.791426425801057e-05,-28.103053294192083,60.924986691195485,0.0,14.467633944537052
102,07,-3.379324687933062e-05,-20.07741719498173,55.40260847481861,0.0,24.62420682204411
103,08,-3.0242934917310693e-05,-13.572054321945357,50.633880177582476,0.0,24.83616227820099
104,09,-2.5696148892024614e-05,-3.969099077690972,51.22118268649578,0.0,22.86273651031123
108,01,-9.400724827868036e-06,23.76198229324177,64.8158600401199,0.0002939996052813786,13.478511014884521
109,02,-1.553154618433063e-05,17.196350676788683,61.10995617006565,4.479276722875135e-05,10.345760452389717
111,04,-2.4692344382775542e-05,-22.74501348402235,55.09817502149212,0.0,12.66216660157707
112,05,-3.182606770285695e-05,-15.882362545546664,52.83810746537357,0.0,18.308951694468018
115,08,-3.211179117533902e-05,-13.866469908683532,47.473473327189375,0.0,23.52457447757131
116,09,-2.5435363158006416e-05,2.907980506727431,49.177534459747214,0.0,21.290678543053733
118,11,-1.0307503538792339e-05,7.8851572241889105,46.36847800110711,7.3817332585652676e-06,13.532653791407743
119,12,-7.866494279115095e-06,20.208327730240367,52.71666673100892,0.0,14.357002457380297
120,01,-5.490775168401608e-06,12.580168148245866,46.32122026583841,0.0,11.883489435585597
121,02,-1.1993180484209699e-05,15.243881237211681,52.799659086113884,4.026403029759725e-06,11.023137841236023
123,04,-2.3728384267512105e-05,-15.711892689005532,62.36782957411343,7.404155201382107e-06,12.549550183918742
124,05,-3.2913617601255e-05,-32.404015432706444,43.15242019264416,0.0,15.407821862953968
125,06,-3.3498540398290464e-05,-35.047065074327264,55.710710440916486,0.0,18.088483912891817
126,07,-3.3625666249610085e-05,-27.510599928661055,42.19065745926929,0.0,24.40308312683977
127,08,-3.0036708770112647e-05,-17.0266568734774,43.458151734339296,0.0,23.732882308342127
130,11,-1.311930024130561e-05,7.912713109334308,43.72629240063826,7.664759953816732e-08,12.214345464632247
131,12,-7.719866410816296e-06,20.033501539989185,45.286219627095804,2.718377369706349e-05,12.302766914845797
133,02,-1.709957590030951e-05,31.83555304718018,59.52337883048256,2.0835172562372115e-06,12.68034689824212
134,03,-1.7018775953137494e-05,2.372058311872584,47.98838851665681,2.4298456407362414e-05,11.869843073837217
135,04,-2.7999317039636173e-05,-19.276666238742408,46.732171709169286,0.0,12.065731884741782
136,05,-3.125298669270236e-05,-34.3688931694441,36.06377147361027,0.0,14.324859504516404
137,06,-3.068480971400681e-05,-23.63770078192817,52.16888050745726,0.0,20.68230553075605
138,07,-3.559518055198981e-05,-33.07448882301904,37.832517702871755,0.0,20.875357654766372
139,08,-2.897321149455781e-05,-28.290339532667595,47.590817581110095,0.0,24.33309032836268
140,09,-2.7407515947157255e-05,-3.6402964202880854,48.108384553693405,0.0,20.220626075602905
141,10,-1.8407037761653066e-05,10.48773665069252,49.92561818830045,0.0,18.95590408874968
142,11,-1.0645134954231454e-05,8.876481322224937,54.38112868225972,1.7197676499684652e-05,13.421097168287966
144,01,-9.804670876438911e-06,24.167181801416536,38.86062395377826,7.464897248052782e-06,8.955749408001543
145,02,-6.996622216688376e-06,0.507544446309408,46.996895068120395,0.002555922939663842,8.221342761926708
146,03,-1.2629808311264428e-05,-0.5304674036169569,53.76618897918476,0.0,14.275736472201602
147,04,-2.5889148811054637e-05,-18.50936585184733,50.20018549894757,1.8495678901672365e-06,10.986529590508672
148,05,-2.5811937759284265e-05,-33.066711107479634,47.67298183366304,0.0,14.460797650952493
149,06,-2.987989489524302e-05,-20.686577268473304,57.62339900992447,0.0,18.702801296479173
150,07,-3.606362330103894e-05,-12.26554677852508,46.37869990175771,0.0,25.921418963223378
152,09,-2.1833397036001162e-05,-8.548686426798504,39.4321560544822,0.0,20.83496838520235
153,10,-2.004618059737534e-05,2.17344532234438,45.307421456006274,0.0,17.674736063961063
154,11,-1.4646135411648073e-05,14.444811823866104,60.08639300202131,2.8859506713019477e-05,14.225457465975815
155,12,-7.654158530845394e-06,17.942148733159545,42.031411531264894,5.5359345610423755e-06,11.076515356142036
158,03,-1.6743815379482177e-05,3.675611719931326,56.535387553599556,1.1341134707132974e-05,12.269467439161831
159,04,-2.3724830210206465e-05,-12.979907084147134,60.15185276207658,2.5939941406250002e-08,12.85867560589181
160,05,-3.502280750303383e-05,-18.415903687507882,37.98684394011575,0.0,17.11736192246663
161,06,-3.339920427913765e-05,-25.873405965508358,43.36981476617124,0.0,21.26468744079934
162,07,-3.3542465003026134e-05,-26.574038988010855,46.61348771423679,0.0,24.872119238017707
163,08,-3.290884278264643e-05,-13.404264240552024,52.83446418771308,0.0,25.45110419567298
164,09,-2.5466491539959356e-05,-1.4094354346381297,48.6797681992597,0.0,21.089136655476363
165,10,-1.9484351597922247e-05,1.9587082073252686,58.379234332862715,1.8078127214985508e-06,14.223404862920445
166,11,-1.321692710625939e-05,23.694389510769323,50.96693710040848,0.0,14.199872933730813
167,12,-8.425528942156701e-06,11.411874493342573,45.69198678764476,3.2269544498894803e-06,11.040920949630838
168,01,-9.715480358609446e-06,34.39173987899288,57.42208674485646,4.798289268247543e-07,12.073609010492602
169,02,-8.449411843078754e-06,-1.1622854381742926,41.2482318814184,0.0001454247690382458,10.165785772635825
170,03,-1.4966802825774622e-05,-6.011914413616221,42.24266758934657,0.00013486407008222353,10.57913865132614
173,06,-3.281592492067931e-05,-24.277929318237305,46.836056776909025,0.0,21.09136703202724
174,07,-3.3366269429406925e-05,-23.52127023184171,53.23872095220833,0.0,23.766084752114875
175,08,-3.234485571499712e-05,-11.285276480397874,49.79429166342623,0.0,21.499373248984732
176,09,-2.2725771390226628e-05,-2.4448908416748045,57.50485973500145,0.0,20.6290178585887
177,10,-1.798888249350155e-05,2.3637267239478326,43.9463890340828,0.0,14.716569644813896
178,11,-1.1587640056374466e-05,-1.8295716874864363,52.225245416957804,0.00015719194677140975,11.321686016183431
179,12,-9.250304196792702e-06,31.236705364924607,64.63241229699248,0.00020338165888222312,12.371003425172582
180,01,-8.814763398506955e-06,28.086010490499522,59.814965074129006,6.143172710172592e-05,11.951160548843365
181,02,-9.681430163471391e-06,-2.9269207930791947,54.97462990093799,0.0003871754450457437,9.542274346257958
182,03,-1.5868986940443404e-05,12.424105568506382,56.25959003628518,9.499826738911291e-08,13.046672808460013
183,04,-2.4481364455176743e-05,-15.54007357143826,53.21672202842236,6.838602489895291e-06,12.108356564888691
184,05,-2.8615912740195944e-05,-19.306992470361852,50.8592781971834,0.0,16.437750189096697
185,06,-3.390126228795352e-05,-22.424498955281575,49.86442946763436,0.0,21.024796435148186
186,07,-3.466171150601792e-05,-32.442688338413035,36.16844127948567,0.0,25.164367288179292
187,08,-3.527003988845888e-05,-15.806742182249662,41.714041907468136,0.0,23.171906867293902
188,09,-2.649383951805552e-05,-2.2674784339057075,50.77799905458556,0.0,20.662340495669845
189,10,-1.8016295581522476e-05,4.47270425086893,52.33998963107474,0.0,16.282121984560003
190,11,-8.92097842036795e-06,12.752254605102538,55.27824593100681,0.0,18.250592901670938
191,12,-1.093666692604627e-05,22.757288210632986,53.902280609893545,6.536950347244099e-07,13.035411139304921
192,01,-1.2804497735976505e-05,25.385474410518523,57.77612080058489,0.0009627563479126142,10.959147662439655
193,02,-1.271823695051786e-05,20.178666164579848,60.9734689490412,5.487134059270224e-06,12.205283860994237
194,03,-2.219248033328259e-05,-0.5256330294045062,56.57506640008187,0.00016835869896796444,9.68667776564885
195,04,-2.3056703787511248e-05,-15.611610607231992,48.9374839578549,0.0,13.610398491528297
196,05,-3.3250014936618425e-05,-29.631465932538433,52.844916530618114,0.0,14.887000348762799
197,06,-3.44918315846169e-05,-24.446217814466692,49.08188772321145,0.0,19.14153311720292
198,07,-3.591561413959817e-05,-25.92438248894804,39.340810654867084,0.0,26.651675874188385
199,08,-3.331847033315239e-05,-31.29434137422295,33.68999910253863,0.0,22.036511386484225
200,09,-2.6222378082234683e-05,-4.395296908230251,54.09243484116659,0.0,21.198522507119172
201,10,-1.4566836962311297e-05,5.514771194293934,41.310020164710224,0.0,19.556401405724145
203,12,-8.991161045966975e-06,-5.598886509064706,48.51484771922968,0.00015860379254946144,9.520831813155645
204,01,-7.460320452180465e-06,-0.4728464959257379,45.67560021059616,0.00023015245699113416,10.440877024148103
205,02,-7.544903639281147e-06,5.38362545916678,55.18347650017959,0.0006102077837648064,8.869372559355593
206,03,-1.2827322511164368e-05,-10.990242480862525,51.72073062135199,2.0419359207153323e-05,9.525472053571415
207,04,-2.0502408365953464e-05,-21.604367342122394,58.54018084150156,2.815988328721788e-08,12.497388009622364
208,05,-2.4253428110207234e-05,-26.022296560964275,51.92535755428705,0.0,15.523370743020891
209,06,-2.8253365109311642e-05,-38.732165323215064,41.61192797080808,0.0,18.80213339232339
210,07,-3.142641031134248e-05,-27.054918192217425,49.82263012584947,0.0,21.689672550591094
211,08,-2.9903093116464793e-05,-15.358725825155936,42.33743624172287,0.0,22.9990404958584
212,09,-2.534073391895315e-05,-7.00570699428982,43.673043699496326,0.0,17.80062923739222
213,10,-1.7171301486478214e-05,8.106230379494288,51.02844809201841,0.0,18.058174803824834
214,11,-1.4551765714713837e-05,14.46901237657335,58.72207561985916,0.00012027359008789062,13.013740698712404
215,12,-8.836182103413613e-06,1.1414017176474303,51.832999992789766,0.00011574836187465217,9.593377716324662
216,01,-3.583592048936e-06,-1.2817189340899076,35.36421269791357,0.00038023888808424755,8.961908747665344
218,03,-1.2413017713795421e-05,-3.0697627356744577,49.8996438915832,0.0,12.901507511982352
219,04,-2.201332183204714e-05,-17.60772253417969,50.15108422283994,0.0,11.840950494820543
221,06,-3.476727682935032e-05,-20.254541469319665,56.16686724849277,0.0,20.78134989303483
222,07,-3.376502295814329e-05,-20.43258258581674,48.29218798171063,0.0,23.78260384443754
223,08,-3.064838395117496e-05,-15.397676236060358,39.11490551742816,0.0,26.16295267547331
224,09,-2.7053925191669103e-05,-10.968042353990342,40.873450344501606,0.0,19.439216820406912
226,11,-1.1372840429430654e-05,5.54297788119846,52.451002673839106,0.0,14.74272731684049
227,12,-9.893875752236308e-06,16.98351939342868,60.12797338394067,1.687051532089069e-05,13.047354222416878
229,02,-7.893391973560764e-06,12.879144769577753,54.623768248409036,3.740382904098147e-05,12.837736519389209
230,03,-1.582076560769428e-05,4.910139277304372,64.38913835901599,1.3940626575100807e-05,14.007189303759604
231,04,-2.2395207648413717e-05,-10.670934447903104,67.35853829729425,2.9785103268093537e-07,14.318035180071991
232,05,-3.182257207745645e-05,-20.036693252071256,51.31070372274871,0.0,18.25652126416596
233,06,-3.4082233544055876e-05,-13.138249787733287,60.09514157660935,0.0,23.464375189109646
236,09,-2.4247977624205914e-05,0.3736279635959201,55.41774919654528,0.0,23.421663728037153
237,10,-2.3367591303340108e-05,14.50471792602539,57.49670259841796,9.088093234646704e-07,17.60276400920909
238,11,-1.186565926222506e-05,4.6568576497395835,50.09492808050447,2.143026722802056e-06,11.023035687553882
239,12,-8.802920268002493e-06,22.454611907630838,51.308709990082264,0.00011667215695945164,12.303671738373337
240,01,-9.430198710966792e-06,24.63400003675235,61.44896206574927,0.00020755073460199501,12.195444267046069
241,02,-1.079772392194216e-05,13.779260249546594,59.85849182345754,0.0025613292994953337,10.259473174222878
242,03,-1.3397230129969535e-05,-0.9194605676794566,60.6708199271861,8.536538770121912e-08,13.508820564555867
243,04,-2.54553507465769e-05,-17.42901027967665,53.24983413987689,8.541558848487004e-06,13.930574816384583
245,06,-3.759346314859108e-05,-24.964019442409946,49.104056137108806,0.0,19.179021763939325
246,07,-3.775679561435789e-05,-20.12216363230059,34.70881050790896,0.0,24.06717719546313
248,09,-2.59650643648355e-05,-3.5717024329291456,50.26974016195536,0.0,25.80820150032573
249,10,-2.1588807777500546e-05,5.981483147405809,48.24640764357326,0.0,16.691097016297363
250,11,-1.3179962080519347e-05,12.654008286878799,52.50058610761298,2.0961513784196646e-05,13.172062302903335
251,12,-1.3700721242369786e-05,27.986750325848984,63.54783165261822,0.0004829321933049028,11.135898228195407
252,01,-6.553396535759588e-06,18.42038040095504,45.80448549491872,7.689163249026063e-06,11.324720192924623
253,02,-1.2230161100386137e-05,18.65321454909752,54.35344561065067,3.605513052008618e-05,11.535072371006011
255,04,-2.355722367422762e-05,-12.813957029554578,60.681698268123455,8.329312006632488e-07,14.799168964303863
256,05,-3.550879427684679e-05,-19.147158501081563,47.704144963514416,0.0,18.64379195670543
258,07,-3.168135436499142e-05,-21.668345875401656,51.88578506780696,0.0,22.884604032078098
259,08,-3.0941285219664524e-05,-19.063545700565466,39.65101154342005,0.0,23.377618400014857
260,09,-2.4486756719630248e-05,-2.020394458007812,56.817002186003,0.0,25.28914702420103
261,10,-2.1893689024856883e-05,11.235235126454343,57.40779917159772,0.0,19.02933904491702
262,11,-1.5146696185204038e-05,20.892512133110895,68.07071139411661,0.0,14.33508744482597
265,02,-9.421481274265325e-06,7.153048214503697,61.79020408172125,0.0006544472773869832,11.304749446694343
266,03,-1.3063552253355424e-05,-6.242824222359606,58.59238742218351,0.00027922883085025255,11.94844622561111
268,05,-3.372209000100225e-05,-25.790908090242777,45.58359570831253,0.0,16.882564342469298
269,06,-3.303585196628976e-05,-31.827683939954966,48.06642211600013,0.0,18.788384712798067
270,07,-3.6646507612448495e-05,-24.41304970722813,43.035889669943884,0.0,25.123447815056778
271,08,-3.349079792080317e-05,-13.273838911159066,49.470468634774605,0.0,26.95539833592728
272,09,-2.8629883362433853e-05,-3.361749937269423,60.89090815499625,0.0,20.705136747317844
276,01,-6.60295483731882e-06,23.604068570044735,51.65779350411636,0.00012535062912971744,12.109373243094772
277,02,-1.6342577849974034e-05,27.257544948032923,61.67323920420096,5.277034782228017e-06,11.585383370463337
278,03,-1.718439095667989e-05,-2.8514695644583754,52.573686629964456,1.5001514906524331e-06,11.607923356689431
279,04,-2.4829810814864887e-05,-14.182246478949653,49.20558492463959,0.0,12.332358963489533
280,05,-3.0134792006426703e-05,-17.31557953963741,52.31226475243542,0.0,17.86483551645279
282,07,-3.594073215623134e-05,-17.96138944137737,48.60045512300026,0.0,25.717054898814485
283,08,-3.0240783373966385e-05,-12.41071590333344,52.640142950275894,0.0,28.186662356700946
285,10,-2.2813934475604865e-05,5.003235001430717,55.25826176021304,0.0,15.544581788047665
286,11,-9.433203981300014e-06,10.082439758300783,57.335292302331666,0.0,14.819048055042161
287,12,-9.155090198257839e-06,-0.601292420089886,52.83887711868107,1.2510566301243278e-09,12.703119583929736
288,01,-7.996820467572737e-06,16.024269751435966,52.92226850532075,0.00044667841542151673,10.557260232224259
289,02,-9.213011075579354e-06,1.6289639434814458,40.65915042115535,0.000368756529830751,7.618574587362154
291,04,-2.383696288773839e-05,-17.2942943037245,47.44735419490735,1.5020370483398438e-08,11.80928153449032
292,05,-3.0977665722578726e-05,-19.48317038226384,57.695412786129985,0.0,17.237994223952292
293,06,-3.491794925367785e-05,-29.63445593295627,48.58540389312637,0.0,23.02299164098236
295,08,-3.1032737283929096e-05,-31.771135562691633,39.36124998163152,0.0,23.719839718063675
296,09,-2.437035215904568e-05,-12.497950702243381,40.21523504180775,0.0,18.67727894531356
297,10,-2.1305207502659715e-05,-2.352458050143333,49.86598729915773,1.9682761161558088e-06,12.834833942158248
298,11,-8.746191556262298e-06,13.336127873399521,55.471923015075255,0.0,15.444975968167515
300,01,-8.992702947169514e-06,20.66453995308825,64.87525535803712,0.0007110370653931812,11.204803152650916
301,02,-1.1818901434843997e-05,12.780648606925178,58.06078212638148,0.0004339445432027181,11.609675477981567
302,03,-1.5225630396960167e-05,1.0669384965794064,50.376974003080406,0.00020815543461871405,10.998717471243236
304,05,-2.847669872224737e-05,-31.81054322043798,50.857990436966695,0.0,15.359272943048065
305,06,-3.421590459786078e-05,-30.121984181382924,54.56608841220009,0.0,21.4024883570883
306,07,-3.5823426863228845e-05,-21.040274605699764,48.61712288511441,0.0,23.3933894850977
307,08,-3.442271008691844e-05,-10.630728795861687,53.4802156332962,0.0,26.830953647472523
308,09,-3.09724094837697e-05,1.3779368174235027,41.60773183429904,0.0,20.335168852259056
309,10,-1.9737982986943505e-05,10.8786054316695,45.96995730125903,0.0,17.218317307363275
310,11,-1.219442167142309e-05,8.63346869269477,52.650442458646836,3.3279392454359266e-07,13.982692417393787
311,12,-6.509792311736683e-06,12.651209838210898,41.13814304297201,0.000107577202140644,10.708026006760138
314,03,-1.2645556585016247e-05,2.2825399281491516,62.992716266741034,0.002058747031355417,13.200527901346966
315,04,-2.402455134354872e-05,-12.38321820203993,55.9102142579476,0.0,14.237437394865355
318,07,-3.409394384040644e-05,-23.561669685609886,47.80977541725482,0.0,25.305337204162793
319,08,-3.320200081173924e-05,-14.21000237282374,41.28222914207624,0.0,22.598466931248222
321,10,-1.7187334372416657e-05,10.538457600583316,41.694871458662455,0.0,20.637318765312116
322,11,-1.4535249143672345e-05,9.326381112670902,61.63253474075529,0.0005737135661972894,14.740219080596498
323,12,-9.12172876785682e-06,14.485518746324761,56.37181309181387,0.0003240881030277539,11.177854364097762
325,02,-8.8568046297561e-06,4.634872235616048,55.29220876641359,0.00010614823585464838,9.648650506130284
327,04,-2.37631702343909e-05,-18.782449027506512,53.65862876264652,0.0,12.557103431734772
330,07,-3.3670624993676266e-05,-35.11209074615151,34.7803111832411,0.0,25.163574650856756
331,08,-3.203818718891423e-05,-14.970106861073484,56.166526000266416,0.0,24.020286544034562
332,09,-2.4569920312832332e-05,-1.9050392035590278,48.50952039943403,0.0,25.35001326700052
333,10,-2.0357669840078775e-05,8.929626497002058,49.91160704086961,0.0,21.241959986229094
334,11,-1.6638314112929544e-05,21.698549422539603,51.20864173750348,6.023910310533312e-08,14.983468749819865
335,12,-1.1844671387852061e-05,21.158474252352146,51.61357204472506,1.2561005930746755e-06,13.297097678603667
336,01,-1.3167410284109127e-05,32.71415653975292,54.798027210791915,7.495572490076866e-08,13.106980731325766
337,02,-9.635896793779033e-06,12.227102448962983,62.05461917357218,0.00012729246417681375,12.45363125636322
338,03,-1.969343553138324e-05,2.858439688077537,50.951221448258686,8.514286369405767e-07,11.756546522871137
339,04,-2.5420359923575438e-05,-23.728481532796227,35.425640993569964,0.0,14.029402746246918
340,05,-3.1186685044343005e-05,-23.42358186127037,55.67473245647261,0.0,19.129142921575937
341,06,-3.458860908376663e-05,-19.802041976589628,51.81401281598541,0.0,24.706341961563957
345,10,-1.4836711174446523e-05,-1.5530790907336818,46.4751422240952,0.0,17.69225229575172
346,11,-1.4172945336880124e-05,15.984315191311307,55.0159122577058,8.570086956024171e-06,14.289930684622128
347,12,-9.103623443880553e-06,18.67049515623687,44.72693699303237,1.9495038576023557e-06,10.617689527364186
348,01,-9.98381483742544e-06,30.50790186531313,59.32570013750177,3.1635838170205394e-06,13.490079094302269
349,02,-9.733829621899499e-06,11.488472740085646,43.235250111784055,9.416011558181937e-06,9.918647395893075
350,03,-2.0140387961912898e-05,4.352542552004578,67.29393991330491,6.198341231192312e-05,11.024969367623331
352,05,-3.326288808405293e-05,-18.37616691179173,46.32872357566895,0.0,18.2019808564968
353,06,-3.476253857051133e-05,-32.52892781643338,47.80475471985869,0.0,20.658758763898746
354,07,-3.577182100015043e-05,-18.878891244211506,53.425692884929724,0.0,25.707979306942672
355,08,-3.3834556450724496e-05,-9.036356891591062,49.02626591384924,0.0,25.532705715393504
356,09,-2.5189189388381943e-05,-2.5223080678304033,46.95382839618127,0.0,19.755159920113613
357,10,-1.8222273044254205e-05,6.518695762716314,54.30898137165141,1.0895472700877858e-09,16.76005811733328
358,11,-1.2143508331428165e-05,12.723418456013999,55.05112889809742,0.00035360905991660223,14.737761704242228
359,12,-6.623100362498576e-06,8.910789440196046,51.189781416840454,3.1098793911677535e-05,10.188280075834642
360,01,-6.219402897665034e-06,13.638463789416898,56.756673166043,0.00026115813434764905,8.690243806926153
361,02,-6.55127283612057e-06,7.2258432279314295,62.426701213981424,5.497220584324428e-05,11.645883812596404
362,03,-1.4006747319585248e-05,0.15545269151913163,60.10794240493287,4.5311066412156626e-07,11.059879185275365
364,05,-3.152253704363203e-05,-24.89160391596312,50.72287625494953,0.0,17.44448770763798
365,06,-3.4585202314802804e-05,-32.20444840494791,47.13420631794532,0.0,18.887264902786413
366,07,-3.995988693131167e-05,-23.939954596078525,46.67216465320125,0.0,23.57777746359636
367,08,-3.326769469126164e-05,-18.63527480389995,42.41847231385144,0.0,24.330370817279302
368,09,-2.396435872586961e-05,-8.675344586181641,43.626415080409586,0.0,22.162491116016437
369,10,-1.8213049179844e-05,4.716025361748153,49.256211021474606,0.0,17.60658678425256
370,11,-1.3997967538165946e-05,28.005924584282763,63.3120259418408,7.164478302001954e-09,15.272984667379328
371,12,-8.896478755051119e-06,9.686923075029926,62.37685010996686,0.0033527605789963914,10.664877343126522
374,03,-1.4227020407356234e-05,-0.1344084672825314,56.345688745778084,1.3550689143519247e-05,10.645667281794292
375,04,-2.4690822054900404e-05,-20.66956467929416,50.227940069592,2.4727185567220055e-07,11.397826892315017
376,05,-2.827942739082006e-05,-27.387183430333288,51.416537502500645,0.0,14.071137885897391
378,07,-3.4407490462771055e-05,-31.11366353779454,49.13440625845617,0.0,27.35150430944914
379,08,-3.27152816781925e-05,-15.088779016966459,50.057286181364006,0.0,25.141525758176723
380,09,-2.3803562745282155e-05,-1.7829848341200085,47.799041656389505,0.0,21.12537328449091
381,10,-1.8914465963579488e-05,8.677334267236855,54.52403665949838,0.0,17.27257944951775
383,12,-7.738160395268594e-06,4.967533013128466,56.59717789244652,0.006288984498670025,8.428497275237117
384,01,-4.432973011169315e-06,15.641597058367989,49.85520389962581,0.000611914046349064,10.790953362373896
385,02,-7.274441715534998e-06,7.353929252261208,64.81677477946593,0.00014321758775483995,12.025972804131962
386,03,-1.235675504704564e-05,-6.3443144091534345,43.386579177287324,0.00019613219461133403,10.456544133351697
387,04,-2.5035789431644346e-05,-14.869033695136176,49.48712501599656,0.0,15.158912003555566
388,05,-3.0008848766624646e-05,-32.62149781881353,48.67582858574712,0.0,16.91407297216308
389,06,-3.4230032604055946e-05,-25.01744469502767,49.43961729888122,0.0,21.81825442208979
390,07,-3.7348723895911946e-05,-18.427609645064162,51.34294977803511,0.0,22.20925140021052
393,10,-1.916051529891168e-05,8.726722329416583,41.10612051369683,1.6692376905871977e-07,18.000692696975126
394,11,-8.12447487300637e-06,7.208228931681314,45.10324230610001,0.0,15.098697719383242
395,12,-1.2744765838047034e-05,29.389911852764826,62.27082245179138,8.855871231325211e-05,12.64775550762171
396,01,-9.557997748420493e-06,23.492998173539362,55.985124487241116,3.76804490243235e-05,11.476601598980604
397,02,-6.941694202459045e-06,2.77444112036694,54.92825397600388,0.0013561625960229456,10.29393062870804
398,03,-1.1845709033173812e-05,-9.130659757880753,42.53471919810516,5.560450656439668e-06,12.56907799679105
399,04,-2.412122515035865e-05,-15.116672309705946,65.52592149374486,0.0,12.959454562992518
400,05,-3.2719707248821014e-05,-19.41600187732328,54.71462800888861,0.0,19.47343097171732
401,06,-3.633841799156573e-05,-15.284035491265191,54.862410076340026,0.0,20.928866900479797
402,07,-3.9630504535585143e-05,-18.105863085346844,55.33667580591222,0.0,23.770940406066114
403,08,-3.664081436780238e-05,-14.530181596981583,48.63167088847007,0.0,25.032045431551115
404,09,-2.780254297756781e-05,-4.337274759928387,47.643611919113,0.0,20.29766017638975
405,10,-1.749340033099435e-05,6.576196681525118,62.883388684188155,1.6571373067876343e-08,19.45141905994441
407,12,-8.270612005098982e-06,23.135962751162953,68.44660146777348,0.0004308112231633996,12.410677929641098
408,01,-7.079607454118081e-06,9.77005108642578,59.36599973937003,0.0024007742763847433,10.500852505586481
410,03,-1.6003138249269338e-05,-14.11737674147083,62.83003596656937,0.00018706004465779953,8.8088545557581
411,04,-2.0434202846445263e-05,-16.983018215264217,45.651346360141694,0.0,11.91540409259134
413,06,-3.319209287441886e-05,-26.815010833062065,45.349666944320994,0.0,20.551190380279227
414,07,-3.405638901301333e-05,-27.630988150319745,40.32137145659744,0.0,24.74629142739055
416,09,-2.475842662511746e-05,-8.054260448540582,49.65095689521101,0.0,21.14314986570544
417,10,-1.765674730958508e-05,13.677036990258001,51.31546706972713,0.0,19.146578139390993
418,11,-1.2026654228591521e-05,13.685960133870443,60.59634180396663,8.762069013383654e-05,14.24176825358338
419,12,-9.44601224512954e-06,28.97793200421077,55.46996279250422,5.1136837210706475e-05,12.755031762801186
420,01,-8.580053124215514e-06,22.96357862870411,63.49304372530727,1.0653635506988855e-05,12.548642675956094
421,02,-1.1990748406116751e-05,26.598223410470148,61.15281964255657,1.0926482223329089e-06,11.46738722245466
422,03,-1.6731313326227373e-05,-1.3453218475669946,47.843510205716214,6.519722682173533e-08,11.066952292218005
423,04,-2.3883861623916246e-05,-16.521862002224392,58.86005653639768,0.0,16.86577033540408
424,05,-3.2321809314922687e-05,-17.350711201329386,63.11191008513332,5.8457146408737335e-06,17.91922860039819
425,06,-3.645346474101341e-05,-28.120134918891054,43.231891095406475,0.0,19.652886832084917
426,07,-3.570791800838603e-05,-18.498887496784167,52.862582088247414,0.0,27.574913323899757
430,11,-1.0089955154782932e-05,6.784489759657117,59.376273723493675,3.112157185872396e-08,16.452237505469057
431,12,-1.0581146033268115e-05,22.95546643394552,54.273882943514856,0.0004054831791949528,12.032215354372097
432,01,-9.2527426375611e-06,26.340960131573418,62.63006211892765,0.00016244323407450028,11.101973199181659
433,02,-8.153189459681882e-06,8.31590086110433,48.93550452213628,9.767446773392813e-05,9.554675642374013
434,03,-1.5915630637317265e-05,-1.6360386480515998,44.90566300547765,2.4049384619600027e-06,10.268197295402967
435,04,-2.4346638547669703e-05,-22.934988667466907,50.17846367060873,9.625487857394749e-09,11.4696420110782
438,07,-3.7615658574522775e-05,-25.170489753641114,45.05531850020347,0.0,24.844298535511058
439,08,-3.326061218056918e-05,-12.586229408838417,52.3345120203854,0.0,27.893779480126597
440,09,-2.5603061031688413e-05,-1.6679924726698132,46.654843129608366,0.0,19.359477819336785
442,11,-1.4898132296588707e-05,27.46974549831814,55.57987919455502,4.5776367187500004e-09,17.272885030308036
443,12,-8.385574634596725e-06,33.275967709449034,59.292129598577816,0.0,16.484773507957822
444,01,-9.004527324929857e-06,20.359526514525058,60.00615774854665,9.698816525038853e-05,12.302332713373247
445,02,-1.2519085415486441e-05,14.879537966322628,54.698993667597065,1.52496250196435e-05,10.2782587918509
446,03,-1.4810545610421827e-05,-5.396197126162949,59.004922374092125,3.62938924502301e-05,10.437647663715065
450,07,-3.758493633006676e-05,-22.269790681900524,47.74635748879372,0.0,25.57397250136893
451,08,-3.3272750999810424e-05,-17.014684508621052,43.397001161080546,0.0,24.996205532712324
452,09,-2.4645985519115736e-05,-7.889081433783638,37.34792189491059,0.0,24.11319072261387
453,10,-1.526362983537594e-05,-3.798430909843855,48.34944315867911,0.0,17.225026653107776
454,11,-1.1750765303218536e-05,10.89123139716254,54.5964946256227,3.956906927956475e-05,13.316576630128754
455,12,-4.447676278540448e-06,15.633635981405934,42.93341399640295,3.86891185596425e-06,13.01997802054626
456,01,-6.416161365773257e-06,12.223324068787278,48.97643718384928,0.00022398640519829207,9.654886861660149
457,02,-8.18821650381367e-06,12.903916228158135,62.959067062718525,0.00023337035661651976,12.805091260918546
458,03,-1.5800369091061108e-05,2.527072602630943,59.88884960889175,0.0,13.275623237716257
460,05,-2.9667726341906155e-05,-25.198657173730993,56.839670298081565,0.0,20.08667393688617
461,06,-3.566179110415154e-05,-31.36642959594727,52.944568701901716,0.0,24.920626615144148
463,08,-3.333480648354688e-05,-12.395997953681537,44.035043613662005,0.0,24.6443350070715
464,09,-2.5415033401845397e-05,-5.530321179199219,52.86381167994076,0.0,21.336988494233296
465,10,-2.0550294828412475e-05,15.281469091599986,50.30405073937036,0.0,21.25215219498321
466,11,-1.2597567349661808e-05,15.910226154920792,53.90823562632401,3.65040037367079e-07,13.703532370326256
468,01,-8.493993727101315e-06,23.796599253992884,55.116003269850566,1.641540501707344e-05,11.85726924298784
469,02,-1.1806723732206594e-05,-2.6082788761683875,46.30087924139698,9.837871222268968e-05,7.208972067391589
470,03,-1.3339704251535219e-05,-6.768148279333628,63.03257818707726,0.00012620726580260901,11.490985864388046
472,05,-3.631899526441482e-05,-17.44638056798135,47.40056218499266,0.0,19.263493356326578
473,06,-3.447691067930363e-05,-33.33076165534125,39.74884000571834,0.0,22.747421039063397
475,08,-3.324744642680256e-05,-25.59706884437479,43.61733073811633,0.0,25.458101015994625
476,09,-2.7110998255941223e-05,-4.088550005425346,48.59134079140956,0.0,22.0211015687267
477,10,-1.717439320385384e-05,2.0582064438686585,44.893768001867876,1.104806956424508e-05,19.248132997887105
478,11,-1.049799736220949e-05,11.533768935139973,58.11769115721252,4.4242540995279946e-07,14.188456836369303
479,12,-7.425197422547768e-06,21.47761040308142,53.53903508252609,5.2109628595331655e-05,13.385659862127355
480,01,-8.170035396257738e-06,18.813249751593478,61.34680531404607,0.0003725200532585062,10.371796175769582
481,02,-8.232899953890454e-06,13.675333238874163,51.283400613031226,6.108944188980828e-05,11.63011999922565
483,04,-2.786484313502215e-05,-15.88577495863173,41.53150874974462,0.0,12.17203074105051
484,05,-2.8741963674400066e-05,-37.081440074305384,54.09692304540707,0.0,16.092180326128517
485,06,-3.9525050331051005e-05,-23.208365014648436,47.86380608810849,0.0,23.5430796470099
486,07,-3.625940142692049e-05,-31.74150496025496,48.734570516079984,0.0,25.33940084237309
487,08,-3.404563471354698e-05,-17.337182702177312,41.57153246440298,0.0,24.424641755612946
488,09,-2.6543087166161665e-05,-4.24653964674208,45.73786681658825,0.0,22.349180271658632
489,10,-1.8569231195137014e-05,10.235854191605762,54.45598049366731,0.0,19.84700183868793
491,12,-8.260583359534854e-06,25.078029959073632,56.60606037604423,0.0,13.37290997615809
492,01,-6.012859741277161e-06,22.106840989635838,48.67357203781476,1.4043623401272683e-08,13.501913585694883
493,02,-1.5386156723984276e-05,31.748662168305497,64.97568837541958,1.7729275528041798e-05,12.667990640856756
494,03,-1.9840231885472768e-05,-1.8349693298339842,46.56073982853019,0.0,10.753236534503198
495,04,-2.7043378228700023e-05,-24.0670989525689,35.17819720014996,0.0,11.874213944729169
496,05,-2.995519203009721e-05,-45.04488896819084,46.51938461271666,0.0,15.459495272367233
497,06,-3.546342912159163e-05,-30.903872137790252,54.092656515480414,0.0,22.70657669124338
498,07,-3.552329937512147e-05,-24.55973527871409,49.31133174363516,0.0,24.6124194765155
499,08,-3.48960954878191e-05,-17.491402352609946,46.845165995435046,0.0,28.500981259279346
501,10,-1.848353834580477e-05,14.114419966174706,59.132486595437086,0.0,18.9628441576868
503,12,-6.893300624729055e-06,15.732371215492165,60.65007041392917,1.2867758350987586e-06,13.366138016835336
504,01,-7.860778656987515e-06,14.34612370152627,66.80461903254064,3.849816578690723e-05,10.656338111351893
505,02,-9.005972841740524e-06,9.622026147751583,54.51137783175566,0.0020311918883096605,12.087850346680197
506,03,-1.5948935392546162e-05,-0.9029574194467195,53.47545231677126,8.298632919147451e-08,10.827575914138107
507,04,-2.588563685021654e-05,-27.98602328389486,47.86236142485672,1.457011964586046e-05,9.781603732807106
508,05,-3.230829694098981e-05,-22.4746828918457,60.26473778712485,0.0,15.16792012552164
509,06,-3.7502937650666964e-05,-26.38411481492784,47.88007799596918,0.0,25.49175883189704
510,07,-3.6336240956178925e-05,-19.074829963273896,48.14752719921964,0.0,26.729435961833566
511,08,-3.444879628501263e-05,-12.903870650096605,45.419211714576655,0.0,24.521988378733717
512,09,-2.3354238802332672e-05,-7.743464881388346,41.71682162190013,0.0,23.398362704971102
513,10,-1.864643046111826e-05,14.62936670381279,46.729617401201246,0.0,18.430376787841958
