,month,MER,MSSHF,RH,ENSO,sst
0,01,-7.186377549426466e-06,5.464709561255669,62.6901256937955,0.47,-208.19241
1,02,-7.399999772068052e-06,2.729709174746558,52.295623941567676,0.26,-252.66318
2,03,-1.408509512223264e-05,7.08405715679866,62.090667984242096,-0.08,-260.97763
6,07,-3.0671342559486147e-05,-22.637875941122733,53.00265082314577,-0.14,208.2785
7,08,-2.8487004876296853e-05,-12.56110269165039,50.14281140049425,0.44,299.93387
8,09,-2.3132900744369383e-05,-4.023202255249023,42.3501046719922,0.38,270.37012
10,11,-1.1569333000928361e-05,13.890767045423724,49.679388139549886,0.52,13.914761
11,12,-1.207531024335357e-05,24.691616260159407,64.98245628347064,0.65,-112.39821
12,01,-5.795284385228985e-06,8.867661568262244,49.01821534482766,0.35,-208.64963
13,02,-7.359469057738698e-06,6.865867059466484,53.581606617508264,0.19,-261.3005
15,04,-2.282624180893941e-05,-17.872287172783746,48.97103869282801,0.59,-221.31143
16,05,-2.9285246377967465e-05,-30.998830406271004,47.47244699586335,0.55,-113.084305
17,06,-3.014735746900341e-05,-26.066622504679362,62.37913317463399,0.62,51.96441
18,07,-3.1905643976779664e-05,-14.025872309859079,48.67037434149174,0.62,210.663
21,10,-2.1172643707369163e-05,7.590982919672484,58.4636376896443,0.09,138.59308
22,11,-1.4279194747299093e-05,14.235161112806532,54.54851769668525,-0.03,2.7866526
23,12,-7.873070872231058e-06,26.063403682913826,61.380955716897084,-0.06,-121.55142
24,01,-7.860688640385075e-06,20.899533713063885,47.875411116570554,-0.33,-214.0469
25,02,-8.991757432514056e-06,2.888394768487839,50.11619150138895,-0.24,-258.68268
27,04,-2.2320882245185202e-05,-19.334173597547743,50.02077896680037,0.41,-211.2984
28,05,-3.0310256707952082e-05,-17.47440350473055,59.34436809112436,-0.27,-101.1824
29,06,-3.0904296795920855e-05,-15.787571440294057,51.69619375912348,-0.6,57.91873
30,07,-3.173775886429094e-05,-20.80200322239373,49.75860673643311,-0.51,212.43118
31,08,-2.8741253340065727e-05,-19.03508228654759,42.77699926753197,-0.31,306.97247
32,09,-2.269007780640903e-05,-3.5648343312581385,46.85175361700852,-0.01,276.16153
33,10,-2.174942796122078e-05,9.781940688922843,60.93410625634399,-0.1,159.38324
34,11,-1.4328458308167076e-05,19.586548003133142,54.57233108670976,-0.22,13.832191
35,12,-7.687594037497059e-06,8.885675470167591,67.75924336626196,-0.16,-114.93738
38,03,-1.6001877676116956e-05,1.792558938959594,55.95160838729334,-0.28,-258.76917
39,04,-2.3437909088230905e-05,-21.874123499891493,46.11000325809585,-0.34,-214.28703
45,10,-1.6551261839878706e-05,3.491510892150223,54.79260846710333,1.93,142.95952
48,01,-1.1369238679367056e-05,31.70380508160335,51.86229076744793,2.57,-218.379
49,02,-1.1685804688698098e-05,2.732715975443522,46.129101684696614,2.74,-268.2113
50,03,-1.3839232150540515e-05,-0.5926843497983868,57.115805566785156,2.68,-274.51254
51,04,-2.090864053300013e-05,-10.60586452026367,65.75529212030038,2.79,-225.99402
52,05,-2.6606813441591635e-05,-11.409518621957432,66.050863289825,2.89,-108.170525
55,08,-2.6941880611302234e-05,-27.08358682743196,31.77761535606461,-0.11,291.5198
58,11,-9.367185011372688e-06,10.117007967122396,41.05919099200301,-0.43,12.779085
59,12,-8.522425015388596e-06,21.808005747805364,57.410435429080856,-0.43,-119.74629
60,01,-1.1848107099418698e-05,28.771229348787696,56.9102486772409,-0.5,-217.6861
61,02,-9.682757584759485e-06,6.4267875001403105,47.08914505602986,-0.52,-267.56076
62,03,-1.3818876191033916e-05,-6.2181760956138685,56.610379949503034,-0.11,-272.35443
63,04,-2.3066575134180317e-05,-21.124448284233942,53.13685258980724,0.09,-225.42648
64,05,-2.301351515928619e-05,-21.276121071107926,61.30564291210714,-0.47,-104.74094
65,06,-3.0384449369921637e-05,-25.249517172580298,53.14751710217263,-0.72,54.046967
67,08,-2.8069958612225798e-05,-17.017802792784988,42.472240740586344,-0.15,307.12195
68,09,-2.2138291550658728e-05,-0.809648367987739,66.94727416271104,-0.11,272.02762
69,10,-1.5594664512004833e-05,12.420039781796033,52.5519555827328,-0.15,149.6526
70,11,-1.2000811908506469e-05,17.20852971835666,62.11537896577253,-0.58,6.2635393
71,12,-7.343828446024142e-06,12.754345215500043,59.86620702467682,-0.31,-118.010544
72,01,-6.201572312694294e-06,7.789162023728894,59.71689801232405,-0.25,-219.29016
74,03,-1.1304150707112197e-05,-2.56875498781922,68.34861116093205,-0.6,-270.01453
75,04,-2.3272295822324753e-05,-10.486857863362628,59.37646033687326,-0.76,-221.55594
76,05,-2.800802443084893e-05,-16.149492612120927,55.7763452255995,-1.22,-111.594864
77,06,-3.090711121482552e-05,-17.990251360066733,61.34983533646531,-0.57,45.75077
78,07,-3.447742918110781e-05,-15.274860501197074,50.75858460182529,-0.02,197.73369
79,08,-3.3271033724499884e-05,-4.3656862228557625,49.79625837316948,-0.37,290.85388
81,10,-1.5745955748394817e-05,1.4800897167574978,41.847355274659336,-0.04,152.20535
82,11,-1.5779393952086846e-05,2.730464919026692,53.6031213278585,0.0,12.816667
83,12,-6.748697063030508e-06,22.216181771555252,62.92255071562849,-0.34,-119.882034
84,01,-1.0488508364736625e-05,25.802121266682942,67.17732922877546,-0.36,-213.7244
85,02,-9.105866422227595e-06,-15.737989101954868,41.279925076501705,-0.3,-266.16068
86,03,-1.09558865346488e-05,2.199697240357758,53.96111336709735,-0.39,-274.1621
88,05,-3.1224375424332516e-05,-18.680161248648037,54.14751819698144,-0.18,-106.44397
89,06,-3.5890827366468634e-05,-24.274000357055662,43.53411597645681,0.12,45.23718
90,07,-3.000731417455182e-05,-30.125119514383297,48.19723509739805,0.56,194.47969
94,11,-1.2770530823662637e-05,20.62896745435927,57.76803370095226,0.65,7.9802966
95,12,-1.128779906788603e-05,28.043287035542146,58.52688881322774,1.06,-121.556076
96,01,-8.849628261046861e-06,-8.473066081057311,52.03738375666833,0.98,-217.79306
97,02,-5.771432554432804e-06,6.824847212655203,67.52644709656069,1.08,-267.529
98,03,-1.3287096029671374e-05,-5.803373095440609,55.151999684815046,1.47,-274.23816
99,04,-2.2575659647211267e-05,-11.442104777696397,52.015024873095086,1.66,-229.7031
100,05,-2.791426425801057e-05,-28.103053294192083,60.924986691195485,1.91,-117.85339
101,06,-2.8837502824555686e-05,-20.989433822292757,61.5306473079814,2.02,35.468292
102,07,-3.379324687933062e-05,-20.07741719498173,55.40260847481861,1.92,188.72623
103,08,-3.0242934917310693e-05,-13.572054321945357,50.633880177582476,1.48,276.84802
104,09,-2.5696148892024614e-05,-3.969099077690972,51.22118268649578,1.23,253.30618
105,10,-1.9746457593286597e-05,13.28605210072507,59.41998880579267,1.13,141.44234
106,11,-1.2423982501220758e-05,8.69252590874566,58.77474638277293,0.85,5.1521745
108,01,-9.400724827868036e-06,23.76198229324177,64.8158600401199,0.59,-213.48799
109,02,-1.553154618433063e-05,17.196350676788683,61.10995617006565,0.31,-267.07025
110,03,-1.4791143874625109e-05,4.141464673442225,71.63935923557511,0.19,-269.9209
112,05,-3.182606770285695e-05,-15.882362545546664,52.83810746537357,-0.36,-102.04381
113,06,-2.7714982728361462e-05,-28.63852083367242,47.29024293223089,-1.19,55.079544
114,07,-3.385038605679304e-05,-9.511822006717805,59.07058047961163,-1.77,213.11761
115,08,-3.211179117533902e-05,-13.866469908683532,47.473473327189375,-1.79,300.56433
116,09,-2.5435363158006416e-05,2.907980506727431,49.177534459747214,-1.77,265.54797
117,10,-1.6347254436593455e-05,7.273599919801116,47.520342997120274,-1.54,152.80841
119,12,-7.866494279115095e-06,20.208327730240367,52.71666673100892,-1.49,-116.84539
120,01,-5.490775168401608e-06,12.580168148245866,46.32122026583841,-1.09,-208.4
123,04,-2.3728384267512105e-05,-15.711892689005532,62.36782957411343,-1.09,-203.47815
125,06,-3.3498540398290464e-05,-35.047065074327264,55.710710440916486,-1.02,62.873302
126,07,-3.3625666249610085e-05,-27.510599928661055,42.19065745926929,-1.12,221.86917
127,08,-3.0036708770112647e-05,-17.0266568734774,43.458151734339296,-0.73,316.74252
128,09,-2.1827326350689368e-05,-6.781363076782227,44.02462579022247,-0.61,284.6281
129,10,-1.9913688146604526e-05,14.103063629806684,48.60193847477949,-0.56,158.35542
130,11,-1.311930024130561e-05,7.912713109334308,43.72629240063826,-0.33,20.072456
131,12,-7.719866410816296e-06,20.033501539989185,45.286219627095804,-0.02,-107.88202
132,01,-9.708490018202875e-06,23.531725362798216,54.619796854420386,0.12,-199.33954
133,02,-1.709957590030951e-05,31.83555304718018,59.52337883048256,0.43,-248.58192
135,04,-2.7999317039636173e-05,-19.276666238742408,46.732171709169286,0.17,-203.8228
136,05,-3.125298669270236e-05,-34.3688931694441,36.06377147361027,0.03,-92.92201
137,06,-3.068480971400681e-05,-23.63770078192817,52.16888050745726,0.04,63.030094
139,08,-2.897321149455781e-05,-28.290339532667595,47.590817581110095,0.06,317.41565
140,09,-2.7407515947157255e-05,-3.6402964202880854,48.108384553693405,0.21,294.66818
141,10,-1.8407037761653066e-05,10.48773665069252,49.92561818830045,-0.06,177.18895
142,11,-1.0645134954231454e-05,8.876481322224937,54.38112868225972,0.12,37.076355
143,12,-1.0178729378000547e-05,19.264495642221096,49.02194799312469,0.28,-95.7467
144,01,-9.804670876438911e-06,24.167181801416536,38.86062395377826,0.16,-188.78246
146,03,-1.2629808311264428e-05,-0.5304674036169569,53.76618897918476,0.21,-247.56728
147,04,-2.5889148811054637e-05,-18.50936585184733,50.20018549894757,0.21,-197.9603
149,06,-2.987989489524302e-05,-20.686577268473304,57.62339900992447,0.89,65.03971
150,07,-3.606362330103894e-05,-12.26554677852508,46.37869990175771,0.88,217.65186
151,08,-2.9805839779475068e-05,-22.79464663072811,38.70661156831249,0.42,305.9934
152,09,-2.1833397036001162e-05,-8.548686426798504,39.4321560544822,0.62,275.24957
153,10,-2.004618059737534e-05,2.17344532234438,45.307421456006274,1.09,164.37943
154,11,-1.4646135411648073e-05,14.444811823866104,60.08639300202131,1.17,25.539165
156,01,-5.988280283046514e-06,9.900324605634134,41.55076964045469,1.7,-201.50757
161,06,-3.339920427913765e-05,-25.873405965508358,43.36981476617124,1.58,59.057198
162,07,-3.3542465003026134e-05,-26.574038988010855,46.61348771423679,0.76,199.45782
163,08,-3.290884278264643e-05,-13.404264240552024,52.83446418771308,0.08,290.06445
165,10,-1.9484351597922247e-05,1.9587082073252686,58.379234332862715,0.81,145.77386
166,11,-1.321692710625939e-05,23.694389510769323,50.96693710040848,0.73,6.70149
167,12,-8.425528942156701e-06,11.411874493342573,45.69198678764476,0.78,-116.23349
169,02,-8.449411843078754e-06,-1.1622854381742926,41.2482318814184,0.93,-251.21806
170,03,-1.4966802825774622e-05,-6.011914413616221,42.24266758934657,0.78,-258.66052
171,04,-2.191761210872048e-05,-4.539731902737087,59.59964808656376,0.98,-213.40416
172,05,-3.0932743489659034e-05,-26.541132331437964,51.168041845343446,1.48,-101.21659
173,06,-3.281592492067931e-05,-24.277929318237305,46.836056776909025,1.5,53.7841
174,07,-3.3366269429406925e-05,-23.52127023184171,53.23872095220833,0.91,200.65936
176,09,-2.2725771390226628e-05,-2.4448908416748045,57.50485973500145,0.64,264.96036
177,10,-1.798888249350155e-05,2.3637267239478326,43.9463890340828,0.95,148.85718
179,12,-9.250304196792702e-06,31.236705364924607,64.63241229699248,0.26,-117.14882
180,01,-8.814763398506955e-06,28.086010490499522,59.814965074129006,0.02,-207.88809
181,02,-9.681430163471391e-06,-2.9269207930791947,54.97462990093799,-0.17,-252.05858
182,03,-1.5868986940443404e-05,12.424105568506382,56.25959003628518,-0.21,-255.87216
183,04,-2.4481364455176743e-05,-15.54007357143826,53.21672202842236,0.03,-204.18518
185,06,-3.390126228795352e-05,-22.424498955281575,49.86442946763436,0.25,63.74576
186,07,-3.466171150601792e-05,-32.442688338413035,36.16844127948567,0.88,229.01999
187,08,-3.527003988845888e-05,-15.806742182249662,41.714041907468136,0.84,325.10657
188,09,-2.649383951805552e-05,-2.2674784339057075,50.77799905458556,1.06,293.04205
189,10,-1.8016295581522476e-05,4.47270425086893,52.33998963107474,1.47,178.99847
190,11,-8.92097842036795e-06,12.752254605102538,55.27824593100681,0.99,29.84261
193,02,-1.271823695051786e-05,20.178666164579848,60.9734689490412,0.48,-252.82309
194,03,-2.219248033328259e-05,-0.5256330294045062,56.57506640008187,0.14,-257.53827
196,05,-3.3250014936618425e-05,-29.631465932538433,52.844916530618114,0.16,-97.66649
197,06,-3.44918315846169e-05,-24.446217814466692,49.08188772321145,-0.0,59.496227
198,07,-3.591561413959817e-05,-25.92438248894804,39.340810654867084,-0.25,216.73433
200,09,-2.6222378082234683e-05,-4.395296908230251,54.09243484116659,-0.86,278.97467
201,10,-1.4566836962311297e-05,5.514771194293934,41.310020164710224,-0.65,164.11859
203,12,-8.991161045966975e-06,-5.598886509064706,48.51484771922968,-0.82,-104.38147
204,01,-7.460320452180465e-06,-0.4728464959257379,45.67560021059616,-0.83,-204.21771
205,02,-7.544903639281147e-06,5.38362545916678,55.18347650017959,-0.81,-257.12494
206,03,-1.2827322511164368e-05,-10.990242480862525,51.72073062135199,-0.64,-261.89578
207,04,-2.0502408365953464e-05,-21.604367342122394,58.54018084150156,-0.69,-209.87616
211,08,-2.9903093116464793e-05,-15.358725825155936,42.33743624172287,-0.6,317.4497
212,09,-2.534073391895315e-05,-7.00570699428982,43.673043699496326,-0.26,284.2387
213,10,-1.7171301486478214e-05,8.106230379494288,51.02844809201841,-0.31,159.03009
214,11,-1.4551765714713837e-05,14.46901237657335,58.72207561985916,-0.3,14.94925
215,12,-8.836182103413613e-06,1.1414017176474303,51.832999992789766,-0.45,-109.04254
216,01,-3.583592048936e-06,-1.2817189340899076,35.36421269791357,-0.66,-198.88667
217,02,-9.97768289436776e-06,28.48145621345157,61.04910012837534,-0.72,-244.41011
218,03,-1.2413017713795421e-05,-3.0697627356744577,49.8996438915832,-0.29,-251.2668
219,04,-2.201332183204714e-05,-17.60772253417969,50.15108422283994,0.17,-202.27386
220,05,-3.085946982284968e-05,-22.07697987414944,55.658551038389554,0.68,-88.83764
222,07,-3.376502295814329e-05,-20.43258258581674,48.29218798171063,2.11,225.76639
223,08,-3.064838395117496e-05,-15.397676236060358,39.11490551742816,2.2,310.58606
225,10,-2.0736059433235615e-05,1.8364669255082322,46.07108195983722,2.01,156.1565
226,11,-1.1372840429430654e-05,5.54297788119846,52.451002673839106,2.06,10.309412
228,01,-1.1099072907757458e-05,24.386054642872143,54.87726956107148,2.23,-212.4809
229,02,-7.893391973560764e-06,12.879144769577753,54.623768248409036,2.43,-261.074
230,03,-1.582076560769428e-05,4.910139277304372,64.38913835901599,2.27,-262.40445
231,04,-2.2395207648413717e-05,-10.670934447903104,67.35853829729425,2.55,-206.16327
232,05,-3.182257207745645e-05,-20.036693252071256,51.31070372274871,2.26,-87.199005
233,06,-3.4082233544055876e-05,-13.138249787733287,60.09514157660935,0.37,75.096466
234,07,-3.6390916169732936e-05,-13.917790471887077,46.5719772114318,-1.42,238.42152
235,08,-3.4686337675251e-05,-19.754633603331865,40.27667498864153,-1.74,327.9251
236,09,-2.4247977624205914e-05,0.3736279635959201,55.41774919654528,-1.31,287.71942
237,10,-2.3367591303340108e-05,14.50471792602539,57.49670259841796,-1.21,174.30025
238,11,-1.186565926222506e-05,4.6568576497395835,50.09492808050447,-1.3,29.579521
239,12,-8.802920268002493e-06,22.454611907630838,51.308709990082264,-1.25,-103.403076
240,01,-9.430198710966792e-06,24.63400003675235,61.44896206574927,-1.26,-193.89478
241,02,-1.079772392194216e-05,13.779260249546594,59.85849182345754,-1.18,-244.74284
242,03,-1.3397230129969535e-05,-0.9194605676794566,60.6708199271861,-1.11,-250.67984
243,04,-2.54553507465769e-05,-17.42901027967665,53.24983413987689,-1.17,-201.95067
244,05,-3.422614240797327e-05,-20.88572949317194,50.723297991629586,-1.36,-86.48912
245,06,-3.759346314859108e-05,-24.964019442409946,49.104056137108806,-1.26,72.94147
246,07,-3.775679561435789e-05,-20.12216363230059,34.70881050790896,-1.19,227.858
247,08,-3.318467006672979e-05,-13.657699137697938,45.50563225292391,-1.07,323.48242
248,09,-2.59650643648355e-05,-3.5717024329291456,50.26974016195536,-1.17,295.3205
250,11,-1.3179962080519347e-05,12.654008286878799,52.50058610761298,-1.33,27.663925
251,12,-1.3700721242369786e-05,27.986750325848984,63.54783165261822,-1.43,-102.9977
252,01,-6.553396535759588e-06,18.42038040095504,45.80448549491872,-1.26,-195.0459
253,02,-1.2230161100386137e-05,18.65321454909752,54.35344561065067,-1.27,-251.27438
254,03,-1.4517082142339604e-05,-0.5979741453765541,58.83941007500695,-1.36,-254.42393
255,04,-2.355722367422762e-05,-12.813957029554578,60.681698268123455,-0.93,-202.6662
256,05,-3.550879427684679e-05,-19.147158501081563,47.704144963514416,-0.97,-80.19176
257,06,-3.750390542944741e-05,-27.016546727159287,42.780413097916714,-1.14,77.97609
258,07,-3.168135436499142e-05,-21.668345875401656,51.88578506780696,-0.58,235.79817
259,08,-3.0941285219664524e-05,-19.063545700565466,39.65101154342005,-0.08,327.40936
262,11,-1.5146696185204038e-05,20.892512133110895,68.07071139411661,-0.91,24.632626
263,12,-1.1904006665214989e-05,20.81303864280127,63.79751548051194,-0.8,-108.54205
265,02,-9.421481274265325e-06,7.153048214503697,61.79020408172125,-0.87,-251.8808
266,03,-1.3063552253355424e-05,-6.242824222359606,58.59238742218351,-0.79,-258.39554
267,04,-2.4765318735565716e-05,-15.737299090576174,60.65160554169682,-0.61,-208.7922
268,05,-3.372209000100225e-05,-25.790908090242777,45.58359570831253,-0.58,-93.173874
269,06,-3.303585196628976e-05,-31.827683939954966,48.06642211600013,-0.71,73.224014
271,08,-3.349079792080317e-05,-13.273838911159066,49.470468634774605,0.34,324.03537
272,09,-2.8629883362433853e-05,-3.361749937269423,60.89090815499625,-0.07,291.33975
273,10,-1.872843477780094e-05,15.499699002173642,52.0420637966638,-0.25,174.56891
274,11,-1.4045017091525046e-05,9.019137569173179,50.75557469189433,-0.32,31.969112
275,12,-9.904081011676856e-06,14.487402564920403,52.82181985401466,0.02,-101.26219
277,02,-1.6342577849974034e-05,27.257544948032923,61.67323920420096,-0.26,-246.96606
278,03,-1.718439095667989e-05,-2.8514695644583754,52.573686629964456,-0.2,-254.72162
279,04,-2.4829810814864887e-05,-14.182246478949653,49.20558492463959,-0.36,-201.27797
280,05,-3.0134792006426703e-05,-17.31557953963741,52.31226475243542,-0.1,-82.616104
281,06,-3.5836119472898846e-05,-20.466573669433593,50.7506326838851,0.4,68.53282
282,07,-3.594073215623134e-05,-17.96138944137737,48.60045512300026,0.42,221.20639
283,08,-3.0240783373966385e-05,-12.41071590333344,52.640142950275894,0.97,313.41156
284,09,-2.726855740998468e-05,-6.606480073716904,41.46046437310777,0.84,287.1065
285,10,-2.2813934475604865e-05,5.003235001430717,55.25826176021304,0.79,169.80444
286,11,-9.433203981300014e-06,10.082439758300783,57.335292302331666,0.76,17.26315
287,12,-9.155090198257839e-06,-0.601292420089886,52.83887711868107,0.86,-115.28959
288,01,-7.996820467572737e-06,16.024269751435966,52.92226850532075,0.8,-215.43787
290,03,-1.4304734281419465e-05,-4.024482163624097,45.80751552796749,0.53,-264.34286
291,04,-2.383696288773839e-05,-17.2942943037245,47.44735419490735,-0.08,-213.43304
292,05,-3.0977665722578726e-05,-19.48317038226384,57.695412786129985,-0.57,-87.69663
293,06,-3.491794925367785e-05,-29.63445593295627,48.58540389312637,-0.07,71.17699
294,07,-3.637924248004731e-05,-25.786057973554062,44.12265574810709,0.01,231.5635
295,08,-3.1032737283929096e-05,-31.771135562691633,39.36124998163152,0.01,325.19025
298,11,-8.746191556262298e-06,13.336127873399521,55.471923015075255,0.29,32.27262
299,12,-8.986315398414586e-06,16.75842543636855,56.42778465677845,0.1,-105.22511
300,01,-8.992702947169514e-06,20.66453995308825,64.87525535803712,0.16,-196.08635
301,02,-1.1818901434843997e-05,12.780648606925178,58.06078212638148,-0.04,-250.40964
302,03,-1.5225630396960167e-05,1.0669384965794064,50.376974003080406,-0.44,-251.12154
303,04,-2.4217375733618005e-05,-11.611916856553819,59.49211039767795,-0.23,-198.13647
304,05,-2.847669872224737e-05,-31.81054322043798,50.857990436966695,-0.44,-81.60897
305,06,-3.421590459786078e-05,-30.121984181382924,54.56608841220009,-0.34,78.7633
306,07,-3.5823426863228845e-05,-21.040274605699764,48.61712288511441,0.43,239.09927
307,08,-3.442271008691844e-05,-10.630728795861687,53.4802156332962,0.74,329.36737
308,09,-3.09724094837697e-05,1.3779368174235027,41.60773183429904,0.54,292.42465
309,10,-1.9737982986943505e-05,10.8786054316695,45.96995730125903,0.34,180.43393
310,11,-1.219442167142309e-05,8.63346869269477,52.650442458646836,0.51,36.764458
311,12,-6.509792311736683e-06,12.651209838210898,41.13814304297201,0.51,-97.03931
313,02,-1.0796667724878803e-05,1.9850640389578682,54.967533898224424,0.61,-243.1067
316,05,-3.3327865934669755e-05,-23.83920729967343,52.369123788558014,0.18,-82.08454
317,06,-3.715115132452208e-05,-30.632264646063906,50.84424858076307,0.2,82.4153
318,07,-3.409394384040644e-05,-23.561669685609886,47.80977541725482,-0.02,245.84819
320,09,-2.545146969718593e-05,-6.704652192857532,39.75358392157654,-0.05,310.87714
321,10,-1.7187334372416657e-05,10.538457600583316,41.694871458662455,-0.71,189.44016
322,11,-1.4535249143672345e-05,9.326381112670902,61.63253474075529,-0.75,42.237694
324,01,-6.5253165958961526e-06,7.280853728591756,43.42763289413273,-0.68,-202.17015
325,02,-8.8568046297561e-06,4.634872235616048,55.29220876641359,-0.5,-255.64241
326,03,-1.3873502668170125e-05,-4.782673361173239,59.930227692120816,-0.61,-259.65714
327,04,-2.37631702343909e-05,-18.782449027506512,53.65862876264652,-0.84,-206.01543
329,06,-3.4785863751151034e-05,-27.11431088460287,44.96967633606062,-0.23,73.36194
330,07,-3.3670624993676266e-05,-35.11209074615151,34.7803111832411,0.11,234.68076
331,08,-3.203818718891423e-05,-14.970106861073484,56.166526000266416,0.56,335.69986
332,09,-2.4569920312832332e-05,-1.9050392035590278,48.50952039943403,0.63,300.88177
333,10,-2.0357669840078775e-05,8.929626497002058,49.91160704086961,0.68,182.17906
334,11,-1.6638314112929544e-05,21.698549422539603,51.20864173750348,0.9,40.647675
335,12,-1.1844671387852061e-05,21.158474252352146,51.61357204472506,0.59,-97.73801
336,01,-1.3167410284109127e-05,32.71415653975292,54.798027210791915,0.62,-193.9159
338,03,-1.969343553138324e-05,2.858439688077537,50.951221448258686,-0.22,-250.278
340,05,-3.1186685044343005e-05,-23.42358186127037,55.67473245647261,-0.44,-91.02432
342,07,-4.0491175616739144e-05,-14.380545316962786,51.51913973191349,-0.77,223.19057
343,08,-3.430768915528969e-05,-11.902402343421853,46.669440629773256,-0.93,320.48737
344,09,-2.677926907070085e-05,-2.246240928141275,48.58724766878287,-1.1,299.4083
345,10,-1.4836711174446523e-05,-1.5530790907336818,46.4751422240952,-1.14,183.24722
347,12,-9.103623443880553e-06,18.67049515623687,44.72693699303237,-1.22,-96.7605
348,01,-9.98381483742544e-06,30.50790186531313,59.32570013750177,-1.08,-194.12854
349,02,-9.733829621899499e-06,11.488472740085646,43.235250111784055,-1.27,-243.2883
350,03,-2.0140387961912898e-05,4.352542552004578,67.29393991330491,-1.54,-249.64546
351,04,-2.446588194630345e-05,-15.287676639472116,50.48518859204715,-1.13,-196.89175
352,05,-3.326288808405293e-05,-18.37616691179173,46.32872357566895,-0.98,-82.42602
354,07,-3.577182100015043e-05,-18.878891244211506,53.425692884929724,-0.87,247.39487
355,08,-3.3834556450724496e-05,-9.036356891591062,49.02626591384924,-1.08,331.37082
356,09,-2.5189189388381943e-05,-2.5223080678304033,46.95382839618127,-1.07,298.90088
358,11,-1.2143508331428165e-05,12.723418456013999,55.05112889809742,-1.05,32.83126
360,01,-6.219402897665034e-06,13.638463789416898,56.756673166043,-1.01,-197.93243
361,02,-6.55127283612057e-06,7.2258432279314295,62.426701213981424,-0.85,-248.87318
362,03,-1.4006747319585248e-05,0.15545269151913163,60.10794240493287,-0.94,-252.63776
363,04,-2.2896213735516033e-05,-13.763160278998479,44.90089633327524,-0.81,-200.98807
364,05,-3.152253704363203e-05,-24.89160391596312,50.72287625494953,-0.72,-85.59848
365,06,-3.4585202314802804e-05,-32.20444840494791,47.13420631794532,-0.06,79.708
367,08,-3.326769469126164e-05,-18.63527480389995,42.41847231385144,0.52,326.03494
368,09,-2.396435872586961e-05,-8.675344586181641,43.626415080409586,0.39,283.7331
369,10,-1.8213049179844e-05,4.716025361748153,49.256211021474606,0.56,171.4538
371,12,-8.896478755051119e-06,9.686923075029926,62.37685010996686,0.96,-109.29511
372,01,-6.091251291421628e-06,2.9262350808420488,60.36061479552843,0.93,-204.52061
373,02,-7.65345504045659e-06,5.717629487900508,61.53230691539674,1.28,-255.06519
374,03,-1.4227020407356234e-05,-0.1344084672825314,56.345688745778084,1.31,-261.1908
375,04,-2.4690822054900404e-05,-20.66956467929416,50.227940069592,0.49,-209.89548
376,05,-2.827942739082006e-05,-27.387183430333288,51.416537502500645,-0.17,-92.72591
377,06,-3.182083758476639e-05,-35.711798379855686,43.71565713060168,-1.33,76.1121
378,07,-3.4407490462771055e-05,-31.11366353779454,49.13440625845617,-2.43,250.11377
380,09,-2.3803562745282155e-05,-1.7829848341200085,47.799041656389505,-2.28,306.78607
381,10,-1.8914465963579488e-05,8.677334267236855,54.52403665949838,-2.18,174.03172
382,11,-1.1904203317903414e-05,4.708053307088217,64.34552551558414,-2.04,28.05862
386,03,-1.235675504704564e-05,-6.3443144091534345,43.386579177287324,-1.79,-257.96753
387,04,-2.5035789431644346e-05,-14.869033695136176,49.48712501599656,-1.74,-208.27408
388,05,-3.0008848766624646e-05,-32.62149781881353,48.67582858574712,-1.29,-86.49231
389,06,-3.4230032604055946e-05,-25.01744469502767,49.43961729888122,-1.08,76.159355
390,07,-3.7348723895911946e-05,-18.427609645064162,51.34294977803511,-0.86,242.37659
391,08,-3.274760770019843e-05,-10.64563058373236,50.85391145080519,-0.88,332.58875
392,09,-2.5484862159343414e-05,2.648160398695204,48.54894579696125,-1.16,299.12146
393,10,-1.916051529891168e-05,8.726722329416583,41.10612051369683,-1.37,175.28687
395,12,-1.2744765838047034e-05,29.389911852764826,62.27082245179138,-1.24,-97.8645
396,01,-9.557997748420493e-06,23.492998173539362,55.985124487241116,-1.08,-192.65656
397,02,-6.941694202459045e-06,2.77444112036694,54.92825397600388,-0.67,-250.2034
399,04,-2.412122515035865e-05,-15.116672309705946,65.52592149374486,-0.43,-198.37015
400,05,-3.2719707248821014e-05,-19.41600187732328,54.71462800888861,-0.35,-69.23311
401,06,-3.633841799156573e-05,-15.284035491265191,54.862410076340026,-0.28,82.04649
402,07,-3.9630504535585143e-05,-18.105863085346844,55.33667580591222,0.3,246.64339
403,08,-3.664081436780238e-05,-14.530181596981583,48.63167088847007,-0.06,341.59692
404,09,-2.780254297756781e-05,-4.337274759928387,47.643611919113,-0.32,308.31073
405,10,-1.749340033099435e-05,6.576196681525118,62.883388684188155,-0.22,184.49695
408,01,-7.079607454118081e-06,9.77005108642578,59.36599973937003,-0.05,-202.27861
409,02,-9.82560560788399e-06,1.2790957768758144,54.799641565576906,-0.07,-257.80276
410,03,-1.6003138249269338e-05,-14.11737674147083,62.83003596656937,-0.14,-262.41553
412,05,-2.7662325821888435e-05,-23.158452428017892,56.92952051083376,-0.71,-79.62172
413,06,-3.319209287441886e-05,-26.815010833062065,45.349666944320994,-1.18,86.593475
414,07,-3.405638901301333e-05,-27.630988150319745,40.32137145659744,-0.85,257.2909
415,08,-3.2683108437937644e-05,-17.84199171037572,39.46305893081491,-0.5,346.88135
416,09,-2.475842662511746e-05,-8.054260448540582,49.65095689521101,-0.38,306.03708
417,10,-1.765674730958508e-05,13.677036990258001,51.31546706972713,-0.16,177.99017
418,11,-1.2026654228591521e-05,13.685960133870443,60.59634180396663,-0.18,32.301567
419,12,-9.44601224512954e-06,28.97793200421077,55.46996279250422,-0.35,-101.89343
422,03,-1.6731313326227373e-05,-1.3453218475669946,47.843510205716214,-0.08,-257.60077
423,04,-2.3883861623916246e-05,-16.521862002224392,58.86005653639768,-0.16,-201.64586
424,05,-3.2321809314922687e-05,-17.350711201329386,63.11191008513332,-0.18,-81.345825
426,07,-3.570791800838603e-05,-18.498887496784167,52.862582088247414,0.32,254.25201
427,08,-3.5946427165531874e-05,-15.756697428713563,51.75170243226714,0.16,350.73715
428,09,-2.0748739615697153e-05,-9.244409510294595,35.08465283191469,-0.15,317.61053
429,10,-1.6616273676728237e-05,8.951883064844276,46.06859467966968,0.07,183.57257
430,11,-1.0089955154782932e-05,6.784489759657117,59.376273723493675,0.34,30.146683
431,12,-1.0581146033268115e-05,22.95546643394552,54.273882943514856,0.34,-101.90207
432,01,-9.2527426375611e-06,26.340960131573418,62.63006211892765,0.23,-198.65518
433,02,-8.153189459681882e-06,8.31590086110433,48.93550452213628,0.05,-248.87633
435,04,-2.4346638547669703e-05,-22.934988667466907,50.17846367060873,0.35,-201.7431
436,05,-3.070366395367009e-05,-25.76910455847299,53.73915812349191,0.96,-74.61556
437,06,-3.477750818122634e-05,-31.860220404391814,46.7203716229452,1.85,88.22113
439,08,-3.326061218056918e-05,-12.586229408838417,52.3345120203854,1.92,340.3607
440,09,-2.5603061031688413e-05,-1.6679924726698132,46.654843129608366,2.21,304.64325
441,10,-1.3186316454061119e-05,-1.463842040031187,51.45971762442205,2.11,181.04567
442,11,-1.4898132296588707e-05,27.46974549831814,55.57987919455502,1.88,36.10015
443,12,-8.385574634596725e-06,33.275967709449034,59.292129598577816,1.9,-95.958115
444,01,-9.004527324929857e-06,20.359526514525058,60.00615774854665,1.94,-199.54457
445,02,-1.2519085415486441e-05,14.879537966322628,54.698993667597065,1.81,-252.7396
446,03,-1.4810545610421827e-05,-5.396197126162949,59.004922374092125,1.31,-257.89548
448,05,-3.16294027814815e-05,-19.310568396455505,50.32535560724812,1.26,-76.01302
449,06,-3.356170396635004e-05,-23.02242342732747,60.87640379265148,0.36,89.7604
450,07,-3.758493633006676e-05,-22.269790681900524,47.74635748879372,-0.51,254.94553
451,08,-3.3272750999810424e-05,-17.014684508621052,43.397001161080546,-0.28,345.487
452,09,-2.4645985519115736e-05,-7.889081433783638,37.34792189491059,-0.34,307.81427
453,10,-1.526362983537594e-05,-3.798430909843855,48.34944315867911,-0.6,179.43695
454,11,-1.1750765303218536e-05,10.89123139716254,54.5964946256227,-0.51,32.170223
455,12,-4.447676278540448e-06,15.633635981405934,42.93341399640295,-0.34,-97.226105
456,01,-6.416161365773257e-06,12.223324068787278,48.97643718384928,-0.41,-193.699
457,02,-8.18821650381367e-06,12.903916228158135,62.959067062718525,-0.41,-247.66324
458,03,-1.5800369091061108e-05,2.527072602630943,59.88884960889175,-0.58,-253.84985
459,04,-2.5679135762624757e-05,-26.331729773288306,46.84454056873057,-0.21,-201.58496
460,05,-2.9667726341906155e-05,-25.198657173730993,56.839670298081565,0.17,-87.74594
461,06,-3.566179110415154e-05,-31.36642959594727,52.944568701901716,-0.29,72.94382
462,07,-3.888270218750779e-05,-23.176640851420746,56.14024401203919,-0.7,245.41565
464,09,-2.5415033401845397e-05,-5.530321179199219,52.86381167994076,-0.8,306.5324
465,10,-2.0550294828412475e-05,15.281469091599986,50.30405073937036,-0.63,189.3675
466,11,-1.2597567349661808e-05,15.910226154920792,53.90823562632401,-0.63,47.877663
467,12,-7.748080553331723e-06,20.40142875687794,63.311030514205655,-0.73,-79.90947
469,02,-1.1806723732206594e-05,-2.6082788761683875,46.30087924139698,-0.7,-232.2143
470,03,-1.3339704251535219e-05,-6.768148279333628,63.03257818707726,-0.79,-238.40134
471,04,-2.4140652476206825e-05,-8.481860700141059,60.03202422682047,-1.29,-192.66782
472,05,-3.631899526441482e-05,-17.44638056798135,47.40056218499266,-0.91,-70.752975
473,06,-3.447691067930363e-05,-33.33076165534125,39.74884000571834,-0.51,80.65458
474,07,-3.4126774513620195e-05,-44.31138712696363,36.16823902212164,-0.17,238.54324
475,08,-3.324744642680256e-05,-25.59706884437479,43.61733073811633,0.36,334.323
476,09,-2.7110998255941223e-05,-4.088550005425346,48.59134079140956,0.52,311.45685
477,10,-1.717439320385384e-05,2.0582064438686585,44.893768001867876,0.41,194.32726
478,11,-1.049799736220949e-05,11.533768935139973,58.11769115721252,0.26,48.003555
479,12,-7.425197422547768e-06,21.47761040308142,53.53903508252609,0.13,-92.90535
480,01,-8.170035396257738e-06,18.813249751593478,61.34680531404607,0.08,-191.74594
481,02,-8.232899953890454e-06,13.675333238874163,51.283400613031226,0.52,-241.72304
482,03,-1.7898125718357898e-05,7.876527682396675,54.192069970153995,0.77,-245.81708
483,04,-2.786484313502215e-05,-15.88577495863173,41.53150874974462,0.33,-197.17241
484,05,-2.8741963674400066e-05,-37.081440074305384,54.09692304540707,0.26,-80.30214
485,06,-3.9525050331051005e-05,-23.208365014648436,47.86380608810849,0.35,85.21831
486,07,-3.625940142692049e-05,-31.74150496025496,48.734570516079984,0.24,249.7704
487,08,-3.404563471354698e-05,-17.337182702177312,41.57153246440298,0.3,349.274
488,09,-2.6543087166161665e-05,-4.24653964674208,45.73786681658825,0.15,316.56873
491,12,-8.260583359534854e-06,25.078029959073632,56.60606037604423,0.41,-89.67371
492,01,-6.012859741277161e-06,22.106840989635838,48.67357203781476,0.29,-183.46356
493,02,-1.5386156723984276e-05,31.748662168305497,64.97568837541958,0.3,-232.33209
495,04,-2.7043378228700023e-05,-24.0670989525689,35.17819720014996,-0.11,-183.14948
496,05,-2.995519203009721e-05,-45.04488896819084,46.51938461271666,-0.24,-72.434105
498,07,-3.552329937512147e-05,-24.55973527871409,49.31133174363516,-1.0,257.34482
500,09,-2.4679065476549213e-05,-6.537764871215822,41.4254565234277,-1.19,327.6957
502,11,-1.0186800306089735e-05,15.631692754109702,47.969248177954896,-1.15,64.49934
503,12,-6.893300624729055e-06,15.732371215492165,60.65007041392917,-1.16,-74.52368
504,01,-7.860778656987515e-06,14.34612370152627,66.80461903254064,-1.2,-178.6571
505,02,-9.005972841740524e-06,9.622026147751583,54.51137783175566,-0.95,-227.82294
506,03,-1.5948935392546162e-05,-0.9029574194467195,53.47545231677126,-0.79,-234.35536
507,04,-2.588563685021654e-05,-27.98602328389486,47.86236142485672,-0.96,-181.10446
509,06,-3.7502937650666964e-05,-26.38411481492784,47.88007799596918,-1.11,96.06951
511,08,-3.444879628501263e-05,-12.903870650096605,45.419211714576655,-1.34,349.18878
512,09,-2.3354238802332672e-05,-7.743464881388346,41.71682162190013,-1.41,323.31244
513,10,-1.864643046111826e-05,14.62936670381279,46.729617401201246,-1.47,198.84311
514,11,-1.0072340758698473e-05,9.36498726196289,49.88987413275507,-1.4,54.271378
