,month,MER,MSSHF,RH,TCC,tp
1,02,-7.399999772068052e-06,2.729709174746558,52.295623941567676,0.8322987442470734,62.58125376701355
2,03,-1.408509512223264e-05,7.08405715679866,62.090667984242096,0.7213765135734314,107.00708317756653
3,04,-2.191347909663616e-05,-15.59233038906521,62.41300571294825,0.7183522930145264,65.13916850090027
4,05,-2.839083756912113e-05,-16.16055940262989,64.02205650719006,0.6820745509978263,98.91896796226501
6,07,-3.0671342559486147e-05,-22.637875941122733,53.00265082314577,0.6923592846778133,36.31914162635803
7,08,-2.8487004876296853e-05,-12.56110269165039,50.14281140049425,0.6369957595332977,84.36125612258911
8,09,-2.3132900744369383e-05,-4.023202255249023,42.3501046719922,0.6538724135504828,43.01969242095947
9,10,-1.6345863611966567e-05,2.642213581372333,56.92965585534547,0.7263572831512779,56.921231508255005
10,11,-1.1569333000928361e-05,13.890767045423724,49.679388139549886,0.7361187914530437,76.8632504940033
11,12,-1.207531024335357e-05,24.691616260159407,64.98245628347064,0.8025561436478809,131.76934385299683
12,01,-5.795284385228985e-06,8.867661568262244,49.01821534482766,0.7199518989645025,58.65590763092041
13,02,-7.359469057738698e-06,6.865867059466484,53.581606617508264,0.797145370790328,60.54261493682861
14,03,-1.4070489600584629e-05,-6.186828353717764,55.02083505403355,0.837744382468603,70.78502440452576
15,04,-2.282624180893941e-05,-17.872287172783746,48.97103869282801,0.5745583197275798,41.5899133682251
16,05,-2.9285246377967465e-05,-30.998830406271004,47.47244699586335,0.5115912202814574,23.549720764160156
17,06,-3.014735746900341e-05,-26.066622504679362,62.37913317463399,0.7134443809085422,87.7898542881012
18,07,-3.1905643976779664e-05,-14.025872309859079,48.67037434149174,0.7010493204260383,142.42091464996338
20,09,-2.365392635981859e-05,-3.0327022542317708,42.946886476458445,0.653931602774726,42.64728355407715
21,10,-2.1172643707369163e-05,7.590982919672484,58.4636376896443,0.7753540998069188,107.7690110206604
23,12,-7.873070872231058e-06,26.063403682913826,61.380955716897084,0.7685965811616633,73.57332229614258
24,01,-7.860688640385075e-06,20.899533713063885,47.875411116570554,0.746810458316598,93.3958797454834
25,02,-8.991757432514056e-06,2.888394768487839,50.11619150138895,0.7581164837337676,42.9824595451355
26,03,-1.2076194787720939e-05,11.89821663673975,73.37905685201383,0.8891850105203607,133.0828936100006
28,05,-3.0310256707952082e-05,-17.47440350473055,59.34436809112436,0.6752075911491151,102.75372743606567
29,06,-3.0904296795920855e-05,-15.787571440294057,51.69619375912348,0.7999754805246988,69.78700375556946
32,09,-2.269007780640903e-05,-3.5648343312581385,46.85175361700852,0.6221041914621989,61.64737391471863
34,11,-1.4328458308167076e-05,19.586548003133142,54.57233108670976,0.7831729083591039,79.1025390625
35,12,-7.687594037497059e-06,8.885675470167591,67.75924336626196,0.8372953305808447,63.80108118057251
36,01,-5.276928763964617e-06,11.574925520045783,58.01885871766587,0.6630252150668892,43.573694705963135
38,03,-1.6001877676116956e-05,1.792558938959594,55.95160838729334,0.6297853519890898,72.00946402549744
39,04,-2.3437909088230905e-05,-21.874123499891493,46.11000325809585,0.6042834651523166,35.43097186088562
40,05,-2.9170486620455693e-05,-20.4214844770534,47.92201473479629,0.5381072768344675,53.242250204086304
41,06,-3.17826830204164e-05,-27.949367026435006,48.16991035015053,0.6107106636047364,93.72558498382568
43,08,-3.1963929242763654e-05,-15.790871219429917,46.55304641459066,0.6299341235417194,88.86780834197998
44,09,-2.1331834113273846e-05,-6.238656323920356,43.43915766518911,0.6479369944254556,59.11188769340515
46,11,-1.519573135911843e-05,20.401449884033198,56.70156626680825,0.757184676700168,70.76487922668457
47,12,-1.0313162028783104e-05,17.753608460457098,55.75187243828721,0.7608326711347028,83.42955470085144
48,01,-1.1369238679367056e-05,31.70380508160335,51.86229076744793,0.7840179075425671,104.55150389671326
51,04,-2.090864053300013e-05,-10.60586452026367,65.75529212030038,0.742861790678236,105.42021083831787
53,06,-3.6603149109497395e-05,-25.008415187242296,46.266101067479454,0.5639335038079155,40.00491166114807
54,07,-3.282222612492611e-05,-33.091220865229126,44.1499227373741,0.5684433198744251,22.25583553314209
55,08,-2.6941880611302234e-05,-27.08358682743196,31.77761535606461,0.4750448487804782,31.294189929962158
56,09,-2.725831751290065e-05,0.9693071214463977,44.86737590899468,0.705576475101047,117.23978233337402
57,10,-2.1395454446465794e-05,12.186390243366201,47.91972020449689,0.7011912768374208,59.156498670578
58,11,-9.367185011372688e-06,10.117007967122396,41.05919099200301,0.6633599039289689,59.34060025215149
59,12,-8.522425015388596e-06,21.808005747805364,57.410435429080856,0.7373599862129457,63.89762902259827
60,01,-1.1848107099418698e-05,28.771229348787696,56.9102486772409,0.7091302516896237,127.76513147354126
63,04,-2.3066575134180317e-05,-21.124448284233942,53.13685258980724,0.5456292518191869,21.789991855621338
64,05,-2.301351515928619e-05,-21.276121071107926,61.30564291210714,0.8077163047380344,106.87018704414368
65,06,-3.0384449369921637e-05,-25.249517172580298,53.14751710217263,0.6465512983110214,54.762237310409546
66,07,-3.052118788760435e-05,-16.333257173927887,51.58020934386151,0.7022927988934261,95.44521999359131
67,08,-2.8069958612225798e-05,-17.017802792784988,42.472240740586344,0.4993924576133809,27.303098917007446
68,09,-2.2138291550658728e-05,-0.809648367987739,66.94727416271104,0.8249710806952584,147.5589587688446
69,10,-1.5594664512004833e-05,12.420039781796033,52.5519555827328,0.7500587646730484,95.18328905105591
70,11,-1.2000811908506469e-05,17.20852971835666,62.11537896577253,0.7200436461130779,78.44082713127136
71,12,-7.343828446024142e-06,12.754345215500043,59.86620702467682,0.7815233377846338,57.75411510467529
72,01,-6.201572312694294e-06,7.789162023728894,59.71689801232405,0.7623330554757067,62.144726276397705
73,02,-7.646551471441942e-06,-7.170963860648018,49.17462651499538,0.6680685249964396,9.736912250518799
74,03,-1.1304150707112197e-05,-2.56875498781922,68.34861116093205,0.8015634798439599,66.12149095535278
75,04,-2.3272295822324753e-05,-10.486857863362628,59.37646033687326,0.7217336557176378,78.5594162940979
76,05,-2.800802443084893e-05,-16.149492612120927,55.7763452255995,0.6990246018440494,63.01261830329895
77,06,-3.090711121482552e-05,-17.990251360066733,61.34983533646531,0.6643057591756185,126.5044174194336
78,07,-3.447742918110781e-05,-15.274860501197074,50.75858460182529,0.6424117790960497,100.84526371955872
79,08,-3.3271033724499884e-05,-4.3656862228557625,49.79625837316948,0.6493248435810047,104.17502427101135
81,10,-1.5745955748394817e-05,1.4800897167574978,41.847355274659336,0.6145378556200252,36.53095197677612
82,11,-1.5779393952086846e-05,2.730464919026692,53.6031213278585,0.7467017175886366,73.80068945884705
86,03,-1.09558865346488e-05,2.199697240357758,53.96111336709735,0.6894126181243568,80.05486178398132
87,04,-1.9242588071877733e-05,-14.953707265557181,61.57429541588492,0.7479030370076497,64.68825125694275
88,05,-3.1224375424332516e-05,-18.680161248648037,54.14751819698144,0.5674221288209321,49.02557110786438
89,06,-3.5890827366468634e-05,-24.274000357055662,43.53411597645681,0.5244118612077501,56.932453870773315
90,07,-3.000731417455182e-05,-30.125119514383297,48.19723509739805,0.6702686336066134,53.75952363014221
91,08,-3.1366839325049225e-05,-20.726613564768147,49.22354232249208,0.686836864348381,85.93903732299805
92,09,-2.1116000810717296e-05,-5.870355172729491,52.886519872754164,0.7167194254557292,48.16365933418274
93,10,-1.7202233669146365e-05,6.4104873591597356,48.62927366667281,0.714295039597378,94.80732774734497
94,11,-1.2770530823662637e-05,20.62896745435927,57.76803370095226,0.7851363912794326,84.64354729652405
95,12,-1.128779906788603e-05,28.043287035542146,58.52688881322774,0.7719007456789735,125.43024492263794
96,01,-8.849628261046861e-06,-8.473066081057311,52.03738375666833,0.7138544017422582,40.21212434768677
97,02,-5.771432554432804e-06,6.824847212655203,67.52644709656069,0.8714824445361185,35.931448459625244
98,03,-1.3287096029671374e-05,-5.803373095440609,55.151999684815046,0.6475759961938345,77.72802114486694
99,04,-2.2575659647211267e-05,-11.442104777696397,52.015024873095086,0.6293081595102947,33.60578918457031
100,05,-2.791426425801057e-05,-28.103053294192083,60.924986691195485,0.7078949788411459,69.35014915466309
101,06,-2.8837502824555686e-05,-20.989433822292757,61.5306473079814,0.7672273565504287,96.28858280181885
103,08,-3.0242934917310693e-05,-13.572054321945357,50.633880177582476,0.7321427008105863,87.18918299674988
104,09,-2.5696148892024614e-05,-3.969099077690972,51.22118268649578,0.696313075680203,66.9906599521637
105,10,-1.9746457593286597e-05,13.28605210072507,59.41998880579267,0.7515758675606018,102.30783081054688
106,11,-1.2423982501220758e-05,8.69252590874566,58.77474638277293,0.8495418824089899,110.22080183029175
108,01,-9.400724827868036e-06,23.76198229324177,64.8158600401199,0.8154185586744739,138.66146302223206
109,02,-1.553154618433063e-05,17.196350676788683,61.10995617006565,0.7344264186552201,87.70584869384766
110,03,-1.4791143874625109e-05,4.141464673442225,71.63935923557511,0.8021229802613616,114.518559217453
111,04,-2.4692344382775542e-05,-22.74501348402235,55.09817502149212,0.6086693189409044,27.742077589035034
112,05,-3.182606770285695e-05,-15.882362545546664,52.83810746537357,0.6065327840825564,71.89129495620728
114,07,-3.385038605679304e-05,-9.511822006717805,59.07058047961163,0.7664063766233383,151.79068851470947
115,08,-3.211179117533902e-05,-13.866469908683532,47.473473327189375,0.6423366078612625,72.62528491020203
116,09,-2.5435363158006416e-05,2.907980506727431,49.177534459747214,0.6917857957204183,99.14269590377808
117,10,-1.6347254436593455e-05,7.273599919801116,47.520342997120274,0.740862602603051,79.42021083831787
118,11,-1.0307503538792339e-05,7.8851572241889105,46.36847800110711,0.7081493649376763,43.99460577964783
119,12,-7.866494279115095e-06,20.208327730240367,52.71666673100892,0.8517327044907436,61.15853786468506
121,02,-1.1993180484209699e-05,15.243881237211681,52.799659086113884,0.6851143281573341,59.8443021774292
124,05,-3.2913617601255e-05,-32.404015432706444,43.15242019264416,0.41460931174985816,14.875389337539673
125,06,-3.3498540398290464e-05,-35.047065074327264,55.710710440916486,0.5851120146009657,67.16671657562256
127,08,-3.0036708770112647e-05,-17.0266568734774,43.458151734339296,0.6336386088709678,58.18086361885071
128,09,-2.1827326350689368e-05,-6.781363076782227,44.02462579022247,0.6201116107092963,52.75948238372803
129,10,-1.9913688146604526e-05,14.103063629806684,48.60193847477949,0.7060558088159049,78.90591788291931
130,11,-1.311930024130561e-05,7.912713109334308,43.72629240063826,0.5709897992451987,36.57659721374512
132,01,-9.708490018202875e-06,23.531725362798216,54.619796854420386,0.8431987389185095,62.73529887199402
133,02,-1.709957590030951e-05,31.83555304718018,59.52337883048256,0.6681059597560336,96.37451434135437
134,03,-1.7018775953137494e-05,2.372058311872584,47.98838851665681,0.6078018044502504,25.981262683868408
135,04,-2.7999317039636173e-05,-19.276666238742408,46.732171709169286,0.4856501743316651,64.46329927444458
136,05,-3.125298669270236e-05,-34.3688931694441,36.06377147361027,0.4253419031943044,35.43364858627319
137,06,-3.068480971400681e-05,-23.63770078192817,52.16888050745726,0.7518713474273683,81.75433492660522
139,08,-2.897321149455781e-05,-28.290339532667595,47.590817581110095,0.5299162357699487,43.99504566192627
142,11,-1.0645134954231454e-05,8.876481322224937,54.38112868225972,0.7074830526563856,88.05533337593079
143,12,-1.0178729378000547e-05,19.264495642221096,49.02194799312469,0.741313444240119,71.35911726951599
146,03,-1.2629808311264428e-05,-0.5304674036169569,53.76618897918476,0.6779174129937285,29.050020217895508
147,04,-2.5889148811054637e-05,-18.50936585184733,50.20018549894757,0.5432910179562039,46.967238903045654
148,05,-2.5811937759284265e-05,-33.066711107479634,47.67298183366304,0.6777907446994578,35.415016651153564
150,07,-3.606362330103894e-05,-12.26554677852508,46.37869990175771,0.6136622345216813,86.47331523895264
151,08,-2.9805839779475068e-05,-22.79464663072811,38.70661156831249,0.5833647762011457,22.764347553253174
153,10,-2.004618059737534e-05,2.17344532234438,45.307421456006274,0.6938537020939652,48.3614456653595
155,12,-7.654158530845394e-06,17.942148733159545,42.031411531264894,0.6701996401715022,44.35604405403137
156,01,-5.988280283046514e-06,9.900324605634134,41.55076964045469,0.7391515630906629,40.05626130104065
157,02,-7.568776633878318e-06,10.513905402874128,42.596786469010105,0.6980748454126818,32.84419345855713
161,06,-3.339920427913765e-05,-25.873405965508358,43.36981476617124,0.5821381435394287,52.09975528717041
162,07,-3.3542465003026134e-05,-26.574038988010855,46.61348771423679,0.5979461164987215,62.71932125091553
163,08,-3.290884278264643e-05,-13.404264240552024,52.83446418771308,0.6783674054709815,128.27770042419434
165,10,-1.9484351597922247e-05,1.9587082073252686,58.379234332862715,0.6918505046393281,99.88054394721985
166,11,-1.321692710625939e-05,23.694389510769323,50.96693710040848,0.754426333618164,114.02044343948364
169,02,-8.449411843078754e-06,-1.1622854381742926,41.2482318814184,0.7323262315023513,24.723291158676147
170,03,-1.4966802825774622e-05,-6.011914413616221,42.24266758934657,0.5090522961360152,13.214776277542114
171,04,-2.191761210872048e-05,-4.539731902737087,59.59964808656376,0.6899678468916153,50.1136200428009
172,05,-3.0932743489659034e-05,-26.541132331437964,51.168041845343446,0.5782415237426759,72.61612272262573
173,06,-3.281592492067931e-05,-24.277929318237305,46.836056776909025,0.6491131579928928,49.03701114654541
174,07,-3.3366269429406925e-05,-23.52127023184171,53.23872095220833,0.646910205923101,138.4921417236328
175,08,-3.234485571499712e-05,-11.285276480397874,49.79429166342623,0.65965662880354,65.69953942298889
176,09,-2.2725771390226628e-05,-2.4448908416748045,57.50485973500145,0.8023041222466362,149.34324550628662
178,11,-1.1587640056374466e-05,-1.8295716874864363,52.225245416957804,0.6554577938927545,62.847052574157715
180,01,-8.814763398506955e-06,28.086010490499522,59.814965074129006,0.7457029264716692,85.40289497375488
181,02,-9.681430163471391e-06,-2.9269207930791947,54.97462990093799,0.6523898104713076,36.50040102005005
182,03,-1.5868986940443404e-05,12.424105568506382,56.25959003628518,0.7475124271761985,94.18527913093567
183,04,-2.4481364455176743e-05,-15.54007357143826,53.21672202842236,0.6873039249420165,85.7735435962677
184,05,-2.8615912740195944e-05,-19.306992470361852,50.8592781971834,0.7416989493011147,59.618553161621094
185,06,-3.390126228795352e-05,-22.424498955281575,49.86442946763436,0.6148267804887558,51.52622365951538
186,07,-3.466171150601792e-05,-32.442688338413035,36.16844127948567,0.471899675594863,21.875284671783447
187,08,-3.527003988845888e-05,-15.806742182249662,41.714041907468136,0.6527889345640778,89.98871898651123
188,09,-2.649383951805552e-05,-2.2674784339057075,50.77799905458556,0.743529254659017,147.07339644432068
189,10,-1.8016295581522476e-05,4.47270425086893,52.33998963107474,0.7289226303100587,97.18963932991028
190,11,-8.92097842036795e-06,12.752254605102538,55.27824593100681,0.8463350632985434,50.59832048416138
191,12,-1.093666692604627e-05,22.757288210632986,53.902280609893545,0.7332173781446233,112.21855115890503
192,01,-1.2804497735976505e-05,25.385474410518523,57.77612080058489,0.769013130639189,129.8851613998413
193,02,-1.271823695051786e-05,20.178666164579848,60.9734689490412,0.7695771319071454,78.17547941207886
194,03,-2.219248033328259e-05,-0.5256330294045062,56.57506640008187,0.5997859655810941,94.79378461837769
195,04,-2.3056703787511248e-05,-15.611610607231992,48.9374839578549,0.676606201256646,42.51542043685913
196,05,-3.3250014936618425e-05,-29.631465932538433,52.844916530618114,0.6325727252755113,94.81036853790283
197,06,-3.44918315846169e-05,-24.446217814466692,49.08188772321145,0.620938918601142,64.76006937026978
198,07,-3.591561413959817e-05,-25.92438248894804,39.340810654867084,0.500560249123522,45.93726992607117
199,08,-3.331847033315239e-05,-31.29434137422295,33.68999910253863,0.4308684326910203,22.496978521347046
200,09,-2.6222378082234683e-05,-4.395296908230251,54.09243484116659,0.7176794152577717,112.6880235671997
201,10,-1.4566836962311297e-05,5.514771194293934,41.310020164710224,0.7215961416100943,18.715614557266235
202,11,-1.3042386322538529e-05,9.068964893934462,58.53600206141338,0.7192740283966065,32.25963592529297
203,12,-8.991161045966975e-06,-5.598886509064706,48.51484771922968,0.6904451063012563,40.51283264160156
204,01,-7.460320452180465e-06,-0.4728464959257379,45.67560021059616,0.6517847482004473,16.127771615982056
205,02,-7.544903639281147e-06,5.38362545916678,55.18347650017959,0.8090819851228561,60.068604469299316
206,03,-1.2827322511164368e-05,-10.990242480862525,51.72073062135199,0.6624436052794098,22.461695432662964
207,04,-2.0502408365953464e-05,-21.604367342122394,58.54018084150156,0.6166294084760878,11.859672546386719
209,06,-2.8253365109311642e-05,-38.732165323215064,41.61192797080808,0.6266733358171251,28.135314464569092
210,07,-3.142641031134248e-05,-27.054918192217425,49.82263012584947,0.6206146289046092,59.759037256240845
212,09,-2.534073391895315e-05,-7.00570699428982,43.673043699496326,0.6079831231011285,48.277573585510254
216,01,-3.583592048936e-06,-1.2817189340899076,35.36421269791357,0.6917340717930949,8.55794882774353
217,02,-9.97768289436776e-06,28.48145621345157,61.04910012837534,0.778791059085301,84.60573077201843
218,03,-1.2413017713795421e-05,-3.0697627356744577,49.8996438915832,0.7020936220640775,28.955554485321045
219,04,-2.201332183204714e-05,-17.60772253417969,50.15108422283994,0.6222039408365886,28.14702796936035
220,05,-3.085946982284968e-05,-22.07697987414944,55.658551038389554,0.6941719493250693,78.28123354911804
221,06,-3.476727682935032e-05,-20.254541469319665,56.16686724849277,0.6510188685946994,112.482257604599
225,10,-2.0736059433235615e-05,1.8364669255082322,46.07108195983722,0.6453099249973092,81.02550506591797
226,11,-1.1372840429430654e-05,5.54297788119846,52.451002673839106,0.8336406787872315,56.97358417510986
227,12,-9.893875752236308e-06,16.98351939342868,60.12797338394067,0.8134230110004383,77.3915023803711
228,01,-1.1099072907757458e-05,24.386054642872143,54.87726956107148,0.706566690711565,88.08339476585388
231,04,-2.2395207648413717e-05,-10.670934447903104,67.35853829729425,0.8237251260121663,131.57473421096802
233,06,-3.4082233544055876e-05,-13.138249787733287,60.09514157660935,0.734693268415663,136.99862432479858
234,07,-3.6390916169732936e-05,-13.917790471887077,46.5719772114318,0.7049917125496812,77.72835302352905
235,08,-3.4686337675251e-05,-19.754633603331865,40.27667498864153,0.617704378968926,67.5933165550232
239,12,-8.802920268002493e-06,22.454611907630838,51.308709990082264,0.7541032600402832,78.07752561569214
240,01,-9.430198710966792e-06,24.63400003675235,61.44896206574927,0.7435347398327242,91.57960391044617
241,02,-1.079772392194216e-05,13.779260249546594,59.85849182345754,0.7323656735647293,56.13470458984375
242,03,-1.3397230129969535e-05,-0.9194605676794566,60.6708199271861,0.7651577397008096,87.33539247512817
243,04,-2.54553507465769e-05,-17.42901027967665,53.24983413987689,0.5809090511745877,65.29687428474426
244,05,-3.422614240797327e-05,-20.88572949317194,50.723297991629586,0.6588638867203909,63.86414575576782
246,07,-3.775679561435789e-05,-20.12216363230059,34.70881050790896,0.5384588477842269,54.39849805831909
248,09,-2.59650643648355e-05,-3.5717024329291456,50.26974016195536,0.6188350537194147,83.68352055549622
249,10,-2.1588807777500546e-05,5.981483147405809,48.24640764357326,0.6639337637296286,65.74780321121216
250,11,-1.3179962080519347e-05,12.654008286878799,52.50058610761298,0.7561134220971003,52.17728924751282
251,12,-1.3700721242369786e-05,27.986750325848984,63.54783165261822,0.7595967111074798,142.15608167648315
252,01,-6.553396535759588e-06,18.42038040095504,45.80448549491872,0.7846040913571595,47.351823568344116
253,02,-1.2230161100386137e-05,18.65321454909752,54.35344561065067,0.6892225647411128,98.67708921432495
254,03,-1.4517082142339604e-05,-0.5979741453765541,58.83941007500695,0.8120778655595677,60.096646308898926
255,04,-2.355722367422762e-05,-12.813957029554578,60.681698268123455,0.7118717977735731,76.35283160209656
256,05,-3.550879427684679e-05,-19.147158501081563,47.704144963514416,0.6232741373944026,97.27209305763245
257,06,-3.750390542944741e-05,-27.016546727159287,42.780413097916714,0.5791649541642931,55.01609134674072
258,07,-3.168135436499142e-05,-21.668345875401656,51.88578506780696,0.7779165895933747,102.94842576980591
259,08,-3.0941285219664524e-05,-19.063545700565466,39.65101154342005,0.5950934829711911,51.30303931236267
260,09,-2.4486756719630248e-05,-2.020394458007812,56.817002186003,0.778434502198961,85.14948225021362
261,10,-2.1893689024856883e-05,11.235235126454343,57.40779917159772,0.7329834721472954,130.40920996665955
262,11,-1.5146696185204038e-05,20.892512133110895,68.07071139411661,0.7944869282616509,131.4802393913269
263,12,-1.1904006665214989e-05,20.81303864280127,63.79751548051194,0.7176606500276956,86.34993147850037
265,02,-9.421481274265325e-06,7.153048214503697,61.79020408172125,0.7992697193509057,83.6603274345398
267,04,-2.4765318735565716e-05,-15.737299090576174,60.65160554169682,0.7354721421559652,95.43563151359558
268,05,-3.372209000100225e-05,-25.790908090242777,45.58359570831253,0.5665124677432481,47.3751916885376
270,07,-3.6646507612448495e-05,-24.41304970722813,43.035889669943884,0.609202791316535,87.7753267288208
272,09,-2.8629883362433853e-05,-3.361749937269423,60.89090815499625,0.7758285717010498,144.1834967136383
273,10,-1.872843477780094e-05,15.499699002173642,52.0420637966638,0.7502056204683036,73.23751926422119
275,12,-9.904081011676856e-06,14.487402564920403,52.82181985401466,0.6670834625408213,73.46089029312134
276,01,-6.60295483731882e-06,23.604068570044735,51.65779350411636,0.7452024029147241,67.26308727264404
279,04,-2.4829810814864887e-05,-14.182246478949653,49.20558492463959,0.6064626646253799,60.53001356124878
280,05,-3.0134792006426703e-05,-17.31557953963741,52.31226475243542,0.6915594408178842,64.66420650482178
281,06,-3.5836119472898846e-05,-20.466573669433593,50.7506326838851,0.6739444850497776,77.7912917137146
283,08,-3.0240783373966385e-05,-12.41071590333344,52.640142950275894,0.6742144519846925,146.93423414230347
284,09,-2.726855740998468e-05,-6.606480073716904,41.46046437310777,0.6465029381222195,57.52717709541321
285,10,-2.2813934475604865e-05,5.003235001430717,55.25826176021304,0.7211124756105485,87.43804001808167
286,11,-9.433203981300014e-06,10.082439758300783,57.335292302331666,0.7533690906524658,88.66095638275146
287,12,-9.155090198257839e-06,-0.601292420089886,52.83887711868107,0.773043066619545,93.86429786682129
288,01,-7.996820467572737e-06,16.024269751435966,52.92226850532075,0.7041166410138531,73.5739049911499
289,02,-9.213011075579354e-06,1.6289639434814458,40.65915042115535,0.44601174649738135,23.336631298065186
290,03,-1.4304734281419465e-05,-4.024482163624097,45.80751552796749,0.4610075515008742,22.1645565032959
291,04,-2.383696288773839e-05,-17.2942943037245,47.44735419490735,0.5701265349917942,51.56433296203613
292,05,-3.0977665722578726e-05,-19.48317038226384,57.695412786129985,0.6365701963773339,85.30281352996826
293,06,-3.491794925367785e-05,-29.63445593295627,48.58540389312637,0.6205100622389051,47.240581035614014
294,07,-3.637924248004731e-05,-25.786057973554062,44.12265574810709,0.5639495347135811,76.22430467605591
295,08,-3.1032737283929096e-05,-31.771135562691633,39.36124998163152,0.5673176327366982,22.521544456481934
296,09,-2.437035215904568e-05,-12.497950702243381,40.21523504180775,0.5334368985493979,46.90879726409912
298,11,-8.746191556262298e-06,13.336127873399521,55.471923015075255,0.747657346555922,56.468339920043945
299,12,-8.986315398414586e-06,16.75842543636855,56.42778465677845,0.7093791133921633,90.1946873664856
300,01,-8.992702947169514e-06,20.66453995308825,64.87525535803712,0.837607708305441,107.22431802749634
301,02,-1.1818901434843997e-05,12.780648606925178,58.06078212638148,0.7371907467019968,64.95090794563293
302,03,-1.5225630396960167e-05,1.0669384965794064,50.376974003080406,0.6286395969185776,47.67586803436279
303,04,-2.4217375733618005e-05,-11.611916856553819,59.49211039767795,0.6849287313249376,45.28127717971802
305,06,-3.421590459786078e-05,-30.121984181382924,54.56608841220009,0.6948014066060384,70.646568775177
306,07,-3.5823426863228845e-05,-21.040274605699764,48.61712288511441,0.6308969455431865,104.08150887489319
307,08,-3.442271008691844e-05,-10.630728795861687,53.4802156332962,0.7090089703221474,153.6393961906433
309,10,-1.9737982986943505e-05,10.8786054316695,45.96995730125903,0.6458563955163442,55.872933864593506
310,11,-1.219442167142309e-05,8.63346869269477,52.650442458646836,0.8075169110616047,66.66378116607666
311,12,-6.509792311736683e-06,12.651209838210898,41.13814304297201,0.7556278750922091,54.07814908027649
312,01,-1.0532949036563073e-05,27.835473567839585,50.62756816835045,0.6568636556645875,53.984177112579346
313,02,-1.0796667724878803e-05,1.9850640389578682,54.967533898224424,0.6938661958603632,50.05322074890137
314,03,-1.2645556585016247e-05,2.2825399281491516,62.992716266741034,0.8004193943803029,63.6138596534729
315,04,-2.402455134354872e-05,-12.38321820203993,55.9102142579476,0.5803865731981066,77.4074821472168
316,05,-3.3327865934669755e-05,-23.83920729967343,52.369123788558014,0.6124563446455105,76.4442777633667
317,06,-3.715115132452208e-05,-30.632264646063906,50.84424858076307,0.5993636985354953,55.748387813568115
318,07,-3.409394384040644e-05,-23.561669685609886,47.80977541725482,0.6965740315427063,109.44811034202576
320,09,-2.545146969718593e-05,-6.704652192857532,39.75358392157654,0.5590018055809869,79.9967360496521
322,11,-1.4535249143672345e-05,9.326381112670902,61.63253474075529,0.7317150510576037,66.79116821289062
324,01,-6.5253165958961526e-06,7.280853728591756,43.42763289413273,0.6964808228195354,18.287110328674316
325,02,-8.8568046297561e-06,4.634872235616048,55.29220876641359,0.8162552454812186,57.903024673461914
326,03,-1.3873502668170125e-05,-4.782673361173239,59.930227692120816,0.7258663519992624,63.244534492492676
328,05,-3.370682173148433e-05,-13.439136345319852,55.415879218805216,0.6765318221635718,97.34957218170166
329,06,-3.4785863751151034e-05,-27.11431088460287,44.96967633606062,0.5200850902981229,34.651726484298706
330,07,-3.3670624993676266e-05,-35.11209074615151,34.7803111832411,0.43903611341086773,25.724807262420654
331,08,-3.203818718891423e-05,-14.970106861073484,56.166526000266416,0.7095366280258342,192.56933999061584
332,09,-2.4569920312832332e-05,-1.9050392035590278,48.50952039943403,0.581430229356554,31.076144695281982
333,10,-2.0357669840078775e-05,8.929626497002058,49.91160704086961,0.7225601808281356,104.8823778629303
335,12,-1.1844671387852061e-05,21.158474252352146,51.61357204472506,0.8296075471447361,99.22530603408813
336,01,-1.3167410284109127e-05,32.71415653975292,54.798027210791915,0.7592779756771619,116.52486562728882
337,02,-9.635896793779033e-06,12.227102448962983,62.05461917357218,0.8024723008473714,88.80820941925049
338,03,-1.969343553138324e-05,2.858439688077537,50.951221448258686,0.5542246515827793,65.31020927429199
339,04,-2.5420359923575438e-05,-23.728481532796227,35.425640993569964,0.4152809864044189,1.6051898002624512
341,06,-3.458860908376663e-05,-19.802041976589628,51.81401281598541,0.7590015696631538,100.40370607376099
342,07,-4.0491175616739144e-05,-14.380545316962786,51.51913973191349,0.6446249584074942,166.44169425964355
343,08,-3.430768915528969e-05,-11.902402343421853,46.669440629773256,0.646553179505051,52.89487075805664
345,10,-1.4836711174446523e-05,-1.5530790907336818,46.4751422240952,0.701923614009734,38.23624563217163
347,12,-9.103623443880553e-06,18.67049515623687,44.72693699303237,0.6842597386760096,75.82493901252747
348,01,-9.98381483742544e-06,30.50790186531313,59.32570013750177,0.7874816801830005,98.90966415405273
349,02,-9.733829621899499e-06,11.488472740085646,43.235250111784055,0.617157705548166,39.91739559173584
350,03,-2.0140387961912898e-05,4.352542552004578,67.29393991330491,0.734719601292764,110.58221864700317
352,05,-3.326288808405293e-05,-18.37616691179173,46.32872357566895,0.5134422774776336,58.6919801235199
354,07,-3.577182100015043e-05,-18.878891244211506,53.425692884929724,0.656665866605697,105.99103903770447
355,08,-3.3834556450724496e-05,-9.036356891591062,49.02626591384924,0.6873497964182208,114.81742095947266
356,09,-2.5189189388381943e-05,-2.5223080678304033,46.95382839618127,0.6436648470984564,79.74637937545776
357,10,-1.8222273044254205e-05,6.518695762716314,54.30898137165141,0.7249526161686066,92.71740341186523
359,12,-6.623100362498576e-06,8.910789440196046,51.189781416840454,0.6488331320977981,32.103607177734375
360,01,-6.219402897665034e-06,13.638463789416898,56.756673166043,0.7386991263769006,59.60752511024475
362,03,-1.4006747319585248e-05,0.15545269151913163,60.10794240493287,0.7025409626294208,55.8788948059082
363,04,-2.2896213735516033e-05,-13.763160278998479,44.90089633327524,0.48498084653218587,23.97039556503296
364,05,-3.152253704363203e-05,-24.89160391596312,50.72287625494953,0.5892127600639097,51.12992525100708
365,06,-3.4585202314802804e-05,-32.20444840494791,47.13420631794532,0.6027756735907661,75.43589448928833
366,07,-3.995988693131167e-05,-23.939954596078525,46.67216465320125,0.5932403564042943,103.68392610549927
367,08,-3.326769469126164e-05,-18.63527480389995,42.41847231385144,0.5826293396078129,46.274324893951416
368,09,-2.396435872586961e-05,-8.675344586181641,43.626415080409586,0.6611582132975261,40.19728755950928
370,11,-1.3997967538165946e-05,28.005924584282763,63.3120259418408,0.7561563105689154,119.02290868759155
371,12,-8.896478755051119e-06,9.686923075029926,62.37685010996686,0.773688859754993,98.37137460708618
372,01,-6.091251291421628e-06,2.9262350808420488,60.36061479552843,0.8002005400298742,49.821874141693115
373,02,-7.65345504045659e-06,5.717629487900508,61.53230691539674,0.840362766038804,91.62952327728271
375,04,-2.4690822054900404e-05,-20.66956467929416,50.227940069592,0.5461734185960557,27.15949821472168
378,07,-3.4407490462771055e-05,-31.11366353779454,49.13440625845617,0.5566342890339513,68.74052047729492
379,08,-3.27152816781925e-05,-15.088779016966459,50.057286181364006,0.6841084087740991,146.2640986442566
380,09,-2.3803562745282155e-05,-1.7829848341200085,47.799041656389505,0.723202462302314,93.05310916900635
381,10,-1.8914465963579488e-05,8.677334267236855,54.52403665949838,0.6923922203228039,76.19713640213013
382,11,-1.1904203317903414e-05,4.708053307088217,64.34552551558414,0.8344782119750976,80.79510045051575
383,12,-7.738160395268594e-06,4.967533013128466,56.59717789244652,0.8155857144017373,51.991679430007935
384,01,-4.432973011169315e-06,15.641597058367989,49.85520389962581,0.7540054655997985,71.90442681312561
385,02,-7.274441715534998e-06,7.353929252261208,64.81677477946593,0.8188976639793034,54.225329875946045
386,03,-1.235675504704564e-05,-6.3443144091534345,43.386579177287324,0.5508660727059971,20.28888177871704
389,06,-3.4230032604055946e-05,-25.01744469502767,49.43961729888122,0.6491867294311522,94.74681329727173
390,07,-3.7348723895911946e-05,-18.427609645064162,51.34294977803511,0.6786915706101284,163.95448088645935
391,08,-3.274760770019843e-05,-10.64563058373236,50.85391145080519,0.7099633308328608,128.73549723625183
392,09,-2.5484862159343414e-05,2.648160398695204,48.54894579696125,0.6202911757998997,68.3792371749878
393,10,-1.916051529891168e-05,8.726722329416583,41.10612051369683,0.5575945420624107,69.30626606941223
394,11,-8.12447487300637e-06,7.208228931681314,45.10324230610001,0.701429992167155,17.076764583587646
395,12,-1.2744765838047034e-05,29.389911852764826,62.27082245179138,0.7914767973705006,135.77323961257935
397,02,-6.941694202459045e-06,2.77444112036694,54.92825397600388,0.6845141228862192,25.181623220443726
398,03,-1.1845709033173812e-05,-9.130659757880753,42.53471919810516,0.5974054069108861,29.57355237007141
400,05,-3.2719707248821014e-05,-19.41600187732328,54.71462800888861,0.6124644136736471,68.41745948791504
401,06,-3.633841799156573e-05,-15.284035491265191,54.862410076340026,0.687191437657674,122.0042052268982
402,07,-3.9630504535585143e-05,-18.105863085346844,55.33667580591222,0.5855628573920137,133.29841899871826
404,09,-2.780254297756781e-05,-4.337274759928387,47.643611919113,0.6738562953525119,79.25185561180115
405,10,-1.749340033099435e-05,6.576196681525118,62.883388684188155,0.7348696861267091,131.10860514640808
406,11,-9.782895505729057e-06,13.286790387301977,48.36725960095062,0.7111550628238256,62.30052351951599
408,01,-7.079607454118081e-06,9.77005108642578,59.36599973937003,0.7646267884367255,56.091444969177246
409,02,-9.82560560788399e-06,1.2790957768758144,54.799641565576906,0.7582939325514294,42.50241231918335
410,03,-1.6003138249269338e-05,-14.11737674147083,62.83003596656937,0.6927704286882953,46.14034557342529
412,05,-2.7662325821888435e-05,-23.158452428017892,56.92952051083376,0.7251711857703425,89.41290044784546
413,06,-3.319209287441886e-05,-26.815010833062065,45.349666944320994,0.6919906041463215,63.59688186645508
415,08,-3.2683108437937644e-05,-17.84199171037572,39.46305893081491,0.5766515417201544,40.892261028289795
416,09,-2.475842662511746e-05,-8.054260448540582,49.65095689521101,0.6528738148583305,81.32235813140869
417,10,-1.765674730958508e-05,13.677036990258001,51.31546706972713,0.6837250661952521,135.23726177215576
418,11,-1.2026654228591521e-05,13.685960133870443,60.59634180396663,0.8003848901536729,95.3849720954895
419,12,-9.44601224512954e-06,28.97793200421077,55.46996279250422,0.7417389381162581,74.25229167938232
420,01,-8.580053124215514e-06,22.96357862870411,63.49304372530727,0.7983653154680804,90.50502729415894
421,02,-1.1990748406116751e-05,26.598223410470148,61.15281964255657,0.6781761727560135,81.80759859085083
423,04,-2.3883861623916246e-05,-16.521862002224392,58.86005653639768,0.6785136405097115,52.129727363586426
426,07,-3.570791800838603e-05,-18.498887496784167,52.862582088247414,0.6470219174046671,91.65657234191895
427,08,-3.5946427165531874e-05,-15.756697428713563,51.75170243226714,0.6329949576265069,126.34322667121887
429,10,-1.6616273676728237e-05,8.951883064844276,46.06859467966968,0.7446583362292218,79.9614315032959
430,11,-1.0089955154782932e-05,6.784489759657117,59.376273723493675,0.7732809034559462,64.11601209640503
431,12,-1.0581146033268115e-05,22.95546643394552,54.273882943514856,0.7436095230348649,89.71414184570312
432,01,-9.2527426375611e-06,26.340960131573418,62.63006211892765,0.7490556118872858,107.20374536514282
433,02,-8.153189459681882e-06,8.31590086110433,48.93550452213628,0.6187316334588188,54.84558963775635
434,03,-1.5915630637317265e-05,-1.6360386480515998,44.90566300547765,0.6124300711847119,61.79024076461792
435,04,-2.4346638547669703e-05,-22.934988667466907,50.17846367060873,0.5820095488230386,27.186142444610596
436,05,-3.070366395367009e-05,-25.76910455847299,53.73915812349191,0.6242730488520797,61.485331535339355
437,06,-3.477750818122634e-05,-31.860220404391814,46.7203716229452,0.5883308154635959,35.5678129196167
438,07,-3.7615658574522775e-05,-25.170489753641114,45.05531850020347,0.5755130044670517,95.02099466323853
439,08,-3.326061218056918e-05,-12.586229408838417,52.3345120203854,0.6391717044871341,123.28978443145752
440,09,-2.5603061031688413e-05,-1.6679924726698132,46.654843129608366,0.6096027513292099,98.359215259552
441,10,-1.3186316454061119e-05,-1.463842040031187,51.45971762442205,0.6930619200019426,34.89073657989502
442,11,-1.4898132296588707e-05,27.46974549831814,55.57987919455502,0.7604801555633546,119.42508697509766
444,01,-9.004527324929857e-06,20.359526514525058,60.00615774854665,0.7548654516896893,107.9379734992981
445,02,-1.2519085415486441e-05,14.879537966322628,54.698993667597065,0.6743794851193482,72.69394779205322
446,03,-1.4810545610421827e-05,-5.396197126162949,59.004922374092125,0.7097408081382832,69.4955415725708
447,04,-2.7581765115751797e-05,-20.820068422105575,57.557788026644126,0.636205225669013,67.43884038925171
448,05,-3.16294027814815e-05,-19.310568396455505,50.32535560724812,0.6191458486331407,61.365638256073
449,06,-3.356170396635004e-05,-23.02242342732747,60.87640379265148,0.7205961045159235,113.14722728729248
450,07,-3.758493633006676e-05,-22.269790681900524,47.74635748879372,0.6224200283583774,56.59930372238159
451,08,-3.3272750999810424e-05,-17.014684508621052,43.397001161080546,0.4912049850545904,57.580533027648926
452,09,-2.4645985519115736e-05,-7.889081433783638,37.34792189491059,0.524225977367825,28.704333305358887
453,10,-1.526362983537594e-05,-3.798430909843855,48.34944315867911,0.6597179581426803,57.946226596832275
454,11,-1.1750765303218536e-05,10.89123139716254,54.5964946256227,0.707203536605835,75.84917688369751
455,12,-4.447676278540448e-06,15.633635981405934,42.93341399640295,0.7323895825621903,19.911759853363037
456,01,-6.416161365773257e-06,12.223324068787278,48.97643718384928,0.6294768250988375,56.35315418243408
457,02,-8.18821650381367e-06,12.903916228158135,62.959067062718525,0.7587214859099616,67.99254751205444
458,03,-1.5800369091061108e-05,2.527072602630943,59.88884960889175,0.6677468735889723,58.12478494644165
459,04,-2.5679135762624757e-05,-26.331729773288306,46.84454056873057,0.5841366430070666,30.59126615524292
460,05,-2.9667726341906155e-05,-25.198657173730993,56.839670298081565,0.6373602849898801,37.424317359924316
461,06,-3.566179110415154e-05,-31.36642959594727,52.944568701901716,0.6336122379302978,63.719133377075195
463,08,-3.333480648354688e-05,-12.395997953681537,44.035043613662005,0.6615275659868795,75.39064645767212
464,09,-2.5415033401845397e-05,-5.530321179199219,52.86381167994076,0.6659469718509251,131.7170844078064
465,10,-2.0550294828412475e-05,15.281469091599986,50.30405073937036,0.7391711337592011,63.67462873458862
466,11,-1.2597567349661808e-05,15.910226154920792,53.90823562632401,0.7324336131201851,71.56626224517822
467,12,-7.748080553331723e-06,20.40142875687794,63.311030514205655,0.8281377038853143,122.76686382293701
469,02,-1.1806723732206594e-05,-2.6082788761683875,46.30087924139698,0.49758824085053943,28.985047340393066
470,03,-1.3339704251535219e-05,-6.768148279333628,63.03257818707726,0.7746929998910554,81.36417293548584
471,04,-2.4140652476206825e-05,-8.481860700141059,60.03202422682047,0.6661409033033583,102.50590419769287
472,05,-3.631899526441482e-05,-17.44638056798135,47.40056218499266,0.5143529167175294,48.21310758590698
474,07,-3.4126774513620195e-05,-44.31138712696363,36.16823902212164,0.37328913009807624,19.791842460632324
475,08,-3.324744642680256e-05,-25.59706884437479,43.61733073811633,0.6070490633236465,94.60595369338989
476,09,-2.7110998255941223e-05,-4.088550005425346,48.59134079140956,0.6058865221235487,68.28795766830444
477,10,-1.717439320385384e-05,2.0582064438686585,44.893768001867876,0.639095217099754,34.76789951324463
478,11,-1.049799736220949e-05,11.533768935139973,58.11769115721252,0.6753578060574001,34.97020101547241
479,12,-7.425197422547768e-06,21.47761040308142,53.53903508252609,0.7783618319521668,89.45121669769287
482,03,-1.7898125718357898e-05,7.876527682396675,54.192069970153995,0.721235720644715,101.83904027938843
484,05,-2.8741963674400066e-05,-37.081440074305384,54.09692304540707,0.6394303563435872,39.454394817352295
485,06,-3.9525050331051005e-05,-23.208365014648436,47.86380608810849,0.5841832686954074,106.98088932037354
486,07,-3.625940142692049e-05,-31.74150496025496,48.734570516079984,0.5832159745411206,49.36154794692993
487,08,-3.404563471354698e-05,-17.337182702177312,41.57153246440298,0.5233138246843891,76.33737087249756
488,09,-2.6543087166161665e-05,-4.24653964674208,45.73786681658825,0.6424437209659153,112.17082786560059
489,10,-1.8569231195137014e-05,10.235854191605762,54.45598049366731,0.7636217814209639,119.96327877044678
491,12,-8.260583359534854e-06,25.078029959073632,56.60606037604423,0.7474534945334158,84.95069599151611
492,01,-6.012859741277161e-06,22.106840989635838,48.67357203781476,0.7904847107343776,60.42203378677368
493,02,-1.5386156723984276e-05,31.748662168305497,64.97568837541958,0.7392679562185004,131.38312101364136
494,03,-1.9840231885472768e-05,-1.8349693298339842,46.56073982853019,0.5246091230248892,49.32469892501831
495,04,-2.7043378228700023e-05,-24.0670989525689,35.17819720014996,0.3913077477349175,24.384860515594482
496,05,-2.995519203009721e-05,-45.04488896819084,46.51938461271666,0.46418218013804446,17.802208423614502
497,06,-3.546342912159163e-05,-30.903872137790252,54.092656515480414,0.661922571267022,67.27775382995605
498,07,-3.552329937512147e-05,-24.55973527871409,49.31133174363516,0.6232217548739526,73.53353977203369
499,08,-3.48960954878191e-05,-17.491402352609946,46.845165995435046,0.5777176292583507,91.37486410140991
500,09,-2.4679065476549213e-05,-6.537764871215822,41.4254565234277,0.5480422061920166,61.862966537475586
501,10,-1.848353834580477e-05,14.114419966174706,59.132486595437086,0.7742676958063597,137.80672430992126
502,11,-1.0186800306089735e-05,15.631692754109702,47.969248177954896,0.7008724307590062,45.380624771118164
503,12,-6.893300624729055e-06,15.732371215492165,60.65007041392917,0.8102792325583837,109.63903760910034
504,01,-7.860778656987515e-06,14.34612370152627,66.80461903254064,0.8221443897780552,90.61761569976807
505,02,-9.005972841740524e-06,9.622026147751583,54.51137783175566,0.7260083712169102,60.75168180465698
506,03,-1.5948935392546162e-05,-0.9029574194467195,53.47545231677126,0.6499336244726693,54.85542392730713
507,04,-2.588563685021654e-05,-27.98602328389486,47.86236142485672,0.5903446748521592,51.77638530731201
508,05,-3.230829694098981e-05,-22.4746828918457,60.26473778712485,0.6661243219273064,118.6035623550415
509,06,-3.7502937650666964e-05,-26.38411481492784,47.88007799596918,0.6145602842542861,106.48373031616211
510,07,-3.6336240956178925e-05,-19.074829963273896,48.14752719921964,0.6512409119554747,97.35786199569702
512,09,-2.3354238802332672e-05,-7.743464881388346,41.71682162190013,0.6791360401577418,33.61188364028931
513,10,-1.864643046111826e-05,14.62936670381279,46.729617401201246,0.7194449672083701,138.24248218536377
514,11,-1.0072340758698473e-05,9.36498726196289,49.88987413275507,0.77442657178243,67.49459075927734
