,month,MER,MSSHF,RH,t2m,EA
1,02,-7.399999772068052e-06,2.729709174746558,52.295623941567676,272.4365299592699,1.28
2,03,-1.408509512223264e-05,7.08405715679866,62.090667984242096,277.5071083010602,-0.94
3,04,-2.191347909663616e-05,-15.59233038906521,62.41300571294825,280.35185083779226,-0.63
4,05,-2.839083756912113e-05,-16.16055940262989,64.02205650719006,284.1894770028719,1.45
5,06,-3.330413338050373e-05,-22.16353809509278,52.028707694198026,287.5916414632162,0.15
6,07,-3.0671342559486147e-05,-22.637875941122733,53.00265082314577,288.5937503051758,-0.59
7,08,-2.8487004876296853e-05,-12.56110269165039,50.14281140049425,288.49456290886997,-0.92
9,10,-1.6345863611966567e-05,2.642213581372333,56.92965585534547,284.1524093375258,-0.26
10,11,-1.1569333000928361e-05,13.890767045423724,49.679388139549886,279.5115746341281,0.62
11,12,-1.207531024335357e-05,24.691616260159407,64.98245628347064,278.9589235103156,0.94
12,01,-5.795284385228985e-06,8.867661568262244,49.01821534482766,273.9435328466764,-1.08
13,02,-7.359469057738698e-06,6.865867059466484,53.581606617508264,277.9200598216879,-0.13
14,03,-1.4070489600584629e-05,-6.186828353717764,55.02083505403355,277.7412255432786,0.18
16,05,-2.9285246377967465e-05,-30.998830406271004,47.47244699586335,284.48860593045146,-1.45
18,07,-3.1905643976779664e-05,-14.025872309859079,48.67037434149174,288.3328994714881,0.09
19,08,-3.1051088017916934e-05,-11.540256553403795,47.008779259716306,289.8567247478526,-0.68
20,09,-2.365392635981859e-05,-3.0327022542317708,42.946886476458445,288.5418778632271,0.9
21,10,-2.1172643707369163e-05,7.590982919672484,58.4636376896443,282.9430969840429,0.42
22,11,-1.4279194747299093e-05,14.235161112806532,54.54851769668525,278.42969395684133,-0.2
23,12,-7.873070872231058e-06,26.063403682913826,61.380955716897084,277.40736817940336,-1.29
24,01,-7.860688640385075e-06,20.899533713063885,47.875411116570554,276.2877688055551,-2.52
25,02,-8.991757432514056e-06,2.888394768487839,50.11619150138895,274.87796189149225,-0.95
26,03,-1.2076194787720939e-05,11.89821663673975,73.37905685201383,280.6608627738133,1.58
27,04,-2.2320882245185202e-05,-19.334173597547743,50.02077896680037,280.8875384987725,-1.5
28,05,-3.0310256707952082e-05,-17.47440350473055,59.34436809112436,285.6955955049248,0.09
29,06,-3.0904296795920855e-05,-15.787571440294057,51.69619375912348,286.96279334038627,0.57
31,08,-2.8741253340065727e-05,-19.03508228654759,42.77699926753197,289.5996995383643,-1.48
33,10,-2.174942796122078e-05,9.781940688922843,60.93410625634399,282.36856040909464,0.16
34,11,-1.4328458308167076e-05,19.586548003133142,54.57233108670976,280.54755887637674,0.01
36,01,-5.276928763964617e-06,11.574925520045783,58.01885871766587,274.71989871035333,-0.23
37,02,-7.864293709969517e-06,5.468580898829869,51.56958197040644,276.0330576188678,-0.08
38,03,-1.6001877676116956e-05,1.792558938959594,55.95160838729334,278.2745939710473,-0.47
39,04,-2.3437909088230905e-05,-21.874123499891493,46.11000325809585,280.3653982337103,-0.97
40,05,-2.9170486620455693e-05,-20.4214844770534,47.92201473479629,285.1203722468551,0.72
42,07,-3.416977696542745e-05,-21.999847670688425,39.2781192299025,291.04000476303924,-1.59
44,09,-2.1331834113273846e-05,-6.238656323920356,43.43915766518911,288.8515710662842,1.15
45,10,-1.6551261839878706e-05,3.491510892150223,54.79260846710333,284.4179603883477,0.74
46,11,-1.519573135911843e-05,20.401449884033198,56.70156626680825,281.542423581526,0.85
47,12,-1.0313162028783104e-05,17.753608460457098,55.75187243828721,277.1484120603172,-1.34
48,01,-1.1369238679367056e-05,31.70380508160335,51.86229076744793,279.3915269172832,0.59
49,02,-1.1685804688698098e-05,2.732715975443522,46.129101684696614,274.1075286789849,-1.05
50,03,-1.3839232150540515e-05,-0.5926843497983868,57.115805566785156,278.44128489291285,-0.36
51,04,-2.090864053300013e-05,-10.60586452026367,65.75529212030038,281.01254923197433,1.31
54,07,-3.282222612492611e-05,-33.091220865229126,44.1499227373741,291.918114544284,-1.72
56,09,-2.725831751290065e-05,0.9693071214463977,44.86737590899468,287.3565667371962,1.93
60,01,-1.1848107099418698e-05,28.771229348787696,56.9102486772409,276.7842754120365,-0.31
61,02,-9.682757584759485e-06,6.4267875001403105,47.08914505602986,275.46569391803087,-0.34
62,03,-1.3818876191033916e-05,-6.2181760956138685,56.610379949503034,277.09370695126444,-0.9
63,04,-2.3066575134180317e-05,-21.124448284233942,53.13685258980724,280.480126296997,-0.4
67,08,-2.8069958612225798e-05,-17.017802792784988,42.472240740586344,290.61531108601883,-2.22
68,09,-2.2138291550658728e-05,-0.809648367987739,66.94727416271104,286.73494841105145,-1.59
69,10,-1.5594664512004833e-05,12.420039781796033,52.5519555827328,284.94581760332665,1.91
71,12,-7.343828446024142e-06,12.754345215500043,59.86620702467682,277.9717317575434,-1.18
73,02,-7.646551471441942e-06,-7.170963860648018,49.17462651499538,272.6459450080508,-0.14
75,04,-2.3272295822324753e-05,-10.486857863362628,59.37646033687326,281.0197640380859,0.3
76,05,-2.800802443084893e-05,-16.149492612120927,55.7763452255995,285.3065335752425,-0.66
77,06,-3.090711121482552e-05,-17.990251360066733,61.34983533646531,286.164952170478,1.06
79,08,-3.3271033724499884e-05,-4.3656862228557625,49.79625837316948,288.7357638382451,0.63
80,09,-2.244669017984254e-05,-3.3109654418945316,48.444472670045165,287.42453148261177,-0.18
81,10,-1.5745955748394817e-05,1.4800897167574978,41.847355274659336,283.8836659237441,0.17
83,12,-6.748697063030508e-06,22.216181771555252,62.92255071562849,278.89900289527316,0.12
84,01,-1.0488508364736625e-05,25.802121266682942,67.17732922877546,275.801350984922,-0.78
85,02,-9.105866422227595e-06,-15.737989101954868,41.279925076501705,269.8368100568681,-0.59
87,04,-1.9242588071877733e-05,-14.953707265557181,61.57429541588492,278.83615111126363,0.1
88,05,-3.1224375424332516e-05,-18.680161248648037,54.14751819698144,285.4117867415233,1.4
89,06,-3.5890827366468634e-05,-24.274000357055662,43.53411597645681,288.4358594709608,0.86
90,07,-3.000731417455182e-05,-30.125119514383297,48.19723509739805,289.44563059620185,-0.71
91,08,-3.1366839325049225e-05,-20.726613564768147,49.22354232249208,288.36188031465264,-0.33
92,09,-2.1116000810717296e-05,-5.870355172729491,52.886519872754164,284.9466449978299,-1.34
93,10,-1.7202233669146365e-05,6.4104873591597356,48.62927366667281,284.73838183753725,0.91
94,11,-1.2770530823662637e-05,20.62896745435927,57.76803370095226,281.3988308635288,0.72
95,12,-1.128779906788603e-05,28.043287035542146,58.52688881322774,278.653770938135,1.13
96,01,-8.849628261046861e-06,-8.473066081057311,52.03738375666833,271.0571230804279,0.06
97,02,-5.771432554432804e-06,6.824847212655203,67.52644709656069,275.3062230299087,0.78
98,03,-1.3287096029671374e-05,-5.803373095440609,55.151999684815046,275.18381564716617,-1.53
99,04,-2.2575659647211267e-05,-11.442104777696397,52.015024873095086,282.7985634870741,0.76
101,06,-2.8837502824555686e-05,-20.989433822292757,61.5306473079814,286.23068305765787,0.95
102,07,-3.379324687933062e-05,-20.07741719498173,55.40260847481861,289.3334297852875,-2.42
103,08,-3.0242934917310693e-05,-13.572054321945357,50.633880177582476,288.99911613021357,-1.26
104,09,-2.5696148892024614e-05,-3.969099077690972,51.22118268649578,287.79776992187493,1.53
106,11,-1.2423982501220758e-05,8.69252590874566,58.77474638277293,280.28694883850955,-0.54
108,01,-9.400724827868036e-06,23.76198229324177,64.8158600401199,279.10735159379686,0.99
109,02,-1.553154618433063e-05,17.196350676788683,61.10995617006565,277.7702740127738,-0.83
110,03,-1.4791143874625109e-05,4.141464673442225,71.63935923557511,278.11941827511527,0.4
111,04,-2.4692344382775542e-05,-22.74501348402235,55.09817502149212,281.1784597961426,0.19
112,05,-3.182606770285695e-05,-15.882362545546664,52.83810746537357,286.42319685117656,-0.01
113,06,-2.7714982728361462e-05,-28.63852083367242,47.29024293223089,287.1965049299452,-1.71
114,07,-3.385038605679304e-05,-9.511822006717805,59.07058047961163,288.8184828294324,1.25
115,08,-3.211179117533902e-05,-13.866469908683532,47.473473327189375,289.36880185199044,0.77
116,09,-2.5435363158006416e-05,2.907980506727431,49.177534459747214,287.1028169921874,0.42
120,01,-5.490775168401608e-06,12.580168148245866,46.32122026583841,278.0433618807229,0.7
121,02,-1.1993180484209699e-05,15.243881237211681,52.799659086113884,278.5967229493005,0.22
122,03,-1.7582771425163286e-05,5.919001820882161,61.97907953674307,280.92673047006264,-0.62
123,04,-2.3728384267512105e-05,-15.711892689005532,62.36782957411343,279.7644985144721,1.12
124,05,-3.2913617601255e-05,-32.404015432706444,43.15242019264416,286.4839753660796,-0.26
125,06,-3.3498540398290464e-05,-35.047065074327264,55.710710440916486,288.0712565836589,-0.87
126,07,-3.3625666249610085e-05,-27.510599928661055,42.19065745926929,290.43235706386776,0.02
127,08,-3.0036708770112647e-05,-17.0266568734774,43.458151734339296,290.0662455388552,-0.57
128,09,-2.1827326350689368e-05,-6.781363076782227,44.02462579022247,288.6776379201254,-0.57
129,10,-1.9913688146604526e-05,14.103063629806684,48.60193847477949,285.642628944643,-0.35
130,11,-1.311930024130561e-05,7.912713109334308,43.72629240063826,279.22501226437885,-1.88
132,01,-9.708490018202875e-06,23.531725362798216,54.619796854420386,278.84542206019734,0.19
134,03,-1.7018775953137494e-05,2.372058311872584,47.98838851665681,281.1010017314214,1.31
135,04,-2.7999317039636173e-05,-19.276666238742408,46.732171709169286,281.5536805019803,-0.67
136,05,-3.125298669270236e-05,-34.3688931694441,36.06377147361027,286.42458363949356,-1.27
137,06,-3.068480971400681e-05,-23.63770078192817,52.16888050745726,287.6530416948106,0.57
138,07,-3.559518055198981e-05,-33.07448882301904,37.832517702871755,289.3471467754405,0.02
139,08,-2.897321149455781e-05,-28.290339532667595,47.590817581110095,291.14238770975095,-0.24
141,10,-1.8407037761653066e-05,10.48773665069252,49.92561818830045,285.16074951352357,0.18
142,11,-1.0645134954231454e-05,8.876481322224937,54.38112868225972,279.7035436231401,-0.15
143,12,-1.0178729378000547e-05,19.264495642221096,49.02194799312469,277.58139236323046,-0.78
146,03,-1.2629808311264428e-05,-0.5304674036169569,53.76618897918476,280.96131813873785,0.7
148,05,-2.5811937759284265e-05,-33.066711107479634,47.67298183366304,282.56432028493566,-2.66
150,07,-3.606362330103894e-05,-12.26554677852508,46.37869990175771,291.0611541531471,-0.86
151,08,-2.9805839779475068e-05,-22.79464663072811,38.70661156831249,290.6213046195738,0.05
152,09,-2.1833397036001162e-05,-8.548686426798504,39.4321560544822,288.29770074191623,0.48
153,10,-2.004618059737534e-05,2.17344532234438,45.307421456006274,283.64651159085514,-1.63
154,11,-1.4646135411648073e-05,14.444811823866104,60.08639300202131,279.0964361319648,0.49
155,12,-7.654158530845394e-06,17.942148733159545,42.031411531264894,277.4903090515137,-1.3
156,01,-5.988280283046514e-06,9.900324605634134,41.55076964045469,276.29669176196023,-0.54
157,02,-7.568776633878318e-06,10.513905402874128,42.596786469010105,278.02707910182556,-0.19
158,03,-1.6743815379482177e-05,3.675611719931326,56.535387553599556,279.7299019205238,-0.08
159,04,-2.3724830210206465e-05,-12.979907084147134,60.15185276207658,281.38050007290315,0.04
160,05,-3.502280750303383e-05,-18.415903687507882,37.98684394011575,287.68378568587764,0.53
162,07,-3.3542465003026134e-05,-26.574038988010855,46.61348771423679,290.8302553724063,-1.23
164,09,-2.5466491539959356e-05,-1.4094354346381297,48.6797681992597,287.5794175764296,-0.22
165,10,-1.9484351597922247e-05,1.9587082073252686,58.379234332862715,281.5607008762565,-2.36
167,12,-8.425528942156701e-06,11.411874493342573,45.69198678764476,277.1291988499139,-0.05
168,01,-9.715480358609446e-06,34.39173987899288,57.42208674485646,278.0689588641915,0.63
170,03,-1.4966802825774622e-05,-6.011914413616221,42.24266758934657,278.6799079442178,-0.03
171,04,-2.191761210872048e-05,-4.539731902737087,59.59964808656376,283.3900037384034,-1.08
172,05,-3.0932743489659034e-05,-26.541132331437964,51.168041845343446,286.5305111710743,-0.68
173,06,-3.281592492067931e-05,-24.277929318237305,46.836056776909025,288.3121968231201,-0.44
174,07,-3.3366269429406925e-05,-23.52127023184171,53.23872095220833,288.9670793329055,-1.41
175,08,-3.234485571499712e-05,-11.285276480397874,49.79429166342623,288.38119730434624,-0.81
176,09,-2.2725771390226628e-05,-2.4448908416748045,57.50485973500145,286.37938309156635,-0.46
177,10,-1.798888249350155e-05,2.3637267239478326,43.9463890340828,282.4125413159196,-1.13
178,11,-1.1587640056374466e-05,-1.8295716874864363,52.225245416957804,275.9691254242791,-0.77
179,12,-9.250304196792702e-06,31.236705364924607,64.63241229699248,278.55954070281985,0.43
180,01,-8.814763398506955e-06,28.086010490499522,59.814965074129006,278.4522831625169,0.0
181,02,-9.681430163471391e-06,-2.9269207930791947,54.97462990093799,274.71976377387267,0.83
182,03,-1.5868986940443404e-05,12.424105568506382,56.25959003628518,280.1386115247255,0.7
183,04,-2.4481364455176743e-05,-15.54007357143826,53.21672202842236,281.15531175240415,0.05
184,05,-2.8615912740195944e-05,-19.306992470361852,50.8592781971834,284.95634343137016,0.79
185,06,-3.390126228795352e-05,-22.424498955281575,49.86442946763436,287.7325351216634,0.74
186,07,-3.466171150601792e-05,-32.442688338413035,36.16844127948567,293.29159473148474,0.97
188,09,-2.649383951805552e-05,-2.2674784339057075,50.77799905458556,286.7490272650824,-0.79
189,10,-1.8016295581522476e-05,4.47270425086893,52.33998963107474,282.91257732530823,-0.9
190,11,-8.92097842036795e-06,12.752254605102538,55.27824593100681,283.18030227940875,0.76
191,12,-1.093666692604627e-05,22.757288210632986,53.902280609893545,279.09193974574924,0.97
193,02,-1.271823695051786e-05,20.178666164579848,60.9734689490412,279.69789509668806,1.03
194,03,-2.219248033328259e-05,-0.5256330294045062,56.57506640008187,278.52115150119414,-2.46
195,04,-2.3056703787511248e-05,-15.611610607231992,48.9374839578549,281.70371436835387,-1.71
196,05,-3.3250014936618425e-05,-29.631465932538433,52.844916530618114,285.3548243562432,0.06
197,06,-3.44918315846169e-05,-24.446217814466692,49.08188772321145,287.09207231580945,-1.84
198,07,-3.591561413959817e-05,-25.92438248894804,39.340810654867084,292.21608878154143,-0.8
199,08,-3.331847033315239e-05,-31.29434137422295,33.68999910253863,292.1374796096639,-2.09
200,09,-2.6222378082234683e-05,-4.395296908230251,54.09243484116659,287.4659033938938,-0.37
201,10,-1.4566836962311297e-05,5.514771194293934,41.310020164710224,286.1660483907064,0.53
202,11,-1.3042386322538529e-05,9.068964893934462,58.53600206141338,280.4485377359602,-1.35
203,12,-8.991161045966975e-06,-5.598886509064706,48.51484771922968,272.8523069154063,0.57
205,02,-7.544903639281147e-06,5.38362545916678,55.18347650017959,273.61455346710375,-1.12
207,04,-2.0502408365953464e-05,-21.604367342122394,58.54018084150156,281.5059792378743,-0.69
208,05,-2.4253428110207234e-05,-26.022296560964275,51.92535755428705,283.0404211406093,-0.38
209,06,-2.8253365109311642e-05,-38.732165323215064,41.61192797080808,287.7120379621718,-0.53
210,07,-3.142641031134248e-05,-27.054918192217425,49.82263012584947,288.9736008786437,0.39
211,08,-2.9903093116464793e-05,-15.358725825155936,42.33743624172287,290.26938906532206,-0.08
213,10,-1.7171301486478214e-05,8.106230379494288,51.02844809201841,284.35446074524754,0.49
214,11,-1.4551765714713837e-05,14.46901237657335,58.72207561985916,279.4499412578582,1.38
215,12,-8.836182103413613e-06,1.1414017176474303,51.832999992789766,274.0792455669526,-1.52
216,01,-3.583592048936e-06,-1.2817189340899076,35.36421269791357,272.25964624536164,-0.13
217,02,-9.97768289436776e-06,28.48145621345157,61.04910012837534,278.9320034816378,1.06
218,03,-1.2413017713795421e-05,-3.0697627356744577,49.8996438915832,280.40703176859375,0.27
219,04,-2.201332183204714e-05,-17.60772253417969,50.15108422283994,280.5644874141693,-1.91
220,05,-3.085946982284968e-05,-22.07697987414944,55.658551038389554,285.1017764521773,0.61
221,06,-3.476727682935032e-05,-20.254541469319665,56.16686724849277,288.2355316602919,-0.75
223,08,-3.064838395117496e-05,-15.397676236060358,39.11490551742816,293.2227237929478,0.18
224,09,-2.7053925191669103e-05,-10.968042353990342,40.873450344501606,287.54944601949063,-0.81
228,01,-1.1099072907757458e-05,24.386054642872143,54.87726956107148,277.9622745796942,0.14
229,02,-7.893391973560764e-06,12.879144769577753,54.623768248409036,279.23413331127165,1.33
230,03,-1.582076560769428e-05,4.910139277304372,64.38913835901599,280.3343201620861,0.49
231,04,-2.2395207648413717e-05,-10.670934447903104,67.35853829729425,281.88296789105726,2.39
233,06,-3.4082233544055876e-05,-13.138249787733287,60.09514157660935,288.37100996331105,-0.03
234,07,-3.6390916169732936e-05,-13.917790471887077,46.5719772114318,288.9995175761561,1.04
235,08,-3.4686337675251e-05,-19.754633603331865,40.27667498864153,289.45330056729875,1.31
236,09,-2.4247977624205914e-05,0.3736279635959201,55.41774919654528,288.04718676249183,0.17
237,10,-2.3367591303340108e-05,14.50471792602539,57.49670259841796,283.2419490077521,0.71
238,11,-1.186565926222506e-05,4.6568576497395835,50.09492808050447,277.3990418517218,0.11
239,12,-8.802920268002493e-06,22.454611907630838,51.308709990082264,277.97066255097747,0.67
240,01,-9.430198710966792e-06,24.63400003675235,61.44896206574927,278.42221806261614,-0.27
241,02,-1.079772392194216e-05,13.779260249546594,59.85849182345754,276.5846275064377,-1.64
242,03,-1.3397230129969535e-05,-0.9194605676794566,60.6708199271861,280.0196965524407,-2.01
243,04,-2.54553507465769e-05,-17.42901027967665,53.24983413987689,282.47727725253634,1.01
244,05,-3.422614240797327e-05,-20.88572949317194,50.723297991629586,286.46426943280625,0.41
245,06,-3.759346314859108e-05,-24.964019442409946,49.104056137108806,287.621155009969,0.13
246,07,-3.775679561435789e-05,-20.12216363230059,34.70881050790896,291.3305993268413,0.48
247,08,-3.318467006672979e-05,-13.657699137697938,45.50563225292391,290.35377914166196,-0.27
248,09,-2.59650643648355e-05,-3.5717024329291456,50.26974016195536,290.39740791795515,1.07
249,10,-2.1588807777500546e-05,5.981483147405809,48.24640764357326,284.0889761727855,-0.16
250,11,-1.3179962080519347e-05,12.654008286878799,52.50058610761298,280.36134305237664,-1.02
251,12,-1.3700721242369786e-05,27.986750325848984,63.54783165261822,278.27631423343126,0.46
252,01,-6.553396535759588e-06,18.42038040095504,45.80448549491872,277.79516857783,-1.97
253,02,-1.2230161100386137e-05,18.65321454909752,54.35344561065067,278.9918639561445,0.41
254,03,-1.4517082142339604e-05,-0.5979741453765541,58.83941007500695,279.74647602704783,-0.68
255,04,-2.355722367422762e-05,-12.813957029554578,60.681698268123455,282.30091152648924,0.33
258,07,-3.168135436499142e-05,-21.668345875401656,51.88578506780696,288.20182105771954,-0.27
259,08,-3.0941285219664524e-05,-19.063545700565466,39.65101154342005,290.2980615874259,-0.21
260,09,-2.4486756719630248e-05,-2.020394458007812,56.817002186003,288.9522197736953,-0.14
261,10,-2.1893689024856883e-05,11.235235126454343,57.40779917159772,284.6498967747843,1.22
262,11,-1.5146696185204038e-05,20.892512133110895,68.07071139411661,281.02643124508324,0.64
263,12,-1.1904006665214989e-05,20.81303864280127,63.79751548051194,278.4327853809069,1.63
264,01,-6.723928980547147e-06,14.384707934964087,53.25762820807451,275.96743091123847,1.53
265,02,-9.421481274265325e-06,7.153048214503697,61.79020408172125,277.52430097507295,-0.39
266,03,-1.3063552253355424e-05,-6.242824222359606,58.59238742218351,277.80964705756395,1.23
267,04,-2.4765318735565716e-05,-15.737299090576174,60.65160554169682,281.0073699052598,0.65
269,06,-3.303585196628976e-05,-31.827683939954966,48.06642211600013,287.6171802242279,-0.14
270,07,-3.6646507612448495e-05,-24.41304970722813,43.035889669943884,291.0954466385379,0.67
272,09,-2.8629883362433853e-05,-3.361749937269423,60.89090815499625,286.7026010084364,-0.98
273,10,-1.872843477780094e-05,15.499699002173642,52.0420637966638,287.358400129749,1.16
274,11,-1.4045017091525046e-05,9.019137569173179,50.75557469189433,281.0378544276344,-0.62
275,12,-9.904081011676856e-06,14.487402564920403,52.82181985401466,276.8109058604907,-0.89
276,01,-6.60295483731882e-06,23.604068570044735,51.65779350411636,277.7092359037091,1.68
277,02,-1.6342577849974034e-05,27.257544948032923,61.67323920420096,280.01173835877006,1.43
278,03,-1.718439095667989e-05,-2.8514695644583754,52.573686629964456,280.1865670277176,0.63
279,04,-2.4829810814864887e-05,-14.182246478949653,49.20558492463959,282.0968799079047,-0.19
280,05,-3.0134792006426703e-05,-17.31557953963741,52.31226475243542,285.91615550937445,0.15
281,06,-3.5836119472898846e-05,-20.466573669433593,50.7506326838851,289.008934870402,1.65
282,07,-3.594073215623134e-05,-17.96138944137737,48.60045512300026,290.12367375199517,0.67
283,08,-3.0240783373966385e-05,-12.41071590333344,52.640142950275894,291.52933090636554,-0.39
284,09,-2.726855740998468e-05,-6.606480073716904,41.46046437310777,288.12181282060413,-1.87
285,10,-2.2813934475604865e-05,5.003235001430717,55.25826176021304,283.04481736857923,0.7
286,11,-9.433203981300014e-06,10.082439758300783,57.335292302331666,281.24613218036234,0.67
287,12,-9.155090198257839e-06,-0.601292420089886,52.83887711868107,276.11271182759606,0.62
290,03,-1.4304734281419465e-05,-4.024482163624097,45.80751552796749,280.07939777218405,0.96
291,04,-2.383696288773839e-05,-17.2942943037245,47.44735419490735,282.52701496353154,-0.54
292,05,-3.0977665722578726e-05,-19.48317038226384,57.695412786129985,285.87503277128485,1.73
293,06,-3.491794925367785e-05,-29.63445593295627,48.58540389312637,290.1924542755127,1.31
294,07,-3.637924248004731e-05,-25.786057973554062,44.12265574810709,291.4632059519777,1.26
295,08,-3.1032737283929096e-05,-31.771135562691633,39.36124998163152,291.8428295599825,-0.16
296,09,-2.437035215904568e-05,-12.497950702243381,40.21523504180775,287.9652745859782,0.75
298,11,-8.746191556262298e-06,13.336127873399521,55.471923015075255,281.18456970901485,0.98
299,12,-8.986315398414586e-06,16.75842543636855,56.42778465677845,277.70850726802377,-0.49
300,01,-8.992702947169514e-06,20.66453995308825,64.87525535803712,277.01399096031605,-0.45
303,04,-2.4217375733618005e-05,-11.611916856553819,59.49211039767795,283.0342345699735,-0.34
304,05,-2.847669872224737e-05,-31.81054322043798,50.857990436966695,284.7821008097331,-1.18
305,06,-3.421590459786078e-05,-30.121984181382924,54.56608841220009,288.26498307020404,0.67
306,07,-3.5823426863228845e-05,-21.040274605699764,48.61712288511441,289.52838083738925,-0.23
308,09,-3.09724094837697e-05,1.3779368174235027,41.60773183429904,288.3683370303683,0.09
309,10,-1.9737982986943505e-05,10.8786054316695,45.96995730125903,284.57554275028684,-0.6
311,12,-6.509792311736683e-06,12.651209838210898,41.13814304297201,277.18444233658494,-1.19
312,01,-1.0532949036563073e-05,27.835473567839585,50.62756816835045,278.5624613469442,-1.77
313,02,-1.0796667724878803e-05,1.9850640389578682,54.967533898224424,275.683474075272,-1.96
314,03,-1.2645556585016247e-05,2.2825399281491516,62.992716266741034,279.0753041903793,0.95
315,04,-2.402455134354872e-05,-12.38321820203993,55.9102142579476,282.71948648647725,1.54
316,05,-3.3327865934669755e-05,-23.83920729967343,52.369123788558014,284.99818274778966,1.03
317,06,-3.715115132452208e-05,-30.632264646063906,50.84424858076307,288.991852593655,-1.6
319,08,-3.320200081173924e-05,-14.21000237282374,41.28222914207624,289.1398493754069,0.56
321,10,-1.7187334372416657e-05,10.538457600583316,41.694871458662455,286.6108520703879,0.57
322,11,-1.4535249143672345e-05,9.326381112670902,61.63253474075529,280.7140452206929,-0.36
323,12,-9.12172876785682e-06,14.485518746324761,56.37181309181387,277.6781497156286,-1.22
324,01,-6.5253165958961526e-06,7.280853728591756,43.42763289413273,274.90674294572244,-1.03
325,02,-8.8568046297561e-06,4.634872235616048,55.29220876641359,275.99080734402787,-0.59
328,05,-3.370682173148433e-05,-13.439136345319852,55.415879218805216,286.611448016423,1.15
330,07,-3.3670624993676266e-05,-35.11209074615151,34.7803111832411,294.31578268137275,0.83
331,08,-3.203818718891423e-05,-14.970106861073484,56.166526000266416,289.42563545177825,-0.52
333,10,-2.0357669840078775e-05,8.929626497002058,49.91160704086961,286.9078280718404,0.66
335,12,-1.1844671387852061e-05,21.158474252352146,51.61357204472506,280.0480408410102,1.0
336,01,-1.3167410284109127e-05,32.71415653975292,54.798027210791915,280.3280024761898,1.51
338,03,-1.969343553138324e-05,2.858439688077537,50.951221448258686,280.9515473870718,0.21
341,06,-3.458860908376663e-05,-19.802041976589628,51.81401281598541,289.6702567504883,0.55
342,07,-4.0491175616739144e-05,-14.380545316962786,51.51913973191349,289.65608735082475,-0.03
343,08,-3.430768915528969e-05,-11.902402343421853,46.669440629773256,290.0370085491878,0.07
345,10,-1.4836711174446523e-05,-1.5530790907336818,46.4751422240952,283.5498818838469,-0.33
346,11,-1.4172945336880124e-05,15.984315191311307,55.0159122577058,280.5269208690644,-2.07
347,12,-9.103623443880553e-06,18.67049515623687,44.72693699303237,277.3368185319388,-0.12
348,01,-9.98381483742544e-06,30.50790186531313,59.32570013750177,279.4891412764929,-0.35
349,02,-9.733829621899499e-06,11.488472740085646,43.235250111784055,278.2568273897719,0.47
350,03,-2.0140387961912898e-05,4.352542552004578,67.29393991330491,278.8884844916969,0.16
351,04,-2.446588194630345e-05,-15.287676639472116,50.48518859204715,281.5612035566542,0.88
352,05,-3.326288808405293e-05,-18.37616691179173,46.32872357566895,287.85736066133234,-0.85
353,06,-3.476253857051133e-05,-32.52892781643338,47.80475471985869,288.7505925245497,0.85
354,07,-3.577182100015043e-05,-18.878891244211506,53.425692884929724,290.6381676658713,0.85
355,08,-3.3834556450724496e-05,-9.036356891591062,49.02626591384924,290.2695800380912,-0.08
356,09,-2.5189189388381943e-05,-2.5223080678304033,46.95382839618127,286.9092003065321,-0.3
358,11,-1.2143508331428165e-05,12.723418456013999,55.05112889809742,280.38257168964805,-0.89
359,12,-6.623100362498576e-06,8.910789440196046,51.189781416840454,276.00092939651654,-1.44
361,02,-6.55127283612057e-06,7.2258432279314295,62.426701213981424,276.2893881261462,-0.72
364,05,-3.152253704363203e-05,-24.89160391596312,50.72287625494953,286.32759907055924,1.12
365,06,-3.4585202314802804e-05,-32.20444840494791,47.13420631794532,288.15789018961584,-1.05
366,07,-3.995988693131167e-05,-23.939954596078525,46.67216465320125,290.62653678746375,0.33
367,08,-3.326769469126164e-05,-18.63527480389995,42.41847231385144,291.493365414199,1.85
368,09,-2.396435872586961e-05,-8.675344586181641,43.626415080409586,288.24405131666396,0.59
370,11,-1.3997967538165946e-05,28.005924584282763,63.3120259418408,282.6301770416684,1.48
371,12,-8.896478755051119e-06,9.686923075029926,62.37685010996686,275.9152564712032,0.93
372,01,-6.091251291421628e-06,2.9262350808420488,60.36061479552843,273.08482904479325,0.38
373,02,-7.65345504045659e-06,5.717629487900508,61.53230691539674,274.59004296811423,1.25
374,03,-1.4227020407356234e-05,-0.1344084672825314,56.345688745778084,278.93887998355336,1.23
375,04,-2.4690822054900404e-05,-20.66956467929416,50.227940069592,281.97344993078445,0.09
376,05,-2.827942739082006e-05,-27.387183430333288,51.416537502500645,283.07650033011487,-1.39
377,06,-3.182083758476639e-05,-35.711798379855686,43.71565713060168,288.5699565473768,0.34
378,07,-3.4407490462771055e-05,-31.11366353779454,49.13440625845617,291.94731353169107,1.8
379,08,-3.27152816781925e-05,-15.088779016966459,50.057286181364006,289.71709932881015,1.17
380,09,-2.3803562745282155e-05,-1.7829848341200085,47.799041656389505,286.8539448320178,0.55
381,10,-1.8914465963579488e-05,8.677334267236855,54.52403665949838,284.0074488248518,-0.78
382,11,-1.1904203317903414e-05,4.708053307088217,64.34552551558414,279.1010974715339,0.24
383,12,-7.738160395268594e-06,4.967533013128466,56.59717789244652,272.7350027047024,-0.49
384,01,-4.432973011169315e-06,15.641597058367989,49.85520389962581,276.640032220861,-1.31
385,02,-7.274441715534998e-06,7.353929252261208,64.81677477946593,277.5559378022239,0.41
386,03,-1.235675504704564e-05,-6.3443144091534345,43.386579177287324,278.86510410210394,-0.77
387,04,-2.5035789431644346e-05,-14.869033695136176,49.48712501599656,285.153135196601,-0.59
388,05,-3.0008848766624646e-05,-32.62149781881353,48.67582858574712,286.410771462061,-0.67
389,06,-3.4230032604055946e-05,-25.01744469502767,49.43961729888122,288.6127736097548,-0.22
390,07,-3.7348723895911946e-05,-18.427609645064162,51.34294977803511,288.60765880658556,0.41
391,08,-3.274760770019843e-05,-10.64563058373236,50.85391145080519,289.6281859905284,1.04
392,09,-2.5484862159343414e-05,2.648160398695204,48.54894579696125,288.68825934821234,1.77
393,10,-1.916051529891168e-05,8.726722329416583,41.10612051369683,284.83637540882887,-0.28
394,11,-8.12447487300637e-06,7.208228931681314,45.10324230610001,280.86535165697734,-0.09
395,12,-1.2744765838047034e-05,29.389911852764826,62.27082245179138,279.54841704272206,0.11
396,01,-9.557997748420493e-06,23.492998173539362,55.985124487241116,278.0025916491273,-1.76
397,02,-6.941694202459045e-06,2.77444112036694,54.92825397600388,273.9540438470512,-1.73
399,04,-2.412122515035865e-05,-15.116672309705946,65.52592149374486,281.0076457704756,-0.28
400,05,-3.2719707248821014e-05,-19.41600187732328,54.71462800888861,286.39187647731336,0.52
401,06,-3.633841799156573e-05,-15.284035491265191,54.862410076340026,287.4815220364041,-0.11
402,07,-3.9630504535585143e-05,-18.105863085346844,55.33667580591222,289.83332058683004,1.02
405,10,-1.749340033099435e-05,6.576196681525118,62.883388684188155,283.75088245457476,-0.32
406,11,-9.782895505729057e-06,13.286790387301977,48.36725960095062,280.2187192969428,1.15
407,12,-8.270612005098982e-06,23.135962751162953,68.44660146777348,278.1779153431308,0.68
408,01,-7.079607454118081e-06,9.77005108642578,59.36599973937003,275.1825925199447,0.88
409,02,-9.82560560788399e-06,1.2790957768758144,54.799641565576906,274.82777969859893,0.14
410,03,-1.6003138249269338e-05,-14.11737674147083,62.83003596656937,275.29698841222125,-0.24
413,06,-3.319209287441886e-05,-26.815010833062065,45.349666944320994,287.4700203450521,0.66
415,08,-3.2683108437937644e-05,-17.84199171037572,39.46305893081491,290.9021847701535,0.34
416,09,-2.475842662511746e-05,-8.054260448540582,49.65095689521101,287.60815346442337,-0.57
417,10,-1.765674730958508e-05,13.677036990258001,51.31546706972713,285.3490841153053,1.39
418,11,-1.2026654228591521e-05,13.685960133870443,60.59634180396663,280.35682493527725,0.09
419,12,-9.44601224512954e-06,28.97793200421077,55.46996279250422,279.21073650786695,1.2
420,01,-8.580053124215514e-06,22.96357862870411,63.49304372530727,278.7270791265426,1.37
421,02,-1.1990748406116751e-05,26.598223410470148,61.15281964255657,279.40804705011277,2.23
422,03,-1.6731313326227373e-05,-1.3453218475669946,47.843510205716214,281.1189634679159,0.92
424,05,-3.2321809314922687e-05,-17.350711201329386,63.11191008513332,286.0054483229113,0.38
425,06,-3.645346474101341e-05,-28.120134918891054,43.231891095406475,288.60506283637153,-1.03
426,07,-3.570791800838603e-05,-18.498887496784167,52.862582088247414,292.2635286937426,0.58
427,08,-3.5946427165531874e-05,-15.756697428713563,51.75170243226714,289.2081022578413,0.75
428,09,-2.0748739615697153e-05,-9.244409510294595,35.08465283191469,289.19143939514163,0.2
430,11,-1.0089955154782932e-05,6.784489759657117,59.376273723493675,281.4275366665734,0.43
432,01,-9.2527426375611e-06,26.340960131573418,62.63006211892765,277.32805558928624,1.11
434,03,-1.5915630637317265e-05,-1.6360386480515998,44.90566300547765,279.08244967077115,1.2
435,04,-2.4346638547669703e-05,-22.934988667466907,50.17846367060873,281.46281248359685,0.88
436,05,-3.070366395367009e-05,-25.76910455847299,53.73915812349191,284.7904129192393,0.71
438,07,-3.7615658574522775e-05,-25.170489753641114,45.05531850020347,290.8353158631684,0.22
439,08,-3.326061218056918e-05,-12.586229408838417,52.3345120203854,291.25167575270126,1.08
441,10,-1.3186316454061119e-05,-1.463842040031187,51.45971762442205,283.4427843608241,0.22
442,11,-1.4898132296588707e-05,27.46974549831814,55.57987919455502,283.10383579525416,1.55
444,01,-9.004527324929857e-06,20.359526514525058,60.00615774854665,278.0475291836237,1.01
445,02,-1.2519085415486441e-05,14.879537966322628,54.698993667597065,277.78108298799367,1.85
446,03,-1.4810545610421827e-05,-5.396197126162949,59.004922374092125,278.4155945600284,0.71
448,05,-3.16294027814815e-05,-19.310568396455505,50.32535560724812,286.8687926589802,0.22
449,06,-3.356170396635004e-05,-23.02242342732747,60.87640379265148,289.0600437771266,0.41
450,07,-3.758493633006676e-05,-22.269790681900524,47.74635748879372,290.91323088844877,1.82
452,09,-2.4645985519115736e-05,-7.889081433783638,37.34792189491059,290.7287192874484,3.48
453,10,-1.526362983537594e-05,-3.798430909843855,48.34944315867911,283.3498556886078,0.42
455,12,-4.447676278540448e-06,15.633635981405934,42.93341399640295,278.4459245055413,0.87
456,01,-6.416161365773257e-06,12.223324068787278,48.97643718384928,275.05028467830533,-1.15
458,03,-1.5800369091061108e-05,2.527072602630943,59.88884960889175,281.2226937955631,1.03
460,05,-2.9667726341906155e-05,-25.198657173730993,56.839670298081565,287.2392350808421,0.54
461,06,-3.566179110415154e-05,-31.36642959594727,52.944568701901716,290.51245804307734,2.03
463,08,-3.333480648354688e-05,-12.395997953681537,44.035043613662005,290.3243722688408,2.02
464,09,-2.5415033401845397e-05,-5.530321179199219,52.86381167994076,287.1538292568631,1.58
466,11,-1.2597567349661808e-05,15.910226154920792,53.90823562632401,280.83419648060266,0.12
467,12,-7.748080553331723e-06,20.40142875687794,63.311030514205655,278.2219712722122,-0.5
468,01,-8.493993727101315e-06,23.796599253992884,55.116003269850566,278.53154294832297,0.55
469,02,-1.1806723732206594e-05,-2.6082788761683875,46.30087924139698,274.0743940366564,-1.38
471,04,-2.4140652476206825e-05,-8.481860700141059,60.03202422682047,284.2523615995619,1.13
473,06,-3.447691067930363e-05,-33.33076165534125,39.74884000571834,289.49784020724826,-0.54
474,07,-3.4126774513620195e-05,-44.31138712696363,36.16823902212164,292.90806091046085,2.36
476,09,-2.7110998255941223e-05,-4.088550005425346,48.59134079140956,288.21334796922474,0.15
477,10,-1.717439320385384e-05,2.0582064438686585,44.893768001867876,285.3938754693308,-0.39
478,11,-1.049799736220949e-05,11.533768935139973,58.11769115721252,280.0686911998748,0.32
479,12,-7.425197422547768e-06,21.47761040308142,53.53903508252609,279.4785891970973,1.44
482,03,-1.7898125718357898e-05,7.876527682396675,54.192069970153995,280.7588669757638,0.94
483,04,-2.786484313502215e-05,-15.88577495863173,41.53150874974462,283.32113693033864,-0.96
484,05,-2.8741963674400066e-05,-37.081440074305384,54.09692304540707,284.36448736465616,-0.64
485,06,-3.9525050331051005e-05,-23.208365014648436,47.86380608810849,290.2859401516385,1.28
487,08,-3.404563471354698e-05,-17.337182702177312,41.57153246440298,291.4738801791283,1.93
488,09,-2.6543087166161665e-05,-4.24653964674208,45.73786681658825,287.9392709560819,2.19
489,10,-1.8569231195137014e-05,10.235854191605762,54.45598049366731,284.78358039642666,0.67
490,11,-1.0039879183467646e-05,10.335369747924807,64.20363267016013,279.8074893178728,0.07
492,01,-6.012859741277161e-06,22.106840989635838,48.67357203781476,279.3999776622403,1.74
493,02,-1.5386156723984276e-05,31.748662168305497,64.97568837541958,280.04609204145413,1.38
494,03,-1.9840231885472768e-05,-1.8349693298339842,46.56073982853019,279.7202150045004,-0.11
495,04,-2.7043378228700023e-05,-24.0670989525689,35.17819720014996,283.457096534729,0.58
496,05,-2.995519203009721e-05,-45.04488896819084,46.51938461271666,285.6595867329259,0.06
497,06,-3.546342912159163e-05,-30.903872137790252,54.092656515480414,289.81179647657615,-0.08
498,07,-3.552329937512147e-05,-24.55973527871409,49.31133174363516,289.7865116117744,0.46
499,08,-3.48960954878191e-05,-17.491402352609946,46.845165995435046,292.9717935617098,1.57
500,09,-2.4679065476549213e-05,-6.537764871215822,41.4254565234277,288.42726283230246,1.95
501,10,-1.848353834580477e-05,14.114419966174706,59.132486595437086,284.57053201831286,-0.23
502,11,-1.0186800306089735e-05,15.631692754109702,47.969248177954896,282.13784168768984,0.05
503,12,-6.893300624729055e-06,15.732371215492165,60.65007041392917,278.8222056623889,-0.8
505,02,-9.005972841740524e-06,9.622026147751583,54.51137783175566,276.8945384240831,1.22
507,04,-2.588563685021654e-05,-27.98602328389486,47.86236142485672,279.4237252683427,0.31
508,05,-3.230829694098981e-05,-22.4746828918457,60.26473778712485,283.8163767559092,0.8
509,06,-3.7502937650666964e-05,-26.38411481492784,47.88007799596918,290.2330343007406,1.02
511,08,-3.444879628501263e-05,-12.903870650096605,45.419211714576655,289.92943471568117,1.08
512,09,-2.3354238802332672e-05,-7.743464881388346,41.71682162190013,289.1970728213839,1.7
513,10,-1.864643046111826e-05,14.62936670381279,46.729617401201246,285.1771994281072,0.86
514,11,-1.0072340758698473e-05,9.36498726196289,49.88987413275507,281.017371949217,-0.91
