,month,MER,MSSHF,RH,ENSO,z
0,01,-7.186377549426466e-06,5.464709561255669,62.6901256937955,0.47,-12990.281
1,02,-7.399999772068052e-06,2.729709174746558,52.295623941567676,0.26,-11677.33
2,03,-1.408509512223264e-05,7.08405715679866,62.090667984242096,-0.08,-8959.065
3,04,-2.191347909663616e-05,-15.59233038906521,62.41300571294825,0.2,-3386.8435
5,06,-3.330413338050373e-05,-22.16353809509278,52.028707694198026,-0.15,9074.183
7,08,-2.8487004876296853e-05,-12.56110269165039,50.14281140049425,0.44,11220.759
8,09,-2.3132900744369383e-05,-4.023202255249023,42.3501046719922,0.38,7522.958
9,10,-1.6345863611966567e-05,2.642213581372333,56.92965585534547,0.24,678.39923
10,11,-1.1569333000928361e-05,13.890767045423724,49.679388139549886,0.52,-3828.4678
11,12,-1.207531024335357e-05,24.691616260159407,64.98245628347064,0.65,-8599.902
13,02,-7.359469057738698e-06,6.865867059466484,53.581606617508264,0.19,-13607.011
14,03,-1.4070489600584629e-05,-6.186828353717764,55.02083505403355,0.41,-10386.19
15,04,-2.282624180893941e-05,-17.872287172783746,48.97103869282801,0.59,-4122.7764
16,05,-2.9285246377967465e-05,-30.998830406271004,47.47244699586335,0.55,1778.3043
17,06,-3.014735746900341e-05,-26.066622504679362,62.37913317463399,0.62,9099.161
18,07,-3.1905643976779664e-05,-14.025872309859079,48.67037434149174,0.62,12643.861
19,08,-3.1051088017916934e-05,-11.540256553403795,47.008779259716306,0.15,12221.752
20,09,-2.365392635981859e-05,-3.0327022542317708,42.946886476458445,0.2,7417.5796
22,11,-1.4279194747299093e-05,14.235161112806532,54.54851769668525,-0.03,-5536.075
23,12,-7.873070872231058e-06,26.063403682913826,61.380955716897084,-0.06,-9416.01
24,01,-7.860688640385075e-06,20.899533713063885,47.875411116570554,-0.33,-12692.832
25,02,-8.991757432514056e-06,2.888394768487839,50.11619150138895,-0.24,-11529.549
26,03,-1.2076194787720939e-05,11.89821663673975,73.37905685201383,0.33,-10400.839
27,04,-2.2320882245185202e-05,-19.334173597547743,50.02077896680037,0.41,-2993.352
28,05,-3.0310256707952082e-05,-17.47440350473055,59.34436809112436,-0.27,2616.8816
29,06,-3.0904296795920855e-05,-15.787571440294057,51.69619375912348,-0.6,8232.78
30,07,-3.173775886429094e-05,-20.80200322239373,49.75860673643311,-0.51,13453.533
31,08,-2.8741253340065727e-05,-19.03508228654759,42.77699926753197,-0.31,12511.342
32,09,-2.269007780640903e-05,-3.5648343312581385,46.85175361700852,-0.01,7815.824
33,10,-2.174942796122078e-05,9.781940688922843,60.93410625634399,-0.1,2114.0781
34,11,-1.4328458308167076e-05,19.586548003133142,54.57233108670976,-0.22,-5274.668
35,12,-7.687594037497059e-06,8.885675470167591,67.75924336626196,-0.16,-10034.367
36,01,-5.276928763964617e-06,11.574925520045783,58.01885871766587,-0.38,-12736.693
37,02,-7.864293709969517e-06,5.468580898829869,51.56958197040644,-0.47,-11890.675
38,03,-1.6001877676116956e-05,1.792558938959594,55.95160838729334,-0.28,-9476.055
40,05,-2.9170486620455693e-05,-20.4214844770534,47.92201473479629,-0.03,3274.011
41,06,-3.17826830204164e-05,-27.949367026435006,48.16991035015053,0.78,7293.694
42,07,-3.416977696542745e-05,-21.999847670688425,39.2781192299025,1.79,11990.96
43,08,-3.1963929242763654e-05,-15.790871219429917,46.55304641459066,2.02,11955.488
44,09,-2.1331834113273846e-05,-6.238656323920356,43.43915766518911,1.81,8183.22
45,10,-1.6551261839878706e-05,3.491510892150223,54.79260846710333,1.93,1875.6814
46,11,-1.519573135911843e-05,20.401449884033198,56.70156626680825,2.28,-5349.5283
47,12,-1.0313162028783104e-05,17.753608460457098,55.75187243828721,2.48,-9704.755
49,02,-1.1685804688698098e-05,2.732715975443522,46.129101684696614,2.74,-13637.545
50,03,-1.3839232150540515e-05,-0.5926843497983868,57.115805566785156,2.68,-9394.69
51,04,-2.090864053300013e-05,-10.60586452026367,65.75529212030038,2.79,-3031.3118
52,05,-2.6606813441591635e-05,-11.409518621957432,66.050863289825,2.89,2265.7246
53,06,-3.6603149109497395e-05,-25.008415187242296,46.266101067479454,2.02,7715.962
54,07,-3.282222612492611e-05,-33.091220865229126,44.1499227373741,0.75,12314.82
55,08,-2.6941880611302234e-05,-27.08358682743196,31.77761535606461,-0.11,13190.625
56,09,-2.725831751290065e-05,0.9693071214463977,44.86737590899468,-0.41,8100.4326
57,10,-2.1395454446465794e-05,12.186390243366201,47.91972020449689,-0.43,2098.2495
59,12,-8.522425015388596e-06,21.808005747805364,57.410435429080856,-0.43,-10103.232
60,01,-1.1848107099418698e-05,28.771229348787696,56.9102486772409,-0.5,-11806.172
62,03,-1.3818876191033916e-05,-6.2181760956138685,56.610379949503034,-0.11,-10272.0625
63,04,-2.3066575134180317e-05,-21.124448284233942,53.13685258980724,0.09,-3460.2861
64,05,-2.301351515928619e-05,-21.276121071107926,61.30564291210714,-0.47,2621.6448
65,06,-3.0384449369921637e-05,-25.249517172580298,53.14751710217263,-0.72,8224.358
66,07,-3.052118788760435e-05,-16.333257173927887,51.58020934386151,-0.31,12372.895
68,09,-2.2138291550658728e-05,-0.809648367987739,66.94727416271104,-0.11,6717.087
70,11,-1.2000811908506469e-05,17.20852971835666,62.11537896577253,-0.58,-6397.063
71,12,-7.343828446024142e-06,12.754345215500043,59.86620702467682,-0.31,-9655.6875
72,01,-6.201572312694294e-06,7.789162023728894,59.71689801232405,-0.25,-14586.338
73,02,-7.646551471441942e-06,-7.170963860648018,49.17462651499538,-0.58,-11598.199
74,03,-1.1304150707112197e-05,-2.56875498781922,68.34861116093205,-0.6,-8744.46
75,04,-2.3272295822324753e-05,-10.486857863362628,59.37646033687326,-0.76,-3329.907
77,06,-3.090711121482552e-05,-17.990251360066733,61.34983533646531,-0.57,7232.7
80,09,-2.244669017984254e-05,-3.3109654418945316,48.444472670045165,-0.44,7784.4375
81,10,-1.5745955748394817e-05,1.4800897167574978,41.847355274659336,-0.04,1652.2766
82,11,-1.5779393952086846e-05,2.730464919026692,53.6031213278585,0.0,-5192.7036
83,12,-6.748697063030508e-06,22.216181771555252,62.92255071562849,-0.34,-11290.104
85,02,-9.105866422227595e-06,-15.737989101954868,41.279925076501705,-0.3,-13631.451
86,03,-1.09558865346488e-05,2.199697240357758,53.96111336709735,-0.39,-9219.818
87,04,-1.9242588071877733e-05,-14.953707265557181,61.57429541588492,-0.52,-2444.647
88,05,-3.1224375424332516e-05,-18.680161248648037,54.14751819698144,-0.18,2811.6853
90,07,-3.000731417455182e-05,-30.125119514383297,48.19723509739805,0.56,12585.484
91,08,-3.1366839325049225e-05,-20.726613564768147,49.22354232249208,1.05,11989.457
92,09,-2.1116000810717296e-05,-5.870355172729491,52.886519872754164,1.31,8300.94
93,10,-1.7202233669146365e-05,6.4104873591597356,48.62927366667281,0.57,1642.7278
96,01,-8.849628261046861e-06,-8.473066081057311,52.03738375666833,0.98,-12958.257
97,02,-5.771432554432804e-06,6.824847212655203,67.52644709656069,1.08,-12042.324
98,03,-1.3287096029671374e-05,-5.803373095440609,55.151999684815046,1.47,-9363.445
99,04,-2.2575659647211267e-05,-11.442104777696397,52.015024873095086,1.66,-3822.059
100,05,-2.791426425801057e-05,-28.103053294192083,60.924986691195485,1.91,3045.745
102,07,-3.379324687933062e-05,-20.07741719498173,55.40260847481861,1.92,11785.228
104,09,-2.5696148892024614e-05,-3.969099077690972,51.22118268649578,1.23,8116.5312
106,11,-1.2423982501220758e-05,8.69252590874566,58.77474638277293,0.85,-4761.6587
107,12,-5.659096497726741e-06,10.619382738339004,50.16868590621025,0.75,-9655.195
108,01,-9.400724827868036e-06,23.76198229324177,64.8158600401199,0.59,-12900.638
109,02,-1.553154618433063e-05,17.196350676788683,61.10995617006565,0.31,-12454.447
110,03,-1.4791143874625109e-05,4.141464673442225,71.63935923557511,0.19,-8954.264
111,04,-2.4692344382775542e-05,-22.74501348402235,55.09817502149212,-0.01,-3410.1345
112,05,-3.182606770285695e-05,-15.882362545546664,52.83810746537357,-0.36,2614.5266
113,06,-2.7714982728361462e-05,-28.63852083367242,47.29024293223089,-1.19,8679.362
114,07,-3.385038605679304e-05,-9.511822006717805,59.07058047961163,-1.77,13045.143
115,08,-3.211179117533902e-05,-13.866469908683532,47.473473327189375,-1.79,12571.162
116,09,-2.5435363158006416e-05,2.907980506727431,49.177534459747214,-1.77,8917.66
117,10,-1.6347254436593455e-05,7.273599919801116,47.520342997120274,-1.54,2157.031
118,11,-1.0307503538792339e-05,7.8851572241889105,46.36847800110711,-1.61,-5196.3237
119,12,-7.866494279115095e-06,20.208327730240367,52.71666673100892,-1.49,-9376.246
120,01,-5.490775168401608e-06,12.580168148245866,46.32122026583841,-1.09,-10938.893
121,02,-1.1993180484209699e-05,15.243881237211681,52.799659086113884,-1.06,-10387.758
122,03,-1.7582771425163286e-05,5.919001820882161,61.97907953674307,-1.2,-7825.6577
123,04,-2.3728384267512105e-05,-15.711892689005532,62.36782957411343,-1.09,-3076.6492
124,05,-3.2913617601255e-05,-32.404015432706444,43.15242019264416,-1.04,3815.4062
125,06,-3.3498540398290464e-05,-35.047065074327264,55.710710440916486,-1.02,9232.031
126,07,-3.3625666249610085e-05,-27.510599928661055,42.19065745926929,-1.12,13959.078
127,08,-3.0036708770112647e-05,-17.0266568734774,43.458151734339296,-0.73,12104.299
128,09,-2.1827326350689368e-05,-6.781363076782227,44.02462579022247,-0.61,8508.877
129,10,-1.9913688146604526e-05,14.103063629806684,48.60193847477949,-0.56,2733.0347
131,12,-7.719866410816296e-06,20.033501539989185,45.286219627095804,-0.02,-10375.828
133,02,-1.709957590030951e-05,31.83555304718018,59.52337883048256,0.43,-9889.019
134,03,-1.7018775953137494e-05,2.372058311872584,47.98838851665681,0.61,-6708.6978
135,04,-2.7999317039636173e-05,-19.276666238742408,46.732171709169286,0.17,-2499.559
136,05,-3.125298669270236e-05,-34.3688931694441,36.06377147361027,0.03,2838.3252
138,07,-3.559518055198981e-05,-33.07448882301904,37.832517702871755,0.17,12586.126
139,08,-2.897321149455781e-05,-28.290339532667595,47.590817581110095,0.06,12552.51
140,09,-2.7407515947157255e-05,-3.6402964202880854,48.108384553693405,0.21,8091.2896
141,10,-1.8407037761653066e-05,10.48773665069252,49.92561818830045,-0.06,2782.0967
144,01,-9.804670876438911e-06,24.167181801416536,38.86062395377826,0.16,-11719.523
145,02,-6.996622216688376e-06,0.507544446309408,46.996895068120395,0.08,-12298.492
146,03,-1.2629808311264428e-05,-0.5304674036169569,53.76618897918476,0.21,-8251.738
147,04,-2.5889148811054637e-05,-18.50936585184733,50.20018549894757,0.21,-2423.9805
149,06,-2.987989489524302e-05,-20.686577268473304,57.62339900992447,0.89,9109.871
151,08,-2.9805839779475068e-05,-22.79464663072811,38.70661156831249,0.42,12728.379
152,09,-2.1833397036001162e-05,-8.548686426798504,39.4321560544822,0.62,7925.4517
153,10,-2.004618059737534e-05,2.17344532234438,45.307421456006274,1.09,3337.8528
154,11,-1.4646135411648073e-05,14.444811823866104,60.08639300202131,1.17,-4166.5215
155,12,-7.654158530845394e-06,17.942148733159545,42.031411531264894,1.29,-9238.078
157,02,-7.568776633878318e-06,10.513905402874128,42.596786469010105,1.59,-11998.714
158,03,-1.6743815379482177e-05,3.675611719931326,56.535387553599556,1.72,-8764.819
159,04,-2.3724830210206465e-05,-12.979907084147134,60.15185276207658,1.98,-4336.417
160,05,-3.502280750303383e-05,-18.415903687507882,37.98684394011575,1.69,3263.9106
161,06,-3.339920427913765e-05,-25.873405965508358,43.36981476617124,1.58,7475.092
162,07,-3.3542465003026134e-05,-26.574038988010855,46.61348771423679,0.76,11203.595
165,10,-1.9484351597922247e-05,1.9587082073252686,58.379234332862715,0.81,1738.9181
166,11,-1.321692710625939e-05,23.694389510769323,50.96693710040848,0.73,-4717.6313
167,12,-8.425528942156701e-06,11.411874493342573,45.69198678764476,0.78,-8417.331
168,01,-9.715480358609446e-06,34.39173987899288,57.42208674485646,0.83,-11305.612
169,02,-8.449411843078754e-06,-1.1622854381742926,41.2482318814184,0.93,-11632.146
170,03,-1.4966802825774622e-05,-6.011914413616221,42.24266758934657,0.78,-9089.841
171,04,-2.191761210872048e-05,-4.539731902737087,59.59964808656376,0.98,-4859.8975
172,05,-3.0932743489659034e-05,-26.541132331437964,51.168041845343446,1.48,1817.4711
173,06,-3.281592492067931e-05,-24.277929318237305,46.836056776909025,1.5,7372.587
174,07,-3.3366269429406925e-05,-23.52127023184171,53.23872095220833,0.91,12319.042
175,08,-3.234485571499712e-05,-11.285276480397874,49.79429166342623,0.62,12368.942
177,10,-1.798888249350155e-05,2.3637267239478326,43.9463890340828,0.95,1847.7001
178,11,-1.1587640056374466e-05,-1.8295716874864363,52.225245416957804,0.7,-4282.3457
179,12,-9.250304196792702e-06,31.236705364924607,64.63241229699248,0.26,-9213.12
180,01,-8.814763398506955e-06,28.086010490499522,59.814965074129006,0.02,-12294.921
182,03,-1.5868986940443404e-05,12.424105568506382,56.25959003628518,-0.21,-8457.17
183,04,-2.4481364455176743e-05,-15.54007357143826,53.21672202842236,0.03,-3712.4248
185,06,-3.390126228795352e-05,-22.424498955281575,49.86442946763436,0.25,9014.981
186,07,-3.466171150601792e-05,-32.442688338413035,36.16844127948567,0.88,12583.045
187,08,-3.527003988845888e-05,-15.806742182249662,41.714041907468136,0.84,12617.28
188,09,-2.649383951805552e-05,-2.2674784339057075,50.77799905458556,1.06,9000.01
190,11,-8.92097842036795e-06,12.752254605102538,55.27824593100681,0.99,-3326.9248
192,01,-1.2804497735976505e-05,25.385474410518523,57.77612080058489,0.77,-11677.3545
193,02,-1.271823695051786e-05,20.178666164579848,60.9734689490412,0.48,-11486.546
195,04,-2.3056703787511248e-05,-15.611610607231992,48.9374839578549,0.18,-3905.8477
197,06,-3.44918315846169e-05,-24.446217814466692,49.08188772321145,-0.0,8526.273
199,08,-3.331847033315239e-05,-31.29434137422295,33.68999910253863,-0.65,12240.008
200,09,-2.6222378082234683e-05,-4.395296908230251,54.09243484116659,-0.86,7565.9316
201,10,-1.4566836962311297e-05,5.514771194293934,41.310020164710224,-0.65,2408.9768
202,11,-1.3042386322538529e-05,9.068964893934462,58.53600206141338,-0.67,-4043.185
203,12,-8.991161045966975e-06,-5.598886509064706,48.51484771922968,-0.82,-10565.023
204,01,-7.460320452180465e-06,-0.4728464959257379,45.67560021059616,-0.83,-12507.748
205,02,-7.544903639281147e-06,5.38362545916678,55.18347650017959,-0.81,-11467.645
208,05,-2.4253428110207234e-05,-26.022296560964275,51.92535755428705,-0.83,2901.2148
209,06,-2.8253365109311642e-05,-38.732165323215064,41.61192797080808,-0.9,9042.483
210,07,-3.142641031134248e-05,-27.054918192217425,49.82263012584947,-0.76,13320.697
212,09,-2.534073391895315e-05,-7.00570699428982,43.673043699496326,-0.26,7087.0894
213,10,-1.7171301486478214e-05,8.106230379494288,51.02844809201841,-0.31,1785.4214
215,12,-8.836182103413613e-06,1.1414017176474303,51.832999992789766,-0.45,-9237.238
216,01,-3.583592048936e-06,-1.2817189340899076,35.36421269791357,-0.66,-12667.496
217,02,-9.97768289436776e-06,28.48145621345157,61.04910012837534,-0.72,-12098.244
220,05,-3.085946982284968e-05,-22.07697987414944,55.658551038389554,0.68,2057.5579
221,06,-3.476727682935032e-05,-20.254541469319665,56.16686724849277,2.25,7840.64
222,07,-3.376502295814329e-05,-20.43258258581674,48.29218798171063,2.11,12181.709
224,09,-2.7053925191669103e-05,-10.968042353990342,40.873450344501606,2.17,7801.8623
225,10,-2.0736059433235615e-05,1.8364669255082322,46.07108195983722,2.01,1950.9756
226,11,-1.1372840429430654e-05,5.54297788119846,52.451002673839106,2.06,-5180.2095
228,01,-1.1099072907757458e-05,24.386054642872143,54.87726956107148,2.23,-12721.083
231,04,-2.2395207648413717e-05,-10.670934447903104,67.35853829729425,2.55,-2410.233
232,05,-3.182257207745645e-05,-20.036693252071256,51.31070372274871,2.26,3878.8196
234,07,-3.6390916169732936e-05,-13.917790471887077,46.5719772114318,-1.42,13466.33
235,08,-3.4686337675251e-05,-19.754633603331865,40.27667498864153,-1.74,13834.386
236,09,-2.4247977624205914e-05,0.3736279635959201,55.41774919654528,-1.31,8418.419
237,10,-2.3367591303340108e-05,14.50471792602539,57.49670259841796,-1.21,3259.329
238,11,-1.186565926222506e-05,4.6568576497395835,50.09492808050447,-1.3,-5515.147
239,12,-8.802920268002493e-06,22.454611907630838,51.308709990082264,-1.25,-9021.834
241,02,-1.079772392194216e-05,13.779260249546594,59.85849182345754,-1.18,-11140.977
244,05,-3.422614240797327e-05,-20.88572949317194,50.723297991629586,-1.36,3520.8972
246,07,-3.775679561435789e-05,-20.12216363230059,34.70881050790896,-1.19,13191.832
247,08,-3.318467006672979e-05,-13.657699137697938,45.50563225292391,-1.07,11974.977
249,10,-2.1588807777500546e-05,5.981483147405809,48.24640764357326,-1.31,2212.2803
250,11,-1.3179962080519347e-05,12.654008286878799,52.50058610761298,-1.33,-3715.8447
252,01,-6.553396535759588e-06,18.42038040095504,45.80448549491872,-1.26,-10158.969
254,03,-1.4517082142339604e-05,-0.5979741453765541,58.83941007500695,-1.36,-9405.086
255,04,-2.355722367422762e-05,-12.813957029554578,60.681698268123455,-0.93,-2836.6772
256,05,-3.550879427684679e-05,-19.147158501081563,47.704144963514416,-0.97,2957.0298
257,06,-3.750390542944741e-05,-27.016546727159287,42.780413097916714,-1.14,8824.281
258,07,-3.168135436499142e-05,-21.668345875401656,51.88578506780696,-0.58,12868.203
260,09,-2.4486756719630248e-05,-2.020394458007812,56.817002186003,-0.36,8236.264
261,10,-2.1893689024856883e-05,11.235235126454343,57.40779917159772,-0.55,1797.342
262,11,-1.5146696185204038e-05,20.892512133110895,68.07071139411661,-0.91,-5166.4287
263,12,-1.1904006665214989e-05,20.81303864280127,63.79751548051194,-0.8,-11332.055
264,01,-6.723928980547147e-06,14.384707934964087,53.25762820807451,-0.82,-12909.586
265,02,-9.421481274265325e-06,7.153048214503697,61.79020408172125,-0.87,-12660.965
266,03,-1.3063552253355424e-05,-6.242824222359606,58.59238742218351,-0.79,-9024.637
267,04,-2.4765318735565716e-05,-15.737299090576174,60.65160554169682,-0.61,-2372.34
268,05,-3.372209000100225e-05,-25.790908090242777,45.58359570831253,-0.58,3746.4602
269,06,-3.303585196628976e-05,-31.827683939954966,48.06642211600013,-0.71,8390.001
271,08,-3.349079792080317e-05,-13.273838911159066,49.470468634774605,0.34,13192.0205
272,09,-2.8629883362433853e-05,-3.361749937269423,60.89090815499625,-0.07,8192.846
273,10,-1.872843477780094e-05,15.499699002173642,52.0420637966638,-0.25,2264.6448
275,12,-9.904081011676856e-06,14.487402564920403,52.82181985401466,0.02,-9412.925
276,01,-6.60295483731882e-06,23.604068570044735,51.65779350411636,0.07,-11339.986
277,02,-1.6342577849974034e-05,27.257544948032923,61.67323920420096,-0.26,-10170.318
278,03,-1.718439095667989e-05,-2.8514695644583754,52.573686629964456,-0.2,-8669.768
279,04,-2.4829810814864887e-05,-14.182246478949653,49.20558492463959,-0.36,-1712.9326
280,05,-3.0134792006426703e-05,-17.31557953963741,52.31226475243542,-0.1,2653.249
281,06,-3.5836119472898846e-05,-20.466573669433593,50.7506326838851,0.4,8116.222
282,07,-3.594073215623134e-05,-17.96138944137737,48.60045512300026,0.42,13523.697
283,08,-3.0240783373966385e-05,-12.41071590333344,52.640142950275894,0.97,12609.085
284,09,-2.726855740998468e-05,-6.606480073716904,41.46046437310777,0.84,8736.1455
285,10,-2.2813934475604865e-05,5.003235001430717,55.25826176021304,0.79,669.46313
286,11,-9.433203981300014e-06,10.082439758300783,57.335292302331666,0.76,-6309.908
287,12,-9.155090198257839e-06,-0.601292420089886,52.83887711868107,0.86,-11279.27
288,01,-7.996820467572737e-06,16.024269751435966,52.92226850532075,0.8,-12371.355
289,02,-9.213011075579354e-06,1.6289639434814458,40.65915042115535,0.62,-12378.384
290,03,-1.4304734281419465e-05,-4.024482163624097,45.80751552796749,0.53,-9042.974
291,04,-2.383696288773839e-05,-17.2942943037245,47.44735419490735,-0.08,-3009.7563
292,05,-3.0977665722578726e-05,-19.48317038226384,57.695412786129985,-0.57,3979.16
293,06,-3.491794925367785e-05,-29.63445593295627,48.58540389312637,-0.07,8095.748
294,07,-3.637924248004731e-05,-25.786057973554062,44.12265574810709,0.01,13263.129
295,08,-3.1032737283929096e-05,-31.771135562691633,39.36124998163152,0.01,13157.252
298,11,-8.746191556262298e-06,13.336127873399521,55.471923015075255,0.29,-2959.0176
299,12,-8.986315398414586e-06,16.75842543636855,56.42778465677845,0.1,-8550.869
301,02,-1.1818901434843997e-05,12.780648606925178,58.06078212638148,-0.04,-12027.941
302,03,-1.5225630396960167e-05,1.0669384965794064,50.376974003080406,-0.44,-6903.705
303,04,-2.4217375733618005e-05,-11.611916856553819,59.49211039767795,-0.23,-3951.2234
304,05,-2.847669872224737e-05,-31.81054322043798,50.857990436966695,-0.44,3063.9014
305,06,-3.421590459786078e-05,-30.121984181382924,54.56608841220009,-0.34,8681.48
306,07,-3.5823426863228845e-05,-21.040274605699764,48.61712288511441,0.43,12303.443
307,08,-3.442271008691844e-05,-10.630728795861687,53.4802156332962,0.74,11869.361
308,09,-3.09724094837697e-05,1.3779368174235027,41.60773183429904,0.54,9263.09
309,10,-1.9737982986943505e-05,10.8786054316695,45.96995730125903,0.34,2738.7358
310,11,-1.219442167142309e-05,8.63346869269477,52.650442458646836,0.51,-3161.222
311,12,-6.509792311736683e-06,12.651209838210898,41.13814304297201,0.51,-8483.886
312,01,-1.0532949036563073e-05,27.835473567839585,50.62756816835045,0.08,-10839.556
313,02,-1.0796667724878803e-05,1.9850640389578682,54.967533898224424,0.61,-10977.032
314,03,-1.2645556585016247e-05,2.2825399281491516,62.992716266741034,0.82,-9778.606
316,05,-3.3327865934669755e-05,-23.83920729967343,52.369123788558014,0.18,2715.375
317,06,-3.715115132452208e-05,-30.632264646063906,50.84424858076307,0.2,8353.613
321,10,-1.7187334372416657e-05,10.538457600583316,41.694871458662455,-0.71,3583.1765
322,11,-1.4535249143672345e-05,9.326381112670902,61.63253474075529,-0.75,-3213.3057
323,12,-9.12172876785682e-06,14.485518746324761,56.37181309181387,-0.73,-10090.598
324,01,-6.5253165958961526e-06,7.280853728591756,43.42763289413273,-0.68,-11462.959
325,02,-8.8568046297561e-06,4.634872235616048,55.29220876641359,-0.5,-11271.537
327,04,-2.37631702343909e-05,-18.782449027506512,53.65862876264652,-0.84,-2585.6016
328,05,-3.370682173148433e-05,-13.439136345319852,55.415879218805216,-0.43,3710.1167
330,07,-3.3670624993676266e-05,-35.11209074615151,34.7803111832411,0.11,12992.965
331,08,-3.203818718891423e-05,-14.970106861073484,56.166526000266416,0.56,12927.066
333,10,-2.0357669840078775e-05,8.929626497002058,49.91160704086961,0.68,2253.1653
334,11,-1.6638314112929544e-05,21.698549422539603,51.20864173750348,0.9,-3355.9844
337,02,-9.635896793779033e-06,12.227102448962983,62.05461917357218,0.39,-12549.844
338,03,-1.969343553138324e-05,2.858439688077537,50.951221448258686,-0.22,-7271.134
339,04,-2.5420359923575438e-05,-23.728481532796227,35.425640993569964,-0.36,-3787.2556
342,07,-4.0491175616739144e-05,-14.380545316962786,51.51913973191349,-0.77,12000.915
343,08,-3.430768915528969e-05,-11.902402343421853,46.669440629773256,-0.93,12787.979
344,09,-2.677926907070085e-05,-2.246240928141275,48.58724766878287,-1.1,9155.529
346,11,-1.4172945336880124e-05,15.984315191311307,55.0159122577058,-1.13,-4733.185
347,12,-9.103623443880553e-06,18.67049515623687,44.72693699303237,-1.22,-9024.478
348,01,-9.98381483742544e-06,30.50790186531313,59.32570013750177,-1.08,-11598.759
349,02,-9.733829621899499e-06,11.488472740085646,43.235250111784055,-1.27,-11747.354
350,03,-2.0140387961912898e-05,4.352542552004578,67.29393991330491,-1.54,-7457.0938
351,04,-2.446588194630345e-05,-15.287676639472116,50.48518859204715,-1.13,-1611.5374
352,05,-3.326288808405293e-05,-18.37616691179173,46.32872357566895,-0.98,2227.8083
353,06,-3.476253857051133e-05,-32.52892781643338,47.80475471985869,-0.86,8978.758
354,07,-3.577182100015043e-05,-18.878891244211506,53.425692884929724,-0.87,12870.352
355,08,-3.3834556450724496e-05,-9.036356891591062,49.02626591384924,-1.08,11999.006
356,09,-2.5189189388381943e-05,-2.5223080678304033,46.95382839618127,-1.07,8318.627
357,10,-1.8222273044254205e-05,6.518695762716314,54.30898137165141,-1.12,3302.1084
358,11,-1.2143508331428165e-05,12.723418456013999,55.05112889809742,-1.05,-3619.1125
360,01,-6.219402897665034e-06,13.638463789416898,56.756673166043,-1.01,-11205.489
363,04,-2.2896213735516033e-05,-13.763160278998479,44.90089633327524,-0.81,-2817.884
365,06,-3.4585202314802804e-05,-32.20444840494791,47.13420631794532,-0.06,8036.0156
366,07,-3.995988693131167e-05,-23.939954596078525,46.67216465320125,0.49,11918.848
367,08,-3.326769469126164e-05,-18.63527480389995,42.41847231385144,0.52,12290.963
368,09,-2.396435872586961e-05,-8.675344586181641,43.626415080409586,0.39,8966.112
370,11,-1.3997967538165946e-05,28.005924584282763,63.3120259418408,1.05,-3951.7334
371,12,-8.896478755051119e-06,9.686923075029926,62.37685010996686,0.96,-10738.966
372,01,-6.091251291421628e-06,2.9262350808420488,60.36061479552843,0.93,-11979.059
375,04,-2.4690822054900404e-05,-20.66956467929416,50.227940069592,0.49,-3131.8467
376,05,-2.827942739082006e-05,-27.387183430333288,51.416537502500645,-0.17,3417.2827
378,07,-3.4407490462771055e-05,-31.11366353779454,49.13440625845617,-2.43,14107.055
379,08,-3.27152816781925e-05,-15.088779016966459,50.057286181364006,-2.4,13841.503
381,10,-1.8914465963579488e-05,8.677334267236855,54.52403665949838,-2.18,1818.0554
382,11,-1.1904203317903414e-05,4.708053307088217,64.34552551558414,-2.04,-3235.4666
383,12,-7.738160395268594e-06,4.967533013128466,56.59717789244652,-1.91,-8031.373
384,01,-4.432973011169315e-06,15.641597058367989,49.85520389962581,-1.83,-12084.061
386,03,-1.235675504704564e-05,-6.3443144091534345,43.386579177287324,-1.79,-8743.558
387,04,-2.5035789431644346e-05,-14.869033695136176,49.48712501599656,-1.74,-3776.0852
388,05,-3.0008848766624646e-05,-32.62149781881353,48.67582858574712,-1.29,3012.41
389,06,-3.4230032604055946e-05,-25.01744469502767,49.43961729888122,-1.08,8517.206
390,07,-3.7348723895911946e-05,-18.427609645064162,51.34294977803511,-0.86,13294.062
391,08,-3.274760770019843e-05,-10.64563058373236,50.85391145080519,-0.88,12544.826
392,09,-2.5484862159343414e-05,2.648160398695204,48.54894579696125,-1.16,8108.398
393,10,-1.916051529891168e-05,8.726722329416583,41.10612051369683,-1.37,2844.6843
395,12,-1.2744765838047034e-05,29.389911852764826,62.27082245179138,-1.24,-8253.735
396,01,-9.557997748420493e-06,23.492998173539362,55.985124487241116,-1.08,-11731.422
397,02,-6.941694202459045e-06,2.77444112036694,54.92825397600388,-0.67,-12285.685
398,03,-1.1845709033173812e-05,-9.130659757880753,42.53471919810516,-0.59,-8164.2803
399,04,-2.412122515035865e-05,-15.116672309705946,65.52592149374486,-0.43,-2470.3406
401,06,-3.633841799156573e-05,-15.284035491265191,54.862410076340026,-0.28,9083.189
402,07,-3.9630504535585143e-05,-18.105863085346844,55.33667580591222,0.3,13775.179
403,08,-3.664081436780238e-05,-14.530181596981583,48.63167088847007,-0.06,13345.117
407,12,-8.270612005098982e-06,23.135962751162953,68.44660146777348,-0.07,-9457.645
408,01,-7.079607454118081e-06,9.77005108642578,59.36599973937003,-0.05,-12109.777
409,02,-9.82560560788399e-06,1.2790957768758144,54.799641565576906,-0.07,-11193.512
410,03,-1.6003138249269338e-05,-14.11737674147083,62.83003596656937,-0.14,-8753.1875
412,05,-2.7662325821888435e-05,-23.158452428017892,56.92952051083376,-0.71,4305.2153
414,07,-3.405638901301333e-05,-27.630988150319745,40.32137145659744,-0.85,13352.097
415,08,-3.2683108437937644e-05,-17.84199171037572,39.46305893081491,-0.5,12718.531
416,09,-2.475842662511746e-05,-8.054260448540582,49.65095689521101,-0.38,8738.326
417,10,-1.765674730958508e-05,13.677036990258001,51.31546706972713,-0.16,3203.9104
418,11,-1.2026654228591521e-05,13.685960133870443,60.59634180396663,-0.18,-2626.149
419,12,-9.44601224512954e-06,28.97793200421077,55.46996279250422,-0.35,-8320.32
421,02,-1.1990748406116751e-05,26.598223410470148,61.15281964255657,-0.43,-11499.0625
422,03,-1.6731313326227373e-05,-1.3453218475669946,47.843510205716214,-0.08,-9021.102
423,04,-2.3883861623916246e-05,-16.521862002224392,58.86005653639768,-0.16,-3034.3955
424,05,-3.2321809314922687e-05,-17.350711201329386,63.11191008513332,-0.18,4430.5806
425,06,-3.645346474101341e-05,-28.120134918891054,43.231891095406475,-0.01,9433.242
426,07,-3.570791800838603e-05,-18.498887496784167,52.862582088247414,0.32,13080.938
427,08,-3.5946427165531874e-05,-15.756697428713563,51.75170243226714,0.16,13174.828
428,09,-2.0748739615697153e-05,-9.244409510294595,35.08465283191469,-0.15,8515.01
429,10,-1.6616273676728237e-05,8.951883064844276,46.06859467966968,0.07,2393.5742
430,11,-1.0089955154782932e-05,6.784489759657117,59.376273723493675,0.34,-4730.364
431,12,-1.0581146033268115e-05,22.95546643394552,54.273882943514856,0.34,-8236.512
432,01,-9.2527426375611e-06,26.340960131573418,62.63006211892765,0.23,-10171.193
433,02,-8.153189459681882e-06,8.31590086110433,48.93550452213628,0.05,-10029.658
434,03,-1.5915630637317265e-05,-1.6360386480515998,44.90566300547765,0.13,-7045.9556
436,05,-3.070366395367009e-05,-25.76910455847299,53.73915812349191,0.96,3160.8777
437,06,-3.477750818122634e-05,-31.860220404391814,46.7203716229452,1.85,9381.481
438,07,-3.7615658574522775e-05,-25.170489753641114,45.05531850020347,1.73,12424.719
439,08,-3.326061218056918e-05,-12.586229408838417,52.3345120203854,1.92,13571.641
440,09,-2.5603061031688413e-05,-1.6679924726698132,46.654843129608366,2.21,9828.084
441,10,-1.3186316454061119e-05,-1.463842040031187,51.45971762442205,2.11,2611.8623
442,11,-1.4898132296588707e-05,27.46974549831814,55.57987919455502,1.88,-2236.6758
443,12,-8.385574634596725e-06,33.275967709449034,59.292129598577816,1.9,-8072.3916
444,01,-9.004527324929857e-06,20.359526514525058,60.00615774854665,1.94,-12845.805
445,02,-1.2519085415486441e-05,14.879537966322628,54.698993667597065,1.81,-10623.916
446,03,-1.4810545610421827e-05,-5.396197126162949,59.004922374092125,1.31,-7800.942
447,04,-2.7581765115751797e-05,-20.820068422105575,57.557788026644126,1.33,-3235.6257
448,05,-3.16294027814815e-05,-19.310568396455505,50.32535560724812,1.26,4119.354
449,06,-3.356170396635004e-05,-23.02242342732747,60.87640379265148,0.36,9924.517
451,08,-3.3272750999810424e-05,-17.014684508621052,43.397001161080546,-0.28,14524.844
452,09,-2.4645985519115736e-05,-7.889081433783638,37.34792189491059,-0.34,9769.527
453,10,-1.526362983537594e-05,-3.798430909843855,48.34944315867911,-0.6,1844.9221
454,11,-1.1750765303218536e-05,10.89123139716254,54.5964946256227,-0.51,-3737.379
455,12,-4.447676278540448e-06,15.633635981405934,42.93341399640295,-0.34,-8530.104
456,01,-6.416161365773257e-06,12.223324068787278,48.97643718384928,-0.41,-10705.264
458,03,-1.5800369091061108e-05,2.527072602630943,59.88884960889175,-0.58,-7249.8296
459,04,-2.5679135762624757e-05,-26.331729773288306,46.84454056873057,-0.21,-3076.7207
460,05,-2.9667726341906155e-05,-25.198657173730993,56.839670298081565,0.17,3459.9407
461,06,-3.566179110415154e-05,-31.36642959594727,52.944568701901716,-0.29,8290.971
463,08,-3.333480648354688e-05,-12.395997953681537,44.035043613662005,-0.77,13493.594
464,09,-2.5415033401845397e-05,-5.530321179199219,52.86381167994076,-0.8,8954.721
466,11,-1.2597567349661808e-05,15.910226154920792,53.90823562632401,-0.63,-3000.9675
468,01,-8.493993727101315e-06,23.796599253992884,55.116003269850566,-0.77,-10291.651
469,02,-1.1806723732206594e-05,-2.6082788761683875,46.30087924139698,-0.7,-10507.367
470,03,-1.3339704251535219e-05,-6.768148279333628,63.03257818707726,-0.79,-6819.957
472,05,-3.631899526441482e-05,-17.44638056798135,47.40056218499266,-0.91,4293.993
473,06,-3.447691067930363e-05,-33.33076165534125,39.74884000571834,-0.51,9036.498
475,08,-3.324744642680256e-05,-25.59706884437479,43.61733073811633,0.36,13787.605
476,09,-2.7110998255941223e-05,-4.088550005425346,48.59134079140956,0.52,9802.426
477,10,-1.717439320385384e-05,2.0582064438686585,44.893768001867876,0.41,2801.7935
479,12,-7.425197422547768e-06,21.47761040308142,53.53903508252609,0.13,-8680.183
480,01,-8.170035396257738e-06,18.813249751593478,61.34680531404607,0.08,-11618.699
481,02,-8.232899953890454e-06,13.675333238874163,51.283400613031226,0.52,-10545.981
482,03,-1.7898125718357898e-05,7.876527682396675,54.192069970153995,0.77,-8349.755
483,04,-2.786484313502215e-05,-15.88577495863173,41.53150874974462,0.33,-3503.7063
485,06,-3.9525050331051005e-05,-23.208365014648436,47.86380608810849,0.35,9546.053
486,07,-3.625940142692049e-05,-31.74150496025496,48.734570516079984,0.24,13080.135
489,10,-1.8569231195137014e-05,10.235854191605762,54.45598049366731,0.27,4081.1792
490,11,-1.0039879183467646e-05,10.335369747924807,64.20363267016013,0.45,-3528.4143
492,01,-6.012859741277161e-06,22.106840989635838,48.67357203781476,0.29,-9676.119
493,02,-1.5386156723984276e-05,31.748662168305497,64.97568837541958,0.3,-9792.387
495,04,-2.7043378228700023e-05,-24.0670989525689,35.17819720014996,-0.11,-2519.2622
496,05,-2.995519203009721e-05,-45.04488896819084,46.51938461271666,-0.24,3375.1777
497,06,-3.546342912159163e-05,-30.903872137790252,54.092656515480414,-0.73,9637.652
498,07,-3.552329937512147e-05,-24.55973527871409,49.31133174363516,-1.0,13882.622
499,08,-3.48960954878191e-05,-17.491402352609946,46.845165995435046,-0.99,12768.902
500,09,-2.4679065476549213e-05,-6.537764871215822,41.4254565234277,-1.19,9964.512
501,10,-1.848353834580477e-05,14.114419966174706,59.132486595437086,-1.2,3863.9004
502,11,-1.0186800306089735e-05,15.631692754109702,47.969248177954896,-1.15,-2120.542
503,12,-6.893300624729055e-06,15.732371215492165,60.65007041392917,-1.16,-9304.26
504,01,-7.860778656987515e-06,14.34612370152627,66.80461903254064,-1.2,-11128.205
506,03,-1.5948935392546162e-05,-0.9029574194467195,53.47545231677126,-0.79,-5794.0127
508,05,-3.230829694098981e-05,-22.4746828918457,60.26473778712485,-1.06,3581.864
509,06,-3.7502937650666964e-05,-26.38411481492784,47.88007799596918,-1.11,10230.955
510,07,-3.6336240956178925e-05,-19.074829963273896,48.14752719921964,-1.53,15005.349
511,08,-3.444879628501263e-05,-12.903870650096605,45.419211714576655,-1.34,14154.496
512,09,-2.3354238802332672e-05,-7.743464881388346,41.71682162190013,-1.41,9602.482
513,10,-1.864643046111826e-05,14.62936670381279,46.729617401201246,-1.47,4169.318
514,11,-1.0072340758698473e-05,9.36498726196289,49.88987413275507,-1.4,-3029.1968
