,month,MER,MSSHF,RH,SH,EA
0,01,-7.186377549426466e-06,5.464709561255669,62.6901256937955,0.00035855482704265606,-0.98
5,06,-3.330413338050373e-05,-22.16353809509278,52.028707694198026,0.0009014931640296304,0.15
6,07,-3.0671342559486147e-05,-22.637875941122733,53.00265082314577,0.0010329003032600922,-0.59
7,08,-2.8487004876296853e-05,-12.56110269165039,50.14281140049425,0.0009515669327950404,-0.92
8,09,-2.3132900744369383e-05,-4.023202255249023,42.3501046719922,0.0009334240310760934,-0.42
9,10,-1.6345863611966567e-05,2.642213581372333,56.92965585534547,0.0009355248356116273,-0.26
10,11,-1.1569333000928361e-05,13.890767045423724,49.679388139549886,0.0005703534181247354,0.62
11,12,-1.207531024335357e-05,24.691616260159407,64.98245628347064,0.000536514795466784,0.94
12,01,-5.795284385228985e-06,8.867661568262244,49.01821534482766,0.0002899667802897751,-1.08
13,02,-7.359469057738698e-06,6.865867059466484,53.581606617508264,0.0004711822304191866,-0.13
14,03,-1.4070489600584629e-05,-6.186828353717764,55.02083505403355,0.00038754746073307194,0.18
15,04,-2.282624180893941e-05,-17.872287172783746,48.97103869282801,0.0003994695938296395,-1.99
16,05,-2.9285246377967465e-05,-30.998830406271004,47.47244699586335,0.0004922136487145694,-1.45
17,06,-3.014735746900341e-05,-26.066622504679362,62.37913317463399,0.0008849550965466025,0.38
19,08,-3.1051088017916934e-05,-11.540256553403795,47.008779259716306,0.00108178564986637,-0.68
20,09,-2.365392635981859e-05,-3.0327022542317708,42.946886476458445,0.0009669164780382541,0.9
21,10,-2.1172643707369163e-05,7.590982919672484,58.4636376896443,0.0007849959412277741,0.42
22,11,-1.4279194747299093e-05,14.235161112806532,54.54851769668525,0.0006224606235835986,-0.2
23,12,-7.873070872231058e-06,26.063403682913826,61.380955716897084,0.0005165828911668244,-1.29
24,01,-7.860688640385075e-06,20.899533713063885,47.875411116570554,0.000374949257934248,-2.52
27,04,-2.2320882245185202e-05,-19.334173597547743,50.02077896680037,0.0005069280005498918,-1.5
29,06,-3.0904296795920855e-05,-15.787571440294057,51.69619375912348,0.0009842194550476254,0.57
31,08,-2.8741253340065727e-05,-19.03508228654759,42.77699926753197,0.0010760535270361797,-1.48
32,09,-2.269007780640903e-05,-3.5648343312581385,46.85175361700852,0.0008672290949221253,0.54
34,11,-1.4328458308167076e-05,19.586548003133142,54.57233108670976,0.0006729366678450485,0.01
35,12,-7.687594037497059e-06,8.885675470167591,67.75924336626196,0.0004129887476064696,0.58
36,01,-5.276928763964617e-06,11.574925520045783,58.01885871766587,0.00046975674859519613,-0.23
38,03,-1.6001877676116956e-05,1.792558938959594,55.95160838729334,0.0003661708261100601,-0.47
39,04,-2.3437909088230905e-05,-21.874123499891493,46.11000325809585,0.0004928932368082314,-0.97
40,05,-2.9170486620455693e-05,-20.4214844770534,47.92201473479629,0.00055373141337474,0.72
41,06,-3.17826830204164e-05,-27.949367026435006,48.16991035015053,0.0008103595633521967,1.23
42,07,-3.416977696542745e-05,-21.999847670688425,39.2781192299025,0.0009021180810537498,-1.59
43,08,-3.1963929242763654e-05,-15.790871219429917,46.55304641459066,0.0009689928345582772,0.33
46,11,-1.519573135911843e-05,20.401449884033198,56.70156626680825,0.0006367408295191699,0.85
47,12,-1.0313162028783104e-05,17.753608460457098,55.75187243828721,0.0004811068228571663,-1.34
48,01,-1.1369238679367056e-05,31.70380508160335,51.86229076744793,0.0005065474144361389,0.59
49,02,-1.1685804688698098e-05,2.732715975443522,46.129101684696614,0.00024583032542684335,-1.05
51,04,-2.090864053300013e-05,-10.60586452026367,65.75529212030038,0.0005298972676287223,1.31
52,05,-2.6606813441591635e-05,-11.409518621957432,66.050863289825,0.0006822573668070693,1.06
53,06,-3.6603149109497395e-05,-25.008415187242296,46.266101067479454,0.0008680787925681217,-0.92
54,07,-3.282222612492611e-05,-33.091220865229126,44.1499227373741,0.0011865903298230965,-1.72
55,08,-2.6941880611302234e-05,-27.08358682743196,31.77761535606461,0.0007854492272301715,-0.54
56,09,-2.725831751290065e-05,0.9693071214463977,44.86737590899468,0.0008300272881937013,1.93
58,11,-9.367185011372688e-06,10.117007967122396,41.05919099200301,0.0005637446514673988,0.04
59,12,-8.522425015388596e-06,21.808005747805364,57.410435429080856,0.0005939787194328425,-0.05
60,01,-1.1848107099418698e-05,28.771229348787696,56.9102486772409,0.0003542191671304773,-0.31
61,02,-9.682757584759485e-06,6.4267875001403105,47.08914505602986,0.0003115679466334117,-0.34
62,03,-1.3818876191033916e-05,-6.2181760956138685,56.610379949503034,0.00032761467128058087,-0.9
64,05,-2.301351515928619e-05,-21.276121071107926,61.30564291210714,0.00067266253149976,-0.92
65,06,-3.0384449369921637e-05,-25.249517172580298,53.14751710217263,0.0009127790745715982,-1.29
66,07,-3.052118788760435e-05,-16.333257173927887,51.58020934386151,0.001033779662579662,-0.41
67,08,-2.8069958612225798e-05,-17.017802792784988,42.472240740586344,0.0008598136095184325,-2.22
68,09,-2.2138291550658728e-05,-0.809648367987739,66.94727416271104,0.0010072270758296226,-1.59
69,10,-1.5594664512004833e-05,12.420039781796033,52.5519555827328,0.0008134660352591524,1.91
70,11,-1.2000811908506469e-05,17.20852971835666,62.11537896577253,0.000733812687942615,0.64
71,12,-7.343828446024142e-06,12.754345215500043,59.86620702467682,0.0005638061713049892,-1.18
72,01,-6.201572312694294e-06,7.789162023728894,59.71689801232405,0.00032037616245556873,-0.78
73,02,-7.646551471441942e-06,-7.170963860648018,49.17462651499538,0.00043289734202582635,-0.14
74,03,-1.1304150707112197e-05,-2.56875498781922,68.34861116093205,0.00041982346533168605,-0.56
75,04,-2.3272295822324753e-05,-10.486857863362628,59.37646033687326,0.0005507065881250634,0.3
76,05,-2.800802443084893e-05,-16.149492612120927,55.7763452255995,0.0007271333313690247,-0.66
77,06,-3.090711121482552e-05,-17.990251360066733,61.34983533646531,0.0007727630264536654,1.06
78,07,-3.447742918110781e-05,-15.274860501197074,50.75858460182529,0.0010814784673431896,-0.23
80,09,-2.244669017984254e-05,-3.3109654418945316,48.444472670045165,0.0010995125499796714,-0.18
81,10,-1.5745955748394817e-05,1.4800897167574978,41.847355274659336,0.0007476628478483084,0.17
82,11,-1.5779393952086846e-05,2.730464919026692,53.6031213278585,0.00036442432660848377,-0.17
83,12,-6.748697063030508e-06,22.216181771555252,62.92255071562849,0.0006171308285160469,0.12
85,02,-9.105866422227595e-06,-15.737989101954868,41.279925076501705,0.00019560193471323016,-0.59
86,03,-1.09558865346488e-05,2.199697240357758,53.96111336709735,0.000417650180977115,0.33
87,04,-1.9242588071877733e-05,-14.953707265557181,61.57429541588492,0.00039568850197150223,0.1
92,09,-2.1116000810717296e-05,-5.870355172729491,52.886519872754164,0.0010170114291461383,-1.34
93,10,-1.7202233669146365e-05,6.4104873591597356,48.62927366667281,0.0008042660296969873,0.91
94,11,-1.2770530823662637e-05,20.62896745435927,57.76803370095226,0.000712386935210562,0.72
96,01,-8.849628261046861e-06,-8.473066081057311,52.03738375666833,0.00039371051453645855,0.06
98,03,-1.3287096029671374e-05,-5.803373095440609,55.151999684815046,0.00038326355497387356,-1.53
99,04,-2.2575659647211267e-05,-11.442104777696397,52.015024873095086,0.0005509123427555208,0.76
100,05,-2.791426425801057e-05,-28.103053294192083,60.924986691195485,0.0006231550341834262,-0.9
102,07,-3.379324687933062e-05,-20.07741719498173,55.40260847481861,0.0011762637337276985,-2.42
103,08,-3.0242934917310693e-05,-13.572054321945357,50.633880177582476,0.0011241900766090502,-1.26
107,12,-5.659096497726741e-06,10.619382738339004,50.16868590621025,0.0006231452756041871,0.95
108,01,-9.400724827868036e-06,23.76198229324177,64.8158600401199,0.0005186993550770137,0.99
109,02,-1.553154618433063e-05,17.196350676788683,61.10995617006565,0.00036645799898507564,-0.83
110,03,-1.4791143874625109e-05,4.141464673442225,71.63935923557511,0.00047325576421621175,0.4
111,04,-2.4692344382775542e-05,-22.74501348402235,55.09817502149212,0.0005172340481790242,0.19
112,05,-3.182606770285695e-05,-15.882362545546664,52.83810746537357,0.0007443033780645266,-0.01
113,06,-2.7714982728361462e-05,-28.63852083367242,47.29024293223089,0.0008593489899378255,-1.71
114,07,-3.385038605679304e-05,-9.511822006717805,59.07058047961163,0.001171458948932473,1.25
116,09,-2.5435363158006416e-05,2.907980506727431,49.177534459747214,0.0009323654926211424,0.42
117,10,-1.6347254436593455e-05,7.273599919801116,47.520342997120274,0.0007721173569709835,-0.66
119,12,-7.866494279115095e-06,20.208327730240367,52.71666673100892,0.00053423904773601,-1.18
120,01,-5.490775168401608e-06,12.580168148245866,46.32122026583841,0.0005023698754026696,0.7
121,02,-1.1993180484209699e-05,15.243881237211681,52.799659086113884,0.00042497837058714,0.22
123,04,-2.3728384267512105e-05,-15.711892689005532,62.36782957411343,0.0005368266940982721,1.12
125,06,-3.3498540398290464e-05,-35.047065074327264,55.710710440916486,0.0008175972156450774,-0.87
126,07,-3.3625666249610085e-05,-27.510599928661055,42.19065745926929,0.000971569565642772,0.02
127,08,-3.0036708770112647e-05,-17.0266568734774,43.458151734339296,0.0009896705504082786,-0.57
128,09,-2.1827326350689368e-05,-6.781363076782227,44.02462579022247,0.0009320243816883804,-0.57
129,10,-1.9913688146604526e-05,14.103063629806684,48.60193847477949,0.0008421332443241979,-0.35
130,11,-1.311930024130561e-05,7.912713109334308,43.72629240063826,0.0004454905331929088,-1.88
132,01,-9.708490018202875e-06,23.531725362798216,54.619796854420386,0.0005105691684948654,0.19
134,03,-1.7018775953137494e-05,2.372058311872584,47.98838851665681,0.00048062062612102977,1.31
135,04,-2.7999317039636173e-05,-19.276666238742408,46.732171709169286,0.00037736529698403654,-0.67
136,05,-3.125298669270236e-05,-34.3688931694441,36.06377147361027,0.00042185220914118,-1.27
138,07,-3.559518055198981e-05,-33.07448882301904,37.832517702871755,0.000870340643866736,0.02
139,08,-2.897321149455781e-05,-28.290339532667595,47.590817581110095,0.0010727420896216627,-0.24
140,09,-2.7407515947157255e-05,-3.6402964202880854,48.108384553693405,0.0008673468175783354,-1.44
142,11,-1.0645134954231454e-05,8.876481322224937,54.38112868225972,0.0004970781178460824,-0.15
143,12,-1.0178729378000547e-05,19.264495642221096,49.02194799312469,0.0004455819003796224,-0.78
145,02,-6.996622216688376e-06,0.507544446309408,46.996895068120395,0.000305701507385693,0.15
146,03,-1.2629808311264428e-05,-0.5304674036169569,53.76618897918476,0.0005727407951866191,0.7
147,04,-2.5889148811054637e-05,-18.50936585184733,50.20018549894757,0.00041218083241272116,-0.86
148,05,-2.5811937759284265e-05,-33.066711107479634,47.67298183366304,0.0005622225995608382,-2.66
149,06,-2.987989489524302e-05,-20.686577268473304,57.62339900992447,0.0007455840776351881,-1.45
150,07,-3.606362330103894e-05,-12.26554677852508,46.37869990175771,0.0011091873102282322,-0.86
151,08,-2.9805839779475068e-05,-22.79464663072811,38.70661156831249,0.0010097339748723264,0.05
152,09,-2.1833397036001162e-05,-8.548686426798504,39.4321560544822,0.0008007140552823532,0.48
153,10,-2.004618059737534e-05,2.17344532234438,45.307421456006274,0.0006820325499599374,-1.63
154,11,-1.4646135411648073e-05,14.444811823866104,60.08639300202131,0.0006339337644810405,0.49
155,12,-7.654158530845394e-06,17.942148733159545,42.031411531264894,0.00046165224257053707,-1.3
156,01,-5.988280283046514e-06,9.900324605634134,41.55076964045469,0.000437638549289248,-0.54
157,02,-7.568776633878318e-06,10.513905402874128,42.596786469010105,0.00039763415424268303,-0.19
158,03,-1.6743815379482177e-05,3.675611719931326,56.535387553599556,0.0004879701252311531,-0.08
159,04,-2.3724830210206465e-05,-12.979907084147134,60.15185276207658,0.000579528459085648,0.04
160,05,-3.502280750303383e-05,-18.415903687507882,37.98684394011575,0.0005439886107167655,0.53
161,06,-3.339920427913765e-05,-25.873405965508358,43.36981476617124,0.0008486856836498394,-0.31
162,07,-3.3542465003026134e-05,-26.574038988010855,46.61348771423679,0.0011160113274397768,-1.23
163,08,-3.290884278264643e-05,-13.404264240552024,52.83446418771308,0.0012228114123283905,1.74
164,09,-2.5466491539959356e-05,-1.4094354346381297,48.6797681992597,0.0008614746787727199,-0.22
165,10,-1.9484351597922247e-05,1.9587082073252686,58.379234332862715,0.0005589232049004094,-2.36
166,11,-1.321692710625939e-05,23.694389510769323,50.96693710040848,0.0005697992317844588,1.0
167,12,-8.425528942156701e-06,11.411874493342573,45.69198678764476,0.00046205227275860006,-0.05
168,01,-9.715480358609446e-06,34.39173987899288,57.42208674485646,0.0005887621752377449,0.63
169,02,-8.449411843078754e-06,-1.1622854381742926,41.2482318814184,0.00038359931115603885,-1.82
170,03,-1.4966802825774622e-05,-6.011914413616221,42.24266758934657,0.0004124762266675568,-0.03
172,05,-3.0932743489659034e-05,-26.541132331437964,51.168041845343446,0.0007194121543284234,-0.68
174,07,-3.3366269429406925e-05,-23.52127023184171,53.23872095220833,0.0009773544866860003,-1.41
175,08,-3.234485571499712e-05,-11.285276480397874,49.79429166342623,0.0010167660779612973,-0.81
177,10,-1.798888249350155e-05,2.3637267239478326,43.9463890340828,0.000542134024022548,-1.13
178,11,-1.1587640056374466e-05,-1.8295716874864363,52.225245416957804,0.00047988380124447253,-0.77
179,12,-9.250304196792702e-06,31.236705364924607,64.63241229699248,0.0004956924168822877,0.43
180,01,-8.814763398506955e-06,28.086010490499522,59.814965074129006,0.0004701822597394422,0.0
181,02,-9.681430163471391e-06,-2.9269207930791947,54.97462990093799,0.0004138276064931533,0.83
182,03,-1.5868986940443404e-05,12.424105568506382,56.25959003628518,0.0005810495797577411,0.7
185,06,-3.390126228795352e-05,-22.424498955281575,49.86442946763436,0.0010699702445989207,0.74
187,08,-3.527003988845888e-05,-15.806742182249662,41.714041907468136,0.0008680270261172562,0.75
188,09,-2.649383951805552e-05,-2.2674784339057075,50.77799905458556,0.0008433525541978978,-0.79
189,10,-1.8016295581522476e-05,4.47270425086893,52.33998963107474,0.0007590626369145407,-0.9
190,11,-8.92097842036795e-06,12.752254605102538,55.27824593100681,0.0008178240753429337,0.76
191,12,-1.093666692604627e-05,22.757288210632986,53.902280609893545,0.0005556525008313002,0.97
192,01,-1.2804497735976505e-05,25.385474410518523,57.77612080058489,0.00045759688101936,0.09
193,02,-1.271823695051786e-05,20.178666164579848,60.9734689490412,0.00048809193327531924,1.03
194,03,-2.219248033328259e-05,-0.5256330294045062,56.57506640008187,0.00037265990637394303,-2.46
196,05,-3.3250014936618425e-05,-29.631465932538433,52.844916530618114,0.0006214292339710306,0.06
197,06,-3.44918315846169e-05,-24.446217814466692,49.08188772321145,0.0007471122926498033,-1.84
198,07,-3.591561413959817e-05,-25.92438248894804,39.340810654867084,0.001035028367159925,-0.8
200,09,-2.6222378082234683e-05,-4.395296908230251,54.09243484116659,0.0008676720050675714,-0.37
201,10,-1.4566836962311297e-05,5.514771194293934,41.310020164710224,0.0008753650264261328,0.53
202,11,-1.3042386322538529e-05,9.068964893934462,58.53600206141338,0.0006469659394806109,-1.35
203,12,-8.991161045966975e-06,-5.598886509064706,48.51484771922968,0.00039905608716880105,0.57
205,02,-7.544903639281147e-06,5.38362545916678,55.18347650017959,0.00031412921131322426,-1.12
206,03,-1.2827322511164368e-05,-10.990242480862525,51.72073062135199,0.0004322530456430366,-0.65
208,05,-2.4253428110207234e-05,-26.022296560964275,51.92535755428705,0.0006685273422467372,-0.38
209,06,-2.8253365109311642e-05,-38.732165323215064,41.61192797080808,0.0007725716853643563,-0.53
210,07,-3.142641031134248e-05,-27.054918192217425,49.82263012584947,0.0009566610893040974,0.39
211,08,-2.9903093116464793e-05,-15.358725825155936,42.33743624172287,0.0008052989171323801,-0.08
212,09,-2.534073391895315e-05,-7.00570699428982,43.673043699496326,0.0007056351989302735,-0.95
213,10,-1.7171301486478214e-05,8.106230379494288,51.02844809201841,0.0008193838488076182,0.49
214,11,-1.4551765714713837e-05,14.46901237657335,58.72207561985916,0.0004943569559801082,1.38
215,12,-8.836182103413613e-06,1.1414017176474303,51.832999992789766,0.000456995769084828,-1.52
216,01,-3.583592048936e-06,-1.2817189340899076,35.36421269791357,0.0002965270524839061,-0.13
217,02,-9.97768289436776e-06,28.48145621345157,61.04910012837534,0.0005305327026612487,1.06
218,03,-1.2413017713795421e-05,-3.0697627356744577,49.8996438915832,0.0005206532129615308,0.27
219,04,-2.201332183204714e-05,-17.60772253417969,50.15108422283994,0.0005176294510015927,-1.91
220,05,-3.085946982284968e-05,-22.07697987414944,55.658551038389554,0.000691181856834612,0.61
221,06,-3.476727682935032e-05,-20.254541469319665,56.16686724849277,0.0008864397704303581,-0.75
224,09,-2.7053925191669103e-05,-10.968042353990342,40.873450344501606,0.0009289264848881631,-0.81
225,10,-2.0736059433235615e-05,1.8364669255082322,46.07108195983722,0.0007064217952702141,-1.5
227,12,-9.893875752236308e-06,16.98351939342868,60.12797338394067,0.0005512983522442909,1.74
228,01,-1.1099072907757458e-05,24.386054642872143,54.87726956107148,0.00045592296519506595,0.14
230,03,-1.582076560769428e-05,4.910139277304372,64.38913835901599,0.0006810213565312239,0.49
231,04,-2.2395207648413717e-05,-10.670934447903104,67.35853829729425,0.0005132326088525791,2.39
232,05,-3.182257207745645e-05,-20.036693252071256,51.31070372274871,0.0007038634061112829,-1.25
234,07,-3.6390916169732936e-05,-13.917790471887077,46.5719772114318,0.0009119439115554566,1.04
235,08,-3.4686337675251e-05,-19.754633603331865,40.27667498864153,0.0009149996268527415,1.31
236,09,-2.4247977624205914e-05,0.3736279635959201,55.41774919654528,0.0010404470592029612,0.17
237,10,-2.3367591303340108e-05,14.50471792602539,57.49670259841796,0.0007692835288216944,0.71
238,11,-1.186565926222506e-05,4.6568576497395835,50.09492808050447,0.0004236663616776847,0.11
240,01,-9.430198710966792e-06,24.63400003675235,61.44896206574927,0.0005411838983149154,-0.27
241,02,-1.079772392194216e-05,13.779260249546594,59.85849182345754,0.0004247924906180526,-1.64
242,03,-1.3397230129969535e-05,-0.9194605676794566,60.6708199271861,0.000520822167453769,-2.01
243,04,-2.54553507465769e-05,-17.42901027967665,53.24983413987689,0.00045097119342235603,1.01
244,05,-3.422614240797327e-05,-20.88572949317194,50.723297991629586,0.0007112033766742989,0.41
245,06,-3.759346314859108e-05,-24.964019442409946,49.104056137108806,0.0007349941236675172,0.13
246,07,-3.775679561435789e-05,-20.12216363230059,34.70881050790896,0.0008227019134094047,0.48
249,10,-2.1588807777500546e-05,5.981483147405809,48.24640764357326,0.0006945507025795002,-0.16
250,11,-1.3179962080519347e-05,12.654008286878799,52.50058610761298,0.0005313356323464177,-1.02
252,01,-6.553396535759588e-06,18.42038040095504,45.80448549491872,0.0004392718665100694,-1.97
253,02,-1.2230161100386137e-05,18.65321454909752,54.35344561065067,0.0004498816253623835,0.41
254,03,-1.4517082142339604e-05,-0.5979741453765541,58.83941007500695,0.0004991599991315802,-0.68
255,04,-2.355722367422762e-05,-12.813957029554578,60.681698268123455,0.0005945271223715785,0.33
256,05,-3.550879427684679e-05,-19.147158501081563,47.704144963514416,0.0006344104929724587,0.2
257,06,-3.750390542944741e-05,-27.016546727159287,42.780413097916714,0.0008396627575370277,1.41
259,08,-3.0941285219664524e-05,-19.063545700565466,39.65101154342005,0.0008177378859400235,-0.21
260,09,-2.4486756719630248e-05,-2.020394458007812,56.817002186003,0.0011746618843225302,-0.14
261,10,-2.1893689024856883e-05,11.235235126454343,57.40779917159772,0.000834898857871064,1.22
262,11,-1.5146696185204038e-05,20.892512133110895,68.07071139411661,0.0005471246481323154,0.64
263,12,-1.1904006665214989e-05,20.81303864280127,63.79751548051194,0.0005704053421768659,1.63
264,01,-6.723928980547147e-06,14.384707934964087,53.25762820807451,0.00033838884669713326,1.53
265,02,-9.421481274265325e-06,7.153048214503697,61.79020408172125,0.00045849606639379885,-0.39
266,03,-1.3063552253355424e-05,-6.242824222359606,58.59238742218351,0.00043964260734938635,1.23
267,04,-2.4765318735565716e-05,-15.737299090576174,60.65160554169682,0.0004324344195720945,0.65
268,05,-3.372209000100225e-05,-25.790908090242777,45.58359570831253,0.0006874419770607463,0.33
269,06,-3.303585196628976e-05,-31.827683939954966,48.06642211600013,0.0007031702677992751,-0.14
270,07,-3.6646507612448495e-05,-24.41304970722813,43.035889669943884,0.0009577895311687377,0.67
271,08,-3.349079792080317e-05,-13.273838911159066,49.470468634774605,0.0011785009511229004,1.83
272,09,-2.8629883362433853e-05,-3.361749937269423,60.89090815499625,0.0008204311439514236,-0.98
274,11,-1.4045017091525046e-05,9.019137569173179,50.75557469189433,0.0006085738384488525,-0.62
275,12,-9.904081011676856e-06,14.487402564920403,52.82181985401466,0.00042967180998163804,-0.89
276,01,-6.60295483731882e-06,23.604068570044735,51.65779350411636,0.0005113839650168305,1.68
277,02,-1.6342577849974034e-05,27.257544948032923,61.67323920420096,0.0005129149039266849,1.43
278,03,-1.718439095667989e-05,-2.8514695644583754,52.573686629964456,0.0004819596547454955,0.63
279,04,-2.4829810814864887e-05,-14.182246478949653,49.20558492463959,0.0004709443206453266,-0.19
280,05,-3.0134792006426703e-05,-17.31557953963741,52.31226475243542,0.0007120376103461025,0.15
281,06,-3.5836119472898846e-05,-20.466573669433593,50.7506326838851,0.0009486301975226323,1.65
283,08,-3.0240783373966385e-05,-12.41071590333344,52.640142950275894,0.001163815572202473,-0.39
284,09,-2.726855740998468e-05,-6.606480073716904,41.46046437310777,0.0007335374628951386,-1.87
285,10,-2.2813934475604865e-05,5.003235001430717,55.25826176021304,0.000718885400139463,0.7
287,12,-9.155090198257839e-06,-0.601292420089886,52.83887711868107,0.0004945328851989802,0.62
288,01,-7.996820467572737e-06,16.024269751435966,52.92226850532075,0.00041192595895207524,1.11
289,02,-9.213011075579354e-06,1.6289639434814458,40.65915042115535,0.0002735949758984874,-0.09
290,03,-1.4304734281419465e-05,-4.024482163624097,45.80751552796749,0.0004401956440712298,0.96
293,06,-3.491794925367785e-05,-29.63445593295627,48.58540389312637,0.0011471253787109367,1.31
294,07,-3.637924248004731e-05,-25.786057973554062,44.12265574810709,0.000985359612786695,1.26
295,08,-3.1032737283929096e-05,-31.771135562691633,39.36124998163152,0.001063466894169325,-0.16
296,09,-2.437035215904568e-05,-12.497950702243381,40.21523504180775,0.0008103102327222991,0.75
297,10,-2.1305207502659715e-05,-2.352458050143333,49.86598729915773,0.0005624345080602805,-1.89
298,11,-8.746191556262298e-06,13.336127873399521,55.471923015075255,0.0006547417485429125,0.98
299,12,-8.986315398414586e-06,16.75842543636855,56.42778465677845,0.0005586620659873345,-0.49
300,01,-8.992702947169514e-06,20.66453995308825,64.87525535803712,0.0004630176850634722,-0.45
302,03,-1.5225630396960167e-05,1.0669384965794064,50.376974003080406,0.00036018773000070863,1.21
303,04,-2.4217375733618005e-05,-11.611916856553819,59.49211039767795,0.0005477365501182944,-0.34
305,06,-3.421590459786078e-05,-30.121984181382924,54.56608841220009,0.0008944627820598017,0.67
306,07,-3.5823426863228845e-05,-21.040274605699764,48.61712288511441,0.0009030186964724067,-0.23
307,08,-3.442271008691844e-05,-10.630728795861687,53.4802156332962,0.0011410420949086592,0.05
308,09,-3.09724094837697e-05,1.3779368174235027,41.60773183429904,0.0008935518929530012,0.09
309,10,-1.9737982986943505e-05,10.8786054316695,45.96995730125903,0.0006333934098819987,-0.6
311,12,-6.509792311736683e-06,12.651209838210898,41.13814304297201,0.0003987152580916455,-1.19
312,01,-1.0532949036563073e-05,27.835473567839585,50.62756816835045,0.0004537746557087837,-1.77
313,02,-1.0796667724878803e-05,1.9850640389578682,54.967533898224424,0.00030567886635834556,-1.96
315,04,-2.402455134354872e-05,-12.38321820203993,55.9102142579476,0.0005435340928157731,1.54
316,05,-3.3327865934669755e-05,-23.83920729967343,52.369123788558014,0.0006399812987691344,1.03
317,06,-3.715115132452208e-05,-30.632264646063906,50.84424858076307,0.0010480431722563416,-1.6
318,07,-3.409394384040644e-05,-23.561669685609886,47.80977541725482,0.0009847484367624458,0.92
320,09,-2.545146969718593e-05,-6.704652192857532,39.75358392157654,0.0009221086927508522,1.44
325,02,-8.8568046297561e-06,4.634872235616048,55.29220876641359,0.0003650888354684262,-0.59
326,03,-1.3873502668170125e-05,-4.782673361173239,59.930227692120816,0.00041051977616280897,-0.68
327,04,-2.37631702343909e-05,-18.782449027506512,53.65862876264652,0.00045216028320109117,1.07
329,06,-3.4785863751151034e-05,-27.11431088460287,44.96967633606062,0.0008772879220370063,0.02
330,07,-3.3670624993676266e-05,-35.11209074615151,34.7803111832411,0.0009552916027034605,0.83
333,10,-2.0357669840078775e-05,8.929626497002058,49.91160704086961,0.0008570413862924212,0.66
335,12,-1.1844671387852061e-05,21.158474252352146,51.61357204472506,0.0005773151541380593,1.0
336,01,-1.3167410284109127e-05,32.71415653975292,54.798027210791915,0.0005230013527154189,1.51
337,02,-9.635896793779033e-06,12.227102448962983,62.05461917357218,0.0005590188341237168,1.68
338,03,-1.969343553138324e-05,2.858439688077537,50.951221448258686,0.0004028064890359467,0.21
339,04,-2.5420359923575438e-05,-23.728481532796227,35.425640993569964,0.0005033413915325177,-1.23
340,05,-3.1186685044343005e-05,-23.42358186127037,55.67473245647261,0.0008101687334261413,1.01
341,06,-3.458860908376663e-05,-19.802041976589628,51.81401281598541,0.0009322974188374144,0.55
343,08,-3.430768915528969e-05,-11.902402343421853,46.669440629773256,0.0010274620080804539,0.07
345,10,-1.4836711174446523e-05,-1.5530790907336818,46.4751422240952,0.0008285501714110792,-0.33
346,11,-1.4172945336880124e-05,15.984315191311307,55.0159122577058,0.0006465871534172897,-2.07
349,02,-9.733829621899499e-06,11.488472740085646,43.235250111784055,0.00042143233519641003,0.47
350,03,-2.0140387961912898e-05,4.352542552004578,67.29393991330491,0.0004389440757035161,0.16
351,04,-2.446588194630345e-05,-15.287676639472116,50.48518859204715,0.00038008468478427,0.88
352,05,-3.326288808405293e-05,-18.37616691179173,46.32872357566895,0.0006870887521260839,-0.85
354,07,-3.577182100015043e-05,-18.878891244211506,53.425692884929724,0.0011261872946572934,0.85
355,08,-3.3834556450724496e-05,-9.036356891591062,49.02626591384924,0.001041277370647549,-0.08
356,09,-2.5189189388381943e-05,-2.5223080678304033,46.95382839618127,0.0009044781553824899,-0.3
357,10,-1.8222273044254205e-05,6.518695762716314,54.30898137165141,0.0008543528111196123,0.08
358,11,-1.2143508331428165e-05,12.723418456013999,55.05112889809742,0.0005676329277205644,-0.89
359,12,-6.623100362498576e-06,8.910789440196046,51.189781416840454,0.00043185676473623153,-1.44
361,02,-6.55127283612057e-06,7.2258432279314295,62.426701213981424,0.00047579284143406164,-0.72
362,03,-1.4006747319585248e-05,0.15545269151913163,60.10794240493287,0.0004989911271048672,-1.34
363,04,-2.2896213735516033e-05,-13.763160278998479,44.90089633327524,0.0004889661802240576,0.26
365,06,-3.4585202314802804e-05,-32.20444840494791,47.13420631794532,0.0007885755440597576,-1.05
366,07,-3.995988693131167e-05,-23.939954596078525,46.67216465320125,0.0009029157017727434,0.33
367,08,-3.326769469126164e-05,-18.63527480389995,42.41847231385144,0.0010581389043553269,1.85
368,09,-2.396435872586961e-05,-8.675344586181641,43.626415080409586,0.0009490466401233954,0.59
370,11,-1.3997967538165946e-05,28.005924584282763,63.3120259418408,0.0006304514712387844,1.48
371,12,-8.896478755051119e-06,9.686923075029926,62.37685010996686,0.00038589618015715004,0.93
372,01,-6.091251291421628e-06,2.9262350808420488,60.36061479552843,0.0003629201125318107,0.38
373,02,-7.65345504045659e-06,5.717629487900508,61.53230691539674,0.0003673177904023817,1.25
374,03,-1.4227020407356234e-05,-0.1344084672825314,56.345688745778084,0.0004143901391054961,1.23
375,04,-2.4690822054900404e-05,-20.66956467929416,50.227940069592,0.0004912910699575554,0.09
376,05,-2.827942739082006e-05,-27.387183430333288,51.416537502500645,0.0005531739490862218,-1.39
377,06,-3.182083758476639e-05,-35.711798379855686,43.71565713060168,0.0008911056623261983,0.34
378,07,-3.4407490462771055e-05,-31.11366353779454,49.13440625845617,0.0012401764772639779,1.8
379,08,-3.27152816781925e-05,-15.088779016966459,50.057286181364006,0.0010051635737900273,1.17
380,09,-2.3803562745282155e-05,-1.7829848341200085,47.799041656389505,0.0008983746668693987,0.55
381,10,-1.8914465963579488e-05,8.677334267236855,54.52403665949838,0.000821376938233815,-0.78
382,11,-1.1904203317903414e-05,4.708053307088217,64.34552551558414,0.000539917925373298,0.24
383,12,-7.738160395268594e-06,4.967533013128466,56.59717789244652,0.00034308914540316133,-0.49
384,01,-4.432973011169315e-06,15.641597058367989,49.85520389962581,0.00040994079856436554,-1.31
385,02,-7.274441715534998e-06,7.353929252261208,64.81677477946593,0.0005457368057977929,0.41
386,03,-1.235675504704564e-05,-6.3443144091534345,43.386579177287324,0.00039190909222795576,-0.77
387,04,-2.5035789431644346e-05,-14.869033695136176,49.48712501599656,0.0005911379486306348,-0.59
388,05,-3.0008848766624646e-05,-32.62149781881353,48.67582858574712,0.0006954327806093939,-0.67
389,06,-3.4230032604055946e-05,-25.01744469502767,49.43961729888122,0.000881464317699061,-0.22
390,07,-3.7348723895911946e-05,-18.427609645064162,51.34294977803511,0.0009686399827052652,0.41
392,09,-2.5484862159343414e-05,2.648160398695204,48.54894579696125,0.0010463940876720393,1.77
393,10,-1.916051529891168e-05,8.726722329416583,41.10612051369683,0.0007127288467344178,-0.28
394,11,-8.12447487300637e-06,7.208228931681314,45.10324230610001,0.0006513960211994212,-0.09
395,12,-1.2744765838047034e-05,29.389911852764826,62.27082245179138,0.0004817236066579237,0.11
396,01,-9.557997748420493e-06,23.492998173539362,55.985124487241116,0.00043240021513436713,-1.76
397,02,-6.941694202459045e-06,2.77444112036694,54.92825397600388,0.0004849237747458461,-1.73
398,03,-1.1845709033173812e-05,-9.130659757880753,42.53471919810516,0.00044616643216331627,-0.64
399,04,-2.412122515035865e-05,-15.116672309705946,65.52592149374486,0.0005342435015494618,-0.28
400,05,-3.2719707248821014e-05,-19.41600187732328,54.71462800888861,0.0008146372657843473,0.52
401,06,-3.633841799156573e-05,-15.284035491265191,54.862410076340026,0.0009098009567069676,-0.11
402,07,-3.9630504535585143e-05,-18.105863085346844,55.33667580591222,0.0010251161839649637,1.02
403,08,-3.664081436780238e-05,-14.530181596981583,48.63167088847007,0.0010329766651933964,1.36
404,09,-2.780254297756781e-05,-4.337274759928387,47.643611919113,0.0009458465725743282,0.38
405,10,-1.749340033099435e-05,6.576196681525118,62.883388684188155,0.0009416702161500776,-0.32
406,11,-9.782895505729057e-06,13.286790387301977,48.36725960095062,0.0004847364594485018,1.15
407,12,-8.270612005098982e-06,23.135962751162953,68.44660146777348,0.0005064767144187343,0.68
408,01,-7.079607454118081e-06,9.77005108642578,59.36599973937003,0.000497766507189808,0.88
409,02,-9.82560560788399e-06,1.2790957768758144,54.799641565576906,0.0003367882807537607,0.14
410,03,-1.6003138249269338e-05,-14.11737674147083,62.83003596656937,0.0004201141621528276,-0.24
411,04,-2.0434202846445263e-05,-16.983018215264217,45.651346360141694,0.0004941429305161389,1.31
412,05,-2.7662325821888435e-05,-23.158452428017892,56.92952051083376,0.0006636143321345607,0.14
413,06,-3.319209287441886e-05,-26.815010833062065,45.349666944320994,0.0008767861766169669,0.66
414,07,-3.405638901301333e-05,-27.630988150319745,40.32137145659744,0.0009992564759155084,0.63
415,08,-3.2683108437937644e-05,-17.84199171037572,39.46305893081491,0.0008798842714115641,0.34
416,09,-2.475842662511746e-05,-8.054260448540582,49.65095689521101,0.0009952416975374742,-0.57
417,10,-1.765674730958508e-05,13.677036990258001,51.31546706972713,0.0007650325017121314,1.39
419,12,-9.44601224512954e-06,28.97793200421077,55.46996279250422,0.0005743988471772425,1.2
420,01,-8.580053124215514e-06,22.96357862870411,63.49304372530727,0.0004570045449137564,1.37
421,02,-1.1990748406116751e-05,26.598223410470148,61.15281964255657,0.000413683501669097,2.23
422,03,-1.6731313326227373e-05,-1.3453218475669946,47.843510205716214,0.0004369409978938565,0.92
424,05,-3.2321809314922687e-05,-17.350711201329386,63.11191008513332,0.0007860145196551182,0.38
425,06,-3.645346474101341e-05,-28.120134918891054,43.231891095406475,0.0007369192126624208,-1.03
427,08,-3.5946427165531874e-05,-15.756697428713563,51.75170243226714,0.00083940602619154,0.75
428,09,-2.0748739615697153e-05,-9.244409510294595,35.08465283191469,0.0007514128688763474,0.2
429,10,-1.6616273676728237e-05,8.951883064844276,46.06859467966968,0.0007536827149327755,1.02
430,11,-1.0089955154782932e-05,6.784489759657117,59.376273723493675,0.0007041661412425191,0.43
433,02,-8.153189459681882e-06,8.31590086110433,48.93550452213628,0.0003498088643584164,-0.04
435,04,-2.4346638547669703e-05,-22.934988667466907,50.17846367060873,0.0005260060907692656,0.88
436,05,-3.070366395367009e-05,-25.76910455847299,53.73915812349191,0.0007177736570713329,0.71
437,06,-3.477750818122634e-05,-31.860220404391814,46.7203716229452,0.0009790266007457542,1.06
438,07,-3.7615658574522775e-05,-25.170489753641114,45.05531850020347,0.0010782962788556474,0.22
439,08,-3.326061218056918e-05,-12.586229408838417,52.3345120203854,0.0013657396460582901,1.08
440,09,-2.5603061031688413e-05,-1.6679924726698132,46.654843129608366,0.0007566028229298049,0.15
441,10,-1.3186316454061119e-05,-1.463842040031187,51.45971762442205,0.000853078227212879,0.22
442,11,-1.4898132296588707e-05,27.46974549831814,55.57987919455502,0.0007983321246238999,1.55
443,12,-8.385574634596725e-06,33.275967709449034,59.292129598577816,0.0007795188684168917,3.14
445,02,-1.2519085415486441e-05,14.879537966322628,54.698993667597065,0.000396557157183862,1.85
446,03,-1.4810545610421827e-05,-5.396197126162949,59.004922374092125,0.00045848496732475713,0.71
447,04,-2.7581765115751797e-05,-20.820068422105575,57.557788026644126,0.0004367676396880408,0.97
448,05,-3.16294027814815e-05,-19.310568396455505,50.32535560724812,0.0007176550833915553,0.22
449,06,-3.356170396635004e-05,-23.02242342732747,60.87640379265148,0.0010927039331910299,0.41
450,07,-3.758493633006676e-05,-22.269790681900524,47.74635748879372,0.0010440241232438279,1.82
451,08,-3.3272750999810424e-05,-17.014684508621052,43.397001161080546,0.0010487866989167115,2.08
453,10,-1.526362983537594e-05,-3.798430909843855,48.34944315867911,0.0005933222717686742,0.42
454,11,-1.1750765303218536e-05,10.89123139716254,54.5964946256227,0.0005619674263660951,-0.45
455,12,-4.447676278540448e-06,15.633635981405934,42.93341399640295,0.000560933945176403,0.87
456,01,-6.416161365773257e-06,12.223324068787278,48.97643718384928,0.00038658891371489107,-1.15
457,02,-8.18821650381367e-06,12.903916228158135,62.959067062718525,0.0005283647472425172,0.58
458,03,-1.5800369091061108e-05,2.527072602630943,59.88884960889175,0.0006005471790666234,1.03
460,05,-2.9667726341906155e-05,-25.198657173730993,56.839670298081565,0.0009037413714048589,0.54
461,06,-3.566179110415154e-05,-31.36642959594727,52.944568701901716,0.0011968786994141958,2.03
462,07,-3.888270218750779e-05,-23.176640851420746,56.14024401203919,0.0012087215603821659,1.83
463,08,-3.333480648354688e-05,-12.395997953681537,44.035043613662005,0.0010214693359917133,2.02
464,09,-2.5415033401845397e-05,-5.530321179199219,52.86381167994076,0.0008053615700507684,1.58
465,10,-2.0550294828412475e-05,15.281469091599986,50.30405073937036,0.000977998422354175,0.62
466,11,-1.2597567349661808e-05,15.910226154920792,53.90823562632401,0.0005069242515831825,0.12
467,12,-7.748080553331723e-06,20.40142875687794,63.311030514205655,0.0004944631197981608,-0.5
471,04,-2.4140652476206825e-05,-8.481860700141059,60.03202422682047,0.0007254045517381757,1.13
472,05,-3.631899526441482e-05,-17.44638056798135,47.40056218499266,0.0007784020966188845,-0.07
473,06,-3.447691067930363e-05,-33.33076165534125,39.74884000571834,0.0009423105013197868,-0.54
474,07,-3.4126774513620195e-05,-44.31138712696363,36.16823902212164,0.0009376750856292581,2.36
475,08,-3.324744642680256e-05,-25.59706884437479,43.61733073811633,0.0010718811275108415,1.82
476,09,-2.7110998255941223e-05,-4.088550005425346,48.59134079140956,0.0010813803784312972,0.15
477,10,-1.717439320385384e-05,2.0582064438686585,44.893768001867876,0.0008625090847966448,-0.39
478,11,-1.049799736220949e-05,11.533768935139973,58.11769115721252,0.0007007089032915043,0.32
480,01,-8.170035396257738e-06,18.813249751593478,61.34680531404607,0.0004562786708415723,-1.67
481,02,-8.232899953890454e-06,13.675333238874163,51.283400613031226,0.0004878204055308429,-0.12
483,04,-2.786484313502215e-05,-15.88577495863173,41.53150874974462,0.0003912166226224751,-0.96
484,05,-2.8741963674400066e-05,-37.081440074305384,54.09692304540707,0.0006720132131989082,-0.64
486,07,-3.625940142692049e-05,-31.74150496025496,48.734570516079984,0.001190152164367206,0.08
487,08,-3.404563471354698e-05,-17.337182702177312,41.57153246440298,0.0009153493840614355,1.93
489,10,-1.8569231195137014e-05,10.235854191605762,54.45598049366731,0.0009659558784721729,0.67
492,01,-6.012859741277161e-06,22.106840989635838,48.67357203781476,0.0005441964545661171,1.74
494,03,-1.9840231885472768e-05,-1.8349693298339842,46.56073982853019,0.00044156570029401656,-0.11
495,04,-2.7043378228700023e-05,-24.0670989525689,35.17819720014996,0.00044264087076846477,0.58
496,05,-2.995519203009721e-05,-45.04488896819084,46.51938461271666,0.0006991983233638057,0.06
498,07,-3.552329937512147e-05,-24.55973527871409,49.31133174363516,0.0011676926252908862,0.46
499,08,-3.48960954878191e-05,-17.491402352609946,46.845165995435046,0.0011642942770002831,1.57
500,09,-2.4679065476549213e-05,-6.537764871215822,41.4254565234277,0.0009814041400650556,1.95
501,10,-1.848353834580477e-05,14.114419966174706,59.132486595437086,0.0008436635503033075,-0.23
502,11,-1.0186800306089735e-05,15.631692754109702,47.969248177954896,0.0007050563983345021,0.05
503,12,-6.893300624729055e-06,15.732371215492165,60.65007041392917,0.0004749457487080894,-0.8
504,01,-7.860778656987515e-06,14.34612370152627,66.80461903254064,0.0004323260738559914,-0.04
505,02,-9.005972841740524e-06,9.622026147751583,54.51137783175566,0.000539877978493261,1.22
507,04,-2.588563685021654e-05,-27.98602328389486,47.86236142485672,0.0003414452638194754,0.31
508,05,-3.230829694098981e-05,-22.4746828918457,60.26473778712485,0.0005485733494364279,0.8
510,07,-3.6336240956178925e-05,-19.074829963273896,48.14752719921964,0.001075812178065009,2.16
511,08,-3.444879628501263e-05,-12.903870650096605,45.419211714576655,0.000943864032105035,1.08
514,11,-1.0072340758698473e-05,9.36498726196289,49.88987413275507,0.000526706469721909,-0.91
