,month,MER,MSSHF,SD,SH,EA
1,02,-7.399999772068052e-06,2.729709174746558,0.0088853447891417,0.0003947880218570064,1.28
2,03,-1.408509512223264e-05,7.08405715679866,0.00040960040271923105,0.00044260006009506144,-0.94
3,04,-2.191347909663616e-05,-15.59233038906521,3.557954761717054e-05,0.00044040625960559647,-0.63
4,05,-2.839083756912113e-05,-16.16055940262989,4.408267492889076e-05,0.0007071434940667084,1.45
5,06,-3.330413338050373e-05,-22.16353809509278,0.0,0.0009014931640296304,0.15
6,07,-3.0671342559486147e-05,-22.637875941122733,0.0,0.0010329003032600922,-0.59
7,08,-2.8487004876296853e-05,-12.56110269165039,0.0,0.0009515669327950404,-0.92
9,10,-1.6345863611966567e-05,2.642213581372333,5.061999700402701e-05,0.0009355248356116273,-0.26
10,11,-1.1569333000928361e-05,13.890767045423724,8.024262719684175e-05,0.0005703534181247354,0.62
11,12,-1.207531024335357e-05,24.691616260159407,0.00017524099221793556,0.000536514795466784,0.94
13,02,-7.359469057738698e-06,6.865867059466484,0.00011199214540678879,0.0004711822304191866,-0.13
14,03,-1.4070489600584629e-05,-6.186828353717764,6.114121534491099e-05,0.00038754746073307194,0.18
15,04,-2.282624180893941e-05,-17.872287172783746,0.0,0.0003994695938296395,-1.99
16,05,-2.9285246377967465e-05,-30.998830406271004,0.0,0.0004922136487145694,-1.45
17,06,-3.014735746900341e-05,-26.066622504679362,0.0,0.0008849550965466025,0.38
18,07,-3.1905643976779664e-05,-14.025872309859079,0.0,0.0008957915342465621,0.09
19,08,-3.1051088017916934e-05,-11.540256553403795,0.0,0.00108178564986637,-0.68
20,09,-2.365392635981859e-05,-3.0327022542317708,0.0,0.0009669164780382541,0.9
21,10,-2.1172643707369163e-05,7.590982919672484,0.0,0.0007849959412277741,0.42
22,11,-1.4279194747299093e-05,14.235161112806532,0.0015326325999365914,0.0006224606235835986,-0.2
23,12,-7.873070872231058e-06,26.063403682913826,0.0016069860227646364,0.0005165828911668244,-1.29
24,01,-7.860688640385075e-06,20.899533713063885,0.0019344636983768915,0.000374949257934248,-2.52
25,02,-8.991757432514056e-06,2.888394768487839,0.0005664595067501069,0.0003669208622193323,-0.95
26,03,-1.2076194787720939e-05,11.89821663673975,0.0001724853964262111,0.0006871956544953496,1.58
27,04,-2.2320882245185202e-05,-19.334173597547743,1.5786700778537326e-06,0.0005069280005498918,-1.5
29,06,-3.0904296795920855e-05,-15.787571440294057,0.0,0.0009842194550476254,0.57
30,07,-3.173775886429094e-05,-20.80200322239373,0.0,0.001004735188951267,0.83
31,08,-2.8741253340065727e-05,-19.03508228654759,0.0,0.0010760535270361797,-1.48
32,09,-2.269007780640903e-05,-3.5648343312581385,0.0,0.0008672290949221253,0.54
33,10,-2.174942796122078e-05,9.781940688922843,0.0,0.0006867919335684071,0.16
34,11,-1.4328458308167076e-05,19.586548003133142,2.2300614251030816e-06,0.0006729366678450485,0.01
35,12,-7.687594037497059e-06,8.885675470167591,0.012596724167946844,0.0004129887476064696,0.58
36,01,-5.276928763964617e-06,11.574925520045783,0.0001972472347239012,0.00046975674859519613,-0.23
37,02,-7.864293709969517e-06,5.468580898829869,2.739869412921724e-07,0.000443328927262103,-0.08
39,04,-2.3437909088230905e-05,-21.874123499891493,2.168152067396376e-08,0.0004928932368082314,-0.97
42,07,-3.416977696542745e-05,-21.999847670688425,0.0,0.0009021180810537498,-1.59
44,09,-2.1331834113273846e-05,-6.238656323920356,0.0,0.0009065412273818056,1.15
45,10,-1.6551261839878706e-05,3.491510892150223,0.0,0.000806341602621908,0.74
46,11,-1.519573135911843e-05,20.401449884033198,5.0221549140082464e-08,0.0006367408295191699,0.85
47,12,-1.0313162028783104e-05,17.753608460457098,4.658237964876236e-05,0.0004811068228571663,-1.34
48,01,-1.1369238679367056e-05,31.70380508160335,0.00012911142713280135,0.0005065474144361389,0.59
49,02,-1.1685804688698098e-05,2.732715975443522,0.00031034646715436665,0.00024583032542684335,-1.05
50,03,-1.3839232150540515e-05,-0.5926843497983868,2.071826688704952e-05,0.00048506053711077566,-0.36
51,04,-2.090864053300013e-05,-10.60586452026367,1.1234845055474176e-05,0.0005298972676287223,1.31
52,05,-2.6606813441591635e-05,-11.409518621957432,0.0,0.0006822573668070693,1.06
53,06,-3.6603149109497395e-05,-25.008415187242296,0.0,0.0008680787925681217,-0.92
55,08,-2.6941880611302234e-05,-27.08358682743196,0.0,0.0007854492272301715,-0.54
56,09,-2.725831751290065e-05,0.9693071214463977,0.0,0.0008300272881937013,1.93
57,10,-2.1395454446465794e-05,12.186390243366201,0.0,0.000809845710132114,0.12
58,11,-9.367185011372688e-06,10.117007967122396,3.5537613762749565e-08,0.0005637446514673988,0.04
60,01,-1.1848107099418698e-05,28.771229348787696,0.0017296655524161556,0.0003542191671304773,-0.31
63,04,-2.3066575134180317e-05,-21.124448284233942,5.596658653683133e-05,0.00045012077381442295,-0.4
65,06,-3.0384449369921637e-05,-25.249517172580298,0.0,0.0009127790745715982,-1.29
66,07,-3.052118788760435e-05,-16.333257173927887,0.0,0.001033779662579662,-0.41
67,08,-2.8069958612225798e-05,-17.017802792784988,0.0,0.0008598136095184325,-2.22
69,10,-1.5594664512004833e-05,12.420039781796033,0.0,0.0008134660352591524,1.91
70,11,-1.2000811908506469e-05,17.20852971835666,8.267998695373535e-07,0.000733812687942615,0.64
71,12,-7.343828446024142e-06,12.754345215500043,1.1825137240912326e-05,0.0005638061713049892,-1.18
72,01,-6.201572312694294e-06,7.789162023728894,0.006257890532093664,0.00032037616245556873,-0.78
73,02,-7.646551471441942e-06,-7.170963860648018,0.00039035758092289885,0.00043289734202582635,-0.14
74,03,-1.1304150707112197e-05,-2.56875498781922,0.0002458149412626861,0.00041982346533168605,-0.56
75,04,-2.3272295822324753e-05,-10.486857863362628,3.632929590013292e-07,0.0005507065881250634,0.3
76,05,-2.800802443084893e-05,-16.149492612120927,0.0,0.0007271333313690247,-0.66
77,06,-3.090711121482552e-05,-17.990251360066733,0.0,0.0007727630264536654,1.06
78,07,-3.447742918110781e-05,-15.274860501197074,0.0,0.0010814784673431896,-0.23
79,08,-3.3271033724499884e-05,-4.3656862228557625,0.0,0.0009632387406820798,0.63
80,09,-2.244669017984254e-05,-3.3109654418945316,0.0,0.0010995125499796714,-0.18
82,11,-1.5779393952086846e-05,2.730464919026692,0.0001320727745691935,0.00036442432660848377,-0.17
83,12,-6.748697063030508e-06,22.216181771555252,0.0009846030858255202,0.0006171308285160469,0.12
84,01,-1.0488508364736625e-05,25.802121266682942,0.0024635101813142014,0.00041564420438127206,-0.78
85,02,-9.105866422227595e-06,-15.737989101954868,0.0001222507996218545,0.00019560193471323016,-0.59
86,03,-1.09558865346488e-05,2.199697240357758,0.0001382134986180131,0.000417650180977115,0.33
87,04,-1.9242588071877733e-05,-14.953707265557181,7.426198323567707e-06,0.00039568850197150223,0.1
88,05,-3.1224375424332516e-05,-18.680161248648037,0.0,0.0007434592337500871,1.4
89,06,-3.5890827366468634e-05,-24.274000357055662,0.0,0.0008331960368823792,0.86
90,07,-3.000731417455182e-05,-30.125119514383297,0.0,0.0010106809674292967,-0.71
91,08,-3.1366839325049225e-05,-20.726613564768147,0.0,0.0009093863952855494,-0.33
92,09,-2.1116000810717296e-05,-5.870355172729491,0.0,0.0010170114291461383,-1.34
97,02,-5.771432554432804e-06,6.824847212655203,0.00025317513942718504,0.0005444937176130874,0.78
98,03,-1.3287096029671374e-05,-5.803373095440609,7.337508534872401e-05,0.00038326355497387356,-1.53
99,04,-2.2575659647211267e-05,-11.442104777696397,1.2648238076104058e-07,0.0005509123427555208,0.76
100,05,-2.791426425801057e-05,-28.103053294192083,0.0,0.0006231550341834262,-0.9
101,06,-2.8837502824555686e-05,-20.989433822292757,0.0,0.0008995023713432398,0.95
102,07,-3.379324687933062e-05,-20.07741719498173,0.0,0.0011762637337276985,-2.42
104,09,-2.5696148892024614e-05,-3.969099077690972,0.0,0.001026891966428189,1.53
105,10,-1.9746457593286597e-05,13.28605210072507,0.0,0.0008929555590629677,1.01
106,11,-1.2423982501220758e-05,8.69252590874566,0.0,0.0005567817669088578,-0.54
107,12,-5.659096497726741e-06,10.619382738339004,5.145294307380593e-05,0.0006231452756041871,0.95
108,01,-9.400724827868036e-06,23.76198229324177,0.0002939996052813786,0.0005186993550770137,0.99
109,02,-1.553154618433063e-05,17.196350676788683,4.479276722875135e-05,0.00036645799898507564,-0.83
110,03,-1.4791143874625109e-05,4.141464673442225,3.25570567961662e-05,0.00047325576421621175,0.4
111,04,-2.4692344382775542e-05,-22.74501348402235,0.0,0.0005172340481790242,0.19
112,05,-3.182606770285695e-05,-15.882362545546664,0.0,0.0007443033780645266,-0.01
113,06,-2.7714982728361462e-05,-28.63852083367242,0.0,0.0008593489899378255,-1.71
114,07,-3.385038605679304e-05,-9.511822006717805,0.0,0.001171458948932473,1.25
115,08,-3.211179117533902e-05,-13.866469908683532,0.0,0.0010266525363930598,0.77
116,09,-2.5435363158006416e-05,2.907980506727431,0.0,0.0009323654926211424,0.42
117,10,-1.6347254436593455e-05,7.273599919801116,0.0,0.0007721173569709835,-0.66
118,11,-1.0307503538792339e-05,7.8851572241889105,7.3817332585652676e-06,0.000563931326113359,-1.36
120,01,-5.490775168401608e-06,12.580168148245866,0.0,0.0005023698754026696,0.7
121,02,-1.1993180484209699e-05,15.243881237211681,4.026403029759725e-06,0.00042497837058714,0.22
123,04,-2.3728384267512105e-05,-15.711892689005532,7.404155201382107e-06,0.0005368266940982721,1.12
124,05,-3.2913617601255e-05,-32.404015432706444,0.0,0.0005949903542140838,-0.26
125,06,-3.3498540398290464e-05,-35.047065074327264,0.0,0.0008175972156450774,-0.87
126,07,-3.3625666249610085e-05,-27.510599928661055,0.0,0.000971569565642772,0.02
127,08,-3.0036708770112647e-05,-17.0266568734774,0.0,0.0009896705504082786,-0.57
129,10,-1.9913688146604526e-05,14.103063629806684,0.0,0.0008421332443241979,-0.35
130,11,-1.311930024130561e-05,7.912713109334308,7.664759953816732e-08,0.0004454905331929088,-1.88
131,12,-7.719866410816296e-06,20.033501539989185,2.718377369706349e-05,0.00047829752353097696,1.42
132,01,-9.708490018202875e-06,23.531725362798216,3.920951197224279e-06,0.0005105691684948654,0.19
133,02,-1.709957590030951e-05,31.83555304718018,2.0835172562372115e-06,0.0005475542892947997,1.55
134,03,-1.7018775953137494e-05,2.372058311872584,2.4298456407362414e-05,0.00048062062612102977,1.31
135,04,-2.7999317039636173e-05,-19.276666238742408,0.0,0.00037736529698403654,-0.67
136,05,-3.125298669270236e-05,-34.3688931694441,0.0,0.00042185220914118,-1.27
139,08,-2.897321149455781e-05,-28.290339532667595,0.0,0.0010727420896216627,-0.24
140,09,-2.7407515947157255e-05,-3.6402964202880854,0.0,0.0008673468175783354,-1.44
141,10,-1.8407037761653066e-05,10.48773665069252,0.0,0.0007825079715910818,0.18
142,11,-1.0645134954231454e-05,8.876481322224937,1.7197676499684652e-05,0.0004970781178460824,-0.15
143,12,-1.0178729378000547e-05,19.264495642221096,0.00010385854269868586,0.0004455819003796224,-0.78
144,01,-9.804670876438911e-06,24.167181801416536,7.464897248052782e-06,0.00029198987653266507,0.92
148,05,-2.5811937759284265e-05,-33.066711107479634,0.0,0.0005622225995608382,-2.66
150,07,-3.606362330103894e-05,-12.26554677852508,0.0,0.0011091873102282322,-0.86
151,08,-2.9805839779475068e-05,-22.79464663072811,0.0,0.0010097339748723264,0.05
153,10,-2.004618059737534e-05,2.17344532234438,0.0,0.0006820325499599374,-1.63
154,11,-1.4646135411648073e-05,14.444811823866104,2.8859506713019477e-05,0.0006339337644810405,0.49
155,12,-7.654158530845394e-06,17.942148733159545,5.5359345610423755e-06,0.00046165224257053707,-1.3
156,01,-5.988280283046514e-06,9.900324605634134,0.0,0.000437638549289248,-0.54
157,02,-7.568776633878318e-06,10.513905402874128,3.7069602944385046e-05,0.00039763415424268303,-0.19
158,03,-1.6743815379482177e-05,3.675611719931326,1.1341134707132974e-05,0.0004879701252311531,-0.08
159,04,-2.3724830210206465e-05,-12.979907084147134,2.5939941406250002e-08,0.000579528459085648,0.04
160,05,-3.502280750303383e-05,-18.415903687507882,0.0,0.0005439886107167655,0.53
161,06,-3.339920427913765e-05,-25.873405965508358,0.0,0.0008486856836498394,-0.31
162,07,-3.3542465003026134e-05,-26.574038988010855,0.0,0.0011160113274397768,-1.23
163,08,-3.290884278264643e-05,-13.404264240552024,0.0,0.0012228114123283905,1.74
164,09,-2.5466491539959356e-05,-1.4094354346381297,0.0,0.0008614746787727199,-0.22
165,10,-1.9484351597922247e-05,1.9587082073252686,1.8078127214985508e-06,0.0005589232049004094,-2.36
167,12,-8.425528942156701e-06,11.411874493342573,3.2269544498894803e-06,0.00046205227275860006,-0.05
168,01,-9.715480358609446e-06,34.39173987899288,4.798289268247543e-07,0.0005887621752377449,0.63
169,02,-8.449411843078754e-06,-1.1622854381742926,0.0001454247690382458,0.00038359931115603885,-1.82
170,03,-1.4966802825774622e-05,-6.011914413616221,0.00013486407008222353,0.0004124762266675568,-0.03
171,04,-2.191761210872048e-05,-4.539731902737087,0.0,0.000576000432182122,-1.08
172,05,-3.0932743489659034e-05,-26.541132331437964,0.0,0.0007194121543284234,-0.68
173,06,-3.281592492067931e-05,-24.277929318237305,0.0,0.0009091609778879503,-0.44
176,09,-2.2725771390226628e-05,-2.4448908416748045,0.0,0.000888641576060541,-0.46
177,10,-1.798888249350155e-05,2.3637267239478326,0.0,0.000542134024022548,-1.13
178,11,-1.1587640056374466e-05,-1.8295716874864363,0.00015719194677140975,0.00047988380124447253,-0.77
179,12,-9.250304196792702e-06,31.236705364924607,0.00020338165888222312,0.0004956924168822877,0.43
180,01,-8.814763398506955e-06,28.086010490499522,6.143172710172592e-05,0.0004701822597394422,0.0
181,02,-9.681430163471391e-06,-2.9269207930791947,0.0003871754450457437,0.0004138276064931533,0.83
182,03,-1.5868986940443404e-05,12.424105568506382,9.499826738911291e-08,0.0005810495797577411,0.7
183,04,-2.4481364455176743e-05,-15.54007357143826,6.838602489895291e-06,0.00040480200442157807,0.05
184,05,-2.8615912740195944e-05,-19.306992470361852,0.0,0.0006858745914348111,0.79
186,07,-3.466171150601792e-05,-32.442688338413035,0.0,0.0009186411803072188,0.97
188,09,-2.649383951805552e-05,-2.2674784339057075,0.0,0.0008433525541978978,-0.79
189,10,-1.8016295581522476e-05,4.47270425086893,0.0,0.0007590626369145407,-0.9
190,11,-8.92097842036795e-06,12.752254605102538,0.0,0.0008178240753429337,0.76
192,01,-1.2804497735976505e-05,25.385474410518523,0.0009627563479126142,0.00045759688101936,0.09
193,02,-1.271823695051786e-05,20.178666164579848,5.487134059270224e-06,0.00048809193327531924,1.03
194,03,-2.219248033328259e-05,-0.5256330294045062,0.00016835869896796444,0.00037265990637394303,-2.46
195,04,-2.3056703787511248e-05,-15.611610607231992,0.0,0.0005232466899471546,-1.71
196,05,-3.3250014936618425e-05,-29.631465932538433,0.0,0.0006214292339710306,0.06
197,06,-3.44918315846169e-05,-24.446217814466692,0.0,0.0007471122926498033,-1.84
198,07,-3.591561413959817e-05,-25.92438248894804,0.0,0.001035028367159925,-0.8
199,08,-3.331847033315239e-05,-31.29434137422295,0.0,0.0008271361476220967,-2.09
200,09,-2.6222378082234683e-05,-4.395296908230251,0.0,0.0008676720050675714,-0.37
202,11,-1.3042386322538529e-05,9.068964893934462,2.0260943306816947e-07,0.0006469659394806109,-1.35
203,12,-8.991161045966975e-06,-5.598886509064706,0.00015860379254946144,0.00039905608716880105,0.57
204,01,-7.460320452180465e-06,-0.4728464959257379,0.00023015245699113416,0.00044037663110958085,-0.53
205,02,-7.544903639281147e-06,5.38362545916678,0.0006102077837648064,0.00031412921131322426,-1.12
206,03,-1.2827322511164368e-05,-10.990242480862525,2.0419359207153323e-05,0.0004322530456430366,-0.65
207,04,-2.0502408365953464e-05,-21.604367342122394,2.815988328721788e-08,0.0005573882549563778,-0.69
208,05,-2.4253428110207234e-05,-26.022296560964275,0.0,0.0006685273422467372,-0.38
209,06,-2.8253365109311642e-05,-38.732165323215064,0.0,0.0007725716853643563,-0.53
210,07,-3.142641031134248e-05,-27.054918192217425,0.0,0.0009566610893040974,0.39
211,08,-2.9903093116464793e-05,-15.358725825155936,0.0,0.0008052989171323801,-0.08
214,11,-1.4551765714713837e-05,14.46901237657335,0.00012027359008789062,0.0004943569559801082,1.38
215,12,-8.836182103413613e-06,1.1414017176474303,0.00011574836187465217,0.000456995769084828,-1.52
216,01,-3.583592048936e-06,-1.2817189340899076,0.00038023888808424755,0.0002965270524839061,-0.13
217,02,-9.97768289436776e-06,28.48145621345157,6.829840796334402e-08,0.0005305327026612487,1.06
218,03,-1.2413017713795421e-05,-3.0697627356744577,0.0,0.0005206532129615308,0.27
219,04,-2.201332183204714e-05,-17.60772253417969,0.0,0.0005176294510015927,-1.91
220,05,-3.085946982284968e-05,-22.07697987414944,0.0,0.000691181856834612,0.61
221,06,-3.476727682935032e-05,-20.254541469319665,0.0,0.0008864397704303581,-0.75
225,10,-2.0736059433235615e-05,1.8364669255082322,0.0,0.0007064217952702141,-1.5
226,11,-1.1372840429430654e-05,5.54297788119846,0.0,0.000528491018474924,0.92
227,12,-9.893875752236308e-06,16.98351939342868,1.687051532089069e-05,0.0005512983522442909,1.74
229,02,-7.893391973560764e-06,12.879144769577753,3.740382904098147e-05,0.000624683462594898,1.33
230,03,-1.582076560769428e-05,4.910139277304372,1.3940626575100807e-05,0.0006810213565312239,0.49
233,06,-3.4082233544055876e-05,-13.138249787733287,0.0,0.001018815234679136,-0.03
234,07,-3.6390916169732936e-05,-13.917790471887077,0.0,0.0009119439115554566,1.04
236,09,-2.4247977624205914e-05,0.3736279635959201,0.0,0.0010404470592029612,0.17
237,10,-2.3367591303340108e-05,14.50471792602539,9.088093234646704e-07,0.0007692835288216944,0.71
238,11,-1.186565926222506e-05,4.6568576497395835,2.143026722802056e-06,0.0004236663616776847,0.11
239,12,-8.802920268002493e-06,22.454611907630838,0.00011667215695945164,0.0005018636649010024,0.67
240,01,-9.430198710966792e-06,24.63400003675235,0.00020755073460199501,0.0005411838983149154,-0.27
242,03,-1.3397230129969535e-05,-0.9194605676794566,8.536538770121912e-08,0.000520822167453769,-2.01
243,04,-2.54553507465769e-05,-17.42901027967665,8.541558848487004e-06,0.00045097119342235603,1.01
244,05,-3.422614240797327e-05,-20.88572949317194,0.0,0.0007112033766742989,0.41
245,06,-3.759346314859108e-05,-24.964019442409946,0.0,0.0007349941236675172,0.13
247,08,-3.318467006672979e-05,-13.657699137697938,0.0,0.0009116657846986517,-0.27
249,10,-2.1588807777500546e-05,5.981483147405809,0.0,0.0006945507025795002,-0.16
251,12,-1.3700721242369786e-05,27.986750325848984,0.0004829321933049028,0.0004460608781439875,0.46
252,01,-6.553396535759588e-06,18.42038040095504,7.689163249026063e-06,0.0004392718665100694,-1.97
253,02,-1.2230161100386137e-05,18.65321454909752,3.605513052008618e-05,0.0004498816253623835,0.41
254,03,-1.4517082142339604e-05,-0.5979741453765541,2.188550656841647e-05,0.0004991599991315802,-0.68
257,06,-3.750390542944741e-05,-27.016546727159287,0.0,0.0008396627575370277,1.41
258,07,-3.168135436499142e-05,-21.668345875401656,0.0,0.0008486174719188665,-0.27
260,09,-2.4486756719630248e-05,-2.020394458007812,0.0,0.0011746618843225302,-0.14
261,10,-2.1893689024856883e-05,11.235235126454343,0.0,0.000834898857871064,1.22
263,12,-1.1904006665214989e-05,20.81303864280127,0.0006958496250132079,0.0005704053421768659,1.63
264,01,-6.723928980547147e-06,14.384707934964087,0.00041049615926640003,0.00033838884669713326,1.53
266,03,-1.3063552253355424e-05,-6.242824222359606,0.00027922883085025255,0.00043964260734938635,1.23
268,05,-3.372209000100225e-05,-25.790908090242777,0.0,0.0006874419770607463,0.33
269,06,-3.303585196628976e-05,-31.827683939954966,0.0,0.0007031702677992751,-0.14
271,08,-3.349079792080317e-05,-13.273838911159066,0.0,0.0011785009511229004,1.83
272,09,-2.8629883362433853e-05,-3.361749937269423,0.0,0.0008204311439514236,-0.98
273,10,-1.872843477780094e-05,15.499699002173642,0.0,0.0009255201393185142,1.16
274,11,-1.4045017091525046e-05,9.019137569173179,0.0,0.0006085738384488525,-0.62
275,12,-9.904081011676856e-06,14.487402564920403,0.00022924734956474715,0.00042967180998163804,-0.89
276,01,-6.60295483731882e-06,23.604068570044735,0.00012535062912971744,0.0005113839650168305,1.68
277,02,-1.6342577849974034e-05,27.257544948032923,5.277034782228017e-06,0.0005129149039266849,1.43
278,03,-1.718439095667989e-05,-2.8514695644583754,1.5001514906524331e-06,0.0004819596547454955,0.63
280,05,-3.0134792006426703e-05,-17.31557953963741,0.0,0.0007120376103461025,0.15
281,06,-3.5836119472898846e-05,-20.466573669433593,0.0,0.0009486301975226323,1.65
282,07,-3.594073215623134e-05,-17.96138944137737,0.0,0.0010623623587375588,0.67
283,08,-3.0240783373966385e-05,-12.41071590333344,0.0,0.001163815572202473,-0.39
284,09,-2.726855740998468e-05,-6.606480073716904,0.0,0.0007335374628951386,-1.87
285,10,-2.2813934475604865e-05,5.003235001430717,0.0,0.000718885400139463,0.7
286,11,-9.433203981300014e-06,10.082439758300783,0.0,0.0005791067180039236,0.67
288,01,-7.996820467572737e-06,16.024269751435966,0.00044667841542151673,0.00041192595895207524,1.11
289,02,-9.213011075579354e-06,1.6289639434814458,0.000368756529830751,0.0002735949758984874,-0.09
290,03,-1.4304734281419465e-05,-4.024482163624097,0.0,0.0004401956440712298,0.96
291,04,-2.383696288773839e-05,-17.2942943037245,1.5020370483398438e-08,0.0004770017007668381,-0.54
293,06,-3.491794925367785e-05,-29.63445593295627,0.0,0.0011471253787109367,1.31
294,07,-3.637924248004731e-05,-25.786057973554062,0.0,0.000985359612786695,1.26
295,08,-3.1032737283929096e-05,-31.771135562691633,0.0,0.001063466894169325,-0.16
296,09,-2.437035215904568e-05,-12.497950702243381,0.0,0.0008103102327222991,0.75
298,11,-8.746191556262298e-06,13.336127873399521,0.0,0.0006547417485429125,0.98
299,12,-8.986315398414586e-06,16.75842543636855,1.2960655714875909e-05,0.0005586620659873345,-0.49
301,02,-1.1818901434843997e-05,12.780648606925178,0.0004339445432027181,0.000495099684988787,0.32
302,03,-1.5225630396960167e-05,1.0669384965794064,0.00020815543461871405,0.00036018773000070863,1.21
304,05,-2.847669872224737e-05,-31.81054322043798,0.0,0.0006152930506795131,-1.18
305,06,-3.421590459786078e-05,-30.121984181382924,0.0,0.0008944627820598017,0.67
306,07,-3.5823426863228845e-05,-21.040274605699764,0.0,0.0009030186964724067,-0.23
307,08,-3.442271008691844e-05,-10.630728795861687,0.0,0.0011410420949086592,0.05
308,09,-3.09724094837697e-05,1.3779368174235027,0.0,0.0008935518929530012,0.09
309,10,-1.9737982986943505e-05,10.8786054316695,0.0,0.0006333934098819987,-0.6
310,11,-1.219442167142309e-05,8.63346869269477,3.3279392454359266e-07,0.0006341721947358944,-1.45
311,12,-6.509792311736683e-06,12.651209838210898,0.000107577202140644,0.0003987152580916455,-1.19
313,02,-1.0796667724878803e-05,1.9850640389578682,0.00020228017086074463,0.00030567886635834556,-1.96
314,03,-1.2645556585016247e-05,2.2825399281491516,0.002058747031355417,0.0005048640071809572,0.95
315,04,-2.402455134354872e-05,-12.38321820203993,0.0,0.0005435340928157731,1.54
316,05,-3.3327865934669755e-05,-23.83920729967343,0.0,0.0006399812987691344,1.03
318,07,-3.409394384040644e-05,-23.561669685609886,0.0,0.0009847484367624458,0.92
319,08,-3.320200081173924e-05,-14.21000237282374,0.0,0.0008214074471167111,0.56
320,09,-2.545146969718593e-05,-6.704652192857532,0.0,0.0009221086927508522,1.44
322,11,-1.4535249143672345e-05,9.326381112670902,0.0005737135661972894,0.0005952350228117148,-0.36
323,12,-9.12172876785682e-06,14.485518746324761,0.0003240881030277539,0.0004220962651623558,-1.22
324,01,-6.5253165958961526e-06,7.280853728591756,0.00014880976241122009,0.00037462094703483867,-1.03
325,02,-8.8568046297561e-06,4.634872235616048,0.00010614823585464838,0.0003650888354684262,-0.59
326,03,-1.3873502668170125e-05,-4.782673361173239,0.0004253186384836833,0.00041051977616280897,-0.68
327,04,-2.37631702343909e-05,-18.782449027506512,0.0,0.00045216028320109117,1.07
328,05,-3.370682173148433e-05,-13.439136345319852,0.0,0.0006535041197075036,1.15
329,06,-3.4785863751151034e-05,-27.11431088460287,0.0,0.0008772879220370063,0.02
332,09,-2.4569920312832332e-05,-1.9050392035590278,0.0,0.0011661635124005137,1.82
333,10,-2.0357669840078775e-05,8.929626497002058,0.0,0.0008570413862924212,0.66
334,11,-1.6638314112929544e-05,21.698549422539603,6.023910310533312e-08,0.0006521134779476141,1.68
336,01,-1.3167410284109127e-05,32.71415653975292,7.495572490076866e-08,0.0005230013527154189,1.51
337,02,-9.635896793779033e-06,12.227102448962983,0.00012729246417681375,0.0005590188341237168,1.68
339,04,-2.5420359923575438e-05,-23.728481532796227,0.0,0.0005033413915325177,-1.23
341,06,-3.458860908376663e-05,-19.802041976589628,0.0,0.0009322974188374144,0.55
342,07,-4.0491175616739144e-05,-14.380545316962786,0.0,0.0009613429224455643,-0.03
343,08,-3.430768915528969e-05,-11.902402343421853,0.0,0.0010274620080804539,0.07
344,09,-2.677926907070085e-05,-2.246240928141275,0.0,0.0008591688969658409,-0.52
345,10,-1.4836711174446523e-05,-1.5530790907336818,0.0,0.0008285501714110792,-0.33
348,01,-9.98381483742544e-06,30.50790186531313,3.1635838170205394e-06,0.0005276380488101,-0.35
349,02,-9.733829621899499e-06,11.488472740085646,9.416011558181937e-06,0.00042143233519641003,0.47
351,04,-2.446588194630345e-05,-15.287676639472116,0.0,0.00038008468478427,0.88
352,05,-3.326288808405293e-05,-18.37616691179173,0.0,0.0006870887521260839,-0.85
353,06,-3.476253857051133e-05,-32.52892781643338,0.0,0.0008564286241224787,0.85
354,07,-3.577182100015043e-05,-18.878891244211506,0.0,0.0011261872946572934,0.85
355,08,-3.3834556450724496e-05,-9.036356891591062,0.0,0.001041277370647549,-0.08
356,09,-2.5189189388381943e-05,-2.5223080678304033,0.0,0.0009044781553824899,-0.3
357,10,-1.8222273044254205e-05,6.518695762716314,1.0895472700877858e-09,0.0008543528111196123,0.08
358,11,-1.2143508331428165e-05,12.723418456013999,0.00035360905991660223,0.0005676329277205644,-0.89
359,12,-6.623100362498576e-06,8.910789440196046,3.1098793911677535e-05,0.00043185676473623153,-1.44
360,01,-6.219402897665034e-06,13.638463789416898,0.00026115813434764905,0.0004136181822207933,1.13
361,02,-6.55127283612057e-06,7.2258432279314295,5.497220584324428e-05,0.00047579284143406164,-0.72
362,03,-1.4006747319585248e-05,0.15545269151913163,4.5311066412156626e-07,0.0004989911271048672,-1.34
363,04,-2.2896213735516033e-05,-13.763160278998479,7.51813252766927e-09,0.0004889661802240576,0.26
364,05,-3.152253704363203e-05,-24.89160391596312,0.0,0.0007151075125502661,1.12
366,07,-3.995988693131167e-05,-23.939954596078525,0.0,0.0009029157017727434,0.33
367,08,-3.326769469126164e-05,-18.63527480389995,0.0,0.0010581389043553269,1.85
368,09,-2.396435872586961e-05,-8.675344586181641,0.0,0.0009490466401233954,0.59
369,10,-1.8213049179844e-05,4.716025361748153,0.0,0.0008116932342555208,0.96
370,11,-1.3997967538165946e-05,28.005924584282763,7.164478302001954e-09,0.0006304514712387844,1.48
371,12,-8.896478755051119e-06,9.686923075029926,0.0033527605789963914,0.00038589618015715004,0.93
372,01,-6.091251291421628e-06,2.9262350808420488,0.002126177963390145,0.0003629201125318107,0.38
375,04,-2.4690822054900404e-05,-20.66956467929416,2.4727185567220055e-07,0.0004912910699575554,0.09
376,05,-2.827942739082006e-05,-27.387183430333288,0.0,0.0005531739490862218,-1.39
377,06,-3.182083758476639e-05,-35.711798379855686,0.0,0.0008911056623261983,0.34
378,07,-3.4407490462771055e-05,-31.11366353779454,0.0,0.0012401764772639779,1.8
379,08,-3.27152816781925e-05,-15.088779016966459,0.0,0.0010051635737900273,1.17
380,09,-2.3803562745282155e-05,-1.7829848341200085,0.0,0.0008983746668693987,0.55
381,10,-1.8914465963579488e-05,8.677334267236855,0.0,0.000821376938233815,-0.78
382,11,-1.1904203317903414e-05,4.708053307088217,0.0002805316183302138,0.000539917925373298,0.24
384,01,-4.432973011169315e-06,15.641597058367989,0.000611914046349064,0.00040994079856436554,-1.31
385,02,-7.274441715534998e-06,7.353929252261208,0.00014321758775483995,0.0005457368057977929,0.41
386,03,-1.235675504704564e-05,-6.3443144091534345,0.00019613219461133403,0.00039190909222795576,-0.77
388,05,-3.0008848766624646e-05,-32.62149781881353,0.0,0.0006954327806093939,-0.67
389,06,-3.4230032604055946e-05,-25.01744469502767,0.0,0.000881464317699061,-0.22
391,08,-3.274760770019843e-05,-10.64563058373236,0.0,0.0011464830641275342,1.04
392,09,-2.5484862159343414e-05,2.648160398695204,0.0,0.0010463940876720393,1.77
394,11,-8.12447487300637e-06,7.208228931681314,0.0,0.0006513960211994212,-0.09
395,12,-1.2744765838047034e-05,29.389911852764826,8.855871231325211e-05,0.0004817236066579237,0.11
398,03,-1.1845709033173812e-05,-9.130659757880753,5.560450656439668e-06,0.00044616643216331627,-0.64
399,04,-2.412122515035865e-05,-15.116672309705946,0.0,0.0005342435015494618,-0.28
400,05,-3.2719707248821014e-05,-19.41600187732328,0.0,0.0008146372657843473,0.52
401,06,-3.633841799156573e-05,-15.284035491265191,0.0,0.0009098009567069676,-0.11
402,07,-3.9630504535585143e-05,-18.105863085346844,0.0,0.0010251161839649637,1.02
403,08,-3.664081436780238e-05,-14.530181596981583,0.0,0.0010329766651933964,1.36
404,09,-2.780254297756781e-05,-4.337274759928387,0.0,0.0009458465725743282,0.38
405,10,-1.749340033099435e-05,6.576196681525118,1.6571373067876343e-08,0.0009416702161500776,-0.32
406,11,-9.782895505729057e-06,13.286790387301977,0.0,0.0004847364594485018,1.15
407,12,-8.270612005098982e-06,23.135962751162953,0.0004308112231633996,0.0005064767144187343,0.68
408,01,-7.079607454118081e-06,9.77005108642578,0.0024007742763847433,0.000497766507189808,0.88
410,03,-1.6003138249269338e-05,-14.11737674147083,0.00018706004465779953,0.0004201141621528276,-0.24
411,04,-2.0434202846445263e-05,-16.983018215264217,0.0,0.0004941429305161389,1.31
414,07,-3.405638901301333e-05,-27.630988150319745,0.0,0.0009992564759155084,0.63
415,08,-3.2683108437937644e-05,-17.84199171037572,0.0,0.0008798842714115641,0.34
416,09,-2.475842662511746e-05,-8.054260448540582,0.0,0.0009952416975374742,-0.57
419,12,-9.44601224512954e-06,28.97793200421077,5.1136837210706475e-05,0.0005743988471772425,1.2
420,01,-8.580053124215514e-06,22.96357862870411,1.0653635506988855e-05,0.0004570045449137564,1.37
421,02,-1.1990748406116751e-05,26.598223410470148,1.0926482223329089e-06,0.000413683501669097,2.23
422,03,-1.6731313326227373e-05,-1.3453218475669946,6.519722682173533e-08,0.0004369409978938565,0.92
423,04,-2.3883861623916246e-05,-16.521862002224392,0.0,0.0007145584834816368,0.52
424,05,-3.2321809314922687e-05,-17.350711201329386,5.8457146408737335e-06,0.0007860145196551182,0.38
425,06,-3.645346474101341e-05,-28.120134918891054,0.0,0.0007369192126624208,-1.03
426,07,-3.570791800838603e-05,-18.498887496784167,0.0,0.0012707728695600497,0.58
427,08,-3.5946427165531874e-05,-15.756697428713563,0.0,0.00083940602619154,0.75
428,09,-2.0748739615697153e-05,-9.244409510294595,0.0,0.0007514128688763474,0.2
429,10,-1.6616273676728237e-05,8.951883064844276,0.0,0.0007536827149327755,1.02
430,11,-1.0089955154782932e-05,6.784489759657117,3.112157185872396e-08,0.0007041661412425191,0.43
431,12,-1.0581146033268115e-05,22.95546643394552,0.0004054831791949528,0.00047802787376777174,-0.59
434,03,-1.5915630637317265e-05,-1.6360386480515998,2.4049384619600027e-06,0.00042303985436162447,1.2
435,04,-2.4346638547669703e-05,-22.934988667466907,9.625487857394749e-09,0.0005260060907692656,0.88
436,05,-3.070366395367009e-05,-25.76910455847299,0.0,0.0007177736570713329,0.71
437,06,-3.477750818122634e-05,-31.860220404391814,0.0,0.0009790266007457542,1.06
440,09,-2.5603061031688413e-05,-1.6679924726698132,0.0,0.0007566028229298049,0.15
441,10,-1.3186316454061119e-05,-1.463842040031187,0.0,0.000853078227212879,0.22
442,11,-1.4898132296588707e-05,27.46974549831814,4.5776367187500004e-09,0.0007983321246238999,1.55
444,01,-9.004527324929857e-06,20.359526514525058,9.698816525038853e-05,0.000488436789451965,1.01
445,02,-1.2519085415486441e-05,14.879537966322628,1.52496250196435e-05,0.000396557157183862,1.85
446,03,-1.4810545610421827e-05,-5.396197126162949,3.62938924502301e-05,0.00045848496732475713,0.71
448,05,-3.16294027814815e-05,-19.310568396455505,0.0,0.0007176550833915553,0.22
449,06,-3.356170396635004e-05,-23.02242342732747,0.0,0.0010927039331910299,0.41
450,07,-3.758493633006676e-05,-22.269790681900524,0.0,0.0010440241232438279,1.82
451,08,-3.3272750999810424e-05,-17.014684508621052,0.0,0.0010487866989167115,2.08
452,09,-2.4645985519115736e-05,-7.889081433783638,0.0,0.0009151321535124882,3.48
453,10,-1.526362983537594e-05,-3.798430909843855,0.0,0.0005933222717686742,0.42
454,11,-1.1750765303218536e-05,10.89123139716254,3.956906927956475e-05,0.0005619674263660951,-0.45
455,12,-4.447676278540448e-06,15.633635981405934,3.86891185596425e-06,0.000560933945176403,0.87
456,01,-6.416161365773257e-06,12.223324068787278,0.00022398640519829207,0.00038658891371489107,-1.15
457,02,-8.18821650381367e-06,12.903916228158135,0.00023337035661651976,0.0005283647472425172,0.58
459,04,-2.5679135762624757e-05,-26.331729773288306,0.0,0.00046593889041503434,-0.62
460,05,-2.9667726341906155e-05,-25.198657173730993,0.0,0.0009037413714048589,0.54
461,06,-3.566179110415154e-05,-31.36642959594727,0.0,0.0011968786994141958,2.03
462,07,-3.888270218750779e-05,-23.176640851420746,0.0,0.0012087215603821659,1.83
463,08,-3.333480648354688e-05,-12.395997953681537,0.0,0.0010214693359917133,2.02
464,09,-2.5415033401845397e-05,-5.530321179199219,0.0,0.0008053615700507684,1.58
465,10,-2.0550294828412475e-05,15.281469091599986,0.0,0.000977998422354175,0.62
466,11,-1.2597567349661808e-05,15.910226154920792,3.65040037367079e-07,0.0005069242515831825,0.12
467,12,-7.748080553331723e-06,20.40142875687794,0.0006995919622400755,0.0004944631197981608,-0.5
468,01,-8.493993727101315e-06,23.796599253992884,1.641540501707344e-05,0.0004060688798143667,0.55
469,02,-1.1806723732206594e-05,-2.6082788761683875,9.837871222268968e-05,0.0002829947456795624,-1.38
472,05,-3.631899526441482e-05,-17.44638056798135,0.0,0.0007784020966188845,-0.07
474,07,-3.4126774513620195e-05,-44.31138712696363,0.0,0.0009376750856292581,2.36
475,08,-3.324744642680256e-05,-25.59706884437479,0.0,0.0010718811275108415,1.82
477,10,-1.717439320385384e-05,2.0582064438686585,1.104806956424508e-05,0.0008625090847966448,-0.39
479,12,-7.425197422547768e-06,21.47761040308142,5.2109628595331655e-05,0.0005544804356621699,1.44
481,02,-8.232899953890454e-06,13.675333238874163,6.108944188980828e-05,0.0004878204055308429,-0.12
482,03,-1.7898125718357898e-05,7.876527682396675,0.0,0.0005073455370986293,0.94
483,04,-2.786484313502215e-05,-15.88577495863173,0.0,0.0003912166226224751,-0.96
484,05,-2.8741963674400066e-05,-37.081440074305384,0.0,0.0006720132131989082,-0.64
485,06,-3.9525050331051005e-05,-23.208365014648436,0.0,0.0009900846631499234,1.28
486,07,-3.625940142692049e-05,-31.74150496025496,0.0,0.001190152164367206,0.08
487,08,-3.404563471354698e-05,-17.337182702177312,0.0,0.0009153493840614355,1.93
488,09,-2.6543087166161665e-05,-4.24653964674208,0.0,0.0009920191406140525,2.19
489,10,-1.8569231195137014e-05,10.235854191605762,0.0,0.0009659558784721729,0.67
490,11,-1.0039879183467646e-05,10.335369747924807,0.0,0.0005838539287481886,0.07
491,12,-8.260583359534854e-06,25.078029959073632,0.0,0.0006186688043578876,0.81
492,01,-6.012859741277161e-06,22.106840989635838,1.4043623401272683e-08,0.0005441964545661171,1.74
494,03,-1.9840231885472768e-05,-1.8349693298339842,0.0,0.00044156570029401656,-0.11
495,04,-2.7043378228700023e-05,-24.0670989525689,0.0,0.00044264087076846477,0.58
496,05,-2.995519203009721e-05,-45.04488896819084,0.0,0.0006991983233638057,0.06
498,07,-3.552329937512147e-05,-24.55973527871409,0.0,0.0011676926252908862,0.46
499,08,-3.48960954878191e-05,-17.491402352609946,0.0,0.0011642942770002831,1.57
500,09,-2.4679065476549213e-05,-6.537764871215822,0.0,0.0009814041400650556,1.95
501,10,-1.848353834580477e-05,14.114419966174706,0.0,0.0008436635503033075,-0.23
503,12,-6.893300624729055e-06,15.732371215492165,1.2867758350987586e-06,0.0004749457487080894,-0.8
504,01,-7.860778656987515e-06,14.34612370152627,3.849816578690723e-05,0.0004323260738559914,-0.04
505,02,-9.005972841740524e-06,9.622026147751583,0.0020311918883096605,0.000539877978493261,1.22
506,03,-1.5948935392546162e-05,-0.9029574194467195,8.298632919147451e-08,0.0004469089032667109,-0.18
507,04,-2.588563685021654e-05,-27.98602328389486,1.457011964586046e-05,0.0003414452638194754,0.31
509,06,-3.7502937650666964e-05,-26.38411481492784,0.0,0.0010744130859948195,1.02
510,07,-3.6336240956178925e-05,-19.074829963273896,0.0,0.001075812178065009,2.16
511,08,-3.444879628501263e-05,-12.903870650096605,0.0,0.000943864032105035,1.08
