,month,MER,MSSHF,RH,SH,SCA
2,03,-1.408509512223264e-05,7.08405715679866,62.090667984242096,0.00044260006009506144,0.75
3,04,-2.191347909663616e-05,-15.59233038906521,62.41300571294825,0.00044040625960559647,0.22
4,05,-2.839083756912113e-05,-16.16055940262989,64.02205650719006,0.0007071434940667084,-0.38
8,09,-2.3132900744369383e-05,-4.023202255249023,42.3501046719922,0.0009334240310760934,-1.41
9,10,-1.6345863611966567e-05,2.642213581372333,56.92965585534547,0.0009355248356116273,1.26
10,11,-1.1569333000928361e-05,13.890767045423724,49.679388139549886,0.0005703534181247354,-0.15
11,12,-1.207531024335357e-05,24.691616260159407,64.98245628347064,0.000536514795466784,0.35
13,02,-7.359469057738698e-06,6.865867059466484,53.581606617508264,0.0004711822304191866,0.82
14,03,-1.4070489600584629e-05,-6.186828353717764,55.02083505403355,0.00038754746073307194,1.27
15,04,-2.282624180893941e-05,-17.872287172783746,48.97103869282801,0.0003994695938296395,0.62
18,07,-3.1905643976779664e-05,-14.025872309859079,48.67037434149174,0.0008957915342465621,0.63
20,09,-2.365392635981859e-05,-3.0327022542317708,42.946886476458445,0.0009669164780382541,-0.14
22,11,-1.4279194747299093e-05,14.235161112806532,54.54851769668525,0.0006224606235835986,-0.4
23,12,-7.873070872231058e-06,26.063403682913826,61.380955716897084,0.0005165828911668244,-1.51
24,01,-7.860688640385075e-06,20.899533713063885,47.875411116570554,0.000374949257934248,-0.75
25,02,-8.991757432514056e-06,2.888394768487839,50.11619150138895,0.0003669208622193323,0.59
27,04,-2.2320882245185202e-05,-19.334173597547743,50.02077896680037,0.0005069280005498918,-1.34
28,05,-3.0310256707952082e-05,-17.47440350473055,59.34436809112436,0.0007153930285222947,1.42
29,06,-3.0904296795920855e-05,-15.787571440294057,51.69619375912348,0.0009842194550476254,-1.07
30,07,-3.173775886429094e-05,-20.80200322239373,49.75860673643311,0.001004735188951267,0.7
33,10,-2.174942796122078e-05,9.781940688922843,60.93410625634399,0.0006867919335684071,-1.35
34,11,-1.4328458308167076e-05,19.586548003133142,54.57233108670976,0.0006729366678450485,-0.69
35,12,-7.687594037497059e-06,8.885675470167591,67.75924336626196,0.0004129887476064696,-0.47
36,01,-5.276928763964617e-06,11.574925520045783,58.01885871766587,0.00046975674859519613,-0.77
37,02,-7.864293709969517e-06,5.468580898829869,51.56958197040644,0.000443328927262103,0.73
38,03,-1.6001877676116956e-05,1.792558938959594,55.95160838729334,0.0003661708261100601,0.72
39,04,-2.3437909088230905e-05,-21.874123499891493,46.11000325809585,0.0004928932368082314,-1.57
40,05,-2.9170486620455693e-05,-20.4214844770534,47.92201473479629,0.00055373141337474,-0.86
41,06,-3.17826830204164e-05,-27.949367026435006,48.16991035015053,0.0008103595633521967,-0.95
42,07,-3.416977696542745e-05,-21.999847670688425,39.2781192299025,0.0009021180810537498,0.39
44,09,-2.1331834113273846e-05,-6.238656323920356,43.43915766518911,0.0009065412273818056,-0.3
45,10,-1.6551261839878706e-05,3.491510892150223,54.79260846710333,0.000806341602621908,1.47
46,11,-1.519573135911843e-05,20.401449884033198,56.70156626680825,0.0006367408295191699,0.21
47,12,-1.0313162028783104e-05,17.753608460457098,55.75187243828721,0.0004811068228571663,-0.28
48,01,-1.1369238679367056e-05,31.70380508160335,51.86229076744793,0.0005065474144361389,-1.33
49,02,-1.1685804688698098e-05,2.732715975443522,46.129101684696614,0.00024583032542684335,0.47
50,03,-1.3839232150540515e-05,-0.5926843497983868,57.115805566785156,0.00048506053711077566,-0.52
51,04,-2.090864053300013e-05,-10.60586452026367,65.75529212030038,0.0005298972676287223,1.24
52,05,-2.6606813441591635e-05,-11.409518621957432,66.050863289825,0.0006822573668070693,1.48
53,06,-3.6603149109497395e-05,-25.008415187242296,46.266101067479454,0.0008680787925681217,-0.55
54,07,-3.282222612492611e-05,-33.091220865229126,44.1499227373741,0.0011865903298230965,0.74
55,08,-2.6941880611302234e-05,-27.08358682743196,31.77761535606461,0.0007854492272301715,-0.44
56,09,-2.725831751290065e-05,0.9693071214463977,44.86737590899468,0.0008300272881937013,0.06
57,10,-2.1395454446465794e-05,12.186390243366201,47.91972020449689,0.000809845710132114,-1.87
58,11,-9.367185011372688e-06,10.117007967122396,41.05919099200301,0.0005637446514673988,-1.83
59,12,-8.522425015388596e-06,21.808005747805364,57.410435429080856,0.0005939787194328425,-1.87
60,01,-1.1848107099418698e-05,28.771229348787696,56.9102486772409,0.0003542191671304773,-0.46
62,03,-1.3818876191033916e-05,-6.2181760956138685,56.610379949503034,0.00032761467128058087,1.46
63,04,-2.3066575134180317e-05,-21.124448284233942,53.13685258980724,0.00045012077381442295,1.51
64,05,-2.301351515928619e-05,-21.276121071107926,61.30564291210714,0.00067266253149976,0.98
65,06,-3.0384449369921637e-05,-25.249517172580298,53.14751710217263,0.0009127790745715982,0.03
66,07,-3.052118788760435e-05,-16.333257173927887,51.58020934386151,0.001033779662579662,-0.72
68,09,-2.2138291550658728e-05,-0.809648367987739,66.94727416271104,0.0010072270758296226,-0.38
69,10,-1.5594664512004833e-05,12.420039781796033,52.5519555827328,0.0008134660352591524,-0.3
70,11,-1.2000811908506469e-05,17.20852971835666,62.11537896577253,0.000733812687942615,1.13
71,12,-7.343828446024142e-06,12.754345215500043,59.86620702467682,0.0005638061713049892,2.84
72,01,-6.201572312694294e-06,7.789162023728894,59.71689801232405,0.00032037616245556873,0.41
73,02,-7.646551471441942e-06,-7.170963860648018,49.17462651499538,0.00043289734202582635,-0.2
74,03,-1.1304150707112197e-05,-2.56875498781922,68.34861116093205,0.00041982346533168605,1.07
75,04,-2.3272295822324753e-05,-10.486857863362628,59.37646033687326,0.0005507065881250634,-0.88
76,05,-2.800802443084893e-05,-16.149492612120927,55.7763452255995,0.0007271333313690247,1.28
77,06,-3.090711121482552e-05,-17.990251360066733,61.34983533646531,0.0007727630264536654,0.11
78,07,-3.447742918110781e-05,-15.274860501197074,50.75858460182529,0.0010814784673431896,0.15
79,08,-3.3271033724499884e-05,-4.3656862228557625,49.79625837316948,0.0009632387406820798,0.25
80,09,-2.244669017984254e-05,-3.3109654418945316,48.444472670045165,0.0010995125499796714,-2.12
81,10,-1.5745955748394817e-05,1.4800897167574978,41.847355274659336,0.0007476628478483084,0.37
82,11,-1.5779393952086846e-05,2.730464919026692,53.6031213278585,0.00036442432660848377,0.06
83,12,-6.748697063030508e-06,22.216181771555252,62.92255071562849,0.0006171308285160469,0.06
85,02,-9.105866422227595e-06,-15.737989101954868,41.279925076501705,0.00019560193471323016,0.94
86,03,-1.09558865346488e-05,2.199697240357758,53.96111336709735,0.000417650180977115,1.15
87,04,-1.9242588071877733e-05,-14.953707265557181,61.57429541588492,0.00039568850197150223,0.39
88,05,-3.1224375424332516e-05,-18.680161248648037,54.14751819698144,0.0007434592337500871,0.14
89,06,-3.5890827366468634e-05,-24.274000357055662,43.53411597645681,0.0008331960368823792,1.4
90,07,-3.000731417455182e-05,-30.125119514383297,48.19723509739805,0.0010106809674292967,-1.95
91,08,-3.1366839325049225e-05,-20.726613564768147,49.22354232249208,0.0009093863952855494,0.55
92,09,-2.1116000810717296e-05,-5.870355172729491,52.886519872754164,0.0010170114291461383,-2.04
93,10,-1.7202233669146365e-05,6.4104873591597356,48.62927366667281,0.0008042660296969873,-1.69
94,11,-1.2770530823662637e-05,20.62896745435927,57.76803370095226,0.000712386935210562,0.15
95,12,-1.128779906788603e-05,28.043287035542146,58.52688881322774,0.0005160226476652414,0.49
96,01,-8.849628261046861e-06,-8.473066081057311,52.03738375666833,0.00039371051453645855,0.18
97,02,-5.771432554432804e-06,6.824847212655203,67.52644709656069,0.0005444937176130874,-0.52
98,03,-1.3287096029671374e-05,-5.803373095440609,55.151999684815046,0.00038326355497387356,1.03
101,06,-2.8837502824555686e-05,-20.989433822292757,61.5306473079814,0.0008995023713432398,0.32
102,07,-3.379324687933062e-05,-20.07741719498173,55.40260847481861,0.0011762637337276985,-0.97
104,09,-2.5696148892024614e-05,-3.969099077690972,51.22118268649578,0.001026891966428189,-1.01
105,10,-1.9746457593286597e-05,13.28605210072507,59.41998880579267,0.0008929555590629677,1.4
106,11,-1.2423982501220758e-05,8.69252590874566,58.77474638277293,0.0005567817669088578,0.36
107,12,-5.659096497726741e-06,10.619382738339004,50.16868590621025,0.0006231452756041871,-1.38
108,01,-9.400724827868036e-06,23.76198229324177,64.8158600401199,0.0005186993550770137,0.72
110,03,-1.4791143874625109e-05,4.141464673442225,71.63935923557511,0.00047325576421621175,0.49
111,04,-2.4692344382775542e-05,-22.74501348402235,55.09817502149212,0.0005172340481790242,-0.96
112,05,-3.182606770285695e-05,-15.882362545546664,52.83810746537357,0.0007443033780645266,0.85
114,07,-3.385038605679304e-05,-9.511822006717805,59.07058047961163,0.001171458948932473,0.81
115,08,-3.211179117533902e-05,-13.866469908683532,47.473473327189375,0.0010266525363930598,-0.19
116,09,-2.5435363158006416e-05,2.907980506727431,49.177534459747214,0.0009323654926211424,-1.08
117,10,-1.6347254436593455e-05,7.273599919801116,47.520342997120274,0.0007721173569709835,0.1
118,11,-1.0307503538792339e-05,7.8851572241889105,46.36847800110711,0.000563931326113359,-1.75
119,12,-7.866494279115095e-06,20.208327730240367,52.71666673100892,0.00053423904773601,-1.98
120,01,-5.490775168401608e-06,12.580168148245866,46.32122026583841,0.0005023698754026696,-0.31
121,02,-1.1993180484209699e-05,15.243881237211681,52.799659086113884,0.00042497837058714,-1.14
122,03,-1.7582771425163286e-05,5.919001820882161,61.97907953674307,0.0005982449319345967,-0.62
123,04,-2.3728384267512105e-05,-15.711892689005532,62.36782957411343,0.0005368266940982721,1.96
124,05,-3.2913617601255e-05,-32.404015432706444,43.15242019264416,0.0005949903542140838,-1.85
125,06,-3.3498540398290464e-05,-35.047065074327264,55.710710440916486,0.0008175972156450774,0.78
126,07,-3.3625666249610085e-05,-27.510599928661055,42.19065745926929,0.000971569565642772,0.2
127,08,-3.0036708770112647e-05,-17.0266568734774,43.458151734339296,0.0009896705504082786,0.21
128,09,-2.1827326350689368e-05,-6.781363076782227,44.02462579022247,0.0009320243816883804,0.59
129,10,-1.9913688146604526e-05,14.103063629806684,48.60193847477949,0.0008421332443241979,-0.65
130,11,-1.311930024130561e-05,7.912713109334308,43.72629240063826,0.0004454905331929088,0.89
131,12,-7.719866410816296e-06,20.033501539989185,45.286219627095804,0.00047829752353097696,-1.58
132,01,-9.708490018202875e-06,23.531725362798216,54.619796854420386,0.0005105691684948654,0.16
133,02,-1.709957590030951e-05,31.83555304718018,59.52337883048256,0.0005475542892947997,-1.68
134,03,-1.7018775953137494e-05,2.372058311872584,47.98838851665681,0.00048062062612102977,-1.97
135,04,-2.7999317039636173e-05,-19.276666238742408,46.732171709169286,0.00037736529698403654,-0.72
136,05,-3.125298669270236e-05,-34.3688931694441,36.06377147361027,0.00042185220914118,0.74
137,06,-3.068480971400681e-05,-23.63770078192817,52.16888050745726,0.0008391077614164817,0.03
138,07,-3.559518055198981e-05,-33.07448882301904,37.832517702871755,0.000870340643866736,-0.79
139,08,-2.897321149455781e-05,-28.290339532667595,47.590817581110095,0.0010727420896216627,-0.15
140,09,-2.7407515947157255e-05,-3.6402964202880854,48.108384553693405,0.0008673468175783354,-0.21
141,10,-1.8407037761653066e-05,10.48773665069252,49.92561818830045,0.0007825079715910818,1.22
143,12,-1.0178729378000547e-05,19.264495642221096,49.02194799312469,0.0004455819003796224,-0.15
146,03,-1.2629808311264428e-05,-0.5304674036169569,53.76618897918476,0.0005727407951866191,0.92
147,04,-2.5889148811054637e-05,-18.50936585184733,50.20018549894757,0.00041218083241272116,-0.86
148,05,-2.5811937759284265e-05,-33.066711107479634,47.67298183366304,0.0005622225995608382,-1.53
149,06,-2.987989489524302e-05,-20.686577268473304,57.62339900992447,0.0007455840776351881,-0.71
150,07,-3.606362330103894e-05,-12.26554677852508,46.37869990175771,0.0011091873102282322,-0.51
153,10,-2.004618059737534e-05,2.17344532234438,45.307421456006274,0.0006820325499599374,0.18
155,12,-7.654158530845394e-06,17.942148733159545,42.031411531264894,0.00046165224257053707,0.01
156,01,-5.988280283046514e-06,9.900324605634134,41.55076964045469,0.000437638549289248,-0.02
157,02,-7.568776633878318e-06,10.513905402874128,42.596786469010105,0.00039763415424268303,-0.03
158,03,-1.6743815379482177e-05,3.675611719931326,56.535387553599556,0.0004879701252311531,0.41
159,04,-2.3724830210206465e-05,-12.979907084147134,60.15185276207658,0.000579528459085648,0.32
160,05,-3.502280750303383e-05,-18.415903687507882,37.98684394011575,0.0005439886107167655,-0.67
161,06,-3.339920427913765e-05,-25.873405965508358,43.36981476617124,0.0008486856836498394,2.34
162,07,-3.3542465003026134e-05,-26.574038988010855,46.61348771423679,0.0011160113274397768,-1.03
163,08,-3.290884278264643e-05,-13.404264240552024,52.83446418771308,0.0012228114123283905,-1.24
165,10,-1.9484351597922247e-05,1.9587082073252686,58.379234332862715,0.0005589232049004094,-0.08
166,11,-1.321692710625939e-05,23.694389510769323,50.96693710040848,0.0005697992317844588,-0.73
167,12,-8.425528942156701e-06,11.411874493342573,45.69198678764476,0.00046205227275860006,-0.18
168,01,-9.715480358609446e-06,34.39173987899288,57.42208674485646,0.0005887621752377449,-1.29
169,02,-8.449411843078754e-06,-1.1622854381742926,41.2482318814184,0.00038359931115603885,0.06
170,03,-1.4966802825774622e-05,-6.011914413616221,42.24266758934657,0.0004124762266675568,-0.1
172,05,-3.0932743489659034e-05,-26.541132331437964,51.168041845343446,0.0007194121543284234,1.49
175,08,-3.234485571499712e-05,-11.285276480397874,49.79429166342623,0.0010167660779612973,-0.63
176,09,-2.2725771390226628e-05,-2.4448908416748045,57.50485973500145,0.000888641576060541,1.18
177,10,-1.798888249350155e-05,2.3637267239478326,43.9463890340828,0.000542134024022548,0.76
179,12,-9.250304196792702e-06,31.236705364924607,64.63241229699248,0.0004956924168822877,-0.04
180,01,-8.814763398506955e-06,28.086010490499522,59.814965074129006,0.0004701822597394422,-0.24
181,02,-9.681430163471391e-06,-2.9269207930791947,54.97462990093799,0.0004138276064931533,1.25
183,04,-2.4481364455176743e-05,-15.54007357143826,53.21672202842236,0.00040480200442157807,0.4
184,05,-2.8615912740195944e-05,-19.306992470361852,50.8592781971834,0.0006858745914348111,0.52
185,06,-3.390126228795352e-05,-22.424498955281575,49.86442946763436,0.0010699702445989207,-1.54
186,07,-3.466171150601792e-05,-32.442688338413035,36.16844127948567,0.0009186411803072188,0.6
187,08,-3.527003988845888e-05,-15.806742182249662,41.714041907468136,0.0008680270261172562,0.5
188,09,-2.649383951805552e-05,-2.2674784339057075,50.77799905458556,0.0008433525541978978,-0.02
191,12,-1.093666692604627e-05,22.757288210632986,53.902280609893545,0.0005556525008313002,1.35
192,01,-1.2804497735976505e-05,25.385474410518523,57.77612080058489,0.00045759688101936,-0.09
193,02,-1.271823695051786e-05,20.178666164579848,60.9734689490412,0.00048809193327531924,-2.08
194,03,-2.219248033328259e-05,-0.5256330294045062,56.57506640008187,0.00037265990637394303,-0.32
195,04,-2.3056703787511248e-05,-15.611610607231992,48.9374839578549,0.0005232466899471546,-0.98
196,05,-3.3250014936618425e-05,-29.631465932538433,52.844916530618114,0.0006214292339710306,-0.35
197,06,-3.44918315846169e-05,-24.446217814466692,49.08188772321145,0.0007471122926498033,1.69
198,07,-3.591561413959817e-05,-25.92438248894804,39.340810654867084,0.001035028367159925,-0.36
199,08,-3.331847033315239e-05,-31.29434137422295,33.68999910253863,0.0008271361476220967,0.06
200,09,-2.6222378082234683e-05,-4.395296908230251,54.09243484116659,0.0008676720050675714,0.22
201,10,-1.4566836962311297e-05,5.514771194293934,41.310020164710224,0.0008753650264261328,0.69
202,11,-1.3042386322538529e-05,9.068964893934462,58.53600206141338,0.0006469659394806109,-0.25
204,01,-7.460320452180465e-06,-0.4728464959257379,45.67560021059616,0.00044037663110958085,2.86
205,02,-7.544903639281147e-06,5.38362545916678,55.18347650017959,0.00031412921131322426,-0.22
206,03,-1.2827322511164368e-05,-10.990242480862525,51.72073062135199,0.0004322530456430366,2.15
207,04,-2.0502408365953464e-05,-21.604367342122394,58.54018084150156,0.0005573882549563778,1.24
208,05,-2.4253428110207234e-05,-26.022296560964275,51.92535755428705,0.0006685273422467372,0.36
210,07,-3.142641031134248e-05,-27.054918192217425,49.82263012584947,0.0009566610893040974,-1.59
211,08,-2.9903093116464793e-05,-15.358725825155936,42.33743624172287,0.0008052989171323801,2.93
212,09,-2.534073391895315e-05,-7.00570699428982,43.673043699496326,0.0007056351989302735,1.03
216,01,-3.583592048936e-06,-1.2817189340899076,35.36421269791357,0.0002965270524839061,0.07
217,02,-9.97768289436776e-06,28.48145621345157,61.04910012837534,0.0005305327026612487,-0.87
219,04,-2.201332183204714e-05,-17.60772253417969,50.15108422283994,0.0005176294510015927,-2.44
220,05,-3.085946982284968e-05,-22.07697987414944,55.658551038389554,0.000691181856834612,-0.66
222,07,-3.376502295814329e-05,-20.43258258581674,48.29218798171063,0.0008547632643424363,2.61
223,08,-3.064838395117496e-05,-15.397676236060358,39.11490551742816,0.0010386910332973625,1.18
224,09,-2.7053925191669103e-05,-10.968042353990342,40.873450344501606,0.0009289264848881631,-1.42
225,10,-2.0736059433235615e-05,1.8364669255082322,46.07108195983722,0.0007064217952702141,-2.17
227,12,-9.893875752236308e-06,16.98351939342868,60.12797338394067,0.0005512983522442909,0.61
228,01,-1.1099072907757458e-05,24.386054642872143,54.87726956107148,0.00045592296519506595,0.59
229,02,-7.893391973560764e-06,12.879144769577753,54.623768248409036,0.000624683462594898,-0.56
230,03,-1.582076560769428e-05,4.910139277304372,64.38913835901599,0.0006810213565312239,-0.05
233,06,-3.4082233544055876e-05,-13.138249787733287,60.09514157660935,0.001018815234679136,-1.02
234,07,-3.6390916169732936e-05,-13.917790471887077,46.5719772114318,0.0009119439115554566,-1.63
235,08,-3.4686337675251e-05,-19.754633603331865,40.27667498864153,0.0009149996268527415,-2.19
236,09,-2.4247977624205914e-05,0.3736279635959201,55.41774919654528,0.0010404470592029612,1.41
238,11,-1.186565926222506e-05,4.6568576497395835,50.09492808050447,0.0004236663616776847,-0.37
239,12,-8.802920268002493e-06,22.454611907630838,51.308709990082264,0.0005018636649010024,-0.95
240,01,-9.430198710966792e-06,24.63400003675235,61.44896206574927,0.0005411838983149154,-0.01
241,02,-1.079772392194216e-05,13.779260249546594,59.85849182345754,0.0004247924906180526,-1.71
242,03,-1.3397230129969535e-05,-0.9194605676794566,60.6708199271861,0.000520822167453769,1.68
243,04,-2.54553507465769e-05,-17.42901027967665,53.24983413987689,0.00045097119342235603,-0.25
247,08,-3.318467006672979e-05,-13.657699137697938,45.50563225292391,0.0009116657846986517,-0.39
251,12,-1.3700721242369786e-05,27.986750325848984,63.54783165261822,0.0004460608781439875,-0.34
252,01,-6.553396535759588e-06,18.42038040095504,45.80448549491872,0.0004392718665100694,-1.02
253,02,-1.2230161100386137e-05,18.65321454909752,54.35344561065067,0.0004498816253623835,-1.16
254,03,-1.4517082142339604e-05,-0.5979741453765541,58.83941007500695,0.0004991599991315802,-0.92
255,04,-2.355722367422762e-05,-12.813957029554578,60.681698268123455,0.0005945271223715785,0.34
257,06,-3.750390542944741e-05,-27.016546727159287,42.780413097916714,0.0008396627575370277,-1.14
258,07,-3.168135436499142e-05,-21.668345875401656,51.88578506780696,0.0008486174719188665,1.46
259,08,-3.0941285219664524e-05,-19.063545700565466,39.65101154342005,0.0008177378859400235,-0.11
260,09,-2.4486756719630248e-05,-2.020394458007812,56.817002186003,0.0011746618843225302,1.42
261,10,-2.1893689024856883e-05,11.235235126454343,57.40779917159772,0.000834898857871064,1.07
262,11,-1.5146696185204038e-05,20.892512133110895,68.07071139411661,0.0005471246481323154,1.91
265,02,-9.421481274265325e-06,7.153048214503697,61.79020408172125,0.00045849606639379885,-0.07
266,03,-1.3063552253355424e-05,-6.242824222359606,58.59238742218351,0.00043964260734938635,-0.53
267,04,-2.4765318735565716e-05,-15.737299090576174,60.65160554169682,0.0004324344195720945,-0.52
268,05,-3.372209000100225e-05,-25.790908090242777,45.58359570831253,0.0006874419770607463,-0.73
270,07,-3.6646507612448495e-05,-24.41304970722813,43.035889669943884,0.0009577895311687377,0.57
271,08,-3.349079792080317e-05,-13.273838911159066,49.470468634774605,0.0011785009511229004,-0.55
272,09,-2.8629883362433853e-05,-3.361749937269423,60.89090815499625,0.0008204311439514236,0.45
273,10,-1.872843477780094e-05,15.499699002173642,52.0420637966638,0.0009255201393185142,1.32
274,11,-1.4045017091525046e-05,9.019137569173179,50.75557469189433,0.0006085738384488525,-2.06
275,12,-9.904081011676856e-06,14.487402564920403,52.82181985401466,0.00042967180998163804,0.68
276,01,-6.60295483731882e-06,23.604068570044735,51.65779350411636,0.0005113839650168305,-0.7
277,02,-1.6342577849974034e-05,27.257544948032923,61.67323920420096,0.0005129149039266849,-1.61
278,03,-1.718439095667989e-05,-2.8514695644583754,52.573686629964456,0.0004819596547454955,-0.39
279,04,-2.4829810814864887e-05,-14.182246478949653,49.20558492463959,0.0004709443206453266,0.94
281,06,-3.5836119472898846e-05,-20.466573669433593,50.7506326838851,0.0009486301975226323,-0.43
282,07,-3.594073215623134e-05,-17.96138944137737,48.60045512300026,0.0010623623587375588,0.2
283,08,-3.0240783373966385e-05,-12.41071590333344,52.640142950275894,0.001163815572202473,1.22
284,09,-2.726855740998468e-05,-6.606480073716904,41.46046437310777,0.0007335374628951386,0.88
285,10,-2.2813934475604865e-05,5.003235001430717,55.25826176021304,0.000718885400139463,0.06
286,11,-9.433203981300014e-06,10.082439758300783,57.335292302331666,0.0005791067180039236,0.8
287,12,-9.155090198257839e-06,-0.601292420089886,52.83887711868107,0.0004945328851989802,0.96
288,01,-7.996820467572737e-06,16.024269751435966,52.92226850532075,0.00041192595895207524,-0.51
289,02,-9.213011075579354e-06,1.6289639434814458,40.65915042115535,0.0002735949758984874,1.55
290,03,-1.4304734281419465e-05,-4.024482163624097,45.80751552796749,0.0004401956440712298,-0.36
291,04,-2.383696288773839e-05,-17.2942943037245,47.44735419490735,0.0004770017007668381,0.9
293,06,-3.491794925367785e-05,-29.63445593295627,48.58540389312637,0.0011471253787109367,-0.77
294,07,-3.637924248004731e-05,-25.786057973554062,44.12265574810709,0.000985359612786695,1.01
295,08,-3.1032737283929096e-05,-31.771135562691633,39.36124998163152,0.001063466894169325,-1.31
297,10,-2.1305207502659715e-05,-2.352458050143333,49.86598729915773,0.0005624345080602805,-0.62
298,11,-8.746191556262298e-06,13.336127873399521,55.471923015075255,0.0006547417485429125,1.51
299,12,-8.986315398414586e-06,16.75842543636855,56.42778465677845,0.0005586620659873345,-0.94
301,02,-1.1818901434843997e-05,12.780648606925178,58.06078212638148,0.000495099684988787,-0.14
302,03,-1.5225630396960167e-05,1.0669384965794064,50.376974003080406,0.00036018773000070863,1.12
303,04,-2.4217375733618005e-05,-11.611916856553819,59.49211039767795,0.0005477365501182944,1.04
304,05,-2.847669872224737e-05,-31.81054322043798,50.857990436966695,0.0006152930506795131,-1.53
305,06,-3.421590459786078e-05,-30.121984181382924,54.56608841220009,0.0008944627820598017,-1.26
306,07,-3.5823426863228845e-05,-21.040274605699764,48.61712288511441,0.0009030186964724067,-0.5
307,08,-3.442271008691844e-05,-10.630728795861687,53.4802156332962,0.0011410420949086592,0.55
308,09,-3.09724094837697e-05,1.3779368174235027,41.60773183429904,0.0008935518929530012,-0.21
309,10,-1.9737982986943505e-05,10.8786054316695,45.96995730125903,0.0006333934098819987,0.55
310,11,-1.219442167142309e-05,8.63346869269477,52.650442458646836,0.0006341721947358944,-0.97
311,12,-6.509792311736683e-06,12.651209838210898,41.13814304297201,0.0003987152580916455,0.13
312,01,-1.0532949036563073e-05,27.835473567839585,50.62756816835045,0.0004537746557087837,-0.36
315,04,-2.402455134354872e-05,-12.38321820203993,55.9102142579476,0.0005435340928157731,0.17
316,05,-3.3327865934669755e-05,-23.83920729967343,52.369123788558014,0.0006399812987691344,-1.49
317,06,-3.715115132452208e-05,-30.632264646063906,50.84424858076307,0.0010480431722563416,-0.44
319,08,-3.320200081173924e-05,-14.21000237282374,41.28222914207624,0.0008214074471167111,0.0
320,09,-2.545146969718593e-05,-6.704652192857532,39.75358392157654,0.0009221086927508522,-0.5
321,10,-1.7187334372416657e-05,10.538457600583316,41.694871458662455,0.0007750956863858269,0.48
323,12,-9.12172876785682e-06,14.485518746324761,56.37181309181387,0.0004220962651623558,0.94
326,03,-1.3873502668170125e-05,-4.782673361173239,59.930227692120816,0.00041051977616280897,-0.66
328,05,-3.370682173148433e-05,-13.439136345319852,55.415879218805216,0.0006535041197075036,0.13
329,06,-3.4785863751151034e-05,-27.11431088460287,44.96967633606062,0.0008772879220370063,-0.11
331,08,-3.203818718891423e-05,-14.970106861073484,56.166526000266416,0.0009000416037593156,1.89
333,10,-2.0357669840078775e-05,8.929626497002058,49.91160704086961,0.0008570413862924212,1.22
334,11,-1.6638314112929544e-05,21.698549422539603,51.20864173750348,0.0006521134779476141,-0.45
335,12,-1.1844671387852061e-05,21.158474252352146,51.61357204472506,0.0005773151541380593,-0.04
336,01,-1.3167410284109127e-05,32.71415653975292,54.798027210791915,0.0005230013527154189,-2.33
337,02,-9.635896793779033e-06,12.227102448962983,62.05461917357218,0.0005590188341237168,0.54
338,03,-1.969343553138324e-05,2.858439688077537,50.951221448258686,0.0004028064890359467,0.53
339,04,-2.5420359923575438e-05,-23.728481532796227,35.425640993569964,0.0005033413915325177,-1.32
340,05,-3.1186685044343005e-05,-23.42358186127037,55.67473245647261,0.0008101687334261413,0.42
341,06,-3.458860908376663e-05,-19.802041976589628,51.81401281598541,0.0009322974188374144,1.05
342,07,-4.0491175616739144e-05,-14.380545316962786,51.51913973191349,0.0009613429224455643,-0.2
343,08,-3.430768915528969e-05,-11.902402343421853,46.669440629773256,0.0010274620080804539,-0.13
344,09,-2.677926907070085e-05,-2.246240928141275,48.58724766878287,0.0008591688969658409,-0.53
345,10,-1.4836711174446523e-05,-1.5530790907336818,46.4751422240952,0.0008285501714110792,-0.16
346,11,-1.4172945336880124e-05,15.984315191311307,55.0159122577058,0.0006465871534172897,-0.81
348,01,-9.98381483742544e-06,30.50790186531313,59.32570013750177,0.0005276380488101,0.46
350,03,-2.0140387961912898e-05,4.352542552004578,67.29393991330491,0.0004389440757035161,-1.76
351,04,-2.446588194630345e-05,-15.287676639472116,50.48518859204715,0.00038008468478427,0.18
352,05,-3.326288808405293e-05,-18.37616691179173,46.32872357566895,0.0006870887521260839,0.53
353,06,-3.476253857051133e-05,-32.52892781643338,47.80475471985869,0.0008564286241224787,-0.15
354,07,-3.577182100015043e-05,-18.878891244211506,53.425692884929724,0.0011261872946572934,1.33
355,08,-3.3834556450724496e-05,-9.036356891591062,49.02626591384924,0.001041277370647549,-0.28
356,09,-2.5189189388381943e-05,-2.5223080678304033,46.95382839618127,0.0009044781553824899,1.16
358,11,-1.2143508331428165e-05,12.723418456013999,55.05112889809742,0.0005676329277205644,-0.71
360,01,-6.219402897665034e-06,13.638463789416898,56.756673166043,0.0004136181822207933,0.06
361,02,-6.55127283612057e-06,7.2258432279314295,62.426701213981424,0.00047579284143406164,0.53
362,03,-1.4006747319585248e-05,0.15545269151913163,60.10794240493287,0.0004989911271048672,-0.51
363,04,-2.2896213735516033e-05,-13.763160278998479,44.90089633327524,0.0004889661802240576,-0.12
364,05,-3.152253704363203e-05,-24.89160391596312,50.72287625494953,0.0007151075125502661,0.38
365,06,-3.4585202314802804e-05,-32.20444840494791,47.13420631794532,0.0007885755440597576,0.27
366,07,-3.995988693131167e-05,-23.939954596078525,46.67216465320125,0.0009029157017727434,-1.13
367,08,-3.326769469126164e-05,-18.63527480389995,42.41847231385144,0.0010581389043553269,-0.21
368,09,-2.396435872586961e-05,-8.675344586181641,43.626415080409586,0.0009490466401233954,-0.8
369,10,-1.8213049179844e-05,4.716025361748153,49.256211021474606,0.0008116932342555208,-0.74
370,11,-1.3997967538165946e-05,28.005924584282763,63.3120259418408,0.0006304514712387844,0.82
372,01,-6.091251291421628e-06,2.9262350808420488,60.36061479552843,0.0003629201125318107,1.23
373,02,-7.65345504045659e-06,5.717629487900508,61.53230691539674,0.0003673177904023817,1.04
376,05,-2.827942739082006e-05,-27.387183430333288,51.416537502500645,0.0005531739490862218,0.47
377,06,-3.182083758476639e-05,-35.711798379855686,43.71565713060168,0.0008911056623261983,-0.55
378,07,-3.4407490462771055e-05,-31.11366353779454,49.13440625845617,0.0012401764772639779,0.79
379,08,-3.27152816781925e-05,-15.088779016966459,50.057286181364006,0.0010051635737900273,-0.3
382,11,-1.1904203317903414e-05,4.708053307088217,64.34552551558414,0.000539917925373298,-0.08
384,01,-4.432973011169315e-06,15.641597058367989,49.85520389962581,0.00040994079856436554,-0.24
385,02,-7.274441715534998e-06,7.353929252261208,64.81677477946593,0.0005457368057977929,0.3
388,05,-3.0008848766624646e-05,-32.62149781881353,48.67582858574712,0.0006954327806093939,-1.08
390,07,-3.7348723895911946e-05,-18.427609645064162,51.34294977803511,0.0009686399827052652,2.48
392,09,-2.5484862159343414e-05,2.648160398695204,48.54894579696125,0.0010463940876720393,-0.61
393,10,-1.916051529891168e-05,8.726722329416583,41.10612051369683,0.0007127288467344178,-0.27
396,01,-9.557997748420493e-06,23.492998173539362,55.985124487241116,0.00043240021513436713,0.57
397,02,-6.941694202459045e-06,2.77444112036694,54.92825397600388,0.0004849237747458461,0.34
398,03,-1.1845709033173812e-05,-9.130659757880753,42.53471919810516,0.00044616643216331627,-0.47
399,04,-2.412122515035865e-05,-15.116672309705946,65.52592149374486,0.0005342435015494618,-0.93
400,05,-3.2719707248821014e-05,-19.41600187732328,54.71462800888861,0.0008146372657843473,-0.58
401,06,-3.633841799156573e-05,-15.284035491265191,54.862410076340026,0.0009098009567069676,-1.42
403,08,-3.664081436780238e-05,-14.530181596981583,48.63167088847007,0.0010329766651933964,0.85
404,09,-2.780254297756781e-05,-4.337274759928387,47.643611919113,0.0009458465725743282,-0.93
405,10,-1.749340033099435e-05,6.576196681525118,62.883388684188155,0.0009416702161500776,-0.28
406,11,-9.782895505729057e-06,13.286790387301977,48.36725960095062,0.0004847364594485018,0.68
408,01,-7.079607454118081e-06,9.77005108642578,59.36599973937003,0.000497766507189808,0.08
409,02,-9.82560560788399e-06,1.2790957768758144,54.799641565576906,0.0003367882807537607,1.0
410,03,-1.6003138249269338e-05,-14.11737674147083,62.83003596656937,0.0004201141621528276,-0.57
411,04,-2.0434202846445263e-05,-16.983018215264217,45.651346360141694,0.0004941429305161389,-1.1
412,05,-2.7662325821888435e-05,-23.158452428017892,56.92952051083376,0.0006636143321345607,0.48
413,06,-3.319209287441886e-05,-26.815010833062065,45.349666944320994,0.0008767861766169669,0.3
414,07,-3.405638901301333e-05,-27.630988150319745,40.32137145659744,0.0009992564759155084,-0.03
416,09,-2.475842662511746e-05,-8.054260448540582,49.65095689521101,0.0009952416975374742,0.38
417,10,-1.765674730958508e-05,13.677036990258001,51.31546706972713,0.0007650325017121314,0.67
418,11,-1.2026654228591521e-05,13.685960133870443,60.59634180396663,0.0006722915904273629,-0.7
419,12,-9.44601224512954e-06,28.97793200421077,55.46996279250422,0.0005743988471772425,-0.73
421,02,-1.1990748406116751e-05,26.598223410470148,61.15281964255657,0.000413683501669097,1.1
425,06,-3.645346474101341e-05,-28.120134918891054,43.231891095406475,0.0007369192126624208,0.19
427,08,-3.5946427165531874e-05,-15.756697428713563,51.75170243226714,0.00083940602619154,-0.59
428,09,-2.0748739615697153e-05,-9.244409510294595,35.08465283191469,0.0007514128688763474,1.14
429,10,-1.6616273676728237e-05,8.951883064844276,46.06859467966968,0.0007536827149327755,1.11
430,11,-1.0089955154782932e-05,6.784489759657117,59.376273723493675,0.0007041661412425191,1.77
431,12,-1.0581146033268115e-05,22.95546643394552,54.273882943514856,0.00047802787376777174,-0.4
432,01,-9.2527426375611e-06,26.340960131573418,62.63006211892765,0.000489844752344597,-0.18
433,02,-8.153189459681882e-06,8.31590086110433,48.93550452213628,0.0003498088643584164,-0.37
434,03,-1.5915630637317265e-05,-1.6360386480515998,44.90566300547765,0.00042303985436162447,0.39
435,04,-2.4346638547669703e-05,-22.934988667466907,50.17846367060873,0.0005260060907692656,-1.49
436,05,-3.070366395367009e-05,-25.76910455847299,53.73915812349191,0.0007177736570713329,-2.15
437,06,-3.477750818122634e-05,-31.860220404391814,46.7203716229452,0.0009790266007457542,-1.52
439,08,-3.326061218056918e-05,-12.586229408838417,52.3345120203854,0.0013657396460582901,0.87
440,09,-2.5603061031688413e-05,-1.6679924726698132,46.654843129608366,0.0007566028229298049,1.09
442,11,-1.4898132296588707e-05,27.46974549831814,55.57987919455502,0.0007983321246238999,-0.4
443,12,-8.385574634596725e-06,33.275967709449034,59.292129598577816,0.0007795188684168917,0.08
444,01,-9.004527324929857e-06,20.359526514525058,60.00615774854665,0.000488436789451965,-0.68
446,03,-1.4810545610421827e-05,-5.396197126162949,59.004922374092125,0.00045848496732475713,-0.23
447,04,-2.7581765115751797e-05,-20.820068422105575,57.557788026644126,0.0004367676396880408,-0.11
449,06,-3.356170396635004e-05,-23.02242342732747,60.87640379265148,0.0010927039331910299,-0.95
450,07,-3.758493633006676e-05,-22.269790681900524,47.74635748879372,0.0010440241232438279,-0.7
451,08,-3.3272750999810424e-05,-17.014684508621052,43.397001161080546,0.0010487866989167115,-0.44
452,09,-2.4645985519115736e-05,-7.889081433783638,37.34792189491059,0.0009151321535124882,-0.99
453,10,-1.526362983537594e-05,-3.798430909843855,48.34944315867911,0.0005933222717686742,1.05
454,11,-1.1750765303218536e-05,10.89123139716254,54.5964946256227,0.0005619674263660951,-0.06
455,12,-4.447676278540448e-06,15.633635981405934,42.93341399640295,0.000560933945176403,-1.18
456,01,-6.416161365773257e-06,12.223324068787278,48.97643718384928,0.00038658891371489107,0.17
457,02,-8.18821650381367e-06,12.903916228158135,62.959067062718525,0.0005283647472425172,0.67
459,04,-2.5679135762624757e-05,-26.331729773288306,46.84454056873057,0.00046593889041503434,-1.45
460,05,-2.9667726341906155e-05,-25.198657173730993,56.839670298081565,0.0009037413714048589,0.95
461,06,-3.566179110415154e-05,-31.36642959594727,52.944568701901716,0.0011968786994141958,-1.43
462,07,-3.888270218750779e-05,-23.176640851420746,56.14024401203919,0.0012087215603821659,0.03
463,08,-3.333480648354688e-05,-12.395997953681537,44.035043613662005,0.0010214693359917133,-1.57
465,10,-2.0550294828412475e-05,15.281469091599986,50.30405073937036,0.000977998422354175,0.3
466,11,-1.2597567349661808e-05,15.910226154920792,53.90823562632401,0.0005069242515831825,-0.08
467,12,-7.748080553331723e-06,20.40142875687794,63.311030514205655,0.0004944631197981608,-0.48
468,01,-8.493993727101315e-06,23.796599253992884,55.116003269850566,0.0004060688798143667,0.44
469,02,-1.1806723732206594e-05,-2.6082788761683875,46.30087924139698,0.0002829947456795624,0.43
470,03,-1.3339704251535219e-05,-6.768148279333628,63.03257818707726,0.00046114679775602243,-0.81
472,05,-3.631899526441482e-05,-17.44638056798135,47.40056218499266,0.0007784020966188845,1.69
473,06,-3.447691067930363e-05,-33.33076165534125,39.74884000571834,0.0009423105013197868,-0.77
474,07,-3.4126774513620195e-05,-44.31138712696363,36.16823902212164,0.0009376750856292581,2.27
475,08,-3.324744642680256e-05,-25.59706884437479,43.61733073811633,0.0010718811275108415,-1.05
476,09,-2.7110998255941223e-05,-4.088550005425346,48.59134079140956,0.0010813803784312972,-0.74
477,10,-1.717439320385384e-05,2.0582064438686585,44.893768001867876,0.0008625090847966448,-1.11
478,11,-1.049799736220949e-05,11.533768935139973,58.11769115721252,0.0007007089032915043,1.89
479,12,-7.425197422547768e-06,21.47761040308142,53.53903508252609,0.0005544804356621699,1.35
480,01,-8.170035396257738e-06,18.813249751593478,61.34680531404607,0.0004562786708415723,-0.09
481,02,-8.232899953890454e-06,13.675333238874163,51.283400613031226,0.0004878204055308429,-0.4
483,04,-2.786484313502215e-05,-15.88577495863173,41.53150874974462,0.0003912166226224751,2.09
484,05,-2.8741963674400066e-05,-37.081440074305384,54.09692304540707,0.0006720132131989082,-0.11
485,06,-3.9525050331051005e-05,-23.208365014648436,47.86380608810849,0.0009900846631499234,-0.16
487,08,-3.404563471354698e-05,-17.337182702177312,41.57153246440298,0.0009153493840614355,-2.09
489,10,-1.8569231195137014e-05,10.235854191605762,54.45598049366731,0.0009659558784721729,0.16
490,11,-1.0039879183467646e-05,10.335369747924807,64.20363267016013,0.0005838539287481886,1.45
491,12,-8.260583359534854e-06,25.078029959073632,56.60606037604423,0.0006186688043578876,0.84
492,01,-6.012859741277161e-06,22.106840989635838,48.67357203781476,0.0005441964545661171,-0.55
494,03,-1.9840231885472768e-05,-1.8349693298339842,46.56073982853019,0.00044156570029401656,-0.88
495,04,-2.7043378228700023e-05,-24.0670989525689,35.17819720014996,0.00044264087076846477,-1.52
496,05,-2.995519203009721e-05,-45.04488896819084,46.51938461271666,0.0006991983233638057,-2.37
497,06,-3.546342912159163e-05,-30.903872137790252,54.092656515480414,0.0009531023765690003,0.58
498,07,-3.552329937512147e-05,-24.55973527871409,49.31133174363516,0.0011676926252908862,-2.29
499,08,-3.48960954878191e-05,-17.491402352609946,46.845165995435046,0.0011642942770002831,-1.56
500,09,-2.4679065476549213e-05,-6.537764871215822,41.4254565234277,0.0009814041400650556,-0.47
501,10,-1.848353834580477e-05,14.114419966174706,59.132486595437086,0.0008436635503033075,1.45
502,11,-1.0186800306089735e-05,15.631692754109702,47.969248177954896,0.0007050563983345021,-0.11
503,12,-6.893300624729055e-06,15.732371215492165,60.65007041392917,0.0004749457487080894,2.33
505,02,-9.005972841740524e-06,9.622026147751583,54.51137783175566,0.000539877978493261,0.31
506,03,-1.5948935392546162e-05,-0.9029574194467195,53.47545231677126,0.0004469089032667109,-0.93
508,05,-3.230829694098981e-05,-22.4746828918457,60.26473778712485,0.0005485733494364279,-1.06
509,06,-3.7502937650666964e-05,-26.38411481492784,47.88007799596918,0.0010744130859948195,-0.11
510,07,-3.6336240956178925e-05,-19.074829963273896,48.14752719921964,0.001075812178065009,1.48
511,08,-3.444879628501263e-05,-12.903870650096605,45.419211714576655,0.000943864032105035,-1.4
512,09,-2.3354238802332672e-05,-7.743464881388346,41.71682162190013,0.0009716396207307595,-0.14
514,11,-1.0072340758698473e-05,9.36498726196289,49.88987413275507,0.000526706469721909,-0.77
