,month,MER,MSSHF,RH,TCWV,sst
1,02,-7.399999772068052e-06,2.729709174746558,52.295623941567676,8.97375713603837,-251.8927
2,03,-1.408509512223264e-05,7.08405715679866,62.090667984242096,11.168600756099146,-260.2826
3,04,-2.191347909663616e-05,-15.59233038906521,62.41300571294825,12.183705327253872,-213.53246
4,05,-2.839083756912113e-05,-16.16055940262989,64.02205650719006,17.216401719138187,-108.7427
5,06,-3.330413338050373e-05,-22.16353809509278,52.028707694198026,22.014874159757298,57.286926
6,07,-3.0671342559486147e-05,-22.637875941122733,53.00265082314577,23.12972981539721,209.19673
7,08,-2.8487004876296853e-05,-12.56110269165039,50.14281140049425,22.75220546986083,300.89417
8,09,-2.3132900744369383e-05,-4.023202255249023,42.3501046719922,21.151945761863388,271.3293
9,10,-1.6345863611966567e-05,2.642213581372333,56.92965585534547,19.721688314687825,152.57669
10,11,-1.1569333000928361e-05,13.890767045423724,49.679388139549886,13.441472351654372,14.654727
11,12,-1.207531024335357e-05,24.691616260159407,64.98245628347064,13.014830520187658,-111.64837
13,02,-7.359469057738698e-06,6.865867059466484,53.581606617508264,12.12962919981178,-260.55118
14,03,-1.4070489600584629e-05,-6.186828353717764,55.02083505403355,11.427750095593034,-266.67346
15,04,-2.282624180893941e-05,-17.872287172783746,48.97103869282801,11.357650041418605,-220.7337
16,05,-2.9285246377967465e-05,-30.998830406271004,47.47244699586335,13.246584139289395,-112.601944
19,08,-3.1051088017916934e-05,-11.540256553403795,47.008779259716306,25.701051704905364,298.81384
20,09,-2.365392635981859e-05,-3.0327022542317708,42.946886476458445,23.25748233046532,263.15198
21,10,-2.1172643707369163e-05,7.590982919672484,58.4636376896443,16.11280749658359,139.44199
22,11,-1.4279194747299093e-05,14.235161112806532,54.54851769668525,13.396459855666425,3.5360718
23,12,-7.873070872231058e-06,26.063403682913826,61.380955716897084,11.703535817465474,-120.74013
25,02,-8.991757432514056e-06,2.888394768487839,50.11619150138895,9.000017916314658,-257.77792
28,05,-3.0310256707952082e-05,-17.47440350473055,59.34436809112436,18.54690212902715,-100.56443
29,06,-3.0904296795920855e-05,-15.787571440294057,51.69619375912348,21.37912677978939,58.877193
32,09,-2.269007780640903e-05,-3.5648343312581385,46.85175361700852,21.203304509778818,276.98267
33,10,-2.174942796122078e-05,9.781940688922843,60.93410625634399,15.963218076816172,160.16643
34,11,-1.4328458308167076e-05,19.586548003133142,54.57233108670976,14.317446869442199,14.572759
35,12,-7.687594037497059e-06,8.885675470167591,67.75924336626196,9.079969420325373,-114.11909
36,01,-5.276928763964617e-06,11.574925520045783,58.01885871766587,11.162234676566175,-211.37369
37,02,-7.864293709969517e-06,5.468580898829869,51.56958197040644,10.334659840992519,-257.3266
38,03,-1.6001877676116956e-05,1.792558938959594,55.95160838729334,9.970802344655477,-258.14075
39,04,-2.3437909088230905e-05,-21.874123499891493,46.11000325809585,11.432875588513745,-213.98749
40,05,-2.9170486620455693e-05,-20.4214844770534,47.92201473479629,15.03766018853521,-101.43191
41,06,-3.17826830204164e-05,-27.949367026435006,48.16991035015053,22.511012832081317,47.309097
43,08,-3.1963929242763654e-05,-15.790871219429917,46.55304641459066,24.45286580407748,286.79135
44,09,-2.1331834113273846e-05,-6.238656323920356,43.43915766518911,22.404552868395385,260.94458
45,10,-1.6551261839878706e-05,3.491510892150223,54.79260846710333,19.132922751236986,143.79758
46,11,-1.519573135911843e-05,20.401449884033198,56.70156626680825,15.306237562237841,7.918886
47,12,-1.0313162028783104e-05,17.753608460457098,55.75187243828721,11.54048159815932,-126.27926
48,01,-1.1369238679367056e-05,31.70380508160335,51.86229076744793,12.54478739766921,-217.78085
49,02,-1.1685804688698098e-05,2.732715975443522,46.129101684696614,7.829569845487675,-267.54755
50,03,-1.3839232150540515e-05,-0.5926843497983868,57.115805566785156,11.947326620060911,-273.8767
51,04,-2.090864053300013e-05,-10.60586452026367,65.75529212030038,13.397991041318578,-225.46062
52,05,-2.6606813441591635e-05,-11.409518621957432,66.050863289825,16.563480364199606,-107.52876
53,06,-3.6603149109497395e-05,-25.008415187242296,46.266101067479454,20.88666345251666,38.076115
54,07,-3.282222612492611e-05,-33.091220865229126,44.1499227373741,27.130274066945557,191.4728
56,09,-2.725831751290065e-05,0.9693071214463977,44.86737590899468,21.1710378525734,270.19263
58,11,-9.367185011372688e-06,10.117007967122396,41.05919099200301,14.363651190684902,13.561289
59,12,-8.522425015388596e-06,21.808005747805364,57.410435429080856,12.56604288422677,-118.958176
62,03,-1.3818876191033916e-05,-6.2181760956138685,56.610379949503034,9.797240060637074,-271.4494
64,05,-2.301351515928619e-05,-21.276121071107926,61.30564291210714,17.356259771243217,-104.143845
65,06,-3.0384449369921637e-05,-25.249517172580298,53.14751710217263,19.618736166115596,54.867176
66,07,-3.052118788760435e-05,-16.333257173927887,51.58020934386151,22.990089238066826,216.98355
67,08,-2.8069958612225798e-05,-17.017802792784988,42.472240740586344,23.504970162709558,308.0224
69,10,-1.5594664512004833e-05,12.420039781796033,52.5519555827328,19.463715816155556,150.455
71,12,-7.343828446024142e-06,12.754345215500043,59.86620702467682,13.293887527272263,-117.130905
72,01,-6.201572312694294e-06,7.789162023728894,59.71689801232405,8.008615290749457,-218.34972
73,02,-7.646551471441942e-06,-7.170963860648018,49.17462651499538,8.483470379527834,-266.52246
74,03,-1.1304150707112197e-05,-2.56875498781922,68.34861116093205,10.938059937977021,-269.2478
75,04,-2.3272295822324753e-05,-10.486857863362628,59.37646033687326,13.55916669224368,-221.03333
76,05,-2.800802443084893e-05,-16.149492612120927,55.7763452255995,18.50802798619578,-111.07526
77,06,-3.090711121482552e-05,-17.990251360066733,61.34983533646531,19.0323849847277,46.64034
78,07,-3.447742918110781e-05,-15.274860501197074,50.75858460182529,24.054852292717143,198.70361
79,08,-3.3271033724499884e-05,-4.3656862228557625,49.79625837316948,23.133719152373654,291.81268
80,09,-2.244669017984254e-05,-3.3109654418945316,48.444472670045165,22.995913738518293,268.1643
81,10,-1.5745955748394817e-05,1.4800897167574978,41.847355274659336,17.189858579468986,153.2035
82,11,-1.5779393952086846e-05,2.730464919026692,53.6031213278585,10.760161425473955,13.632963
83,12,-6.748697063030508e-06,22.216181771555252,62.92255071562849,14.085127126652706,-118.96521
84,01,-1.0488508364736625e-05,25.802121266682942,67.17732922877546,10.206371892220231,-212.61134
86,03,-1.09558865346488e-05,2.199697240357758,53.96111336709735,10.942116465018639,-273.21887
88,05,-3.1224375424332516e-05,-18.680161248648037,54.14751819698144,17.007801973546705,-105.79676
89,06,-3.5890827366468634e-05,-24.274000357055662,43.53411597645681,20.289311543525592,46.11199
90,07,-3.000731417455182e-05,-30.125119514383297,48.19723509739805,23.818925079271356,195.55768
92,09,-2.1116000810717296e-05,-5.870355172729491,52.886519872754164,18.77687866865794,270.33997
93,10,-1.7202233669146365e-05,6.4104873591597356,48.62927366667281,19.589035635976384,143.98935
94,11,-1.2770530823662637e-05,20.62896745435927,57.76803370095226,15.246456928649215,8.868556
95,12,-1.128779906788603e-05,28.043287035542146,58.52688881322774,12.267536138803731,-120.67631
96,01,-8.849628261046861e-06,-8.473066081057311,52.03738375666833,8.603436328787955,-216.81844
99,04,-2.2575659647211267e-05,-11.442104777696397,52.015024873095086,14.52642838770946,-229.01779
102,07,-3.379324687933062e-05,-20.07741719498173,55.40260847481861,24.62420682204411,189.52805
103,08,-3.0242934917310693e-05,-13.572054321945357,50.633880177582476,24.83616227820099,277.65414
104,09,-2.5696148892024614e-05,-3.969099077690972,51.22118268649578,22.86273651031123,254.14053
105,10,-1.9746457593286597e-05,13.28605210072507,59.41998880579267,18.012657082369252,142.16936
106,11,-1.2423982501220758e-05,8.69252590874566,58.77474638277293,14.093879046629535,5.7910557
107,12,-5.659096497726741e-06,10.619382738339004,50.16868590621025,13.523867330752395,-121.8355
108,01,-9.400724827868036e-06,23.76198229324177,64.8158600401199,13.478511014884521,-212.80428
109,02,-1.553154618433063e-05,17.196350676788683,61.10995617006565,10.345760452389717,-266.33722
110,03,-1.4791143874625109e-05,4.141464673442225,71.63935923557511,11.452679470425014,-269.30338
111,04,-2.4692344382775542e-05,-22.74501348402235,55.09817502149212,12.66216660157707,-214.79095
112,05,-3.182606770285695e-05,-15.882362545546664,52.83810746537357,18.308951694468018,-101.580734
113,06,-2.7714982728361462e-05,-28.63852083367242,47.29024293223089,21.301890547300708,55.727013
114,07,-3.385038605679304e-05,-9.511822006717805,59.07058047961163,24.77475175948938,213.96886
115,08,-3.211179117533902e-05,-13.866469908683532,47.473473327189375,23.52457447757131,301.46423
116,09,-2.5435363158006416e-05,2.907980506727431,49.177534459747214,21.290678543053733,266.4361
117,10,-1.6347254436593455e-05,7.273599919801116,47.520342997120274,19.266358468080078,153.62695
118,11,-1.0307503538792339e-05,7.8851572241889105,46.36847800110711,13.532653791407743,9.181107
119,12,-7.866494279115095e-06,20.208327730240367,52.71666673100892,14.357002457380297,-116.0157
120,01,-5.490775168401608e-06,12.580168148245866,46.32122026583841,11.883489435585597,-207.51163
121,02,-1.1993180484209699e-05,15.243881237211681,52.799659086113884,11.023137841236023,-250.68103
122,03,-1.7582771425163286e-05,5.919001820882161,61.97907953674307,13.789131960060006,-257.6402
123,04,-2.3728384267512105e-05,-15.711892689005532,62.36782957411343,12.549550183918742,-202.8168
124,05,-3.2913617601255e-05,-32.404015432706444,43.15242019264416,15.407821862953968,-91.08176
126,07,-3.3625666249610085e-05,-27.510599928661055,42.19065745926929,24.40308312683977,222.76085
129,10,-1.9913688146604526e-05,14.103063629806684,48.60193847477949,19.272771393693905,159.0865
130,11,-1.311930024130561e-05,7.912713109334308,43.72629240063826,12.214345464632247,20.744339
132,01,-9.708490018202875e-06,23.531725362798216,54.619796854420386,13.03048595025206,-198.5083
133,02,-1.709957590030951e-05,31.83555304718018,59.52337883048256,12.68034689824212,-247.87024
134,03,-1.7018775953137494e-05,2.372058311872584,47.98838851665681,11.869843073837217,-247.73239
135,04,-2.7999317039636173e-05,-19.276666238742408,46.732171709169286,12.065731884741782,-203.33655
136,05,-3.125298669270236e-05,-34.3688931694441,36.06377147361027,14.324859504516404,-92.42934
137,06,-3.068480971400681e-05,-23.63770078192817,52.16888050745726,20.68230553075605,63.738125
138,07,-3.559518055198981e-05,-33.07448882301904,37.832517702871755,20.875357654766372,226.14989
141,10,-1.8407037761653066e-05,10.48773665069252,49.92561818830045,18.95590408874968,177.89941
143,12,-1.0178729378000547e-05,19.264495642221096,49.02194799312469,11.535513428002275,-95.16042
144,01,-9.804670876438911e-06,24.167181801416536,38.86062395377826,8.955749408001543,-188.09904
145,02,-6.996622216688376e-06,0.507544446309408,46.996895068120395,8.221342761926708,-241.34825
146,03,-1.2629808311264428e-05,-0.5304674036169569,53.76618897918476,14.275736472201602,-246.93517
147,04,-2.5889148811054637e-05,-18.50936585184733,50.20018549894757,10.986529590508672,-197.58905
148,05,-2.5811937759284265e-05,-33.066711107479634,47.67298183366304,14.460797650952493,-97.423386
149,06,-2.987989489524302e-05,-20.686577268473304,57.62339900992447,18.702801296479173,65.66167
150,07,-3.606362330103894e-05,-12.26554677852508,46.37869990175771,25.921418963223378,218.40773
152,09,-2.1833397036001162e-05,-8.548686426798504,39.4321560544822,20.83496838520235,276.12817
153,10,-2.004618059737534e-05,2.17344532234438,45.307421456006274,17.674736063961063,165.27167
154,11,-1.4646135411648073e-05,14.444811823866104,60.08639300202131,14.225457465975815,26.372826
155,12,-7.654158530845394e-06,17.942148733159545,42.031411531264894,11.076515356142036,-104.370865
156,01,-5.988280283046514e-06,9.900324605634134,41.55076964045469,10.36507142100283,-200.75905
157,02,-7.568776633878318e-06,10.513905402874128,42.596786469010105,11.196383694080101,-250.53711
158,03,-1.6743815379482177e-05,3.675611719931326,56.535387553599556,12.269467439161831,-253.43236
160,05,-3.502280750303383e-05,-18.415903687507882,37.98684394011575,17.11736192246663,-100.982666
161,06,-3.339920427913765e-05,-25.873405965508358,43.36981476617124,21.26468744079934,59.834038
162,07,-3.3542465003026134e-05,-26.574038988010855,46.61348771423679,24.872119238017707,200.4025
163,08,-3.290884278264643e-05,-13.404264240552024,52.83446418771308,25.45110419567298,291.03772
164,09,-2.5466491539959356e-05,-1.4094354346381297,48.6797681992597,21.089136655476363,267.51263
165,10,-1.9484351597922247e-05,1.9587082073252686,58.379234332862715,14.223404862920445,146.65608
166,11,-1.321692710625939e-05,23.694389510769323,50.96693710040848,14.199872933730813,7.5150423
167,12,-8.425528942156701e-06,11.411874493342573,45.69198678764476,11.040920949630838,-115.483955
168,01,-9.715480358609446e-06,34.39173987899288,57.42208674485646,12.073609010492602,-202.24973
171,04,-2.191761210872048e-05,-4.539731902737087,59.59964808656376,14.761491688218381,-212.72397
172,05,-3.0932743489659034e-05,-26.541132331437964,51.168041845343446,18.49295009515106,-100.51767
173,06,-3.281592492067931e-05,-24.277929318237305,46.836056776909025,21.09136703202724,54.712734
175,08,-3.234485571499712e-05,-11.285276480397874,49.79429166342623,21.499373248984732,294.16937
178,11,-1.1587640056374466e-05,-1.8295716874864363,52.225245416957804,11.321686016183431,11.570805
179,12,-9.250304196792702e-06,31.236705364924607,64.63241229699248,12.371003425172582,-116.346565
180,01,-8.814763398506955e-06,28.086010490499522,59.814965074129006,11.951160548843365,-206.96042
181,02,-9.681430163471391e-06,-2.9269207930791947,54.97462990093799,9.542274346257958,-251.1608
182,03,-1.5868986940443404e-05,12.424105568506382,56.25959003628518,13.046672808460013,-255.11633
183,04,-2.4481364455176743e-05,-15.54007357143826,53.21672202842236,12.108356564888691,-203.6474
186,07,-3.466171150601792e-05,-32.442688338413035,36.16844127948567,25.164367288179292,229.99783
187,08,-3.527003988845888e-05,-15.806742182249662,41.714041907468136,23.171906867293902,326.11954
188,09,-2.649383951805552e-05,-2.2674784339057075,50.77799905458556,20.662340495669845,293.99075
189,10,-1.8016295581522476e-05,4.47270425086893,52.33998963107474,16.282121984560003,179.8201
190,11,-8.92097842036795e-06,12.752254605102538,55.27824593100681,18.250592901670938,30.458435
191,12,-1.093666692604627e-05,22.757288210632986,53.902280609893545,13.035411139304921,-98.60689
192,01,-1.2804497735976505e-05,25.385474410518523,57.77612080058489,10.959147662439655,-200.00699
193,02,-1.271823695051786e-05,20.178666164579848,60.9734689490412,12.205283860994237,-252.029
194,03,-2.219248033328259e-05,-0.5256330294045062,56.57506640008187,9.68667776564885,-256.8695
195,04,-2.3056703787511248e-05,-15.611610607231992,48.9374839578549,13.610398491528297,-210.85327
196,05,-3.3250014936618425e-05,-29.631465932538433,52.844916530618114,14.887000348762799,-97.30524
197,06,-3.44918315846169e-05,-24.446217814466692,49.08188772321145,19.14153311720292,60.139015
200,09,-2.6222378082234683e-05,-4.395296908230251,54.09243484116659,21.198522507119172,279.87024
201,10,-1.4566836962311297e-05,5.514771194293934,41.310020164710224,19.556401405724145,164.95811
202,11,-1.3042386322538529e-05,9.068964893934462,58.53600206141338,14.086958012714652,25.141968
204,01,-7.460320452180465e-06,-0.4728464959257379,45.67560021059616,10.440877024148103,-203.27519
205,02,-7.544903639281147e-06,5.38362545916678,55.18347650017959,8.869372559355593,-256.17093
206,03,-1.2827322511164368e-05,-10.990242480862525,51.72073062135199,9.525472053571415,-261.12555
207,04,-2.0502408365953464e-05,-21.604367342122394,58.54018084150156,12.497388009622364,-209.33916
208,05,-2.4253428110207234e-05,-26.022296560964275,51.92535755428705,15.523370743020891,-96.21496
209,06,-2.8253365109311642e-05,-38.732165323215064,41.61192797080808,18.80213339232339,60.380524
210,07,-3.142641031134248e-05,-27.054918192217425,49.82263012584947,21.689672550591094,214.00348
211,08,-2.9903093116464793e-05,-15.358725825155936,42.33743624172287,22.9990404958584,318.30066
212,09,-2.534073391895315e-05,-7.00570699428982,43.673043699496326,17.80062923739222,285.0051
213,10,-1.7171301486478214e-05,8.106230379494288,51.02844809201841,18.058174803824834,159.76971
214,11,-1.4551765714713837e-05,14.46901237657335,58.72207561985916,13.013740698712404,15.6293125
215,12,-8.836182103413613e-06,1.1414017176474303,51.832999992789766,9.593377716324662,-108.289154
216,01,-3.583592048936e-06,-1.2817189340899076,35.36421269791357,8.961908747665344,-198.02693
217,02,-9.97768289436776e-06,28.48145621345157,61.04910012837534,12.171147674492426,-243.4116
219,04,-2.201332183204714e-05,-17.60772253417969,50.15108422283994,11.840950494820543,-201.6557
221,06,-3.476727682935032e-05,-20.254541469319665,56.16686724849277,20.78134989303483,63.516495
222,07,-3.376502295814329e-05,-20.43258258581674,48.29218798171063,23.78260384443754,226.96326
223,08,-3.064838395117496e-05,-15.397676236060358,39.11490551742816,26.16295267547331,311.77533
224,09,-2.7053925191669103e-05,-10.968042353990342,40.873450344501606,19.439216820406912,277.74866
225,10,-2.0736059433235615e-05,1.8364669255082322,46.07108195983722,16.4008664570893,157.146
227,12,-9.893875752236308e-06,16.98351939342868,60.12797338394067,13.047354222416878,-122.20738
229,02,-7.893391973560764e-06,12.879144769577753,54.623768248409036,12.837736519389209,-260.3775
232,05,-3.182257207745645e-05,-20.036693252071256,51.31070372274871,18.25652126416596,-86.82907
233,06,-3.4082233544055876e-05,-13.138249787733287,60.09514157660935,23.464375189109646,75.749146
234,07,-3.6390916169732936e-05,-13.917790471887077,46.5719772114318,22.643103410513174,239.18573
235,08,-3.4686337675251e-05,-19.754633603331865,40.27667498864153,21.998242530926582,328.6067
236,09,-2.4247977624205914e-05,0.3736279635959201,55.41774919654528,23.421663728037153,288.27582
238,11,-1.186565926222506e-05,4.6568576497395835,50.09492808050447,11.023035687553882,30.16957
239,12,-8.802920268002493e-06,22.454611907630838,51.308709990082264,12.303671738373337,-102.80319
240,01,-9.430198710966792e-06,24.63400003675235,61.44896206574927,12.195444267046069,-193.13367
241,02,-1.079772392194216e-05,13.779260249546594,59.85849182345754,10.259473174222878,-243.99963
242,03,-1.3397230129969535e-05,-0.9194605676794566,60.6708199271861,13.508820564555867,-250.02269
243,04,-2.54553507465769e-05,-17.42901027967665,53.24983413987689,13.930574816384583,-201.4804
245,06,-3.759346314859108e-05,-24.964019442409946,49.104056137108806,19.179021763939325,73.62314
246,07,-3.775679561435789e-05,-20.12216363230059,34.70881050790896,24.06717719546313,228.64001
249,10,-2.1588807777500546e-05,5.981483147405809,48.24640764357326,16.691097016297363,178.58636
250,11,-1.3179962080519347e-05,12.654008286878799,52.50058610761298,13.172062302903335,28.286377
251,12,-1.3700721242369786e-05,27.986750325848984,63.54783165261822,11.135898228195407,-102.27999
252,01,-6.553396535759588e-06,18.42038040095504,45.80448549491872,11.324720192924623,-194.21286
253,02,-1.2230161100386137e-05,18.65321454909752,54.35344561065067,11.535072371006011,-250.36636
254,03,-1.4517082142339604e-05,-0.5979741453765541,58.83941007500695,13.146086779553404,-253.66508
255,04,-2.355722367422762e-05,-12.813957029554578,60.681698268123455,14.799168964303863,-202.00858
256,05,-3.550879427684679e-05,-19.147158501081563,47.704144963514416,18.64379195670543,-79.58963
257,06,-3.750390542944741e-05,-27.016546727159287,42.780413097916714,20.217285911058053,78.83341
258,07,-3.168135436499142e-05,-21.668345875401656,51.88578506780696,22.884604032078098,236.70856
259,08,-3.0941285219664524e-05,-19.063545700565466,39.65101154342005,23.377618400014857,328.28842
260,09,-2.4486756719630248e-05,-2.020394458007812,56.817002186003,25.28914702420103,295.1624
261,10,-2.1893689024856883e-05,11.235235126454343,57.40779917159772,19.02933904491702,172.43893
262,11,-1.5146696185204038e-05,20.892512133110895,68.07071139411661,14.33508744482597,25.36765
263,12,-1.1904006665214989e-05,20.81303864280127,63.79751548051194,12.55957897350352,-107.70651
265,02,-9.421481274265325e-06,7.153048214503697,61.79020408172125,11.304749446694343,-250.95276
266,03,-1.3063552253355424e-05,-6.242824222359606,58.59238742218351,11.94844622561111,-257.6249
267,04,-2.4765318735565716e-05,-15.737299090576174,60.65160554169682,12.39155946132872,-208.2729
268,05,-3.372209000100225e-05,-25.790908090242777,45.58359570831253,16.882564342469298,-92.66896
269,06,-3.303585196628976e-05,-31.827683939954966,48.06642211600013,18.788384712798067,73.94983
271,08,-3.349079792080317e-05,-13.273838911159066,49.470468634774605,26.95539833592728,324.81964
272,09,-2.8629883362433853e-05,-3.361749937269423,60.89090815499625,20.705136747317844,292.0194
273,10,-1.872843477780094e-05,15.499699002173642,52.0420637966638,21.72099201665899,175.28937
274,11,-1.4045017091525046e-05,9.019137569173179,50.75557469189433,14.766802187086476,32.62111
275,12,-9.904081011676856e-06,14.487402564920403,52.82181985401466,10.6310780278957,-100.59562
276,01,-6.60295483731882e-06,23.604068570044735,51.65779350411636,12.109373243094772,-202.7191
277,02,-1.6342577849974034e-05,27.257544948032923,61.67323920420096,11.585383370463337,-246.18423
278,03,-1.718439095667989e-05,-2.8514695644583754,52.573686629964456,11.607923356689431,-254.0426
279,04,-2.4829810814864887e-05,-14.182246478949653,49.20558492463959,12.332358963489533,-200.86842
280,05,-3.0134792006426703e-05,-17.31557953963741,52.31226475243542,17.86483551645279,-82.1956
281,06,-3.5836119472898846e-05,-20.466573669433593,50.7506326838851,21.94502347338862,69.26453
282,07,-3.594073215623134e-05,-17.96138944137737,48.60045512300026,25.717054898814485,221.97154
283,08,-3.0240783373966385e-05,-12.41071590333344,52.640142950275894,28.186662356700946,314.215
284,09,-2.726855740998468e-05,-6.606480073716904,41.46046437310777,19.46754291381571,287.84448
285,10,-2.2813934475604865e-05,5.003235001430717,55.25826176021304,15.544581788047665,170.52841
286,11,-9.433203981300014e-06,10.082439758300783,57.335292302331666,14.819048055042161,18.02084
288,01,-7.996820467572737e-06,16.024269751435966,52.92226850532075,10.557260232224259,-214.67087
289,02,-9.213011075579354e-06,1.6289639434814458,40.65915042115535,7.618574587362154,-259.74487
290,03,-1.4304734281419465e-05,-4.024482163624097,45.80751552796749,10.201501829046073,-263.78973
291,04,-2.383696288773839e-05,-17.2942943037245,47.44735419490735,11.80928153449032,-213.0487
292,05,-3.0977665722578726e-05,-19.48317038226384,57.695412786129985,17.237994223952292,-87.271805
295,08,-3.1032737283929096e-05,-31.771135562691633,39.36124998163152,23.719839718063675,326.08368
296,09,-2.437035215904568e-05,-12.497950702243381,40.21523504180775,18.67727894531356,302.11505
297,10,-2.1305207502659715e-05,-2.352458050143333,49.86598729915773,12.834833942158248,179.84045
298,11,-8.746191556262298e-06,13.336127873399521,55.471923015075255,15.444975968167515,32.944542
299,12,-8.986315398414586e-06,16.75842543636855,56.42778465677845,12.111972078078535,-104.54554
300,01,-8.992702947169514e-06,20.66453995308825,64.87525535803712,11.204803152650916,-195.38766
301,02,-1.1818901434843997e-05,12.780648606925178,58.06078212638148,11.609675477981567,-249.67068
302,03,-1.5225630396960167e-05,1.0669384965794064,50.376974003080406,10.998717471243236,-250.44662
303,04,-2.4217375733618005e-05,-11.611916856553819,59.49211039767795,14.257841776642534,-197.66891
304,05,-2.847669872224737e-05,-31.81054322043798,50.857990436966695,15.359272943048065,-81.09062
305,06,-3.421590459786078e-05,-30.121984181382924,54.56608841220009,21.4024883570883,79.41917
306,07,-3.5823426863228845e-05,-21.040274605699764,48.61712288511441,23.3933894850977,239.94785
307,08,-3.442271008691844e-05,-10.630728795861687,53.4802156332962,26.830953647472523,330.24097
308,09,-3.09724094837697e-05,1.3779368174235027,41.60773183429904,20.335168852259056,293.27783
309,10,-1.9737982986943505e-05,10.8786054316695,45.96995730125903,17.218317307363275,181.15082
310,11,-1.219442167142309e-05,8.63346869269477,52.650442458646836,13.982692417393787,37.336388
311,12,-6.509792311736683e-06,12.651209838210898,41.13814304297201,10.708026006760138,-96.45553
312,01,-1.0532949036563073e-05,27.835473567839585,50.62756816835045,11.058444803249454,-192.8104
313,02,-1.0796667724878803e-05,1.9850640389578682,54.967533898224424,8.97967280293788,-242.39818
314,03,-1.2645556585016247e-05,2.2825399281491516,62.992716266741034,13.200527901346966,-255.65245
318,07,-3.409394384040644e-05,-23.561669685609886,47.80977541725482,25.305337204162793,246.69879
319,08,-3.320200081173924e-05,-14.21000237282374,41.28222914207624,22.598466931248222,336.39108
321,10,-1.7187334372416657e-05,10.538457600583316,41.694871458662455,20.637318765312116,189.97156
323,12,-9.12172876785682e-06,14.485518746324761,56.37181309181387,11.177854364097762,-101.287
324,01,-6.5253165958961526e-06,7.280853728591756,43.42763289413273,8.982065612998058,-201.23041
326,03,-1.3873502668170125e-05,-4.782673361173239,59.930227692120816,9.928221458632457,-258.99426
328,05,-3.370682173148433e-05,-13.439136345319852,55.415879218805216,16.937964208655462,-88.49969
329,06,-3.4785863751151034e-05,-27.11431088460287,44.96967633606062,20.177302681291106,74.10894
330,07,-3.3670624993676266e-05,-35.11209074615151,34.7803111832411,25.163574650856756,235.66162
331,08,-3.203818718891423e-05,-14.970106861073484,56.166526000266416,24.020286544034562,336.51898
332,09,-2.4569920312832332e-05,-1.9050392035590278,48.50952039943403,25.35001326700052,301.6843
334,11,-1.6638314112929544e-05,21.698549422539603,51.20864173750348,14.983468749819865,41.30549
335,12,-1.1844671387852061e-05,21.158474252352146,51.61357204472506,13.297097678603667,-97.08594
336,01,-1.3167410284109127e-05,32.71415653975292,54.798027210791915,13.106980731325766,-193.22047
337,02,-9.635896793779033e-06,12.227102448962983,62.05461917357218,12.45363125636322,-244.55875
338,03,-1.969343553138324e-05,2.858439688077537,50.951221448258686,11.756546522871137,-249.79126
339,04,-2.5420359923575438e-05,-23.728481532796227,35.425640993569964,14.029402746246918,-204.77408
342,07,-4.0491175616739144e-05,-14.380545316962786,51.51913973191349,23.765559630895176,223.99374
343,08,-3.430768915528969e-05,-11.902402343421853,46.669440629773256,24.276185533899135,321.23273
344,09,-2.677926907070085e-05,-2.246240928141275,48.58724766878287,21.141295356886918,300.12683
346,11,-1.4172945336880124e-05,15.984315191311307,55.0159122577058,14.289930684622128,36.055
348,01,-9.98381483742544e-06,30.50790186531313,59.32570013750177,13.490079094302269,-193.3
349,02,-9.733829621899499e-06,11.488472740085646,43.235250111784055,9.918647395893075,-242.34393
354,07,-3.577182100015043e-05,-18.878891244211506,53.425692884929724,25.707979306942672,248.32788
355,08,-3.3834556450724496e-05,-9.036356891591062,49.02626591384924,25.532705715393504,332.1749
356,09,-2.5189189388381943e-05,-2.5223080678304033,46.95382839618127,19.755159920113613,299.68225
357,10,-1.8222273044254205e-05,6.518695762716314,54.30898137165141,16.76005811733328,178.4399
358,11,-1.2143508331428165e-05,12.723418456013999,55.05112889809742,14.737761704242228,33.51413
360,01,-6.219402897665034e-06,13.638463789416898,56.756673166043,8.690243806926153,-197.05252
363,04,-2.2896213735516033e-05,-13.763160278998479,44.90089633327524,14.887117676052782,-200.51796
364,05,-3.152253704363203e-05,-24.89160391596312,50.72287625494953,17.44448770763798,-85.08939
365,06,-3.4585202314802804e-05,-32.20444840494791,47.13420631794532,18.887264902786413,80.49002
366,07,-3.995988693131167e-05,-23.939954596078525,46.67216465320125,23.57777746359636,238.48537
367,08,-3.326769469126164e-05,-18.63527480389995,42.41847231385144,24.330370817279302,326.95416
368,09,-2.396435872586961e-05,-8.675344586181641,43.626415080409586,22.162491116016437,284.5479
369,10,-1.8213049179844e-05,4.716025361748153,49.256211021474606,17.60658678425256,172.12245
371,12,-8.896478755051119e-06,9.686923075029926,62.37685010996686,10.664877343126522,-108.674576
372,01,-6.091251291421628e-06,2.9262350808420488,60.36061479552843,9.084873129739556,-203.76135
373,02,-7.65345504045659e-06,5.717629487900508,61.53230691539674,9.55672571522707,-254.3392
375,04,-2.4690822054900404e-05,-20.66956467929416,50.227940069592,11.397826892315017,-209.46494
376,05,-2.827942739082006e-05,-27.387183430333288,51.416537502500645,14.071137885897391,-92.31841
377,06,-3.182083758476639e-05,-35.711798379855686,43.71565713060168,19.529956096535262,76.68693
378,07,-3.4407490462771055e-05,-31.11366353779454,49.13440625845617,27.35150430944914,250.85434
379,08,-3.27152816781925e-05,-15.088779016966459,50.057286181364006,25.141525758176723,345.55438
380,09,-2.3803562745282155e-05,-1.7829848341200085,47.799041656389505,21.12537328449091,307.4649
382,11,-1.1904203317903414e-05,4.708053307088217,64.34552551558414,13.104098462952505,28.646938
383,12,-7.738160395268594e-06,4.967533013128466,56.59717789244652,8.428497275237117,-94.528564
384,01,-4.432973011169315e-06,15.641597058367989,49.85520389962581,10.790953362373896,-194.85558
385,02,-7.274441715534998e-06,7.353929252261208,64.81677477946593,12.025972804131962,-247.19174
386,03,-1.235675504704564e-05,-6.3443144091534345,43.386579177287324,10.456544133351697,-257.24582
388,05,-3.0008848766624646e-05,-32.62149781881353,48.67582858574712,16.91407297216308,-85.92911
390,07,-3.7348723895911946e-05,-18.427609645064162,51.34294977803511,22.20925140021052,243.1821
391,08,-3.274760770019843e-05,-10.64563058373236,50.85391145080519,25.6041415031533,333.30304
392,09,-2.5484862159343414e-05,2.648160398695204,48.54894579696125,22.98564577755134,299.86414
393,10,-1.916051529891168e-05,8.726722329416583,41.10612051369683,18.000692696975126,175.9362
394,11,-8.12447487300637e-06,7.208228931681314,45.10324230610001,15.098697719383242,32.130592
395,12,-1.2744765838047034e-05,29.389911852764826,62.27082245179138,12.64775550762171,-97.14827
398,03,-1.1845709033173812e-05,-9.130659757880753,42.53471919810516,12.56907799679105,-253.34363
399,04,-2.412122515035865e-05,-15.116672309705946,65.52592149374486,12.959454562992518,-197.87761
400,05,-3.2719707248821014e-05,-19.41600187732328,54.71462800888861,19.47343097171732,-68.78566
401,06,-3.633841799156573e-05,-15.284035491265191,54.862410076340026,20.928866900479797,82.793434
403,08,-3.664081436780238e-05,-14.530181596981583,48.63167088847007,25.032045431551115,342.13025
405,10,-1.749340033099435e-05,6.576196681525118,62.883388684188155,19.45141905994441,185.11829
406,11,-9.782895505729057e-06,13.286790387301977,48.36725960095062,13.530393645091852,36.24553
407,12,-8.270612005098982e-06,23.135962751162953,68.44660146777348,12.410677929641098,-99.38428
408,01,-7.079607454118081e-06,9.77005108642578,59.36599973937003,10.500852505586481,-201.52861
409,02,-9.82560560788399e-06,1.2790957768758144,54.799641565576906,8.859147338378996,-257.01694
410,03,-1.6003138249269338e-05,-14.11737674147083,62.83003596656937,8.8088545557581,-261.7727
411,04,-2.0434202846445263e-05,-16.983018215264217,45.651346360141694,11.91540409259134,-208.30243
413,06,-3.319209287441886e-05,-26.815010833062065,45.349666944320994,20.551190380279227,87.38034
414,07,-3.405638901301333e-05,-27.630988150319745,40.32137145659744,24.74629142739055,258.1827
416,09,-2.475842662511746e-05,-8.054260448540582,49.65095689521101,21.14314986570544,306.79132
417,10,-1.765674730958508e-05,13.677036990258001,51.31546706972713,19.146578139390993,178.60088
418,11,-1.2026654228591521e-05,13.685960133870443,60.59634180396663,14.24176825358338,32.94105
420,01,-8.580053124215514e-06,22.96357862870411,63.49304372530727,12.548642675956094,-198.60352
421,02,-1.1990748406116751e-05,26.598223410470148,61.15281964255657,11.46738722245466,-248.82004
423,04,-2.3883861623916246e-05,-16.521862002224392,58.86005653639768,16.86577033540408,-201.00311
424,05,-3.2321809314922687e-05,-17.350711201329386,63.11191008513332,17.91922860039819,-80.67836
425,06,-3.645346474101341e-05,-28.120134918891054,43.231891095406475,19.652886832084917,88.08207
426,07,-3.570791800838603e-05,-18.498887496784167,52.862582088247414,27.574913323899757,255.31267
427,08,-3.5946427165531874e-05,-15.756697428713563,51.75170243226714,22.186411076767474,351.74084
428,09,-2.0748739615697153e-05,-9.244409510294595,35.08465283191469,22.670960359727015,318.60718
429,10,-1.6616273676728237e-05,8.951883064844276,46.06859467966968,21.249415780923695,184.52686
431,12,-1.0581146033268115e-05,22.95546643394552,54.273882943514856,12.032215354372097,-101.01843
432,01,-9.2527426375611e-06,26.340960131573418,62.63006211892765,11.101973199181659,-197.70111
434,03,-1.5915630637317265e-05,-1.6360386480515998,44.90566300547765,10.268197295402967,-251.4578
435,04,-2.4346638547669703e-05,-22.934988667466907,50.17846367060873,11.4696420110782,-201.10274
436,05,-3.070366395367009e-05,-25.76910455847299,53.73915812349191,15.192477716480534,-73.9052
437,06,-3.477750818122634e-05,-31.860220404391814,46.7203716229452,19.765049702053602,89.234344
438,07,-3.7615658574522775e-05,-25.170489753641114,45.05531850020347,24.844298535511058,245.03043
439,08,-3.326061218056918e-05,-12.586229408838417,52.3345120203854,27.893779480126597,341.416
440,09,-2.5603061031688413e-05,-1.6679924726698132,46.654843129608366,19.359477819336785,305.67273
441,10,-1.3186316454061119e-05,-1.463842040031187,51.45971762442205,17.587374542541404,181.85799
442,11,-1.4898132296588707e-05,27.46974549831814,55.57987919455502,17.272885030308036,36.73491
444,01,-9.004527324929857e-06,20.359526514525058,60.00615774854665,12.302332713373247,-198.86945
446,03,-1.4810545610421827e-05,-5.396197126162949,59.004922374092125,10.437647663715065,-257.27292
447,04,-2.7581765115751797e-05,-20.820068422105575,57.557788026644126,11.800390531207455,-202.48804
449,06,-3.356170396635004e-05,-23.02242342732747,60.87640379265148,25.228303343276185,90.54555
450,07,-3.758493633006676e-05,-22.269790681900524,47.74635748879372,25.57397250136893,255.83417
451,08,-3.3272750999810424e-05,-17.014684508621052,43.397001161080546,24.996205532712324,346.25638
453,10,-1.526362983537594e-05,-3.798430909843855,48.34944315867911,17.225026653107776,180.20505
454,11,-1.1750765303218536e-05,10.89123139716254,54.5964946256227,13.316576630128754,32.86403
455,12,-4.447676278540448e-06,15.633635981405934,42.93341399640295,13.01997802054626,-96.53076
456,01,-6.416161365773257e-06,12.223324068787278,48.97643718384928,9.654886861660149,-192.84892
457,02,-8.18821650381367e-06,12.903916228158135,62.959067062718525,12.805091260918546,-246.79295
458,03,-1.5800369091061108e-05,2.527072602630943,59.88884960889175,13.275623237716257,-253.12344
459,04,-2.5679135762624757e-05,-26.331729773288306,46.84454056873057,11.854652500814861,-201.02234
460,05,-2.9667726341906155e-05,-25.198657173730993,56.839670298081565,20.08667393688617,-87.19858
461,06,-3.566179110415154e-05,-31.36642959594727,52.944568701901716,24.920626615144148,73.73424
462,07,-3.888270218750779e-05,-23.176640851420746,56.14024401203919,25.7952684127118,246.32025
463,08,-3.333480648354688e-05,-12.395997953681537,44.035043613662005,24.6443350070715,339.49173
465,10,-2.0550294828412475e-05,15.281469091599986,50.30405073937036,21.25215219498321,190.05132
469,02,-1.1806723732206594e-05,-2.6082788761683875,46.30087924139698,7.208972067391589,-231.34021
470,03,-1.3339704251535219e-05,-6.768148279333628,63.03257818707726,11.490985864388046,-237.72598
471,04,-2.4140652476206825e-05,-8.481860700141059,60.03202422682047,16.594467750182417,-192.13603
472,05,-3.631899526441482e-05,-17.44638056798135,47.40056218499266,19.263493356326578,-70.14824
473,06,-3.447691067930363e-05,-33.33076165534125,39.74884000571834,22.747421039063397,81.460915
474,07,-3.4126774513620195e-05,-44.31138712696363,36.16823902212164,24.748706597475596,239.4679
475,08,-3.324744642680256e-05,-25.59706884437479,43.61733073811633,25.458101015994625,335.1987
476,09,-2.7110998255941223e-05,-4.088550005425346,48.59134079140956,22.0211015687267,312.25818
478,11,-1.049799736220949e-05,11.533768935139973,58.11769115721252,14.188456836369303,48.74848
479,12,-7.425197422547768e-06,21.47761040308142,53.53903508252609,13.385659862127355,-92.1424
480,01,-8.170035396257738e-06,18.813249751593478,61.34680531404607,10.371796175769582,-190.89122
481,02,-8.232899953890454e-06,13.675333238874163,51.283400613031226,11.63011999922565,-240.88611
482,03,-1.7898125718357898e-05,7.876527682396675,54.192069970153995,13.107204236979122,-245.14474
483,04,-2.786484313502215e-05,-15.88577495863173,41.53150874974462,12.17203074105051,-196.64098
484,05,-2.8741963674400066e-05,-37.081440074305384,54.09692304540707,16.092180326128517,-79.79547
485,06,-3.9525050331051005e-05,-23.208365014648436,47.86380608810849,23.5430796470099,85.979614
487,08,-3.404563471354698e-05,-17.337182702177312,41.57153246440298,24.424641755612946,350.22412
488,09,-2.6543087166161665e-05,-4.24653964674208,45.73786681658825,22.349180271658632,317.52283
490,11,-1.0039879183467646e-05,10.335369747924807,64.20363267016013,13.91127883404626,51.892174
491,12,-8.260583359534854e-06,25.078029959073632,56.60606037604423,13.37290997615809,-88.94164
492,01,-6.012859741277161e-06,22.106840989635838,48.67357203781476,13.501913585694883,-182.81598
493,02,-1.5386156723984276e-05,31.748662168305497,64.97568837541958,12.667990640856756,-231.67468
494,03,-1.9840231885472768e-05,-1.8349693298339842,46.56073982853019,10.753236534503198,-233.08488
495,04,-2.7043378228700023e-05,-24.0670989525689,35.17819720014996,11.874213944729169,-182.78052
496,05,-2.995519203009721e-05,-45.04488896819084,46.51938461271666,15.459495272367233,-71.94231
497,06,-3.546342912159163e-05,-30.903872137790252,54.092656515480414,22.70657669124338,96.811035
498,07,-3.552329937512147e-05,-24.55973527871409,49.31133174363516,24.6124194765155,258.2114
499,08,-3.48960954878191e-05,-17.491402352609946,46.845165995435046,28.500981259279346,356.62744
500,09,-2.4679065476549213e-05,-6.537764871215822,41.4254565234277,21.540383629229332,328.50803
505,02,-9.005972841740524e-06,9.622026147751583,54.51137783175566,12.087850346680197,-226.98901
506,03,-1.5948935392546162e-05,-0.9029574194467195,53.47545231677126,10.827575914138107,-233.69742
507,04,-2.588563685021654e-05,-27.98602328389486,47.86236142485672,9.781603732807106,-180.6651
508,05,-3.230829694098981e-05,-22.4746828918457,60.26473778712485,15.16792012552164,-63.92536
509,06,-3.7502937650666964e-05,-26.38411481492784,47.88007799596918,25.49175883189704,96.8146
510,07,-3.6336240956178925e-05,-19.074829963273896,48.14752719921964,26.729435961833566,263.61237
511,08,-3.444879628501263e-05,-12.903870650096605,45.419211714576655,24.521988378733717,350.01865
512,09,-2.3354238802332672e-05,-7.743464881388346,41.71682162190013,23.398362704971102,324.05258
513,10,-1.864643046111826e-05,14.62936670381279,46.729617401201246,18.430376787841958,199.39206
