,month,MER,MSSHF,RH,msl,sst
0,01,-7.186377549426466e-06,5.464709561255669,62.6901256937955,475.94284,-207.79626
1,02,-7.399999772068052e-06,2.729709174746558,52.295623941567676,232.51352,-252.3188
2,03,-1.408509512223264e-05,7.08405715679866,62.090667984242096,212.62602,-260.57718
3,04,-2.191347909663616e-05,-15.59233038906521,62.41300571294825,-29.088001,-213.57736
4,05,-2.839083756912113e-05,-16.16055940262989,64.02205650719006,-181.44269,-108.77904
5,06,-3.330413338050373e-05,-22.16353809509278,52.028707694198026,-425.11212,57.092384
6,07,-3.0671342559486147e-05,-22.637875941122733,53.00265082314577,-489.9388,208.78961
8,09,-2.3132900744369383e-05,-4.023202255249023,42.3501046719922,-132.6873,270.86554
10,11,-1.1569333000928361e-05,13.890767045423724,49.679388139549886,319.2755,14.347157
11,12,-1.207531024335357e-05,24.691616260159407,64.98245628347064,361.77997,-111.999725
12,01,-5.795284385228985e-06,8.867661568262244,49.01821534482766,483.4118,-208.34995
13,02,-7.359469057738698e-06,6.865867059466484,53.581606617508264,547.6466,-260.98926
14,03,-1.4070489600584629e-05,-6.186828353717764,55.02083505403355,250.92337,-266.99258
15,04,-2.282624180893941e-05,-17.872287172783746,48.97103869282801,13.201092,-220.7915
16,05,-2.9285246377967465e-05,-30.998830406271004,47.47244699586335,-241.92508,-112.51883
17,06,-3.014735746900341e-05,-26.066622504679362,62.37913317463399,-453.73218,52.545124
18,07,-3.1905643976779664e-05,-14.025872309859079,48.67037434149174,-503.85623,211.19281
20,09,-2.365392635981859e-05,-3.0327022542317708,42.946886476458445,-161.7709,262.84802
21,10,-2.1172643707369163e-05,7.590982919672484,58.4636376896443,102.36193,139.17026
22,11,-1.4279194747299093e-05,14.235161112806532,54.54851769668525,191.15009,3.322649
23,12,-7.873070872231058e-06,26.063403682913826,61.380955716897084,461.38034,-121.149605
24,01,-7.860688640385075e-06,20.899533713063885,47.875411116570554,610.6594,-213.73724
26,03,-1.2076194787720939e-05,11.89821663673975,73.37905685201383,171.77974,-264.35303
27,04,-2.2320882245185202e-05,-19.334173597547743,50.02077896680037,-76.18866,-210.82224
28,05,-3.0310256707952082e-05,-17.47440350473055,59.34436809112436,-187.95012,-100.674164
29,06,-3.0904296795920855e-05,-15.787571440294057,51.69619375912348,-398.01816,58.561134
30,07,-3.173775886429094e-05,-20.80200322239373,49.75860673643311,-530.8095,213.0029
31,08,-2.8741253340065727e-05,-19.03508228654759,42.77699926753197,-412.6903,307.33374
32,09,-2.269007780640903e-05,-3.5648343312581385,46.85175361700852,-159.2641,276.56296
33,10,-2.174942796122078e-05,9.781940688922843,60.93410625634399,84.86088,159.85016
34,11,-1.4328458308167076e-05,19.586548003133142,54.57233108670976,364.62186,14.317249
35,12,-7.687594037497059e-06,8.885675470167591,67.75924336626196,429.4725,-114.563995
36,01,-5.276928763964617e-06,11.574925520045783,58.01885871766587,419.39728,-211.87057
37,02,-7.864293709969517e-06,5.468580898829869,51.56958197040644,326.51758,-257.76904
38,03,-1.6001877676116956e-05,1.792558938959594,55.95160838729334,126.26994,-258.33157
41,06,-3.17826830204164e-05,-27.949367026435006,48.16991035015053,-383.6917,47.33339
42,07,-3.416977696542745e-05,-21.999847670688425,39.2781192299025,-501.112,192.36539
43,08,-3.1963929242763654e-05,-15.790871219429917,46.55304641459066,-433.24576,286.45068
45,10,-1.6551261839878706e-05,3.491510892150223,54.79260846710333,12.071861,143.68585
46,11,-1.519573135911843e-05,20.401449884033198,56.70156626680825,276.58453,7.8842306
47,12,-1.0313162028783104e-05,17.753608460457098,55.75187243828721,422.20038,-126.320274
48,01,-1.1369238679367056e-05,31.70380508160335,51.86229076744793,542.6708,-217.9246
49,02,-1.1685804688698098e-05,2.732715975443522,46.129101684696614,461.45474,-267.75256
50,03,-1.3839232150540515e-05,-0.5926843497983868,57.115805566785156,291.14783,-274.07117
51,04,-2.090864053300013e-05,-10.60586452026367,65.75529212030038,-123.06122,-225.48534
53,06,-3.6603149109497395e-05,-25.008415187242296,46.266101067479454,-322.78873,37.911404
54,07,-3.282222612492611e-05,-33.091220865229126,44.1499227373741,-506.71194,191.11801
55,08,-2.6941880611302234e-05,-27.08358682743196,31.77761535606461,-452.15924,292.04898
56,09,-2.725831751290065e-05,0.9693071214463977,44.86737590899468,-255.47678,269.79108
58,11,-9.367185011372688e-06,10.117007967122396,41.05919099200301,270.74097,13.267844
59,12,-8.522425015388596e-06,21.808005747805364,57.410435429080856,435.76825,-119.39862
60,01,-1.1848107099418698e-05,28.771229348787696,56.9102486772409,552.019,-217.33203
61,02,-9.682757584759485e-06,6.4267875001403105,47.08914505602986,542.26294,-267.1828
63,04,-2.3066575134180317e-05,-21.124448284233942,53.13685258980724,-80.290085,-224.86908
64,05,-2.301351515928619e-05,-21.276121071107926,61.30564291210714,-247.50932,-104.22252
65,06,-3.0384449369921637e-05,-25.249517172580298,53.14751710217263,-463.63516,54.549664
67,08,-2.8069958612225798e-05,-17.017802792784988,42.472240740586344,-430.4889,307.55276
68,09,-2.2138291550658728e-05,-0.809648367987739,66.94727416271104,-129.7124,272.4953
69,10,-1.5594664512004833e-05,12.420039781796033,52.5519555827328,57.473778,150.1365
70,11,-1.2000811908506469e-05,17.20852971835666,62.11537896577253,255.9327,6.8451347
71,12,-7.343828446024142e-06,12.754345215500043,59.86620702467682,516.0978,-117.56021
74,03,-1.1304150707112197e-05,-2.56875498781922,68.34861116093205,242.338,-269.5289
75,04,-2.3272295822324753e-05,-10.486857863362628,59.37646033687326,-144.4931,-221.03589
77,06,-3.090711121482552e-05,-17.990251360066733,61.34983533646531,-456.38916,46.401768
78,07,-3.447742918110781e-05,-15.274860501197074,50.75858460182529,-508.11188,198.30582
79,08,-3.3271033724499884e-05,-4.3656862228557625,49.79625837316948,-464.87897,291.33453
80,09,-2.244669017984254e-05,-3.3109654418945316,48.444472670045165,-143.5521,267.7766
82,11,-1.5779393952086846e-05,2.730464919026692,53.6031213278585,241.07153,13.428242
84,01,-1.0488508364736625e-05,25.802121266682942,67.17732922877546,532.06323,-213.18474
85,02,-9.105866422227595e-06,-15.737989101954868,41.279925076501705,509.5354,-265.5998
87,04,-1.9242588071877733e-05,-14.953707265557181,61.57429541588492,-70.779144,-218.99861
89,06,-3.5890827366468634e-05,-24.274000357055662,43.53411597645681,-408.02747,45.92798
90,07,-3.000731417455182e-05,-30.125119514383297,48.19723509739805,-479.93668,195.17317
91,08,-3.1366839325049225e-05,-20.726613564768147,49.22354232249208,-405.92975,296.65222
92,09,-2.1116000810717296e-05,-5.870355172729491,52.886519872754164,-165.17645,269.8645
93,10,-1.7202233669146365e-05,6.4104873591597356,48.62927366667281,151.16681,143.68686
94,11,-1.2770530823662637e-05,20.62896745435927,57.76803370095226,317.2365,8.677649
95,12,-1.128779906788603e-05,28.043287035542146,58.52688881322774,458.1098,-120.94722
96,01,-8.849628261046861e-06,-8.473066081057311,52.03738375666833,486.4602,-217.24347
97,02,-5.771432554432804e-06,6.824847212655203,67.52644709656069,405.8073,-266.99347
98,03,-1.3287096029671374e-05,-5.803373095440609,55.151999684815046,215.71013,-273.67783
99,04,-2.2575659647211267e-05,-11.442104777696397,52.015024873095086,-40.764225,-229.07376
103,08,-3.0242934917310693e-05,-13.572054321945357,50.633880177582476,-423.8368,277.43744
104,09,-2.5696148892024614e-05,-3.969099077690972,51.22118268649578,-221.04852,253.95218
105,10,-1.9746457593286597e-05,13.28605210072507,59.41998880579267,110.95521,142.0545
106,11,-1.2423982501220758e-05,8.69252590874566,58.77474638277293,338.30112,5.7212615
107,12,-5.659096497726741e-06,10.619382738339004,50.16868590621025,352.6059,-122.00807
108,01,-9.400724827868036e-06,23.76198229324177,64.8158600401199,439.08423,-213.0506
109,02,-1.553154618433063e-05,17.196350676788683,61.10995617006565,556.2757,-266.6219
110,03,-1.4791143874625109e-05,4.141464673442225,71.63935923557511,226.84998,-269.4862
111,04,-2.4692344382775542e-05,-22.74501348402235,55.09817502149212,-45.62452,-214.75372
112,05,-3.182606770285695e-05,-15.882362545546664,52.83810746537357,-226.824,-101.62615
114,07,-3.385038605679304e-05,-9.511822006717805,59.07058047961163,-543.1274,213.52179
116,09,-2.5435363158006416e-05,2.907980506727431,49.177534459747214,-193.23166,265.97052
117,10,-1.6347254436593455e-05,7.273599919801116,47.520342997120274,80.85774,153.22707
118,11,-1.0307503538792339e-05,7.8851572241889105,46.36847800110711,241.19089,8.856399
120,01,-5.490775168401608e-06,12.580168148245866,46.32122026583841,368.40887,-208.02136
121,02,-1.1993180484209699e-05,15.243881237211681,52.799659086113884,338.317,-251.16258
122,03,-1.7582771425163286e-05,5.919001820882161,61.97907953674307,174.46419,-257.9447
124,05,-3.2913617601255e-05,-32.404015432706444,43.15242019264416,-249.49216,-91.05294
125,06,-3.3498540398290464e-05,-35.047065074327264,55.710710440916486,-384.78818,63.569336
126,07,-3.3625666249610085e-05,-27.510599928661055,42.19065745926929,-466.2329,222.48482
128,09,-2.1827326350689368e-05,-6.781363076782227,44.02462579022247,-182.8851,285.12842
130,11,-1.311930024130561e-05,7.912713109334308,43.72629240063826,284.1663,20.5523
132,01,-9.708490018202875e-06,23.531725362798216,54.619796854420386,462.27087,-198.93146
133,02,-1.709957590030951e-05,31.83555304718018,59.52337883048256,275.57495,-248.08153
134,03,-1.7018775953137494e-05,2.372058311872584,47.98838851665681,198.87192,-247.81107
135,04,-2.7999317039636173e-05,-19.276666238742408,46.732171709169286,-53.671555,-203.23386
137,06,-3.068480971400681e-05,-23.63770078192817,52.16888050745726,-467.47363,63.68942
138,07,-3.559518055198981e-05,-33.07448882301904,37.832517702871755,-528.64404,225.93448
139,08,-2.897321149455781e-05,-28.290339532667595,47.590817581110095,-416.07025,317.89777
141,10,-1.8407037761653066e-05,10.48773665069252,49.92561818830045,-6.5066814,177.69345
142,11,-1.0645134954231454e-05,8.876481322224937,54.38112868225972,140.96329,37.577873
143,12,-1.0178729378000547e-05,19.264495642221096,49.02194799312469,343.96945,-95.33919
144,01,-9.804670876438911e-06,24.167181801416536,38.86062395377826,452.0366,-188.37518
145,02,-6.996622216688376e-06,0.507544446309408,46.996895068120395,495.89816,-241.68106
146,03,-1.2629808311264428e-05,-0.5304674036169569,53.76618897918476,152.82666,-247.08206
147,04,-2.5889148811054637e-05,-18.50936585184733,50.20018549894757,0.5967045,-197.43552
148,05,-2.5811937759284265e-05,-33.066711107479634,47.67298183366304,-197.75981,-97.252594
149,06,-2.987989489524302e-05,-20.686577268473304,57.62339900992447,-402.46683,65.61029
151,08,-2.9805839779475068e-05,-22.79464663072811,38.70661156831249,-408.58035,306.4633
152,09,-2.1833397036001162e-05,-8.548686426798504,39.4321560544822,-145.42024,275.76877
153,10,-2.004618059737534e-05,2.17344532234438,45.307421456006274,37.517387,164.95834
154,11,-1.4646135411648073e-05,14.444811823866104,60.08639300202131,308.5066,26.104176
155,12,-7.654158530845394e-06,17.942148733159545,42.031411531264894,423.85272,-104.63689
157,02,-7.568776633878318e-06,10.513905402874128,42.596786469010105,317.09738,-250.82143
158,03,-1.6743815379482177e-05,3.675611719931326,56.535387553599556,259.75452,-253.63048
159,04,-2.3724830210206465e-05,-12.979907084147134,60.15185276207658,-71.23342,-207.59972
160,05,-3.502280750303383e-05,-18.415903687507882,37.98684394011575,-170.33772,-100.953835
161,06,-3.339920427913765e-05,-25.873405965508358,43.36981476617124,-354.87994,59.706955
162,07,-3.3542465003026134e-05,-26.574038988010855,46.61348771423679,-495.9533,200.11101
163,08,-3.290884278264643e-05,-13.404264240552024,52.83446418771308,-386.8232,290.60626
164,09,-2.5466491539959356e-05,-1.4094354346381297,48.6797681992597,-157.80609,267.1029
165,10,-1.9484351597922247e-05,1.9587082073252686,58.379234332862715,101.659966,146.26712
166,11,-1.321692710625939e-05,23.694389510769323,50.96693710040848,307.0561,7.1885233
168,01,-9.715480358609446e-06,34.39173987899288,57.42208674485646,431.67194,-202.63995
169,02,-8.449411843078754e-06,-1.1622854381742926,41.2482318814184,408.85132,-250.80444
170,03,-1.4966802825774622e-05,-6.011914413616221,42.24266758934657,219.28079,-258.153
172,05,-3.0932743489659034e-05,-26.541132331437964,51.168041845343446,-200.87976,-100.4762
173,06,-3.281592492067931e-05,-24.277929318237305,46.836056776909025,-433.2696,54.57028
174,07,-3.3366269429406925e-05,-23.52127023184171,53.23872095220833,-502.44574,201.34673
175,08,-3.234485571499712e-05,-11.285276480397874,49.79429166342623,-409.3518,293.747
176,09,-2.2725771390226628e-05,-2.4448908416748045,57.50485973500145,-222.93011,265.54724
178,11,-1.1587640056374466e-05,-1.8295716874864363,52.225245416957804,309.57245,11.381948
179,12,-9.250304196792702e-06,31.236705364924607,64.63241229699248,483.2368,-116.61604
180,01,-8.814763398506955e-06,28.086010490499522,59.814965074129006,436.14972,-207.39035
181,02,-9.681430163471391e-06,-2.9269207930791947,54.97462990093799,326.64508,-251.56758
183,04,-2.4481364455176743e-05,-15.54007357143826,53.21672202842236,-49.73215,-203.61583
184,05,-2.8615912740195944e-05,-19.306992470361852,50.8592781971834,-254.44075,-93.59895
185,06,-3.390126228795352e-05,-22.424498955281575,49.86442946763436,-452.08344,64.456764
186,07,-3.466171150601792e-05,-32.442688338413035,36.16844127948567,-576.06604,229.687
187,08,-3.527003988845888e-05,-15.806742182249662,41.714041907468136,-470.06793,325.6745
189,10,-1.8016295581522476e-05,4.47270425086893,52.33998963107474,107.68303,179.58107
190,11,-8.92097842036795e-06,12.752254605102538,55.27824593100681,130.76527,30.399464
191,12,-1.093666692604627e-05,22.757288210632986,53.902280609893545,489.588,-98.724304
192,01,-1.2804497735976505e-05,25.385474410518523,57.77612080058489,559.1757,-200.32661
193,02,-1.271823695051786e-05,20.178666164579848,60.9734689490412,402.72357,-252.28453
195,04,-2.3056703787511248e-05,-15.611610607231992,48.9374839578549,-18.10391,-210.76202
197,06,-3.44918315846169e-05,-24.446217814466692,49.08188772321145,-405.75775,60.073807
199,08,-3.331847033315239e-05,-31.29434137422295,33.68999910253863,-454.52493,317.98785
200,09,-2.6222378082234683e-05,-4.395296908230251,54.09243484116659,-142.09962,279.4843
202,11,-1.3042386322538529e-05,9.068964893934462,58.53600206141338,194.92221,24.881664
203,12,-8.991161045966975e-06,-5.598886509064706,48.51484771922968,560.6848,-103.997284
204,01,-7.460320452180465e-06,-0.4728464959257379,45.67560021059616,499.04614,-203.84134
205,02,-7.544903639281147e-06,5.38362545916678,55.18347650017959,424.88834,-256.71225
206,03,-1.2827322511164368e-05,-10.990242480862525,51.72073062135199,232.37535,-261.44794
207,04,-2.0502408365953464e-05,-21.604367342122394,58.54018084150156,35.766666,-209.45126
208,05,-2.4253428110207234e-05,-26.022296560964275,51.92535755428705,-207.14711,-96.352005
209,06,-2.8253365109311642e-05,-38.732165323215064,41.61192797080808,-418.03705,60.125114
210,07,-3.142641031134248e-05,-27.054918192217425,49.82263012584947,-471.26202,213.59395
213,10,-1.7171301486478214e-05,8.106230379494288,51.02844809201841,36.21363,159.43744
214,11,-1.4551765714713837e-05,14.46901237657335,58.72207561985916,359.63525,15.3469715
215,12,-8.836182103413613e-06,1.1414017176474303,51.832999992789766,370.25024,-108.76283
216,01,-3.583592048936e-06,-1.2817189340899076,35.36421269791357,448.7536,-198.61996
217,02,-9.97768289436776e-06,28.48145621345157,61.04910012837534,418.61905,-244.01587
218,03,-1.2413017713795421e-05,-3.0697627356744577,49.8996438915832,152.10478,-250.78694
219,04,-2.201332183204714e-05,-17.60772253417969,50.15108422283994,-2.0726738,-201.73358
220,05,-3.085946982284968e-05,-22.07697987414944,55.658551038389554,-218.8646,-88.12994
221,06,-3.476727682935032e-05,-20.254541469319665,56.16686724849277,-421.39243,63.34089
222,07,-3.376502295814329e-05,-20.43258258581674,48.29218798171063,-514.5537,226.6802
223,08,-3.064838395117496e-05,-15.397676236060358,39.11490551742816,-436.77338,311.42807
224,09,-2.7053925191669103e-05,-10.968042353990342,40.873450344501606,-113.723526,277.4332
225,10,-2.0736059433235615e-05,1.8364669255082322,46.07108195983722,63.797226,157.00034
226,11,-1.1372840429430654e-05,5.54297788119846,52.451002673839106,267.5261,11.179889
227,12,-9.893875752236308e-06,16.98351939342868,60.12797338394067,375.30438,-122.21713
230,03,-1.582076560769428e-05,4.910139277304372,64.38913835901599,242.75032,-261.79138
236,09,-2.4247977624205914e-05,0.3736279635959201,55.41774919654528,-246.3591,287.96844
237,10,-2.3367591303340108e-05,14.50471792602539,57.49670259841796,7.3797154,174.61084
238,11,-1.186565926222506e-05,4.6568576497395835,50.09492808050447,284.90366,29.90113
240,01,-9.430198710966792e-06,24.63400003675235,61.44896206574927,427.3157,-193.59521
242,03,-1.3397230129969535e-05,-0.9194605676794566,60.6708199271861,157.45245,-250.16817
244,05,-3.422614240797327e-05,-20.88572949317194,50.723297991629586,-242.48279,-85.937515
245,06,-3.759346314859108e-05,-24.964019442409946,49.104056137108806,-392.26392,73.548615
246,07,-3.775679561435789e-05,-20.12216363230059,34.70881050790896,-550.4537,228.45572
247,08,-3.318467006672979e-05,-13.657699137697938,45.50563225292391,-426.75912,323.8985
248,09,-2.59650643648355e-05,-3.5717024329291456,50.26974016195536,-223.33138,295.7633
249,10,-2.1588807777500546e-05,5.981483147405809,48.24640764357326,19.788483,178.34096
250,11,-1.3179962080519347e-05,12.654008286878799,52.50058610761298,233.69234,28.13002
251,12,-1.3700721242369786e-05,27.986750325848984,63.54783165261822,434.8697,-102.60203
252,01,-6.553396535759588e-06,18.42038040095504,45.80448549491872,458.28958,-194.69484
253,02,-1.2230161100386137e-05,18.65321454909752,54.35344561065067,438.82245,-250.86005
254,03,-1.4517082142339604e-05,-0.5979741453765541,58.83941007500695,203.00401,-253.93878
256,05,-3.550879427684679e-05,-19.147158501081563,47.704144963514416,-322.31653,-79.526276
257,06,-3.750390542944741e-05,-27.016546727159287,42.780413097916714,-428.22876,78.66823
258,07,-3.168135436499142e-05,-21.668345875401656,51.88578506780696,-514.5051,236.38635
259,08,-3.0941285219664524e-05,-19.063545700565466,39.65101154342005,-439.21564,327.91577
260,09,-2.4486756719630248e-05,-2.020394458007812,56.817002186003,-196.47285,294.8191
262,11,-1.5146696185204038e-05,20.892512133110895,68.07071139411661,371.10016,25.151653
263,12,-1.1904006665214989e-05,20.81303864280127,63.79751548051194,472.07065,-108.03789
264,01,-6.723928980547147e-06,14.384707934964087,53.25762820807451,503.3558,-204.54327
265,02,-9.421481274265325e-06,7.153048214503697,61.79020408172125,357.99298,-251.40753
266,03,-1.3063552253355424e-05,-6.242824222359606,58.59238742218351,102.38993,-257.81378
267,04,-2.4765318735565716e-05,-15.737299090576174,60.65160554169682,-81.77645,-208.1562
268,05,-3.372209000100225e-05,-25.790908090242777,45.58359570831253,-305.60837,-92.5031
269,06,-3.303585196628976e-05,-31.827683939954966,48.06642211600013,-482.9319,73.91481
270,07,-3.6646507612448495e-05,-24.41304970722813,43.035889669943884,-523.20355,236.57571
271,08,-3.349079792080317e-05,-13.273838911159066,49.470468634774605,-406.1302,324.47156
272,09,-2.8629883362433853e-05,-3.361749937269423,60.89090815499625,-171.79585,291.74725
273,10,-1.872843477780094e-05,15.499699002173642,52.0420637966638,17.421856,175.11633
276,01,-6.60295483731882e-06,23.604068570044735,51.65779350411636,371.24207,-203.03902
278,03,-1.718439095667989e-05,-2.8514695644583754,52.573686629964456,35.37055,-254.15344
279,04,-2.4829810814864887e-05,-14.182246478949653,49.20558492463959,-81.76005,-200.70895
280,05,-3.0134792006426703e-05,-17.31557953963741,52.31226475243542,-215.83954,-82.05351
281,06,-3.5836119472898846e-05,-20.466573669433593,50.7506326838851,-429.49792,69.21078
283,08,-3.0240783373966385e-05,-12.41071590333344,52.640142950275894,-417.91693,313.89215
284,09,-2.726855740998468e-05,-6.606480073716904,41.46046437310777,-176.22897,287.63776
285,10,-2.2813934475604865e-05,5.003235001430717,55.25826176021304,113.5842,170.44281
286,11,-9.433203981300014e-06,10.082439758300783,57.335292302331666,305.62225,17.978806
287,12,-9.155090198257839e-06,-0.601292420089886,52.83887711868107,513.3457,-114.648766
288,01,-7.996820467572737e-06,16.024269751435966,52.92226850532075,531.42365,-214.97995
290,03,-1.4304734281419465e-05,-4.024482163624097,45.80751552796749,235.93445,-263.8372
291,04,-2.383696288773839e-05,-17.2942943037245,47.44735419490735,-45.25011,-212.8995
292,05,-3.0977665722578726e-05,-19.48317038226384,57.695412786129985,-221.87976,-87.17297
293,06,-3.491794925367785e-05,-29.63445593295627,48.58540389312637,-413.93127,71.770485
294,07,-3.637924248004731e-05,-25.786057973554062,44.12265574810709,-516.192,232.24832
295,08,-3.1032737283929096e-05,-31.771135562691633,39.36124998163152,-375.49353,325.77838
296,09,-2.437035215904568e-05,-12.497950702243381,40.21523504180775,-169.71115,301.82544
297,10,-2.1305207502659715e-05,-2.352458050143333,49.86598729915773,71.83223,179.61816
298,11,-8.746191556262298e-06,13.336127873399521,55.471923015075255,207.68732,32.80521
299,12,-8.986315398414586e-06,16.75842543636855,56.42778465677845,458.3559,-104.77176
300,01,-8.992702947169514e-06,20.66453995308825,64.87525535803712,504.1325,-195.73257
301,02,-1.1818901434843997e-05,12.780648606925178,58.06078212638148,383.14185,-250.07104
302,03,-1.5225630396960167e-05,1.0669384965794064,50.376974003080406,158.81523,-250.71301
303,04,-2.4217375733618005e-05,-11.611916856553819,59.49211039767795,-70.790016,-197.70032
304,05,-2.847669872224737e-05,-31.81054322043798,50.857990436966695,-276.15228,-81.14867
306,07,-3.5823426863228845e-05,-21.040274605699764,48.61712288511441,-461.69324,239.58781
307,08,-3.442271008691844e-05,-10.630728795861687,53.4802156332962,-383.00568,329.8244
309,10,-1.9737982986943505e-05,10.8786054316695,45.96995730125903,42.30508,180.92401
311,12,-6.509792311736683e-06,12.651209838210898,41.13814304297201,443.5073,-96.678085
312,01,-1.0532949036563073e-05,27.835473567839585,50.62756816835045,523.1234,-193.1903
313,02,-1.0796667724878803e-05,1.9850640389578682,54.967533898224424,476.94992,-242.78314
314,03,-1.2645556585016247e-05,2.2825399281491516,62.992716266741034,210.00934,-255.9191
315,04,-2.402455134354872e-05,-12.38321820203993,55.9102142579476,-42.825233,-200.1409
316,05,-3.3327865934669755e-05,-23.83920729967343,52.369123788558014,-206.67365,-81.553314
319,08,-3.320200081173924e-05,-14.21000237282374,41.28222914207624,-411.30658,335.97528
320,09,-2.545146969718593e-05,-6.704652192857532,39.75358392157654,-214.10034,311.1621
321,10,-1.7187334372416657e-05,10.538457600583316,41.694871458662455,53.671875,189.83792
323,12,-9.12172876785682e-06,14.485518746324761,56.37181309181387,625.1926,-101.65654
324,01,-6.5253165958961526e-06,7.280853728591756,43.42763289413273,506.5909,-201.76257
326,03,-1.3873502668170125e-05,-4.782673361173239,59.930227692120816,90.71435,-259.2568
327,04,-2.37631702343909e-05,-18.782449027506512,53.65862876264652,-105.838806,-205.51068
328,05,-3.370682173148433e-05,-13.439136345319852,55.415879218805216,-240.01083,-88.41005
329,06,-3.4785863751151034e-05,-27.11431088460287,44.96967633606062,-428.4345,73.986755
330,07,-3.3670624993676266e-05,-35.11209074615151,34.7803111832411,-508.0803,235.35178
331,08,-3.203818718891423e-05,-14.970106861073484,56.166526000266416,-453.9372,336.20383
332,09,-2.4569920312832332e-05,-1.9050392035590278,48.50952039943403,-200.59268,301.41772
333,10,-2.0357669840078775e-05,8.929626497002058,49.91160704086961,-25.92273,182.86308
335,12,-1.1844671387852061e-05,21.158474252352146,51.61357204472506,438.33298,-97.16809
337,02,-9.635896793779033e-06,12.227102448962983,62.05461917357218,255.68445,-244.7779
338,03,-1.969343553138324e-05,2.858439688077537,50.951221448258686,197.38669,-249.85388
339,04,-2.5420359923575438e-05,-23.728481532796227,35.425640993569964,22.150711,-204.651
341,06,-3.458860908376663e-05,-19.802041976589628,51.81401281598541,-459.3943,69.77196
342,07,-4.0491175616739144e-05,-14.380545316962786,51.51913973191349,-507.97467,223.66821
345,10,-1.4836711174446523e-05,-1.5530790907336818,46.4751422240952,98.54002,183.63109
346,11,-1.4172945336880124e-05,15.984315191311307,55.0159122577058,269.91635,35.856453
347,12,-9.103623443880553e-06,18.67049515623687,44.72693699303237,385.56485,-96.37419
348,01,-9.98381483742544e-06,30.50790186531313,59.32570013750177,556.12524,-193.73325
349,02,-9.733829621899499e-06,11.488472740085646,43.235250111784055,479.79688,-242.83447
351,04,-2.446588194630345e-05,-15.287676639472116,50.48518859204715,-130.7414,-196.26324
352,05,-3.326288808405293e-05,-18.37616691179173,46.32872357566895,-251.82686,-81.78754
353,06,-3.476253857051133e-05,-32.52892781643338,47.80475471985869,-480.6259,81.55908
354,07,-3.577182100015043e-05,-18.878891244211506,53.425692884929724,-538.8792,248.00128
355,08,-3.3834556450724496e-05,-9.036356891591062,49.02626591384924,-420.64172,331.78094
357,10,-1.8222273044254205e-05,6.518695762716314,54.30898137165141,11.437701,178.24309
358,11,-1.2143508331428165e-05,12.723418456013999,55.05112889809742,260.36743,33.323444
361,02,-6.55127283612057e-06,7.2258432279314295,62.426701213981424,238.75102,-248.42775
362,03,-1.4006747319585248e-05,0.15545269151913163,60.10794240493287,97.30326,-252.16055
364,05,-3.152253704363203e-05,-24.89160391596312,50.72287625494953,-243.91432,-84.944305
366,07,-3.995988693131167e-05,-23.939954596078525,46.67216465320125,-515.4269,238.25885
367,08,-3.326769469126164e-05,-18.63527480389995,42.41847231385144,-385.34412,326.6483
368,09,-2.396435872586961e-05,-8.675344586181641,43.626415080409586,-175.96713,284.29132
369,10,-1.8213049179844e-05,4.716025361748153,49.256211021474606,64.95162,172.04861
370,11,-1.3997967538165946e-05,28.005924584282763,63.3120259418408,278.9971,21.94714
373,02,-7.65345504045659e-06,5.717629487900508,61.53230691539674,405.89648,-254.5635
374,03,-1.4227020407356234e-05,-0.1344084672825314,56.345688745778084,193.66423,-260.62585
376,05,-2.827942739082006e-05,-27.387183430333288,51.416537502500645,-237.01245,-92.20563
377,06,-3.182083758476639e-05,-35.711798379855686,43.71565713060168,-416.24573,76.62753
380,09,-2.3803562745282155e-05,-1.7829848341200085,47.799041656389505,-164.21133,307.09833
381,10,-1.8914465963579488e-05,8.677334267236855,54.52403665949838,51.506405,174.3601
383,12,-7.738160395268594e-06,4.967533013128466,56.59717789244652,305.7735,-94.91461
385,02,-7.274441715534998e-06,7.353929252261208,64.81677477946593,229.11455,-247.72084
386,03,-1.235675504704564e-05,-6.3443144091534345,43.386579177287324,297.85104,-257.55707
387,04,-2.5035789431644346e-05,-14.869033695136176,49.48712501599656,-82.02614,-207.745
388,05,-3.0008848766624646e-05,-32.62149781881353,48.67582858574712,-230.78432,-85.88253
389,06,-3.4230032604055946e-05,-25.01744469502767,49.43961729888122,-483.3731,76.79377
391,08,-3.274760770019843e-05,-10.64563058373236,50.85391145080519,-438.35043,332.9081
392,09,-2.5484862159343414e-05,2.648160398695204,48.54894579696125,-197.42453,299.5074
395,12,-1.2744765838047034e-05,29.389911852764826,62.27082245179138,511.7589,-97.46083
396,01,-9.557997748420493e-06,23.492998173539362,55.985124487241116,558.89056,-192.24861
397,02,-6.941694202459045e-06,2.77444112036694,54.92825397600388,456.28876,-249.77618
399,04,-2.412122515035865e-05,-15.116672309705946,65.52592149374486,-141.7434,-197.84364
400,05,-3.2719707248821014e-05,-19.41600187732328,54.71462800888861,-268.51645,-68.6768
402,07,-3.9630504535585143e-05,-18.105863085346844,55.33667580591222,-531.30396,247.13329
403,08,-3.664081436780238e-05,-14.530181596981583,48.63167088847007,-454.94016,341.9392
405,10,-1.749340033099435e-05,6.576196681525118,62.883388684188155,53.993195,184.96295
406,11,-9.782895505729057e-06,13.286790387301977,48.36725960095062,214.85376,36.131565
407,12,-8.270612005098982e-06,23.135962751162953,68.44660146777348,456.7085,-99.58371
408,01,-7.079607454118081e-06,9.77005108642578,59.36599973937003,449.71057,-201.88806
409,02,-9.82560560788399e-06,1.2790957768758144,54.799641565576906,387.7865,-257.3886
411,04,-2.0434202846445263e-05,-16.983018215264217,45.651346360141694,-63.630096,-208.2404
412,05,-2.7662325821888435e-05,-23.158452428017892,56.92952051083376,-274.4897,-79.12625
413,06,-3.319209287441886e-05,-26.815010833062065,45.349666944320994,-430.37643,87.12022
414,07,-3.405638901301333e-05,-27.630988150319745,40.32137145659744,-570.84534,257.82327
415,08,-3.2683108437937644e-05,-17.84199171037572,39.46305893081491,-410.29947,347.28375
416,09,-2.475842662511746e-05,-8.054260448540582,49.65095689521101,-216.73274,306.41266
417,10,-1.765674730958508e-05,13.677036990258001,51.31546706972713,35.891365,178.43541
420,01,-8.580053124215514e-06,22.96357862870411,63.49304372530727,469.1635,-199.0998
421,02,-1.1990748406116751e-05,26.598223410470148,61.15281964255657,463.49655,-249.28351
422,03,-1.6731313326227373e-05,-1.3453218475669946,47.843510205716214,185.69397,-257.05206
423,04,-2.3883861623916246e-05,-16.521862002224392,58.86005653639768,9.462686,-200.93803
424,05,-3.2321809314922687e-05,-17.350711201329386,63.11191008513332,-242.42691,-80.56882
425,06,-3.645346474101341e-05,-28.120134918891054,43.231891095406475,-410.95502,87.98069
426,07,-3.570791800838603e-05,-18.498887496784167,52.862582088247414,-511.68765,254.97011
427,08,-3.5946427165531874e-05,-15.756697428713563,51.75170243226714,-374.18524,351.2749
428,09,-2.0748739615697153e-05,-9.244409510294595,35.08465283191469,-174.70622,318.23795
429,10,-1.6616273676728237e-05,8.951883064844276,46.06859467966968,49.39884,184.29698
430,11,-1.0089955154782932e-05,6.784489759657117,59.376273723493675,268.84204,30.841194
431,12,-1.0581146033268115e-05,22.95546643394552,54.273882943514856,488.98495,-101.31435
432,01,-9.2527426375611e-06,26.340960131573418,62.63006211892765,499.6324,-198.17224
433,02,-8.153189459681882e-06,8.31590086110433,48.93550452213628,366.704,-248.419
435,04,-2.4346638547669703e-05,-22.934988667466907,50.17846367060873,-66.12515,-200.96646
436,05,-3.070366395367009e-05,-25.76910455847299,53.73915812349191,-258.37115,-73.77405
437,06,-3.477750818122634e-05,-31.860220404391814,46.7203716229452,-406.74374,89.13182
438,07,-3.7615658574522775e-05,-25.170489753641114,45.05531850020347,-506.87982,244.72256
440,09,-2.5603061031688413e-05,-1.6679924726698132,46.654843129608366,-163.67276,305.37915
441,10,-1.3186316454061119e-05,-1.463842040031187,51.45971762442205,49.470665,181.73315
442,11,-1.4898132296588707e-05,27.46974549831814,55.57987919455502,219.06412,36.828476
443,12,-8.385574634596725e-06,33.275967709449034,59.292129598577816,400.96088,-95.30777
445,02,-1.2519085415486441e-05,14.879537966322628,54.698993667597065,519.7217,-252.1709
446,03,-1.4810545610421827e-05,-5.396197126162949,59.004922374092125,180.63528,-257.2638
447,04,-2.7581765115751797e-05,-20.820068422105575,57.557788026644126,-47.629784,-202.33504
448,05,-3.16294027814815e-05,-19.310568396455505,50.32535560724812,-264.4481,-75.43161
450,07,-3.758493633006676e-05,-22.269790681900524,47.74635748879372,-537.55347,255.47769
451,08,-3.3272750999810424e-05,-17.014684508621052,43.397001161080546,-391.1074,345.8994
452,09,-2.4645985519115736e-05,-7.889081433783638,37.34792189491059,-207.45255,308.29294
453,10,-1.526362983537594e-05,-3.798430909843855,48.34944315867911,154.00883,179.99985
454,11,-1.1750765303218536e-05,10.89123139716254,54.5964946256227,323.07593,32.71462
455,12,-4.447676278540448e-06,15.633635981405934,42.93341399640295,305.94794,-96.73246
456,01,-6.416161365773257e-06,12.223324068787278,48.97643718384928,436.91586,-193.21121
457,02,-8.18821650381367e-06,12.903916228158135,62.959067062718525,387.76697,-247.12973
458,03,-1.5800369091061108e-05,2.527072602630943,59.88884960889175,257.9519,-253.26595
460,05,-2.9667726341906155e-05,-25.198657173730993,56.839670298081565,-244.3151,-87.05504
462,07,-3.888270218750779e-05,-23.176640851420746,56.14024401203919,-515.8002,246.08246
463,08,-3.333480648354688e-05,-12.395997953681537,44.035043613662005,-367.44952,339.15665
464,09,-2.5415033401845397e-05,-5.530321179199219,52.86381167994076,-210.32928,306.97064
465,10,-2.0550294828412475e-05,15.281469091599986,50.30405073937036,38.02665,189.87231
466,11,-1.2597567349661808e-05,15.910226154920792,53.90823562632401,200.845,48.37773
467,12,-7.748080553331723e-06,20.40142875687794,63.311030514205655,481.42114,-79.49449
468,01,-8.493993727101315e-06,23.796599253992884,55.116003269850566,545.5933,-177.89404
470,03,-1.3339704251535219e-05,-6.768148279333628,63.03257818707726,39.888638,-237.9188
471,04,-2.4140652476206825e-05,-8.481860700141059,60.03202422682047,-22.204338,-192.06407
472,05,-3.631899526441482e-05,-17.44638056798135,47.40056218499266,-249.68948,-70.04859
473,06,-3.447691067930363e-05,-33.33076165534125,39.74884000571834,-440.41266,81.395676
474,07,-3.4126774513620195e-05,-44.31138712696363,36.16823902212164,-539.70935,239.23572
475,08,-3.324744642680256e-05,-25.59706884437479,43.61733073811633,-424.73837,334.87756
476,09,-2.7110998255941223e-05,-4.088550005425346,48.59134079140956,-153.65201,312.0238
477,10,-1.717439320385384e-05,2.0582064438686585,44.893768001867876,98.99238,194.97763
478,11,-1.049799736220949e-05,11.533768935139973,58.11769115721252,283.49237,48.677307
479,12,-7.425197422547768e-06,21.47761040308142,53.53903508252609,531.94324,-92.26582
480,01,-8.170035396257738e-06,18.813249751593478,61.34680531404607,492.36212,-191.1665
481,02,-8.232899953890454e-06,13.675333238874163,51.283400613031226,327.18576,-241.1005
483,04,-2.786484313502215e-05,-15.88577495863173,41.53150874974462,-37.464367,-196.46931
484,05,-2.8741963674400066e-05,-37.081440074305384,54.09692304540707,-202.81439,-79.575714
485,06,-3.9525050331051005e-05,-23.208365014648436,47.86380608810849,-429.89313,85.95445
486,07,-3.625940142692049e-05,-31.74150496025496,48.734570516079984,-512.34314,250.4301
487,08,-3.404563471354698e-05,-17.337182702177312,41.57153246440298,-419.14124,349.7956
491,12,-8.260583359534854e-06,25.078029959073632,56.60606037604423,386.39026,-89.07141
494,03,-1.9840231885472768e-05,-1.8349693298339842,46.56073982853019,51.357655,-233.04239
495,04,-2.7043378228700023e-05,-24.0670989525689,35.17819720014996,18.073692,-182.53662
496,05,-2.995519203009721e-05,-45.04488896819084,46.51938461271666,-202.05014,-71.779274
497,06,-3.546342912159163e-05,-30.903872137790252,54.092656515480414,-423.34668,96.73621
498,07,-3.552329937512147e-05,-24.55973527871409,49.31133174363516,-476.40387,257.89423
499,08,-3.48960954878191e-05,-17.491402352609946,46.845165995435046,-427.043,356.23123
500,09,-2.4679065476549213e-05,-6.537764871215822,41.4254565234277,-174.10098,328.1056
501,10,-1.848353834580477e-05,14.114419966174706,59.132486595437086,70.14526,210.46494
502,11,-1.0186800306089735e-05,15.631692754109702,47.969248177954896,300.12225,65.064224
503,12,-6.893300624729055e-06,15.732371215492165,60.65007041392917,545.147,-74.003624
504,01,-7.860778656987515e-06,14.34612370152627,66.80461903254064,496.40634,-178.23056
505,02,-9.005972841740524e-06,9.622026147751583,54.51137783175566,309.0527,-227.44342
506,03,-1.5948935392546162e-05,-0.9029574194467195,53.47545231677126,40.288464,-233.87494
507,04,-2.588563685021654e-05,-27.98602328389486,47.86236142485672,-12.142633,-180.56451
508,05,-3.230829694098981e-05,-22.4746828918457,60.26473778712485,-233.15094,-63.83719
509,06,-3.7502937650666964e-05,-26.38411481492784,47.88007799596918,-388.16302,96.76598
510,07,-3.6336240956178925e-05,-19.074829963273896,48.14752719921964,-526.9243,263.42236
511,08,-3.444879628501263e-05,-12.903870650096605,45.419211714576655,-382.13297,349.68533
512,09,-2.3354238802332672e-05,-7.743464881388346,41.71682162190013,-224.89156,323.7911
513,10,-1.864643046111826e-05,14.62936670381279,46.729617401201246,102.23039,199.2783
