,month,MER,MSSHF,RH,SH,TCWV
1,02,-7.399999772068052e-06,2.729709174746558,52.295623941567676,0.0003947880218570064,8.97375713603837
3,04,-2.191347909663616e-05,-15.59233038906521,62.41300571294825,0.00044040625960559647,12.183705327253872
4,05,-2.839083756912113e-05,-16.16055940262989,64.02205650719006,0.0007071434940667084,17.216401719138187
5,06,-3.330413338050373e-05,-22.16353809509278,52.028707694198026,0.0009014931640296304,22.014874159757298
6,07,-3.0671342559486147e-05,-22.637875941122733,53.00265082314577,0.0010329003032600922,23.12972981539721
7,08,-2.8487004876296853e-05,-12.56110269165039,50.14281140049425,0.0009515669327950404,22.75220546986083
8,09,-2.3132900744369383e-05,-4.023202255249023,42.3501046719922,0.0009334240310760934,21.151945761863388
9,10,-1.6345863611966567e-05,2.642213581372333,56.92965585534547,0.0009355248356116273,19.721688314687825
10,11,-1.1569333000928361e-05,13.890767045423724,49.679388139549886,0.0005703534181247354,13.441472351654372
11,12,-1.207531024335357e-05,24.691616260159407,64.98245628347064,0.000536514795466784,13.014830520187658
12,01,-5.795284385228985e-06,8.867661568262244,49.01821534482766,0.0002899667802897751,9.088685051160473
13,02,-7.359469057738698e-06,6.865867059466484,53.581606617508264,0.0004711822304191866,12.12962919981178
14,03,-1.4070489600584629e-05,-6.186828353717764,55.02083505403355,0.00038754746073307194,11.427750095593034
15,04,-2.282624180893941e-05,-17.872287172783746,48.97103869282801,0.0003994695938296395,11.357650041418605
18,07,-3.1905643976779664e-05,-14.025872309859079,48.67037434149174,0.0008957915342465621,23.41994776180611
19,08,-3.1051088017916934e-05,-11.540256553403795,47.008779259716306,0.00108178564986637,25.701051704905364
20,09,-2.365392635981859e-05,-3.0327022542317708,42.946886476458445,0.0009669164780382541,23.25748233046532
21,10,-2.1172643707369163e-05,7.590982919672484,58.4636376896443,0.0007849959412277741,16.11280749658359
22,11,-1.4279194747299093e-05,14.235161112806532,54.54851769668525,0.0006224606235835986,13.396459855666425
25,02,-8.991757432514056e-06,2.888394768487839,50.11619150138895,0.0003669208622193323,9.000017916314658
27,04,-2.2320882245185202e-05,-19.334173597547743,50.02077896680037,0.0005069280005498918,13.077067014764415
28,05,-3.0310256707952082e-05,-17.47440350473055,59.34436809112436,0.0007153930285222947,18.54690212902715
29,06,-3.0904296795920855e-05,-15.787571440294057,51.69619375912348,0.0009842194550476254,21.37912677978939
30,07,-3.173775886429094e-05,-20.80200322239373,49.75860673643311,0.001004735188951267,23.73428546353951
31,08,-2.8741253340065727e-05,-19.03508228654759,42.77699926753197,0.0010760535270361797,24.403104924806982
32,09,-2.269007780640903e-05,-3.5648343312581385,46.85175361700852,0.0008672290949221253,21.203304509778818
33,10,-2.174942796122078e-05,9.781940688922843,60.93410625634399,0.0006867919335684071,15.963218076816172
34,11,-1.4328458308167076e-05,19.586548003133142,54.57233108670976,0.0006729366678450485,14.317446869442199
35,12,-7.687594037497059e-06,8.885675470167591,67.75924336626196,0.0004129887476064696,9.079969420325373
37,02,-7.864293709969517e-06,5.468580898829869,51.56958197040644,0.000443328927262103,10.334659840992519
39,04,-2.3437909088230905e-05,-21.874123499891493,46.11000325809585,0.0004928932368082314,11.432875588513745
40,05,-2.9170486620455693e-05,-20.4214844770534,47.92201473479629,0.00055373141337474,15.03766018853521
41,06,-3.17826830204164e-05,-27.949367026435006,48.16991035015053,0.0008103595633521967,22.511012832081317
42,07,-3.416977696542745e-05,-21.999847670688425,39.2781192299025,0.0009021180810537498,24.456834705301517
43,08,-3.1963929242763654e-05,-15.790871219429917,46.55304641459066,0.0009689928345582772,24.45286580407748
44,09,-2.1331834113273846e-05,-6.238656323920356,43.43915766518911,0.0009065412273818056,22.404552868395385
45,10,-1.6551261839878706e-05,3.491510892150223,54.79260846710333,0.000806341602621908,19.132922751236986
46,11,-1.519573135911843e-05,20.401449884033198,56.70156626680825,0.0006367408295191699,15.306237562237841
47,12,-1.0313162028783104e-05,17.753608460457098,55.75187243828721,0.0004811068228571663,11.54048159815932
48,01,-1.1369238679367056e-05,31.70380508160335,51.86229076744793,0.0005065474144361389,12.54478739766921
49,02,-1.1685804688698098e-05,2.732715975443522,46.129101684696614,0.00024583032542684335,7.829569845487675
50,03,-1.3839232150540515e-05,-0.5926843497983868,57.115805566785156,0.00048506053711077566,11.947326620060911
51,04,-2.090864053300013e-05,-10.60586452026367,65.75529212030038,0.0005298972676287223,13.397991041318578
52,05,-2.6606813441591635e-05,-11.409518621957432,66.050863289825,0.0006822573668070693,16.563480364199606
53,06,-3.6603149109497395e-05,-25.008415187242296,46.266101067479454,0.0008680787925681217,20.88666345251666
54,07,-3.282222612492611e-05,-33.091220865229126,44.1499227373741,0.0011865903298230965,27.130274066945557
55,08,-2.6941880611302234e-05,-27.08358682743196,31.77761535606461,0.0007854492272301715,24.006322544676
56,09,-2.725831751290065e-05,0.9693071214463977,44.86737590899468,0.0008300272881937013,21.1710378525734
60,01,-1.1848107099418698e-05,28.771229348787696,56.9102486772409,0.0003542191671304773,10.191702869721642
61,02,-9.682757584759485e-06,6.4267875001403105,47.08914505602986,0.0003115679466334117,9.158349270805545
62,03,-1.3818876191033916e-05,-6.2181760956138685,56.610379949503034,0.00032761467128058087,9.797240060637074
63,04,-2.3066575134180317e-05,-21.124448284233942,53.13685258980724,0.00045012077381442295,10.647589474581345
64,05,-2.301351515928619e-05,-21.276121071107926,61.30564291210714,0.00067266253149976,17.356259771243217
65,06,-3.0384449369921637e-05,-25.249517172580298,53.14751710217263,0.0009127790745715982,19.618736166115596
66,07,-3.052118788760435e-05,-16.333257173927887,51.58020934386151,0.001033779662579662,22.990089238066826
67,08,-2.8069958612225798e-05,-17.017802792784988,42.472240740586344,0.0008598136095184325,23.504970162709558
68,09,-2.2138291550658728e-05,-0.809648367987739,66.94727416271104,0.0010072270758296226,22.38970984335343
70,11,-1.2000811908506469e-05,17.20852971835666,62.11537896577253,0.000733812687942615,16.40034759771559
72,01,-6.201572312694294e-06,7.789162023728894,59.71689801232405,0.00032037616245556873,8.008615290749457
73,02,-7.646551471441942e-06,-7.170963860648018,49.17462651499538,0.00043289734202582635,8.483470379527834
74,03,-1.1304150707112197e-05,-2.56875498781922,68.34861116093205,0.00041982346533168605,10.938059937977021
75,04,-2.3272295822324753e-05,-10.486857863362628,59.37646033687326,0.0005507065881250634,13.55916669224368
76,05,-2.800802443084893e-05,-16.149492612120927,55.7763452255995,0.0007271333313690247,18.50802798619578
77,06,-3.090711121482552e-05,-17.990251360066733,61.34983533646531,0.0007727630264536654,19.0323849847277
79,08,-3.3271033724499884e-05,-4.3656862228557625,49.79625837316948,0.0009632387406820798,23.133719152373654
80,09,-2.244669017984254e-05,-3.3109654418945316,48.444472670045165,0.0010995125499796714,22.995913738518293
81,10,-1.5745955748394817e-05,1.4800897167574978,41.847355274659336,0.0007476628478483084,17.189858579468986
82,11,-1.5779393952086846e-05,2.730464919026692,53.6031213278585,0.00036442432660848377,10.760161425473955
83,12,-6.748697063030508e-06,22.216181771555252,62.92255071562849,0.0006171308285160469,14.085127126652706
84,01,-1.0488508364736625e-05,25.802121266682942,67.17732922877546,0.00041564420438127206,10.206371892220231
85,02,-9.105866422227595e-06,-15.737989101954868,41.279925076501705,0.00019560193471323016,5.607975746361981
86,03,-1.09558865346488e-05,2.199697240357758,53.96111336709735,0.000417650180977115,10.942116465018639
87,04,-1.9242588071877733e-05,-14.953707265557181,61.57429541588492,0.00039568850197150223,11.382743049732845
90,07,-3.000731417455182e-05,-30.125119514383297,48.19723509739805,0.0010106809674292967,23.818925079271356
91,08,-3.1366839325049225e-05,-20.726613564768147,49.22354232249208,0.0009093863952855494,21.520708266890182
93,10,-1.7202233669146365e-05,6.4104873591597356,48.62927366667281,0.0008042660296969873,19.589035635976384
94,11,-1.2770530823662637e-05,20.62896745435927,57.76803370095226,0.000712386935210562,15.246456928649215
95,12,-1.128779906788603e-05,28.043287035542146,58.52688881322774,0.0005160226476652414,12.267536138803731
96,01,-8.849628261046861e-06,-8.473066081057311,52.03738375666833,0.00039371051453645855,8.603436328787955
98,03,-1.3287096029671374e-05,-5.803373095440609,55.151999684815046,0.00038326355497387356,8.999293845345896
100,05,-2.791426425801057e-05,-28.103053294192083,60.924986691195485,0.0006231550341834262,14.467633944537052
101,06,-2.8837502824555686e-05,-20.989433822292757,61.5306473079814,0.0008995023713432398,21.273624211708704
102,07,-3.379324687933062e-05,-20.07741719498173,55.40260847481861,0.0011762637337276985,24.62420682204411
103,08,-3.0242934917310693e-05,-13.572054321945357,50.633880177582476,0.0011241900766090502,24.83616227820099
104,09,-2.5696148892024614e-05,-3.969099077690972,51.22118268649578,0.001026891966428189,22.86273651031123
105,10,-1.9746457593286597e-05,13.28605210072507,59.41998880579267,0.0008929555590629677,18.012657082369252
106,11,-1.2423982501220758e-05,8.69252590874566,58.77474638277293,0.0005567817669088578,14.093879046629535
107,12,-5.659096497726741e-06,10.619382738339004,50.16868590621025,0.0006231452756041871,13.523867330752395
108,01,-9.400724827868036e-06,23.76198229324177,64.8158600401199,0.0005186993550770137,13.478511014884521
109,02,-1.553154618433063e-05,17.196350676788683,61.10995617006565,0.00036645799898507564,10.345760452389717
110,03,-1.4791143874625109e-05,4.141464673442225,71.63935923557511,0.00047325576421621175,11.452679470425014
112,05,-3.182606770285695e-05,-15.882362545546664,52.83810746537357,0.0007443033780645266,18.308951694468018
113,06,-2.7714982728361462e-05,-28.63852083367242,47.29024293223089,0.0008593489899378255,21.301890547300708
114,07,-3.385038605679304e-05,-9.511822006717805,59.07058047961163,0.001171458948932473,24.77475175948938
116,09,-2.5435363158006416e-05,2.907980506727431,49.177534459747214,0.0009323654926211424,21.290678543053733
117,10,-1.6347254436593455e-05,7.273599919801116,47.520342997120274,0.0007721173569709835,19.266358468080078
118,11,-1.0307503538792339e-05,7.8851572241889105,46.36847800110711,0.000563931326113359,13.532653791407743
119,12,-7.866494279115095e-06,20.208327730240367,52.71666673100892,0.00053423904773601,14.357002457380297
120,01,-5.490775168401608e-06,12.580168148245866,46.32122026583841,0.0005023698754026696,11.883489435585597
121,02,-1.1993180484209699e-05,15.243881237211681,52.799659086113884,0.00042497837058714,11.023137841236023
122,03,-1.7582771425163286e-05,5.919001820882161,61.97907953674307,0.0005982449319345967,13.789131960060006
123,04,-2.3728384267512105e-05,-15.711892689005532,62.36782957411343,0.0005368266940982721,12.549550183918742
125,06,-3.3498540398290464e-05,-35.047065074327264,55.710710440916486,0.0008175972156450774,18.088483912891817
126,07,-3.3625666249610085e-05,-27.510599928661055,42.19065745926929,0.000971569565642772,24.40308312683977
128,09,-2.1827326350689368e-05,-6.781363076782227,44.02462579022247,0.0009320243816883804,23.486319775686
129,10,-1.9913688146604526e-05,14.103063629806684,48.60193847477949,0.0008421332443241979,19.272771393693905
130,11,-1.311930024130561e-05,7.912713109334308,43.72629240063826,0.0004454905331929088,12.214345464632247
131,12,-7.719866410816296e-06,20.033501539989185,45.286219627095804,0.00047829752353097696,12.302766914845797
133,02,-1.709957590030951e-05,31.83555304718018,59.52337883048256,0.0005475542892947997,12.68034689824212
135,04,-2.7999317039636173e-05,-19.276666238742408,46.732171709169286,0.00037736529698403654,12.065731884741782
136,05,-3.125298669270236e-05,-34.3688931694441,36.06377147361027,0.00042185220914118,14.324859504516404
138,07,-3.559518055198981e-05,-33.07448882301904,37.832517702871755,0.000870340643866736,20.875357654766372
139,08,-2.897321149455781e-05,-28.290339532667595,47.590817581110095,0.0010727420896216627,24.33309032836268
140,09,-2.7407515947157255e-05,-3.6402964202880854,48.108384553693405,0.0008673468175783354,20.220626075602905
141,10,-1.8407037761653066e-05,10.48773665069252,49.92561818830045,0.0007825079715910818,18.95590408874968
142,11,-1.0645134954231454e-05,8.876481322224937,54.38112868225972,0.0004970781178460824,13.421097168287966
143,12,-1.0178729378000547e-05,19.264495642221096,49.02194799312469,0.0004455819003796224,11.535513428002275
144,01,-9.804670876438911e-06,24.167181801416536,38.86062395377826,0.00029198987653266507,8.955749408001543
146,03,-1.2629808311264428e-05,-0.5304674036169569,53.76618897918476,0.0005727407951866191,14.275736472201602
147,04,-2.5889148811054637e-05,-18.50936585184733,50.20018549894757,0.00041218083241272116,10.986529590508672
148,05,-2.5811937759284265e-05,-33.066711107479634,47.67298183366304,0.0005622225995608382,14.460797650952493
149,06,-2.987989489524302e-05,-20.686577268473304,57.62339900992447,0.0007455840776351881,18.702801296479173
151,08,-2.9805839779475068e-05,-22.79464663072811,38.70661156831249,0.0010097339748723264,23.833731042867065
152,09,-2.1833397036001162e-05,-8.548686426798504,39.4321560544822,0.0008007140552823532,20.83496838520235
153,10,-2.004618059737534e-05,2.17344532234438,45.307421456006274,0.0006820325499599374,17.674736063961063
154,11,-1.4646135411648073e-05,14.444811823866104,60.08639300202131,0.0006339337644810405,14.225457465975815
155,12,-7.654158530845394e-06,17.942148733159545,42.031411531264894,0.00046165224257053707,11.076515356142036
156,01,-5.988280283046514e-06,9.900324605634134,41.55076964045469,0.000437638549289248,10.36507142100283
157,02,-7.568776633878318e-06,10.513905402874128,42.596786469010105,0.00039763415424268303,11.196383694080101
158,03,-1.6743815379482177e-05,3.675611719931326,56.535387553599556,0.0004879701252311531,12.269467439161831
159,04,-2.3724830210206465e-05,-12.979907084147134,60.15185276207658,0.000579528459085648,12.85867560589181
160,05,-3.502280750303383e-05,-18.415903687507882,37.98684394011575,0.0005439886107167655,17.11736192246663
161,06,-3.339920427913765e-05,-25.873405965508358,43.36981476617124,0.0008486856836498394,21.26468744079934
162,07,-3.3542465003026134e-05,-26.574038988010855,46.61348771423679,0.0011160113274397768,24.872119238017707
163,08,-3.290884278264643e-05,-13.404264240552024,52.83446418771308,0.0012228114123283905,25.45110419567298
164,09,-2.5466491539959356e-05,-1.4094354346381297,48.6797681992597,0.0008614746787727199,21.089136655476363
165,10,-1.9484351597922247e-05,1.9587082073252686,58.379234332862715,0.0005589232049004094,14.223404862920445
167,12,-8.425528942156701e-06,11.411874493342573,45.69198678764476,0.00046205227275860006,11.040920949630838
168,01,-9.715480358609446e-06,34.39173987899288,57.42208674485646,0.0005887621752377449,12.073609010492602
170,03,-1.4966802825774622e-05,-6.011914413616221,42.24266758934657,0.0004124762266675568,10.57913865132614
171,04,-2.191761210872048e-05,-4.539731902737087,59.59964808656376,0.000576000432182122,14.761491688218381
172,05,-3.0932743489659034e-05,-26.541132331437964,51.168041845343446,0.0007194121543284234,18.49295009515106
174,07,-3.3366269429406925e-05,-23.52127023184171,53.23872095220833,0.0009773544866860003,23.766084752114875
175,08,-3.234485571499712e-05,-11.285276480397874,49.79429166342623,0.0010167660779612973,21.499373248984732
178,11,-1.1587640056374466e-05,-1.8295716874864363,52.225245416957804,0.00047988380124447253,11.321686016183431
180,01,-8.814763398506955e-06,28.086010490499522,59.814965074129006,0.0004701822597394422,11.951160548843365
181,02,-9.681430163471391e-06,-2.9269207930791947,54.97462990093799,0.0004138276064931533,9.542274346257958
184,05,-2.8615912740195944e-05,-19.306992470361852,50.8592781971834,0.0006858745914348111,16.437750189096697
185,06,-3.390126228795352e-05,-22.424498955281575,49.86442946763436,0.0010699702445989207,21.024796435148186
186,07,-3.466171150601792e-05,-32.442688338413035,36.16844127948567,0.0009186411803072188,25.164367288179292
187,08,-3.527003988845888e-05,-15.806742182249662,41.714041907468136,0.0008680270261172562,23.171906867293902
189,10,-1.8016295581522476e-05,4.47270425086893,52.33998963107474,0.0007590626369145407,16.282121984560003
190,11,-8.92097842036795e-06,12.752254605102538,55.27824593100681,0.0008178240753429337,18.250592901670938
191,12,-1.093666692604627e-05,22.757288210632986,53.902280609893545,0.0005556525008313002,13.035411139304921
192,01,-1.2804497735976505e-05,25.385474410518523,57.77612080058489,0.00045759688101936,10.959147662439655
193,02,-1.271823695051786e-05,20.178666164579848,60.9734689490412,0.00048809193327531924,12.205283860994237
194,03,-2.219248033328259e-05,-0.5256330294045062,56.57506640008187,0.00037265990637394303,9.68667776564885
195,04,-2.3056703787511248e-05,-15.611610607231992,48.9374839578549,0.0005232466899471546,13.610398491528297
197,06,-3.44918315846169e-05,-24.446217814466692,49.08188772321145,0.0007471122926498033,19.14153311720292
198,07,-3.591561413959817e-05,-25.92438248894804,39.340810654867084,0.001035028367159925,26.651675874188385
199,08,-3.331847033315239e-05,-31.29434137422295,33.68999910253863,0.0008271361476220967,22.036511386484225
200,09,-2.6222378082234683e-05,-4.395296908230251,54.09243484116659,0.0008676720050675714,21.198522507119172
201,10,-1.4566836962311297e-05,5.514771194293934,41.310020164710224,0.0008753650264261328,19.556401405724145
202,11,-1.3042386322538529e-05,9.068964893934462,58.53600206141338,0.0006469659394806109,14.086958012714652
203,12,-8.991161045966975e-06,-5.598886509064706,48.51484771922968,0.00039905608716880105,9.520831813155645
204,01,-7.460320452180465e-06,-0.4728464959257379,45.67560021059616,0.00044037663110958085,10.440877024148103
205,02,-7.544903639281147e-06,5.38362545916678,55.18347650017959,0.00031412921131322426,8.869372559355593
206,03,-1.2827322511164368e-05,-10.990242480862525,51.72073062135199,0.0004322530456430366,9.525472053571415
208,05,-2.4253428110207234e-05,-26.022296560964275,51.92535755428705,0.0006685273422467372,15.523370743020891
209,06,-2.8253365109311642e-05,-38.732165323215064,41.61192797080808,0.0007725716853643563,18.80213339232339
210,07,-3.142641031134248e-05,-27.054918192217425,49.82263012584947,0.0009566610893040974,21.689672550591094
211,08,-2.9903093116464793e-05,-15.358725825155936,42.33743624172287,0.0008052989171323801,22.9990404958584
212,09,-2.534073391895315e-05,-7.00570699428982,43.673043699496326,0.0007056351989302735,17.80062923739222
213,10,-1.7171301486478214e-05,8.106230379494288,51.02844809201841,0.0008193838488076182,18.058174803824834
214,11,-1.4551765714713837e-05,14.46901237657335,58.72207561985916,0.0004943569559801082,13.013740698712404
215,12,-8.836182103413613e-06,1.1414017176474303,51.832999992789766,0.000456995769084828,9.593377716324662
216,01,-3.583592048936e-06,-1.2817189340899076,35.36421269791357,0.0002965270524839061,8.961908747665344
217,02,-9.97768289436776e-06,28.48145621345157,61.04910012837534,0.0005305327026612487,12.171147674492426
218,03,-1.2413017713795421e-05,-3.0697627356744577,49.8996438915832,0.0005206532129615308,12.901507511982352
219,04,-2.201332183204714e-05,-17.60772253417969,50.15108422283994,0.0005176294510015927,11.840950494820543
220,05,-3.085946982284968e-05,-22.07697987414944,55.658551038389554,0.000691181856834612,16.664446066212914
221,06,-3.476727682935032e-05,-20.254541469319665,56.16686724849277,0.0008864397704303581,20.78134989303483
222,07,-3.376502295814329e-05,-20.43258258581674,48.29218798171063,0.0008547632643424363,23.78260384443754
225,10,-2.0736059433235615e-05,1.8364669255082322,46.07108195983722,0.0007064217952702141,16.4008664570893
227,12,-9.893875752236308e-06,16.98351939342868,60.12797338394067,0.0005512983522442909,13.047354222416878
228,01,-1.1099072907757458e-05,24.386054642872143,54.87726956107148,0.00045592296519506595,11.066128452862465
229,02,-7.893391973560764e-06,12.879144769577753,54.623768248409036,0.000624683462594898,12.837736519389209
230,03,-1.582076560769428e-05,4.910139277304372,64.38913835901599,0.0006810213565312239,14.007189303759604
231,04,-2.2395207648413717e-05,-10.670934447903104,67.35853829729425,0.0005132326088525791,14.318035180071991
232,05,-3.182257207745645e-05,-20.036693252071256,51.31070372274871,0.0007038634061112829,18.25652126416596
233,06,-3.4082233544055876e-05,-13.138249787733287,60.09514157660935,0.001018815234679136,23.464375189109646
235,08,-3.4686337675251e-05,-19.754633603331865,40.27667498864153,0.0009149996268527415,21.998242530926582
237,10,-2.3367591303340108e-05,14.50471792602539,57.49670259841796,0.0007692835288216944,17.60276400920909
238,11,-1.186565926222506e-05,4.6568576497395835,50.09492808050447,0.0004236663616776847,11.023035687553882
239,12,-8.802920268002493e-06,22.454611907630838,51.308709990082264,0.0005018636649010024,12.303671738373337
241,02,-1.079772392194216e-05,13.779260249546594,59.85849182345754,0.0004247924906180526,10.259473174222878
243,04,-2.54553507465769e-05,-17.42901027967665,53.24983413987689,0.00045097119342235603,13.930574816384583
244,05,-3.422614240797327e-05,-20.88572949317194,50.723297991629586,0.0007112033766742989,17.992914966178198
245,06,-3.759346314859108e-05,-24.964019442409946,49.104056137108806,0.0007349941236675172,19.179021763939325
246,07,-3.775679561435789e-05,-20.12216363230059,34.70881050790896,0.0008227019134094047,24.06717719546313
250,11,-1.3179962080519347e-05,12.654008286878799,52.50058610761298,0.0005313356323464177,13.172062302903335
251,12,-1.3700721242369786e-05,27.986750325848984,63.54783165261822,0.0004460608781439875,11.135898228195407
252,01,-6.553396535759588e-06,18.42038040095504,45.80448549491872,0.0004392718665100694,11.324720192924623
254,03,-1.4517082142339604e-05,-0.5979741453765541,58.83941007500695,0.0004991599991315802,13.146086779553404
255,04,-2.355722367422762e-05,-12.813957029554578,60.681698268123455,0.0005945271223715785,14.799168964303863
256,05,-3.550879427684679e-05,-19.147158501081563,47.704144963514416,0.0006344104929724587,18.64379195670543
257,06,-3.750390542944741e-05,-27.016546727159287,42.780413097916714,0.0008396627575370277,20.217285911058053
262,11,-1.5146696185204038e-05,20.892512133110895,68.07071139411661,0.0005471246481323154,14.33508744482597
263,12,-1.1904006665214989e-05,20.81303864280127,63.79751548051194,0.0005704053421768659,12.55957897350352
264,01,-6.723928980547147e-06,14.384707934964087,53.25762820807451,0.00033838884669713326,10.276413458688285
265,02,-9.421481274265325e-06,7.153048214503697,61.79020408172125,0.00045849606639379885,11.304749446694343
266,03,-1.3063552253355424e-05,-6.242824222359606,58.59238742218351,0.00043964260734938635,11.94844622561111
267,04,-2.4765318735565716e-05,-15.737299090576174,60.65160554169682,0.0004324344195720945,12.39155946132872
268,05,-3.372209000100225e-05,-25.790908090242777,45.58359570831253,0.0006874419770607463,16.882564342469298
269,06,-3.303585196628976e-05,-31.827683939954966,48.06642211600013,0.0007031702677992751,18.788384712798067
270,07,-3.6646507612448495e-05,-24.41304970722813,43.035889669943884,0.0009577895311687377,25.123447815056778
271,08,-3.349079792080317e-05,-13.273838911159066,49.470468634774605,0.0011785009511229004,26.95539833592728
272,09,-2.8629883362433853e-05,-3.361749937269423,60.89090815499625,0.0008204311439514236,20.705136747317844
273,10,-1.872843477780094e-05,15.499699002173642,52.0420637966638,0.0009255201393185142,21.72099201665899
276,01,-6.60295483731882e-06,23.604068570044735,51.65779350411636,0.0005113839650168305,12.109373243094772
277,02,-1.6342577849974034e-05,27.257544948032923,61.67323920420096,0.0005129149039266849,11.585383370463337
280,05,-3.0134792006426703e-05,-17.31557953963741,52.31226475243542,0.0007120376103461025,17.86483551645279
281,06,-3.5836119472898846e-05,-20.466573669433593,50.7506326838851,0.0009486301975226323,21.94502347338862
283,08,-3.0240783373966385e-05,-12.41071590333344,52.640142950275894,0.001163815572202473,28.186662356700946
284,09,-2.726855740998468e-05,-6.606480073716904,41.46046437310777,0.0007335374628951386,19.46754291381571
286,11,-9.433203981300014e-06,10.082439758300783,57.335292302331666,0.0005791067180039236,14.819048055042161
287,12,-9.155090198257839e-06,-0.601292420089886,52.83887711868107,0.0004945328851989802,12.703119583929736
288,01,-7.996820467572737e-06,16.024269751435966,52.92226850532075,0.00041192595895207524,10.557260232224259
289,02,-9.213011075579354e-06,1.6289639434814458,40.65915042115535,0.0002735949758984874,7.618574587362154
290,03,-1.4304734281419465e-05,-4.024482163624097,45.80751552796749,0.0004401956440712298,10.201501829046073
291,04,-2.383696288773839e-05,-17.2942943037245,47.44735419490735,0.0004770017007668381,11.80928153449032
293,06,-3.491794925367785e-05,-29.63445593295627,48.58540389312637,0.0011471253787109367,23.02299164098236
294,07,-3.637924248004731e-05,-25.786057973554062,44.12265574810709,0.000985359612786695,25.262484286273676
295,08,-3.1032737283929096e-05,-31.771135562691633,39.36124998163152,0.001063466894169325,23.719839718063675
296,09,-2.437035215904568e-05,-12.497950702243381,40.21523504180775,0.0008103102327222991,18.67727894531356
297,10,-2.1305207502659715e-05,-2.352458050143333,49.86598729915773,0.0005624345080602805,12.834833942158248
298,11,-8.746191556262298e-06,13.336127873399521,55.471923015075255,0.0006547417485429125,15.444975968167515
300,01,-8.992702947169514e-06,20.66453995308825,64.87525535803712,0.0004630176850634722,11.204803152650916
301,02,-1.1818901434843997e-05,12.780648606925178,58.06078212638148,0.000495099684988787,11.609675477981567
302,03,-1.5225630396960167e-05,1.0669384965794064,50.376974003080406,0.00036018773000070863,10.998717471243236
303,04,-2.4217375733618005e-05,-11.611916856553819,59.49211039767795,0.0005477365501182944,14.257841776642534
304,05,-2.847669872224737e-05,-31.81054322043798,50.857990436966695,0.0006152930506795131,15.359272943048065
305,06,-3.421590459786078e-05,-30.121984181382924,54.56608841220009,0.0008944627820598017,21.4024883570883
307,08,-3.442271008691844e-05,-10.630728795861687,53.4802156332962,0.0011410420949086592,26.830953647472523
308,09,-3.09724094837697e-05,1.3779368174235027,41.60773183429904,0.0008935518929530012,20.335168852259056
309,10,-1.9737982986943505e-05,10.8786054316695,45.96995730125903,0.0006333934098819987,17.218317307363275
310,11,-1.219442167142309e-05,8.63346869269477,52.650442458646836,0.0006341721947358944,13.982692417393787
312,01,-1.0532949036563073e-05,27.835473567839585,50.62756816835045,0.0004537746557087837,11.058444803249454
313,02,-1.0796667724878803e-05,1.9850640389578682,54.967533898224424,0.00030567886635834556,8.97967280293788
314,03,-1.2645556585016247e-05,2.2825399281491516,62.992716266741034,0.0005048640071809572,13.200527901346966
315,04,-2.402455134354872e-05,-12.38321820203993,55.9102142579476,0.0005435340928157731,14.237437394865355
316,05,-3.3327865934669755e-05,-23.83920729967343,52.369123788558014,0.0006399812987691344,16.13438991110812
320,09,-2.545146969718593e-05,-6.704652192857532,39.75358392157654,0.0009221086927508522,22.82103427496221
321,10,-1.7187334372416657e-05,10.538457600583316,41.694871458662455,0.0007750956863858269,20.637318765312116
322,11,-1.4535249143672345e-05,9.326381112670902,61.63253474075529,0.0005952350228117148,14.740219080596498
323,12,-9.12172876785682e-06,14.485518746324761,56.37181309181387,0.0004220962651623558,11.177854364097762
326,03,-1.3873502668170125e-05,-4.782673361173239,59.930227692120816,0.00041051977616280897,9.928221458632457
328,05,-3.370682173148433e-05,-13.439136345319852,55.415879218805216,0.0006535041197075036,16.937964208655462
329,06,-3.4785863751151034e-05,-27.11431088460287,44.96967633606062,0.0008772879220370063,20.177302681291106
332,09,-2.4569920312832332e-05,-1.9050392035590278,48.50952039943403,0.0011661635124005137,25.35001326700052
333,10,-2.0357669840078775e-05,8.929626497002058,49.91160704086961,0.0008570413862924212,21.241959986229094
335,12,-1.1844671387852061e-05,21.158474252352146,51.61357204472506,0.0005773151541380593,13.297097678603667
336,01,-1.3167410284109127e-05,32.71415653975292,54.798027210791915,0.0005230013527154189,13.106980731325766
337,02,-9.635896793779033e-06,12.227102448962983,62.05461917357218,0.0005590188341237168,12.45363125636322
338,03,-1.969343553138324e-05,2.858439688077537,50.951221448258686,0.0004028064890359467,11.756546522871137
339,04,-2.5420359923575438e-05,-23.728481532796227,35.425640993569964,0.0005033413915325177,14.029402746246918
340,05,-3.1186685044343005e-05,-23.42358186127037,55.67473245647261,0.0008101687334261413,19.129142921575937
341,06,-3.458860908376663e-05,-19.802041976589628,51.81401281598541,0.0009322974188374144,24.706341961563957
342,07,-4.0491175616739144e-05,-14.380545316962786,51.51913973191349,0.0009613429224455643,23.765559630895176
343,08,-3.430768915528969e-05,-11.902402343421853,46.669440629773256,0.0010274620080804539,24.276185533899135
344,09,-2.677926907070085e-05,-2.246240928141275,48.58724766878287,0.0008591688969658409,21.141295356886918
345,10,-1.4836711174446523e-05,-1.5530790907336818,46.4751422240952,0.0008285501714110792,17.69225229575172
346,11,-1.4172945336880124e-05,15.984315191311307,55.0159122577058,0.0006465871534172897,14.289930684622128
347,12,-9.103623443880553e-06,18.67049515623687,44.72693699303237,0.0003995294160866323,10.617689527364186
348,01,-9.98381483742544e-06,30.50790186531313,59.32570013750177,0.0005276380488101,13.490079094302269
349,02,-9.733829621899499e-06,11.488472740085646,43.235250111784055,0.00042143233519641003,9.918647395893075
350,03,-2.0140387961912898e-05,4.352542552004578,67.29393991330491,0.0004389440757035161,11.024969367623331
352,05,-3.326288808405293e-05,-18.37616691179173,46.32872357566895,0.0006870887521260839,18.2019808564968
353,06,-3.476253857051133e-05,-32.52892781643338,47.80475471985869,0.0008564286241224787,20.658758763898746
354,07,-3.577182100015043e-05,-18.878891244211506,53.425692884929724,0.0011261872946572934,25.707979306942672
355,08,-3.3834556450724496e-05,-9.036356891591062,49.02626591384924,0.001041277370647549,25.532705715393504
357,10,-1.8222273044254205e-05,6.518695762716314,54.30898137165141,0.0008543528111196123,16.76005811733328
359,12,-6.623100362498576e-06,8.910789440196046,51.189781416840454,0.00043185676473623153,10.188280075834642
360,01,-6.219402897665034e-06,13.638463789416898,56.756673166043,0.0004136181822207933,8.690243806926153
361,02,-6.55127283612057e-06,7.2258432279314295,62.426701213981424,0.00047579284143406164,11.645883812596404
362,03,-1.4006747319585248e-05,0.15545269151913163,60.10794240493287,0.0004989911271048672,11.059879185275365
363,04,-2.2896213735516033e-05,-13.763160278998479,44.90089633327524,0.0004889661802240576,14.887117676052782
364,05,-3.152253704363203e-05,-24.89160391596312,50.72287625494953,0.0007151075125502661,17.44448770763798
365,06,-3.4585202314802804e-05,-32.20444840494791,47.13420631794532,0.0007885755440597576,18.887264902786413
366,07,-3.995988693131167e-05,-23.939954596078525,46.67216465320125,0.0009029157017727434,23.57777746359636
367,08,-3.326769469126164e-05,-18.63527480389995,42.41847231385144,0.0010581389043553269,24.330370817279302
368,09,-2.396435872586961e-05,-8.675344586181641,43.626415080409586,0.0009490466401233954,22.162491116016437
369,10,-1.8213049179844e-05,4.716025361748153,49.256211021474606,0.0008116932342555208,17.60658678425256
370,11,-1.3997967538165946e-05,28.005924584282763,63.3120259418408,0.0006304514712387844,15.272984667379328
371,12,-8.896478755051119e-06,9.686923075029926,62.37685010996686,0.00038589618015715004,10.664877343126522
372,01,-6.091251291421628e-06,2.9262350808420488,60.36061479552843,0.0003629201125318107,9.084873129739556
373,02,-7.65345504045659e-06,5.717629487900508,61.53230691539674,0.0003673177904023817,9.55672571522707
374,03,-1.4227020407356234e-05,-0.1344084672825314,56.345688745778084,0.0004143901391054961,10.645667281794292
375,04,-2.4690822054900404e-05,-20.66956467929416,50.227940069592,0.0004912910699575554,11.397826892315017
378,07,-3.4407490462771055e-05,-31.11366353779454,49.13440625845617,0.0012401764772639779,27.35150430944914
379,08,-3.27152816781925e-05,-15.088779016966459,50.057286181364006,0.0010051635737900273,25.141525758176723
380,09,-2.3803562745282155e-05,-1.7829848341200085,47.799041656389505,0.0008983746668693987,21.12537328449091
381,10,-1.8914465963579488e-05,8.677334267236855,54.52403665949838,0.000821376938233815,17.27257944951775
383,12,-7.738160395268594e-06,4.967533013128466,56.59717789244652,0.00034308914540316133,8.428497275237117
385,02,-7.274441715534998e-06,7.353929252261208,64.81677477946593,0.0005457368057977929,12.025972804131962
386,03,-1.235675504704564e-05,-6.3443144091534345,43.386579177287324,0.00039190909222795576,10.456544133351697
387,04,-2.5035789431644346e-05,-14.869033695136176,49.48712501599656,0.0005911379486306348,15.158912003555566
388,05,-3.0008848766624646e-05,-32.62149781881353,48.67582858574712,0.0006954327806093939,16.91407297216308
389,06,-3.4230032604055946e-05,-25.01744469502767,49.43961729888122,0.000881464317699061,21.81825442208979
390,07,-3.7348723895911946e-05,-18.427609645064162,51.34294977803511,0.0009686399827052652,22.20925140021052
391,08,-3.274760770019843e-05,-10.64563058373236,50.85391145080519,0.0011464830641275342,25.6041415031533
392,09,-2.5484862159343414e-05,2.648160398695204,48.54894579696125,0.0010463940876720393,22.98564577755134
395,12,-1.2744765838047034e-05,29.389911852764826,62.27082245179138,0.0004817236066579237,12.64775550762171
396,01,-9.557997748420493e-06,23.492998173539362,55.985124487241116,0.00043240021513436713,11.476601598980604
397,02,-6.941694202459045e-06,2.77444112036694,54.92825397600388,0.0004849237747458461,10.29393062870804
398,03,-1.1845709033173812e-05,-9.130659757880753,42.53471919810516,0.00044616643216331627,12.56907799679105
399,04,-2.412122515035865e-05,-15.116672309705946,65.52592149374486,0.0005342435015494618,12.959454562992518
400,05,-3.2719707248821014e-05,-19.41600187732328,54.71462800888861,0.0008146372657843473,19.47343097171732
401,06,-3.633841799156573e-05,-15.284035491265191,54.862410076340026,0.0009098009567069676,20.928866900479797
402,07,-3.9630504535585143e-05,-18.105863085346844,55.33667580591222,0.0010251161839649637,23.770940406066114
403,08,-3.664081436780238e-05,-14.530181596981583,48.63167088847007,0.0010329766651933964,25.032045431551115
404,09,-2.780254297756781e-05,-4.337274759928387,47.643611919113,0.0009458465725743282,20.29766017638975
405,10,-1.749340033099435e-05,6.576196681525118,62.883388684188155,0.0009416702161500776,19.45141905994441
406,11,-9.782895505729057e-06,13.286790387301977,48.36725960095062,0.0004847364594485018,13.530393645091852
407,12,-8.270612005098982e-06,23.135962751162953,68.44660146777348,0.0005064767144187343,12.410677929641098
408,01,-7.079607454118081e-06,9.77005108642578,59.36599973937003,0.000497766507189808,10.500852505586481
409,02,-9.82560560788399e-06,1.2790957768758144,54.799641565576906,0.0003367882807537607,8.859147338378996
410,03,-1.6003138249269338e-05,-14.11737674147083,62.83003596656937,0.0004201141621528276,8.8088545557581
413,06,-3.319209287441886e-05,-26.815010833062065,45.349666944320994,0.0008767861766169669,20.551190380279227
414,07,-3.405638901301333e-05,-27.630988150319745,40.32137145659744,0.0009992564759155084,24.74629142739055
415,08,-3.2683108437937644e-05,-17.84199171037572,39.46305893081491,0.0008798842714115641,23.693631909804957
416,09,-2.475842662511746e-05,-8.054260448540582,49.65095689521101,0.0009952416975374742,21.14314986570544
417,10,-1.765674730958508e-05,13.677036990258001,51.31546706972713,0.0007650325017121314,19.146578139390993
418,11,-1.2026654228591521e-05,13.685960133870443,60.59634180396663,0.0006722915904273629,14.24176825358338
419,12,-9.44601224512954e-06,28.97793200421077,55.46996279250422,0.0005743988471772425,12.755031762801186
422,03,-1.6731313326227373e-05,-1.3453218475669946,47.843510205716214,0.0004369409978938565,11.066952292218005
424,05,-3.2321809314922687e-05,-17.350711201329386,63.11191008513332,0.0007860145196551182,17.91922860039819
426,07,-3.570791800838603e-05,-18.498887496784167,52.862582088247414,0.0012707728695600497,27.574913323899757
427,08,-3.5946427165531874e-05,-15.756697428713563,51.75170243226714,0.00083940602619154,22.186411076767474
428,09,-2.0748739615697153e-05,-9.244409510294595,35.08465283191469,0.0007514128688763474,22.670960359727015
429,10,-1.6616273676728237e-05,8.951883064844276,46.06859467966968,0.0007536827149327755,21.249415780923695
430,11,-1.0089955154782932e-05,6.784489759657117,59.376273723493675,0.0007041661412425191,16.452237505469057
431,12,-1.0581146033268115e-05,22.95546643394552,54.273882943514856,0.00047802787376777174,12.032215354372097
432,01,-9.2527426375611e-06,26.340960131573418,62.63006211892765,0.000489844752344597,11.101973199181659
434,03,-1.5915630637317265e-05,-1.6360386480515998,44.90566300547765,0.00042303985436162447,10.268197295402967
435,04,-2.4346638547669703e-05,-22.934988667466907,50.17846367060873,0.0005260060907692656,11.4696420110782
436,05,-3.070366395367009e-05,-25.76910455847299,53.73915812349191,0.0007177736570713329,15.192477716480534
437,06,-3.477750818122634e-05,-31.860220404391814,46.7203716229452,0.0009790266007457542,19.765049702053602
438,07,-3.7615658574522775e-05,-25.170489753641114,45.05531850020347,0.0010782962788556474,24.844298535511058
439,08,-3.326061218056918e-05,-12.586229408838417,52.3345120203854,0.0013657396460582901,27.893779480126597
440,09,-2.5603061031688413e-05,-1.6679924726698132,46.654843129608366,0.0007566028229298049,19.359477819336785
441,10,-1.3186316454061119e-05,-1.463842040031187,51.45971762442205,0.000853078227212879,17.587374542541404
442,11,-1.4898132296588707e-05,27.46974549831814,55.57987919455502,0.0007983321246238999,17.272885030308036
443,12,-8.385574634596725e-06,33.275967709449034,59.292129598577816,0.0007795188684168917,16.484773507957822
447,04,-2.7581765115751797e-05,-20.820068422105575,57.557788026644126,0.0004367676396880408,11.800390531207455
448,05,-3.16294027814815e-05,-19.310568396455505,50.32535560724812,0.0007176550833915553,17.92110827917566
449,06,-3.356170396635004e-05,-23.02242342732747,60.87640379265148,0.0010927039331910299,25.228303343276185
450,07,-3.758493633006676e-05,-22.269790681900524,47.74635748879372,0.0010440241232438279,25.57397250136893
451,08,-3.3272750999810424e-05,-17.014684508621052,43.397001161080546,0.0010487866989167115,24.996205532712324
453,10,-1.526362983537594e-05,-3.798430909843855,48.34944315867911,0.0005933222717686742,17.225026653107776
455,12,-4.447676278540448e-06,15.633635981405934,42.93341399640295,0.000560933945176403,13.01997802054626
456,01,-6.416161365773257e-06,12.223324068787278,48.97643718384928,0.00038658891371489107,9.654886861660149
458,03,-1.5800369091061108e-05,2.527072602630943,59.88884960889175,0.0006005471790666234,13.275623237716257
459,04,-2.5679135762624757e-05,-26.331729773288306,46.84454056873057,0.00046593889041503434,11.854652500814861
460,05,-2.9667726341906155e-05,-25.198657173730993,56.839670298081565,0.0009037413714048589,20.08667393688617
462,07,-3.888270218750779e-05,-23.176640851420746,56.14024401203919,0.0012087215603821659,25.7952684127118
463,08,-3.333480648354688e-05,-12.395997953681537,44.035043613662005,0.0010214693359917133,24.6443350070715
464,09,-2.5415033401845397e-05,-5.530321179199219,52.86381167994076,0.0008053615700507684,21.336988494233296
465,10,-2.0550294828412475e-05,15.281469091599986,50.30405073937036,0.000977998422354175,21.25215219498321
466,11,-1.2597567349661808e-05,15.910226154920792,53.90823562632401,0.0005069242515831825,13.703532370326256
468,01,-8.493993727101315e-06,23.796599253992884,55.116003269850566,0.0004060688798143667,11.85726924298784
469,02,-1.1806723732206594e-05,-2.6082788761683875,46.30087924139698,0.0002829947456795624,7.208972067391589
470,03,-1.3339704251535219e-05,-6.768148279333628,63.03257818707726,0.00046114679775602243,11.490985864388046
471,04,-2.4140652476206825e-05,-8.481860700141059,60.03202422682047,0.0007254045517381757,16.594467750182417
474,07,-3.4126774513620195e-05,-44.31138712696363,36.16823902212164,0.0009376750856292581,24.748706597475596
475,08,-3.324744642680256e-05,-25.59706884437479,43.61733073811633,0.0010718811275108415,25.458101015994625
476,09,-2.7110998255941223e-05,-4.088550005425346,48.59134079140956,0.0010813803784312972,22.0211015687267
478,11,-1.049799736220949e-05,11.533768935139973,58.11769115721252,0.0007007089032915043,14.188456836369303
480,01,-8.170035396257738e-06,18.813249751593478,61.34680531404607,0.0004562786708415723,10.371796175769582
481,02,-8.232899953890454e-06,13.675333238874163,51.283400613031226,0.0004878204055308429,11.63011999922565
483,04,-2.786484313502215e-05,-15.88577495863173,41.53150874974462,0.0003912166226224751,12.17203074105051
484,05,-2.8741963674400066e-05,-37.081440074305384,54.09692304540707,0.0006720132131989082,16.092180326128517
485,06,-3.9525050331051005e-05,-23.208365014648436,47.86380608810849,0.0009900846631499234,23.5430796470099
486,07,-3.625940142692049e-05,-31.74150496025496,48.734570516079984,0.001190152164367206,25.33940084237309
488,09,-2.6543087166161665e-05,-4.24653964674208,45.73786681658825,0.0009920191406140525,22.349180271658632
489,10,-1.8569231195137014e-05,10.235854191605762,54.45598049366731,0.0009659558784721729,19.84700183868793
490,11,-1.0039879183467646e-05,10.335369747924807,64.20363267016013,0.0005838539287481886,13.91127883404626
491,12,-8.260583359534854e-06,25.078029959073632,56.60606037604423,0.0006186688043578876,13.37290997615809
492,01,-6.012859741277161e-06,22.106840989635838,48.67357203781476,0.0005441964545661171,13.501913585694883
493,02,-1.5386156723984276e-05,31.748662168305497,64.97568837541958,0.0006172183049920366,12.667990640856756
494,03,-1.9840231885472768e-05,-1.8349693298339842,46.56073982853019,0.00044156570029401656,10.753236534503198
495,04,-2.7043378228700023e-05,-24.0670989525689,35.17819720014996,0.00044264087076846477,11.874213944729169
497,06,-3.546342912159163e-05,-30.903872137790252,54.092656515480414,0.0009531023765690003,22.70657669124338
498,07,-3.552329937512147e-05,-24.55973527871409,49.31133174363516,0.0011676926252908862,24.6124194765155
500,09,-2.4679065476549213e-05,-6.537764871215822,41.4254565234277,0.0009814041400650556,21.540383629229332
502,11,-1.0186800306089735e-05,15.631692754109702,47.969248177954896,0.0007050563983345021,17.017071428382398
503,12,-6.893300624729055e-06,15.732371215492165,60.65007041392917,0.0004749457487080894,13.366138016835336
504,01,-7.860778656987515e-06,14.34612370152627,66.80461903254064,0.0004323260738559914,10.656338111351893
505,02,-9.005972841740524e-06,9.622026147751583,54.51137783175566,0.000539877978493261,12.087850346680197
506,03,-1.5948935392546162e-05,-0.9029574194467195,53.47545231677126,0.0004469089032667109,10.827575914138107
507,04,-2.588563685021654e-05,-27.98602328389486,47.86236142485672,0.0003414452638194754,9.781603732807106
508,05,-3.230829694098981e-05,-22.4746828918457,60.26473778712485,0.0005485733494364279,15.16792012552164
509,06,-3.7502937650666964e-05,-26.38411481492784,47.88007799596918,0.0010744130859948195,25.49175883189704
511,08,-3.444879628501263e-05,-12.903870650096605,45.419211714576655,0.000943864032105035,24.521988378733717
512,09,-2.3354238802332672e-05,-7.743464881388346,41.71682162190013,0.0009716396207307595,23.398362704971102
513,10,-1.864643046111826e-05,14.62936670381279,46.729617401201246,0.0007882013383125549,18.430376787841958
514,11,-1.0072340758698473e-05,9.36498726196289,49.88987413275507,0.000526706469721909,15.007591073438855
