,month,MER,MSSHF,RH,TCC,z
0,01,-7.186377549426466e-06,5.464709561255669,62.6901256937955,0.7674197445941228,-12964.525
1,02,-7.399999772068052e-06,2.729709174746558,52.295623941567676,0.8322987442470734,-11671.701
3,04,-2.191347909663616e-05,-15.59233038906521,62.41300571294825,0.7183522930145264,-3360.4082
4,05,-2.839083756912113e-05,-16.16055940262989,64.02205650719006,0.6820745509978263,2636.1057
5,06,-3.330413338050373e-05,-22.16353809509278,52.028707694198026,0.624286894607544,9089.922
6,07,-3.0671342559486147e-05,-22.637875941122733,53.00265082314577,0.6923592846778133,12639.411
7,08,-2.8487004876296853e-05,-12.56110269165039,50.14281140049425,0.6369957595332977,11235.945
9,10,-1.6345863611966567e-05,2.642213581372333,56.92965585534547,0.7263572831512779,676.33167
10,11,-1.1569333000928361e-05,13.890767045423724,49.679388139549886,0.7361187914530437,-3830.8047
11,12,-1.207531024335357e-05,24.691616260159407,64.98245628347064,0.8025561436478809,-8596.289
15,04,-2.282624180893941e-05,-17.872287172783746,48.97103869282801,0.5745583197275798,-4112.6436
16,05,-2.9285246377967465e-05,-30.998830406271004,47.47244699586335,0.5115912202814574,1789.7865
17,06,-3.014735746900341e-05,-26.066622504679362,62.37913317463399,0.7134443809085422,9122.825
18,07,-3.1905643976779664e-05,-14.025872309859079,48.67037434149174,0.7010493204260383,12663.82
19,08,-3.1051088017916934e-05,-11.540256553403795,47.008779259716306,0.7037623250407558,12231.448
20,09,-2.365392635981859e-05,-3.0327022542317708,42.946886476458445,0.653931602774726,7419.8535
21,10,-2.1172643707369163e-05,7.590982919672484,58.4636376896443,0.7753540998069188,547.4325
22,11,-1.4279194747299093e-05,14.235161112806532,54.54851769668525,0.7181861507415772,-5539.22
23,12,-7.873070872231058e-06,26.063403682913826,61.380955716897084,0.7685965811616633,-9389.665
24,01,-7.860688640385075e-06,20.899533713063885,47.875411116570554,0.746810458316598,-12666.666
26,03,-1.2076194787720939e-05,11.89821663673975,73.37905685201383,0.8891850105203607,-10404.1
27,04,-2.2320882245185202e-05,-19.334173597547743,50.02077896680037,0.6974979371812609,-2976.5244
28,05,-3.0310256707952082e-05,-17.47440350473055,59.34436809112436,0.6752075911491151,2636.968
29,06,-3.0904296795920855e-05,-15.787571440294057,51.69619375912348,0.7999754805246988,8253.916
30,07,-3.173775886429094e-05,-20.80200322239373,49.75860673643311,0.656765679923437,13472.918
31,08,-2.8741253340065727e-05,-19.03508228654759,42.77699926753197,0.6846821722625404,12527.636
32,09,-2.269007780640903e-05,-3.5648343312581385,46.85175361700852,0.6221041914621989,7817.7197
33,10,-2.174942796122078e-05,9.781940688922843,60.93410625634399,0.7679681318959883,2126.2673
34,11,-1.4328458308167076e-05,19.586548003133142,54.57233108670976,0.7831729083591039,-5277.0703
35,12,-7.687594037497059e-06,8.885675470167591,67.75924336626196,0.8372953305808447,-10025.94
36,01,-5.276928763964617e-06,11.574925520045783,58.01885871766587,0.6630252150668892,-12724.093
37,02,-7.864293709969517e-06,5.468580898829869,51.56958197040644,0.6381152653467087,-11871.866
38,03,-1.6001877676116956e-05,1.792558938959594,55.95160838729334,0.6297853519890898,-9464.395
41,06,-3.17826830204164e-05,-27.949367026435006,48.16991035015053,0.6107106636047364,7299.4565
42,07,-3.416977696542745e-05,-21.999847670688425,39.2781192299025,0.5667834904578425,12009.944
43,08,-3.1963929242763654e-05,-15.790871219429917,46.55304641459066,0.6299341235417194,11968.967
44,09,-2.1331834113273846e-05,-6.238656323920356,43.43915766518911,0.6479369944254556,8186.651
45,10,-1.6551261839878706e-05,3.491510892150223,54.79260846710333,0.7931934629460816,1872.378
46,11,-1.519573135911843e-05,20.401449884033198,56.70156626680825,0.757184676700168,-5352.1924
47,12,-1.0313162028783104e-05,17.753608460457098,55.75187243828721,0.7608326711347028,-9705.193
48,01,-1.1369238679367056e-05,31.70380508160335,51.86229076744793,0.7840179075425671,-12097.177
49,02,-1.1685804688698098e-05,2.732715975443522,46.129101684696614,0.5929144132704963,-13605.389
51,04,-2.090864053300013e-05,-10.60586452026367,65.75529212030038,0.742861790678236,-3000.019
52,05,-2.6606813441591635e-05,-11.409518621957432,66.050863289825,0.7823214301242624,2290.8513
54,07,-3.282222612492611e-05,-33.091220865229126,44.1499227373741,0.5684433198744251,12336.541
55,08,-2.6941880611302234e-05,-27.08358682743196,31.77761535606461,0.4750448487804782,13209.94
56,09,-2.725831751290065e-05,0.9693071214463977,44.86737590899468,0.705576475101047,8109.014
57,10,-2.1395454446465794e-05,12.186390243366201,47.91972020449689,0.7011912768374208,2092.7617
59,12,-8.522425015388596e-06,21.808005747805364,57.410435429080856,0.7373599862129457,-10087.344
60,01,-1.1848107099418698e-05,28.771229348787696,56.9102486772409,0.7091302516896237,-11782.978
62,03,-1.3818876191033916e-05,-6.2181760956138685,56.610379949503034,0.7108914005730743,-10237.99
63,04,-2.3066575134180317e-05,-21.124448284233942,53.13685258980724,0.5456292518191869,-3441.496
65,06,-3.0384449369921637e-05,-25.249517172580298,53.14751710217263,0.6465512983110214,8231.893
66,07,-3.052118788760435e-05,-16.333257173927887,51.58020934386151,0.7022927988934261,12387.666
69,10,-1.5594664512004833e-05,12.420039781796033,52.5519555827328,0.7500587646730484,1005.04395
70,11,-1.2000811908506469e-05,17.20852971835666,62.11537896577253,0.7200436461130779,-6403.43
71,12,-7.343828446024142e-06,12.754345215500043,59.86620702467682,0.7815233377846338,-9642.049
72,01,-6.201572312694294e-06,7.789162023728894,59.71689801232405,0.7623330554757067,-14567.123
73,02,-7.646551471441942e-06,-7.170963860648018,49.17462651499538,0.6680685249964396,-11581.798
74,03,-1.1304150707112197e-05,-2.56875498781922,68.34861116093205,0.8015634798439599,-8742.091
75,04,-2.3272295822324753e-05,-10.486857863362628,59.37646033687326,0.7217336557176378,-3329.7197
77,06,-3.090711121482552e-05,-17.990251360066733,61.34983533646531,0.6643057591756185,7245.2607
78,07,-3.447742918110781e-05,-15.274860501197074,50.75858460182529,0.6424117790960497,11573.221
79,08,-3.3271033724499884e-05,-4.3656862228557625,49.79625837316948,0.6493248435810047,12353.552
80,09,-2.244669017984254e-05,-3.3109654418945316,48.444472670045165,0.6852785703870988,7785.1123
81,10,-1.5745955748394817e-05,1.4800897167574978,41.847355274659336,0.6145378556200252,1646.4745
82,11,-1.5779393952086846e-05,2.730464919026692,53.6031213278585,0.7467017175886366,-5181.129
83,12,-6.748697063030508e-06,22.216181771555252,62.92255071562849,0.8592321815900905,-11286.816
84,01,-1.0488508364736625e-05,25.802121266682942,67.17732922877546,0.7623722744193129,-12891.146
85,02,-9.105866422227595e-06,-15.737989101954868,41.279925076501705,0.6196731731323969,-13605.014
86,03,-1.09558865346488e-05,2.199697240357758,53.96111336709735,0.6894126181243568,-9209.0625
87,04,-1.9242588071877733e-05,-14.953707265557181,61.57429541588492,0.7479030370076497,-2421.4387
88,05,-3.1224375424332516e-05,-18.680161248648037,54.14751819698144,0.5674221288209321,2819.4111
89,06,-3.5890827366468634e-05,-24.274000357055662,43.53411597645681,0.5244118612077501,7904.7603
90,07,-3.000731417455182e-05,-30.125119514383297,48.19723509739805,0.6702686336066134,12601.441
91,08,-3.1366839325049225e-05,-20.726613564768147,49.22354232249208,0.686836864348381,12002.086
92,09,-2.1116000810717296e-05,-5.870355172729491,52.886519872754164,0.7167194254557292,8309.482
93,10,-1.7202233669146365e-05,6.4104873591597356,48.62927366667281,0.714295039597378,1642.939
94,11,-1.2770530823662637e-05,20.62896745435927,57.76803370095226,0.7851363912794326,-4926.9834
95,12,-1.128779906788603e-05,28.043287035542146,58.52688881322774,0.7719007456789735,-10489.815
96,01,-8.849628261046861e-06,-8.473066081057311,52.03738375666833,0.7138544017422582,-12949.496
97,02,-5.771432554432804e-06,6.824847212655203,67.52644709656069,0.8714824445361185,-12031.863
98,03,-1.3287096029671374e-05,-5.803373095440609,55.151999684815046,0.6475759961938345,-9339.429
99,04,-2.2575659647211267e-05,-11.442104777696397,52.015024873095086,0.6293081595102947,-3811.1643
100,05,-2.791426425801057e-05,-28.103053294192083,60.924986691195485,0.7078949788411459,3061.5425
102,07,-3.379324687933062e-05,-20.07741719498173,55.40260847481861,0.6694636565998037,11805.629
103,08,-3.0242934917310693e-05,-13.572054321945357,50.633880177582476,0.7321427008105863,11861.691
104,09,-2.5696148892024614e-05,-3.969099077690972,51.22118268649578,0.696313075680203,8112.555
106,11,-1.2423982501220758e-05,8.69252590874566,58.77474638277293,0.8495418824089899,-4753.6196
107,12,-5.659096497726741e-06,10.619382738339004,50.16868590621025,0.841202174976308,-9664.793
108,01,-9.400724827868036e-06,23.76198229324177,64.8158600401199,0.8154185586744739,-12892.904
109,02,-1.553154618433063e-05,17.196350676788683,61.10995617006565,0.7344264186552201,-12419.941
110,03,-1.4791143874625109e-05,4.141464673442225,71.63935923557511,0.8021229802613616,-8931.3125
111,04,-2.4692344382775542e-05,-22.74501348402235,55.09817502149212,0.6086693189409044,-3399.1348
112,05,-3.182606770285695e-05,-15.882362545546664,52.83810746537357,0.6065327840825564,2632.789
113,06,-2.7714982728361462e-05,-28.63852083367242,47.29024293223089,0.787963741853502,8703.053
114,07,-3.385038605679304e-05,-9.511822006717805,59.07058047961163,0.7664063766233383,13060.252
115,08,-3.211179117533902e-05,-13.866469908683532,47.473473327189375,0.6423366078612625,12579.894
116,09,-2.5435363158006416e-05,2.907980506727431,49.177534459747214,0.6917857957204183,8917.247
117,10,-1.6347254436593455e-05,7.273599919801116,47.520342997120274,0.740862602603051,2165.003
118,11,-1.0307503538792339e-05,7.8851572241889105,46.36847800110711,0.7081493649376763,-5203.163
119,12,-7.866494279115095e-06,20.208327730240367,52.71666673100892,0.8517327044907436,-9374.814
121,02,-1.1993180484209699e-05,15.243881237211681,52.799659086113884,0.6851143281573341,-10372.492
122,03,-1.7582771425163286e-05,5.919001820882161,61.97907953674307,0.7666241719235656,-7819.876
124,05,-3.2913617601255e-05,-32.404015432706444,43.15242019264416,0.41460931174985816,3835.7646
125,06,-3.3498540398290464e-05,-35.047065074327264,55.710710440916486,0.5851120146009657,9257.945
126,07,-3.3625666249610085e-05,-27.510599928661055,42.19065745926929,0.5743446630662487,13976.925
127,08,-3.0036708770112647e-05,-17.0266568734774,43.458151734339296,0.6336386088709678,12113.114
129,10,-1.9913688146604526e-05,14.103063629806684,48.60193847477949,0.7060558088159049,2728.2432
131,12,-7.719866410816296e-06,20.033501539989185,45.286219627095804,0.760264010439637,-10367.926
132,01,-9.708490018202875e-06,23.531725362798216,54.619796854420386,0.8431987389185095,-12820.77
134,03,-1.7018775953137494e-05,2.372058311872584,47.98838851665681,0.6078018044502504,-6703.457
139,08,-2.897321149455781e-05,-28.290339532667595,47.590817581110095,0.5299162357699487,12566.849
140,09,-2.7407515947157255e-05,-3.6402964202880854,48.108384553693405,0.7245800940619573,8100.6904
141,10,-1.8407037761653066e-05,10.48773665069252,49.92561818830045,0.6475190929289786,2781.3127
143,12,-1.0178729378000547e-05,19.264495642221096,49.02194799312469,0.741313444240119,-7568.423
144,01,-9.804670876438911e-06,24.167181801416536,38.86062395377826,0.5920816008865194,-11697.021
145,02,-6.996622216688376e-06,0.507544446309408,46.996895068120395,0.6594038436526344,-12270.881
146,03,-1.2629808311264428e-05,-0.5304674036169569,53.76618897918476,0.6779174129937285,-8239.803
147,04,-2.5889148811054637e-05,-18.50936585184733,50.20018549894757,0.5432910179562039,-2409.3374
148,05,-2.5811937759284265e-05,-33.066711107479634,47.67298183366304,0.6777907446994578,3506.742
149,06,-2.987989489524302e-05,-20.686577268473304,57.62339900992447,0.7380680046929254,9127.074
150,07,-3.606362330103894e-05,-12.26554677852508,46.37869990175771,0.6136622345216813,12278.449
151,08,-2.9805839779475068e-05,-22.79464663072811,38.70661156831249,0.5833647762011457,12736.822
152,09,-2.1833397036001162e-05,-8.548686426798504,39.4321560544822,0.6042274455176458,7930.0303
153,10,-2.004618059737534e-05,2.17344532234438,45.307421456006274,0.6938537020939652,3353.687
155,12,-7.654158530845394e-06,17.942148733159545,42.031411531264894,0.6701996401715022,-9239.532
156,01,-5.988280283046514e-06,9.900324605634134,41.55076964045469,0.7391515630906629,-12469.105
157,02,-7.568776633878318e-06,10.513905402874128,42.596786469010105,0.6980748454126818,-11985.236
158,03,-1.6743815379482177e-05,3.675611719931326,56.535387553599556,0.7537755890712943,-8741.839
160,05,-3.502280750303383e-05,-18.415903687507882,37.98684394011575,0.40541161912487395,3289.8167
161,06,-3.339920427913765e-05,-25.873405965508358,43.36981476617124,0.5821381435394287,7498.3296
162,07,-3.3542465003026134e-05,-26.574038988010855,46.61348771423679,0.5979461164987215,11215.48
164,09,-2.5466491539959356e-05,-1.4094354346381297,48.6797681992597,0.6656476938883462,7674.197
166,11,-1.321692710625939e-05,23.694389510769323,50.96693710040848,0.754426333618164,-4735.342
168,01,-9.715480358609446e-06,34.39173987899288,57.42208674485646,0.7435397178896012,-11305.288
169,02,-8.449411843078754e-06,-1.1622854381742926,41.2482318814184,0.7323262315023513,-11603.602
170,03,-1.4966802825774622e-05,-6.011914413616221,42.24266758934657,0.5090522961360152,-9079.834
171,04,-2.191761210872048e-05,-4.539731902737087,59.59964808656376,0.6899678468916153,-4840.1123
172,05,-3.0932743489659034e-05,-26.541132331437964,51.168041845343446,0.5782415237426759,1846.6023
173,06,-3.281592492067931e-05,-24.277929318237305,46.836056776909025,0.6491131579928928,7388.1616
174,07,-3.3366269429406925e-05,-23.52127023184171,53.23872095220833,0.646910205923101,12339.954
175,08,-3.234485571499712e-05,-11.285276480397874,49.79429166342623,0.65965662880354,12387.104
176,09,-2.2725771390226628e-05,-2.4448908416748045,57.50485973500145,0.8023041222466362,7295.7227
178,11,-1.1587640056374466e-05,-1.8295716874864363,52.225245416957804,0.6554577938927545,-4273.083
180,01,-8.814763398506955e-06,28.086010490499522,59.814965074129006,0.7457029264716692,-12280.034
181,02,-9.681430163471391e-06,-2.9269207930791947,54.97462990093799,0.6523898104713076,-12518.406
182,03,-1.5868986940443404e-05,12.424105568506382,56.25959003628518,0.7475124271761985,-8450.134
184,05,-2.8615912740195944e-05,-19.306992470361852,50.8592781971834,0.7416989493011147,2289.004
185,06,-3.390126228795352e-05,-22.424498955281575,49.86442946763436,0.6148267804887558,9023.067
186,07,-3.466171150601792e-05,-32.442688338413035,36.16844127948567,0.471899675594863,12593.821
187,08,-3.527003988845888e-05,-15.806742182249662,41.714041907468136,0.6527889345640778,12631.245
188,09,-2.649383951805552e-05,-2.2674784339057075,50.77799905458556,0.743529254659017,9012.794
191,12,-1.093666692604627e-05,22.757288210632986,53.902280609893545,0.7332173781446233,-9214.004
192,01,-1.2804497735976505e-05,25.385474410518523,57.77612080058489,0.769013130639189,-11661.787
193,02,-1.271823695051786e-05,20.178666164579848,60.9734689490412,0.7695771319071454,-11466.74
195,04,-2.3056703787511248e-05,-15.611610607231992,48.9374839578549,0.676606201256646,-3883.3457
196,05,-3.3250014936618425e-05,-29.631465932538433,52.844916530618114,0.6325727252755113,2305.206
200,09,-2.6222378082234683e-05,-4.395296908230251,54.09243484116659,0.7176794152577717,7580.2676
201,10,-1.4566836962311297e-05,5.514771194293934,41.310020164710224,0.7215961416100943,2405.1304
204,01,-7.460320452180465e-06,-0.4728464959257379,45.67560021059616,0.6517847482004473,-12480.62
205,02,-7.544903639281147e-06,5.38362545916678,55.18347650017959,0.8090819851228561,-11441.955
207,04,-2.0502408365953464e-05,-21.604367342122394,58.54018084150156,0.6166294084760878,-5075.233
208,05,-2.4253428110207234e-05,-26.022296560964275,51.92535755428705,0.7435633220877698,2928.534
209,06,-2.8253365109311642e-05,-38.732165323215064,41.61192797080808,0.6266733358171251,9059.792
211,08,-2.9903093116464793e-05,-15.358725825155936,42.33743624172287,0.5714169844350507,12937.353
212,09,-2.534073391895315e-05,-7.00570699428982,43.673043699496326,0.6079831231011285,7098.5044
213,10,-1.7171301486478214e-05,8.106230379494288,51.02844809201841,0.7336558953972274,1791.1416
214,11,-1.4551765714713837e-05,14.46901237657335,58.72207561985916,0.7350521771748861,-3625.4937
215,12,-8.836182103413613e-06,1.1414017176474303,51.832999992789766,0.728104033603463,-9221.28
216,01,-3.583592048936e-06,-1.2817189340899076,35.36421269791357,0.6917340717930949,-12649.304
217,02,-9.97768289436776e-06,28.48145621345157,61.04910012837534,0.778791059085301,-12095.948
218,03,-1.2413017713795421e-05,-3.0697627356744577,49.8996438915832,0.7020936220640775,-8780.168
219,04,-2.201332183204714e-05,-17.60772253417969,50.15108422283994,0.6222039408365886,-3993.8303
221,06,-3.476727682935032e-05,-20.254541469319665,56.16686724849277,0.6510188685946994,7860.6797
222,07,-3.376502295814329e-05,-20.43258258581674,48.29218798171063,0.6023651400330248,12199.996
223,08,-3.064838395117496e-05,-15.397676236060358,39.11490551742816,0.5104240398612073,12477.599
224,09,-2.7053925191669103e-05,-10.968042353990342,40.873450344501606,0.6161735351138645,7809.8164
225,10,-2.0736059433235615e-05,1.8364669255082322,46.07108195983722,0.6453099249973092,1963.6593
226,11,-1.1372840429430654e-05,5.54297788119846,52.451002673839106,0.8336406787872315,-5176.46
227,12,-9.893875752236308e-06,16.98351939342868,60.12797338394067,0.8134230110004383,-10231.146
228,01,-1.1099072907757458e-05,24.386054642872143,54.87726956107148,0.706566690711565,-12697.531
229,02,-7.893391973560764e-06,12.879144769577753,54.623768248409036,0.6531332498732068,-11494.227
230,03,-1.582076560769428e-05,4.910139277304372,64.38913835901599,0.8158999442233833,-8188.5894
231,04,-2.2395207648413717e-05,-10.670934447903104,67.35853829729425,0.8237251260121663,-2394.3997
232,05,-3.182257207745645e-05,-20.036693252071256,51.31070372274871,0.6138791913678568,3904.8604
233,06,-3.4082233544055876e-05,-13.138249787733287,60.09514157660935,0.734693268415663,9771.174
234,07,-3.6390916169732936e-05,-13.917790471887077,46.5719772114318,0.7049917125496812,13487.111
235,08,-3.4686337675251e-05,-19.754633603331865,40.27667498864153,0.617704378968926,13843.277
236,09,-2.4247977624205914e-05,0.3736279635959201,55.41774919654528,0.7025377028147378,8425.33
237,10,-2.3367591303340108e-05,14.50471792602539,57.49670259841796,0.7994241635312314,3255.128
238,11,-1.186565926222506e-05,4.6568576497395835,50.09492808050447,0.695817248280843,-5519.866
240,01,-9.430198710966792e-06,24.63400003675235,61.44896206574927,0.7435347398327242,-11330.201
241,02,-1.079772392194216e-05,13.779260249546594,59.85849182345754,0.7323656735647293,-11138.569
242,03,-1.3397230129969535e-05,-0.9194605676794566,60.6708199271861,0.7651577397008096,-9427.433
243,04,-2.54553507465769e-05,-17.42901027967665,53.24983413987689,0.5809090511745877,-2204.8647
247,08,-3.318467006672979e-05,-13.657699137697938,45.50563225292391,0.7109437208688386,11982.232
248,09,-2.59650643648355e-05,-3.5717024329291456,50.26974016195536,0.6188350537194147,8165.0293
249,10,-2.1588807777500546e-05,5.981483147405809,48.24640764357326,0.6639337637296286,2206.2026
250,11,-1.3179962080519347e-05,12.654008286878799,52.50058610761298,0.7561134220971003,-3722.4114
251,12,-1.3700721242369786e-05,27.986750325848984,63.54783165261822,0.7595967111074798,-8032.0693
252,01,-6.553396535759588e-06,18.42038040095504,45.80448549491872,0.7846040913571595,-10142.319
253,02,-1.2230161100386137e-05,18.65321454909752,54.35344561065067,0.6892225647411128,-12770.724
255,04,-2.355722367422762e-05,-12.813957029554578,60.681698268123455,0.7118717977735731,-2818.151
256,05,-3.550879427684679e-05,-19.147158501081563,47.704144963514416,0.6232741373944026,2970.263
257,06,-3.750390542944741e-05,-27.016546727159287,42.780413097916714,0.5791649541642931,8827.592
258,07,-3.168135436499142e-05,-21.668345875401656,51.88578506780696,0.7779165895933747,12884.024
259,08,-3.0941285219664524e-05,-19.063545700565466,39.65101154342005,0.5950934829711911,13350.799
261,10,-2.1893689024856883e-05,11.235235126454343,57.40779917159772,0.7329834721472954,1796.1084
262,11,-1.5146696185204038e-05,20.892512133110895,68.07071139411661,0.7944869282616509,-5157.168
263,12,-1.1904006665214989e-05,20.81303864280127,63.79751548051194,0.7176606500276956,-11324.717
264,01,-6.723928980547147e-06,14.384707934964087,53.25762820807451,0.6732578391208444,-12902.287
265,02,-9.421481274265325e-06,7.153048214503697,61.79020408172125,0.7992697193509057,-12652.126
266,03,-1.3063552253355424e-05,-6.242824222359606,58.59238742218351,0.8346674006472352,-9021.183
272,09,-2.8629883362433853e-05,-3.361749937269423,60.89090815499625,0.7758285717010498,8195.725
274,11,-1.4045017091525046e-05,9.019137569173179,50.75557469189433,0.8206311488681369,-4197.3037
277,02,-1.6342577849974034e-05,27.257544948032923,61.67323920420096,0.6965534969057356,-10167.002
278,03,-1.718439095667989e-05,-2.8514695644583754,52.573686629964456,0.6759721070566486,-8658.967
279,04,-2.4829810814864887e-05,-14.182246478949653,49.20558492463959,0.6064626646253799,-1683.1239
280,05,-3.0134792006426703e-05,-17.31557953963741,52.31226475243542,0.6915594408178842,2670.8364
281,06,-3.5836119472898846e-05,-20.466573669433593,50.7506326838851,0.6739444850497776,8125.2363
282,07,-3.594073215623134e-05,-17.96138944137737,48.60045512300026,0.6706292401795746,13543.908
283,08,-3.0240783373966385e-05,-12.41071590333344,52.640142950275894,0.6742144519846925,12626.767
285,10,-2.2813934475604865e-05,5.003235001430717,55.25826176021304,0.7211124756105485,671.8019
286,11,-9.433203981300014e-06,10.082439758300783,57.335292302331666,0.7533690906524658,-6305.8516
288,01,-7.996820467572737e-06,16.024269751435966,52.92226850532075,0.7041166410138531,-12347.768
289,02,-9.213011075579354e-06,1.6289639434814458,40.65915042115535,0.44601174649738135,-12348.303
291,04,-2.383696288773839e-05,-17.2942943037245,47.44735419490735,0.5701265349917942,-2999.1064
292,05,-3.0977665722578726e-05,-19.48317038226384,57.695412786129985,0.6365701963773339,3990.2761
293,06,-3.491794925367785e-05,-29.63445593295627,48.58540389312637,0.6205100622389051,8100.0664
294,07,-3.637924248004731e-05,-25.786057973554062,44.12265574810709,0.5639495347135811,13286.311
295,08,-3.1032737283929096e-05,-31.771135562691633,39.36124998163152,0.5673176327366982,13169.066
296,09,-2.437035215904568e-05,-12.497950702243381,40.21523504180775,0.5334368985493979,9013.729
297,10,-2.1305207502659715e-05,-2.352458050143333,49.86598729915773,0.6066881419356149,2330.2764
298,11,-8.746191556262298e-06,13.336127873399521,55.471923015075255,0.747657346555922,-2952.9053
300,01,-8.992702947169514e-06,20.66453995308825,64.87525535803712,0.837607708305441,-12536.055
301,02,-1.1818901434843997e-05,12.780648606925178,58.06078212638148,0.7371907467019968,-12010.071
303,04,-2.4217375733618005e-05,-11.611916856553819,59.49211039767795,0.6849287313249376,-3932.6072
304,05,-2.847669872224737e-05,-31.81054322043798,50.857990436966695,0.6642094037045716,3088.7412
306,07,-3.5823426863228845e-05,-21.040274605699764,48.61712288511441,0.6308969455431865,12320.041
308,09,-3.09724094837697e-05,1.3779368174235027,41.60773183429904,0.5963927018059625,9265.918
309,10,-1.9737982986943505e-05,10.8786054316695,45.96995730125903,0.6458563955163442,2741.4692
311,12,-6.509792311736683e-06,12.651209838210898,41.13814304297201,0.7556278750922091,-8466.197
313,02,-1.0796667724878803e-05,1.9850640389578682,54.967533898224424,0.6938661958603632,-10929.504
314,03,-1.2645556585016247e-05,2.2825399281491516,62.992716266741034,0.8004193943803029,-9763.461
315,04,-2.402455134354872e-05,-12.38321820203993,55.9102142579476,0.5803865731981066,-2349.201
316,05,-3.3327865934669755e-05,-23.83920729967343,52.369123788558014,0.6124563446455105,2738.9912
317,06,-3.715115132452208e-05,-30.632264646063906,50.84424858076307,0.5993636985354953,8367.072
318,07,-3.409394384040644e-05,-23.561669685609886,47.80977541725482,0.6965740315427063,13392.508
319,08,-3.320200081173924e-05,-14.21000237282374,41.28222914207624,0.5909341664057907,12904.17
320,09,-2.545146969718593e-05,-6.704652192857532,39.75358392157654,0.5590018055809869,9687.035
321,10,-1.7187334372416657e-05,10.538457600583316,41.694871458662455,0.5593414502297677,3574.997
322,11,-1.4535249143672345e-05,9.326381112670902,61.63253474075529,0.7317150510576037,-3187.4387
323,12,-9.12172876785682e-06,14.485518746324761,56.37181309181387,0.7231649466483824,-10068.648
325,02,-8.8568046297561e-06,4.634872235616048,55.29220876641359,0.8162552454812186,-11255.381
326,03,-1.3873502668170125e-05,-4.782673361173239,59.930227692120816,0.7258663519992624,-8564.271
327,04,-2.37631702343909e-05,-18.782449027506512,53.65862876264652,0.6540204958173964,-2571.4363
328,05,-3.370682173148433e-05,-13.439136345319852,55.415879218805216,0.6765318221635718,3724.259
329,06,-3.4785863751151034e-05,-27.11431088460287,44.96967633606062,0.5200850902981229,10111.118
330,07,-3.3670624993676266e-05,-35.11209074615151,34.7803111832411,0.43903611341086773,13009.451
333,10,-2.0357669840078775e-05,8.929626497002058,49.91160704086961,0.7225601808281356,2259.1636
334,11,-1.6638314112929544e-05,21.698549422539603,51.20864173750348,0.6935433432685004,-3350.497
335,12,-1.1844671387852061e-05,21.158474252352146,51.61357204472506,0.8296075471447361,-9074.95
337,02,-9.635896793779033e-06,12.227102448962983,62.05461917357218,0.8024723008473714,-12538.479
338,03,-1.969343553138324e-05,2.858439688077537,50.951221448258686,0.5542246515827793,-7246.2607
339,04,-2.5420359923575438e-05,-23.728481532796227,35.425640993569964,0.4152809864044189,-3778.8481
340,05,-3.1186685044343005e-05,-23.42358186127037,55.67473245647261,0.6321231530302314,3249.628
341,06,-3.458860908376663e-05,-19.802041976589628,51.81401281598541,0.7590015696631538,8794.789
342,07,-4.0491175616739144e-05,-14.380545316962786,51.51913973191349,0.6446249584074942,12012.435
343,08,-3.430768915528969e-05,-11.902402343421853,46.669440629773256,0.646553179505051,12804.0
345,10,-1.4836711174446523e-05,-1.5530790907336818,46.4751422240952,0.701923614009734,3336.5178
346,11,-1.4172945336880124e-05,15.984315191311307,55.0159122577058,0.7046124215443929,-4725.803
347,12,-9.103623443880553e-06,18.67049515623687,44.72693699303237,0.6842597386760096,-9024.62
348,01,-9.98381483742544e-06,30.50790186531313,59.32570013750177,0.7874816801830005,-11594.567
349,02,-9.733829621899499e-06,11.488472740085646,43.235250111784055,0.617157705548166,-11735.809
350,03,-2.0140387961912898e-05,4.352542552004578,67.29393991330491,0.734719601292764,-7449.0474
351,04,-2.446588194630345e-05,-15.287676639472116,50.48518859204715,0.6687994009229871,-1596.5723
353,06,-3.476253857051133e-05,-32.52892781643338,47.80475471985869,0.614883675257365,8991.559
355,08,-3.3834556450724496e-05,-9.036356891591062,49.02626591384924,0.6873497964182208,12007.161
356,09,-2.5189189388381943e-05,-2.5223080678304033,46.95382839618127,0.6436648470984564,8329.066
358,11,-1.2143508331428165e-05,12.723418456013999,55.05112889809742,0.825160391023424,-3604.9492
359,12,-6.623100362498576e-06,8.910789440196046,51.189781416840454,0.6488331320977981,-7678.683
360,01,-6.219402897665034e-06,13.638463789416898,56.756673166043,0.7386991263769006,-11190.33
361,02,-6.55127283612057e-06,7.2258432279314295,62.426701213981424,0.8361105517886935,-10652.997
362,03,-1.4006747319585248e-05,0.15545269151913163,60.10794240493287,0.7025409626294208,-7083.119
363,04,-2.2896213735516033e-05,-13.763160278998479,44.90089633327524,0.48498084653218587,-2804.7766
364,05,-3.152253704363203e-05,-24.89160391596312,50.72287625494953,0.5892127600639097,2970.7537
365,06,-3.4585202314802804e-05,-32.20444840494791,47.13420631794532,0.6027756735907661,8059.201
366,07,-3.995988693131167e-05,-23.939954596078525,46.67216465320125,0.5932403564042943,11931.955
367,08,-3.326769469126164e-05,-18.63527480389995,42.41847231385144,0.5826293396078129,12300.377
368,09,-2.396435872586961e-05,-8.675344586181641,43.626415080409586,0.6611582132975261,8973.127
369,10,-1.8213049179844e-05,4.716025361748153,49.256211021474606,0.7351699196600144,1280.8297
370,11,-1.3997967538165946e-05,28.005924584282763,63.3120259418408,0.7561563105689154,-3963.557
372,01,-6.091251291421628e-06,2.9262350808420488,60.36061479552843,0.8002005400298742,-11954.356
373,02,-7.65345504045659e-06,5.717629487900508,61.53230691539674,0.840362766038804,-12827.355
374,03,-1.4227020407356234e-05,-0.1344084672825314,56.345688745778084,0.7215320573622181,-8808.067
375,04,-2.4690822054900404e-05,-20.66956467929416,50.227940069592,0.5461734185960557,-3118.274
376,05,-2.827942739082006e-05,-27.387183430333288,51.416537502500645,0.6631700312706732,3450.4807
378,07,-3.4407490462771055e-05,-31.11366353779454,49.13440625845617,0.5566342890339513,14128.247
379,08,-3.27152816781925e-05,-15.088779016966459,50.057286181364006,0.6841084087740991,13860.242
380,09,-2.3803562745282155e-05,-1.7829848341200085,47.799041656389505,0.723202462302314,8444.992
381,10,-1.8914465963579488e-05,8.677334267236855,54.52403665949838,0.6923922203228039,1810.1819
382,11,-1.1904203317903414e-05,4.708053307088217,64.34552551558414,0.8344782119750976,-3226.0945
383,12,-7.738160395268594e-06,4.967533013128466,56.59717789244652,0.8155857144017373,-8011.6035
384,01,-4.432973011169315e-06,15.641597058367989,49.85520389962581,0.7540054655997985,-12060.6875
386,03,-1.235675504704564e-05,-6.3443144091534345,43.386579177287324,0.5508660727059971,-8740.149
387,04,-2.5035789431644346e-05,-14.869033695136176,49.48712501599656,0.48454507878621417,-3770.936
388,05,-3.0008848766624646e-05,-32.62149781881353,48.67582858574712,0.5843146355331587,3026.8918
389,06,-3.4230032604055946e-05,-25.01744469502767,49.43961729888122,0.6491867294311522,8530.064
390,07,-3.7348723895911946e-05,-18.427609645064162,51.34294977803511,0.6786915706101284,13315.434
391,08,-3.274760770019843e-05,-10.64563058373236,50.85391145080519,0.7099633308328608,12557.242
392,09,-2.5484862159343414e-05,2.648160398695204,48.54894579696125,0.6202911757998997,8097.7417
394,11,-8.12447487300637e-06,7.208228931681314,45.10324230610001,0.701429992167155,-4203.4614
395,12,-1.2744765838047034e-05,29.389911852764826,62.27082245179138,0.7914767973705006,-8249.991
396,01,-9.557997748420493e-06,23.492998173539362,55.985124487241116,0.6659661495249759,-11704.768
398,03,-1.1845709033173812e-05,-9.130659757880753,42.53471919810516,0.5974054069108861,-8172.2554
400,05,-3.2719707248821014e-05,-19.41600187732328,54.71462800888861,0.6124644136736471,4470.2793
401,06,-3.633841799156573e-05,-15.284035491265191,54.862410076340026,0.687191437657674,9098.116
402,07,-3.9630504535585143e-05,-18.105863085346844,55.33667580591222,0.5855628573920137,13791.508
403,08,-3.664081436780238e-05,-14.530181596981583,48.63167088847007,0.5989026939638199,13360.203
404,09,-2.780254297756781e-05,-4.337274759928387,47.643611919113,0.6738562953525119,9618.365
405,10,-1.749340033099435e-05,6.576196681525118,62.883388684188155,0.7348696861267091,2492.9407
407,12,-8.270612005098982e-06,23.135962751162953,68.44660146777348,0.7871684615842758,-9446.868
408,01,-7.079607454118081e-06,9.77005108642578,59.36599973937003,0.7646267884367255,-12091.129
410,03,-1.6003138249269338e-05,-14.11737674147083,62.83003596656937,0.6927704286882953,-8737.268
411,04,-2.0434202846445263e-05,-16.983018215264217,45.651346360141694,0.6542446823967828,-2528.2798
412,05,-2.7662325821888435e-05,-23.158452428017892,56.92952051083376,0.7251711857703425,4340.9136
413,06,-3.319209287441886e-05,-26.815010833062065,45.349666944320994,0.6919906041463215,9313.055
415,08,-3.2683108437937644e-05,-17.84199171037572,39.46305893081491,0.5766515417201544,12732.959
416,09,-2.475842662511746e-05,-8.054260448540582,49.65095689521101,0.6528738148583305,8745.117
417,10,-1.765674730958508e-05,13.677036990258001,51.31546706972713,0.6837250661952521,3201.5684
418,11,-1.2026654228591521e-05,13.685960133870443,60.59634180396663,0.8003848901536729,-2607.2263
419,12,-9.44601224512954e-06,28.97793200421077,55.46996279250422,0.7417389381162581,-8307.633
420,01,-8.580053124215514e-06,22.96357862870411,63.49304372530727,0.7983653154680804,-12804.148
422,03,-1.6731313326227373e-05,-1.3453218475669946,47.843510205716214,0.5223563803395918,-9007.47
423,04,-2.3883861623916246e-05,-16.521862002224392,58.86005653639768,0.6785136405097115,-3020.648
424,05,-3.2321809314922687e-05,-17.350711201329386,63.11191008513332,0.6571485758955761,4466.5
425,06,-3.645346474101341e-05,-28.120134918891054,43.231891095406475,0.5881563861846926,9454.334
427,08,-3.5946427165531874e-05,-15.756697428713563,51.75170243226714,0.6329949576265069,13189.632
428,09,-2.0748739615697153e-05,-9.244409510294595,35.08465283191469,0.5887444709353976,8530.586
429,10,-1.6616273676728237e-05,8.951883064844276,46.06859467966968,0.7446583362292218,2398.1504
430,11,-1.0089955154782932e-05,6.784489759657117,59.376273723493675,0.7732809034559462,-4714.5776
431,12,-1.0581146033268115e-05,22.95546643394552,54.273882943514856,0.7436095230348649,-8224.311
432,01,-9.2527426375611e-06,26.340960131573418,62.63006211892765,0.7490556118872858,-10143.166
434,03,-1.5915630637317265e-05,-1.6360386480515998,44.90566300547765,0.6124300711847119,-7030.0483
437,06,-3.477750818122634e-05,-31.860220404391814,46.7203716229452,0.5883308154635959,9403.537
439,08,-3.326061218056918e-05,-12.586229408838417,52.3345120203854,0.6391717044871341,13595.908
440,09,-2.5603061031688413e-05,-1.6679924726698132,46.654843129608366,0.6096027513292099,9848.533
441,10,-1.3186316454061119e-05,-1.463842040031187,51.45971762442205,0.6930619200019426,2619.371
442,11,-1.4898132296588707e-05,27.46974549831814,55.57987919455502,0.7604801555633546,-2240.0881
443,12,-8.385574634596725e-06,33.275967709449034,59.292129598577816,0.8201382914307299,-8085.258
444,01,-9.004527324929857e-06,20.359526514525058,60.00615774854665,0.7548654516896893,-12836.536
445,02,-1.2519085415486441e-05,14.879537966322628,54.698993667597065,0.6743794851193482,-10607.211
446,03,-1.4810545610421827e-05,-5.396197126162949,59.004922374092125,0.7097408081382832,-7773.5166
447,04,-2.7581765115751797e-05,-20.820068422105575,57.557788026644126,0.636205225669013,-3209.1458
448,05,-3.16294027814815e-05,-19.310568396455505,50.32535560724812,0.6191458486331407,4153.2705
449,06,-3.356170396635004e-05,-23.02242342732747,60.87640379265148,0.7205961045159235,9946.518
450,07,-3.758493633006676e-05,-22.269790681900524,47.74635748879372,0.6224200283583774,14275.228
452,09,-2.4645985519115736e-05,-7.889081433783638,37.34792189491059,0.524225977367825,9772.029
453,10,-1.526362983537594e-05,-3.798430909843855,48.34944315867911,0.6597179581426803,1850.5065
454,11,-1.1750765303218536e-05,10.89123139716254,54.5964946256227,0.707203536605835,-3727.6707
455,12,-4.447676278540448e-06,15.633635981405934,42.93341399640295,0.7323895825621903,-8526.932
457,02,-8.18821650381367e-06,12.903916228158135,62.959067062718525,0.7587214859099616,-10750.213
458,03,-1.5800369091061108e-05,2.527072602630943,59.88884960889175,0.6677468735889723,-7227.278
460,05,-2.9667726341906155e-05,-25.198657173730993,56.839670298081565,0.6373602849898801,3473.1245
461,06,-3.566179110415154e-05,-31.36642959594727,52.944568701901716,0.6336122379302978,8297.197
462,07,-3.888270218750779e-05,-23.176640851420746,56.14024401203919,0.7181722790707824,13492.129
464,09,-2.5415033401845397e-05,-5.530321179199219,52.86381167994076,0.6659469718509251,8970.35
465,10,-2.0550294828412475e-05,15.281469091599986,50.30405073937036,0.7391711337592011,3293.6963
469,02,-1.1806723732206594e-05,-2.6082788761683875,46.30087924139698,0.49758824085053943,-10475.518
471,04,-2.4140652476206825e-05,-8.481860700141059,60.03202422682047,0.6661409033033583,-2870.538
472,05,-3.631899526441482e-05,-17.44638056798135,47.40056218499266,0.5143529167175294,4309.842
473,06,-3.447691067930363e-05,-33.33076165534125,39.74884000571834,0.6253157601250542,9049.572
474,07,-3.4126774513620195e-05,-44.31138712696363,36.16823902212164,0.37328913009807624,15149.195
475,08,-3.324744642680256e-05,-25.59706884437479,43.61733073811633,0.6070490633236465,13803.876
477,10,-1.717439320385384e-05,2.0582064438686585,44.893768001867876,0.639095217099754,2809.6582
478,11,-1.049799736220949e-05,11.533768935139973,58.11769115721252,0.6753578060574001,-3938.4646
479,12,-7.425197422547768e-06,21.47761040308142,53.53903508252609,0.7783618319521668,-8675.616
481,02,-8.232899953890454e-06,13.675333238874163,51.283400613031226,0.5672636126563663,-10535.921
482,03,-1.7898125718357898e-05,7.876527682396675,54.192069970153995,0.721235720644715,-8335.553
483,04,-2.786484313502215e-05,-15.88577495863173,41.53150874974462,0.4812803420596652,-3475.3562
484,05,-2.8741963674400066e-05,-37.081440074305384,54.09692304540707,0.6394303563435872,2915.4736
485,06,-3.9525050331051005e-05,-23.208365014648436,47.86380608810849,0.5841832686954074,9576.056
486,07,-3.625940142692049e-05,-31.74150496025496,48.734570516079984,0.5832159745411206,13097.684
487,08,-3.404563471354698e-05,-17.337182702177312,41.57153246440298,0.5233138246843891,13331.953
488,09,-2.6543087166161665e-05,-4.24653964674208,45.73786681658825,0.6424437209659153,9510.058
490,11,-1.0039879183467646e-05,10.335369747924807,64.20363267016013,0.7561230901506213,-3505.8188
491,12,-8.260583359534854e-06,25.078029959073632,56.60606037604423,0.7474534945334158,-8662.5625
492,01,-6.012859741277161e-06,22.106840989635838,48.67357203781476,0.7904847107343776,-9667.847
493,02,-1.5386156723984276e-05,31.748662168305497,64.97568837541958,0.7392679562185004,-9786.643
494,03,-1.9840231885472768e-05,-1.8349693298339842,46.56073982853019,0.5246091230248892,-5189.66
495,04,-2.7043378228700023e-05,-24.0670989525689,35.17819720014996,0.3913077477349175,-2495.3071
496,05,-2.995519203009721e-05,-45.04488896819084,46.51938461271666,0.46418218013804446,3391.2805
497,06,-3.546342912159163e-05,-30.903872137790252,54.092656515480414,0.661922571267022,9664.199
498,07,-3.552329937512147e-05,-24.55973527871409,49.31133174363516,0.6232217548739526,13900.945
499,08,-3.48960954878191e-05,-17.491402352609946,46.845165995435046,0.5777176292583507,12780.711
502,11,-1.0186800306089735e-05,15.631692754109702,47.969248177954896,0.7008724307590062,-2120.9797
503,12,-6.893300624729055e-06,15.732371215492165,60.65007041392917,0.8102792325583837,-9281.874
504,01,-7.860778656987515e-06,14.34612370152627,66.80461903254064,0.8221443897780552,-11116.727
505,02,-9.005972841740524e-06,9.622026147751583,54.51137783175566,0.7260083712169102,-10590.413
506,03,-1.5948935392546162e-05,-0.9029574194467195,53.47545231677126,0.6499336244726693,-5790.2056
507,04,-2.588563685021654e-05,-27.98602328389486,47.86236142485672,0.5903446748521592,-422.18567
508,05,-3.230829694098981e-05,-22.4746828918457,60.26473778712485,0.6661243219273064,3597.331
510,07,-3.6336240956178925e-05,-19.074829963273896,48.14752719921964,0.6512409119554747,15027.629
512,09,-2.3354238802332672e-05,-7.743464881388346,41.71682162190013,0.6791360401577418,9610.034
513,10,-1.864643046111826e-05,14.62936670381279,46.729617401201246,0.7194449672083701,4164.213
514,11,-1.0072340758698473e-05,9.36498726196289,49.88987413275507,0.77442657178243,-3012.8906
