,month,MER,MSSHF,RH,SD,msl
0,01,-7.186377549426466e-06,5.464709561255669,62.6901256937955,0.010292715281568547,478.80673
1,02,-7.399999772068052e-06,2.729709174746558,52.295623941567676,0.0088853447891417,240.26346
2,03,-1.408509512223264e-05,7.08405715679866,62.090667984242096,0.00040960040271923105,208.43332
3,04,-2.191347909663616e-05,-15.59233038906521,62.41300571294825,3.557954761717054e-05,-21.799517
5,06,-3.330413338050373e-05,-22.16353809509278,52.028707694198026,0.0,-417.67093
6,07,-3.0671342559486147e-05,-22.637875941122733,53.00265082314577,0.0,-486.49838
7,08,-2.8487004876296853e-05,-12.56110269165039,50.14281140049425,0.0,-385.92438
8,09,-2.3132900744369383e-05,-4.023202255249023,42.3501046719922,0.0,-133.86401
10,11,-1.1569333000928361e-05,13.890767045423724,49.679388139549886,8.024262719684175e-05,320.8511
11,12,-1.207531024335357e-05,24.691616260159407,64.98245628347064,0.00017524099221793556,358.52063
12,01,-5.795284385228985e-06,8.867661568262244,49.01821534482766,0.000661063572411896,491.3548
13,02,-7.359469057738698e-06,6.865867059466484,53.581606617508264,0.00011199214540678879,544.95
14,03,-1.4070489600584629e-05,-6.186828353717764,55.02083505403355,6.114121534491099e-05,252.05313
15,04,-2.282624180893941e-05,-17.872287172783746,48.97103869282801,0.0,3.4147205
16,05,-2.9285246377967465e-05,-30.998830406271004,47.47244699586335,0.0,-238.1261
17,06,-3.014735746900341e-05,-26.066622504679362,62.37913317463399,0.0,-445.35413
18,07,-3.1905643976779664e-05,-14.025872309859079,48.67037434149174,0.0,-496.45172
19,08,-3.1051088017916934e-05,-11.540256553403795,47.008779259716306,0.0,-411.01465
20,09,-2.365392635981859e-05,-3.0327022542317708,42.946886476458445,0.0,-156.97008
21,10,-2.1172643707369163e-05,7.590982919672484,58.4636376896443,0.0,102.01042
22,11,-1.4279194747299093e-05,14.235161112806532,54.54851769668525,0.0015326325999365914,187.75555
24,01,-7.860688640385075e-06,20.899533713063885,47.875411116570554,0.0019344636983768915,596.8616
27,04,-2.2320882245185202e-05,-19.334173597547743,50.02077896680037,1.5786700778537326e-06,-73.20939
28,05,-3.0310256707952082e-05,-17.47440350473055,59.34436809112436,9.34754648516255e-08,-188.90898
29,06,-3.0904296795920855e-05,-15.787571440294057,51.69619375912348,0.0,-392.94952
30,07,-3.173775886429094e-05,-20.80200322239373,49.75860673643311,0.0,-517.56744
31,08,-2.8741253340065727e-05,-19.03508228654759,42.77699926753197,0.0,-407.9795
34,11,-1.4328458308167076e-05,19.586548003133142,54.57233108670976,2.2300614251030816e-06,355.74866
35,12,-7.687594037497059e-06,8.885675470167591,67.75924336626196,0.012596724167946844,426.29755
37,02,-7.864293709969517e-06,5.468580898829869,51.56958197040644,2.739869412921724e-07,338.59106
38,03,-1.6001877676116956e-05,1.792558938959594,55.95160838729334,3.8041683935349995e-06,126.837234
39,04,-2.3437909088230905e-05,-21.874123499891493,46.11000325809585,2.168152067396376e-08,-70.86844
40,05,-2.9170486620455693e-05,-20.4214844770534,47.92201473479629,0.0,-222.44568
42,07,-3.416977696542745e-05,-21.999847670688425,39.2781192299025,0.0,-494.29498
43,08,-3.1963929242763654e-05,-15.790871219429917,46.55304641459066,0.0,-423.37048
44,09,-2.1331834113273846e-05,-6.238656323920356,43.43915766518911,0.0,-165.20804
45,10,-1.6551261839878706e-05,3.491510892150223,54.79260846710333,0.0,20.005714
46,11,-1.519573135911843e-05,20.401449884033198,56.70156626680825,5.0221549140082464e-08,267.77386
47,12,-1.0313162028783104e-05,17.753608460457098,55.75187243828721,4.658237964876236e-05,404.93265
48,01,-1.1369238679367056e-05,31.70380508160335,51.86229076744793,0.00012911142713280135,516.02026
49,02,-1.1685804688698098e-05,2.732715975443522,46.129101684696614,0.00031034646715436665,438.69028
50,03,-1.3839232150540515e-05,-0.5926843497983868,57.115805566785156,2.071826688704952e-05,272.89465
51,04,-2.090864053300013e-05,-10.60586452026367,65.75529212030038,1.1234845055474176e-05,-126.54532
52,05,-2.6606813441591635e-05,-11.409518621957432,66.050863289825,0.0,-246.45314
54,07,-3.282222612492611e-05,-33.091220865229126,44.1499227373741,0.0,-503.41104
55,08,-2.6941880611302234e-05,-27.08358682743196,31.77761535606461,0.0,-446.30902
56,09,-2.725831751290065e-05,0.9693071214463977,44.86737590899468,0.0,-245.08966
57,10,-2.1395454446465794e-05,12.186390243366201,47.91972020449689,0.0,40.068962
58,11,-9.367185011372688e-06,10.117007967122396,41.05919099200301,3.5537613762749565e-08,256.96677
59,12,-8.522425015388596e-06,21.808005747805364,57.410435429080856,2.6479295504990444e-05,438.20593
60,01,-1.1848107099418698e-05,28.771229348787696,56.9102486772409,0.0017296655524161556,550.95667
61,02,-9.682757584759485e-06,6.4267875001403105,47.08914505602986,8.748411584174497e-05,533.00696
62,03,-1.3818876191033916e-05,-6.2181760956138685,56.610379949503034,9.418372313181559e-05,274.148
63,04,-2.3066575134180317e-05,-21.124448284233942,53.13685258980724,5.596658653683133e-05,-78.31335
64,05,-2.301351515928619e-05,-21.276121071107926,61.30564291210714,3.1990530670330086e-06,-244.795
65,06,-3.0384449369921637e-05,-25.249517172580298,53.14751710217263,0.0,-464.02118
66,07,-3.052118788760435e-05,-16.333257173927887,51.58020934386151,0.0,-527.3275
67,08,-2.8069958612225798e-05,-17.017802792784988,42.472240740586344,0.0,-424.02557
68,09,-2.2138291550658728e-05,-0.809648367987739,66.94727416271104,0.0,-126.938
69,10,-1.5594664512004833e-05,12.420039781796033,52.5519555827328,0.0,56.12303
70,11,-1.2000811908506469e-05,17.20852971835666,62.11537896577253,8.267998695373535e-07,247.5379
71,12,-7.343828446024142e-06,12.754345215500043,59.86620702467682,1.1825137240912326e-05,519.8445
72,01,-6.201572312694294e-06,7.789162023728894,59.71689801232405,0.006257890532093664,553.4114
73,02,-7.646551471441942e-06,-7.170963860648018,49.17462651499538,0.00039035758092289885,287.42776
74,03,-1.1304150707112197e-05,-2.56875498781922,68.34861116093205,0.0002458149412626861,252.06113
75,04,-2.3272295822324753e-05,-10.486857863362628,59.37646033687326,3.632929590013292e-07,-139.50227
76,05,-2.800802443084893e-05,-16.149492612120927,55.7763452255995,0.0,-247.78244
77,06,-3.090711121482552e-05,-17.990251360066733,61.34983533646531,0.0,-452.12097
78,07,-3.447742918110781e-05,-15.274860501197074,50.75858460182529,0.0,-499.42795
79,08,-3.3271033724499884e-05,-4.3656862228557625,49.79625837316948,0.0,-452.95868
80,09,-2.244669017984254e-05,-3.3109654418945316,48.444472670045165,0.0,-129.6943
82,11,-1.5779393952086846e-05,2.730464919026692,53.6031213278585,0.0001320727745691935,251.6875
83,12,-6.748697063030508e-06,22.216181771555252,62.92255071562849,0.0009846030858255202,504.47122
88,05,-3.1224375424332516e-05,-18.680161248648037,54.14751819698144,0.0,-259.7505
90,07,-3.000731417455182e-05,-30.125119514383297,48.19723509739805,0.0,-468.14954
91,08,-3.1366839325049225e-05,-20.726613564768147,49.22354232249208,0.0,-396.9039
92,09,-2.1116000810717296e-05,-5.870355172729491,52.886519872754164,0.0,-155.63933
93,10,-1.7202233669146365e-05,6.4104873591597356,48.62927366667281,0.0,153.69861
94,11,-1.2770530823662637e-05,20.62896745435927,57.76803370095226,4.2331218719482425e-08,316.54315
95,12,-1.128779906788603e-05,28.043287035542146,58.52688881322774,0.00037468132152352284,442.3802
96,01,-8.849628261046861e-06,-8.473066081057311,52.03738375666833,0.0005335850459273144,477.66708
100,05,-2.791426425801057e-05,-28.103053294192083,60.924986691195485,0.0,-230.10788
101,06,-2.8837502824555686e-05,-20.989433822292757,61.5306473079814,0.0,-361.51013
102,07,-3.379324687933062e-05,-20.07741719498173,55.40260847481861,0.0,-469.22412
103,08,-3.0242934917310693e-05,-13.572054321945357,50.633880177582476,0.0,-408.16852
104,09,-2.5696148892024614e-05,-3.969099077690972,51.22118268649578,0.0,-214.53838
105,10,-1.9746457593286597e-05,13.28605210072507,59.41998880579267,0.0,114.55375
106,11,-1.2423982501220758e-05,8.69252590874566,58.77474638277293,0.0,333.93445
107,12,-5.659096497726741e-06,10.619382738339004,50.16868590621025,5.145294307380593e-05,353.20972
108,01,-9.400724827868036e-06,23.76198229324177,64.8158600401199,0.0002939996052813786,432.12634
109,02,-1.553154618433063e-05,17.196350676788683,61.10995617006565,4.479276722875135e-05,557.1113
110,03,-1.4791143874625109e-05,4.141464673442225,71.63935923557511,3.25570567961662e-05,230.59528
111,04,-2.4692344382775542e-05,-22.74501348402235,55.09817502149212,0.0,-43.631058
113,06,-2.7714982728361462e-05,-28.63852083367242,47.29024293223089,0.0,-428.0869
114,07,-3.385038605679304e-05,-9.511822006717805,59.07058047961163,0.0,-535.27686
116,09,-2.5435363158006416e-05,2.907980506727431,49.177534459747214,0.0,-183.49893
117,10,-1.6347254436593455e-05,7.273599919801116,47.520342997120274,0.0,81.216034
118,11,-1.0307503538792339e-05,7.8851572241889105,46.36847800110711,7.3817332585652676e-06,232.40178
119,12,-7.866494279115095e-06,20.208327730240367,52.71666673100892,0.0,377.46362
120,01,-5.490775168401608e-06,12.580168148245866,46.32122026583841,0.0,365.00275
121,02,-1.1993180484209699e-05,15.243881237211681,52.799659086113884,4.026403029759725e-06,355.20038
122,03,-1.7582771425163286e-05,5.919001820882161,61.97907953674307,1.3147951454244634e-06,176.4202
123,04,-2.3728384267512105e-05,-15.711892689005532,62.36782957411343,7.404155201382107e-06,-52.428608
124,05,-3.2913617601255e-05,-32.404015432706444,43.15242019264416,0.0,-243.77673
128,09,-2.1827326350689368e-05,-6.781363076782227,44.02462579022247,0.0,-174.91016
129,10,-1.9913688146604526e-05,14.103063629806684,48.60193847477949,0.0,4.5524015
130,11,-1.311930024130561e-05,7.912713109334308,43.72629240063826,7.664759953816732e-08,288.32025
131,12,-7.719866410816296e-06,20.033501539989185,45.286219627095804,2.718377369706349e-05,406.03256
133,02,-1.709957590030951e-05,31.83555304718018,59.52337883048256,2.0835172562372115e-06,282.65717
135,04,-2.7999317039636173e-05,-19.276666238742408,46.732171709169286,0.0,-46.997047
136,05,-3.125298669270236e-05,-34.3688931694441,36.06377147361027,0.0,-239.19601
137,06,-3.068480971400681e-05,-23.63770078192817,52.16888050745726,0.0,-466.29062
138,07,-3.559518055198981e-05,-33.07448882301904,37.832517702871755,0.0,-519.897
139,08,-2.897321149455781e-05,-28.290339532667595,47.590817581110095,0.0,-414.13806
140,09,-2.7407515947157255e-05,-3.6402964202880854,48.108384553693405,0.0,-208.88603
141,10,-1.8407037761653066e-05,10.48773665069252,49.92561818830045,0.0,-5.3751006
143,12,-1.0178729378000547e-05,19.264495642221096,49.02194799312469,0.00010385854269868586,350.1845
144,01,-9.804670876438911e-06,24.167181801416536,38.86062395377826,7.464897248052782e-06,457.7611
145,02,-6.996622216688376e-06,0.507544446309408,46.996895068120395,0.002555922939663842,492.03644
146,03,-1.2629808311264428e-05,-0.5304674036169569,53.76618897918476,0.0,158.59642
147,04,-2.5889148811054637e-05,-18.50936585184733,50.20018549894757,1.8495678901672365e-06,0.9759464
148,05,-2.5811937759284265e-05,-33.066711107479634,47.67298183366304,0.0,-196.04417
151,08,-2.9805839779475068e-05,-22.79464663072811,38.70661156831249,0.0,-403.64426
153,10,-2.004618059737534e-05,2.17344532234438,45.307421456006274,0.0,43.425533
155,12,-7.654158530845394e-06,17.942148733159545,42.031411531264894,5.5359345610423755e-06,413.78506
156,01,-5.988280283046514e-06,9.900324605634134,41.55076964045469,0.0,478.7874
157,02,-7.568776633878318e-06,10.513905402874128,42.596786469010105,3.7069602944385046e-05,309.17807
158,03,-1.6743815379482177e-05,3.675611719931326,56.535387553599556,1.1341134707132974e-05,260.61774
159,04,-2.3724830210206465e-05,-12.979907084147134,60.15185276207658,2.5939941406250002e-08,-69.18281
160,05,-3.502280750303383e-05,-18.415903687507882,37.98684394011575,0.0,-160.74213
162,07,-3.3542465003026134e-05,-26.574038988010855,46.61348771423679,0.0,-484.80228
163,08,-3.290884278264643e-05,-13.404264240552024,52.83446418771308,0.0,-379.8344
164,09,-2.5466491539959356e-05,-1.4094354346381297,48.6797681992597,0.0,-155.28786
165,10,-1.9484351597922247e-05,1.9587082073252686,58.379234332862715,1.8078127214985508e-06,101.36424
168,01,-9.715480358609446e-06,34.39173987899288,57.42208674485646,4.798289268247543e-07,431.81958
171,04,-2.191761210872048e-05,-4.539731902737087,59.59964808656376,0.0,34.456898
172,05,-3.0932743489659034e-05,-26.541132331437964,51.168041845343446,0.0,-202.36691
173,06,-3.281592492067931e-05,-24.277929318237305,46.836056776909025,0.0,-429.763
177,10,-1.798888249350155e-05,2.3637267239478326,43.9463890340828,0.0,93.86349
178,11,-1.1587640056374466e-05,-1.8295716874864363,52.225245416957804,0.00015719194677140975,321.51416
179,12,-9.250304196792702e-06,31.236705364924607,64.63241229699248,0.00020338165888222312,472.94934
182,03,-1.5868986940443404e-05,12.424105568506382,56.25959003628518,9.499826738911291e-08,226.07892
183,04,-2.4481364455176743e-05,-15.54007357143826,53.21672202842236,6.838602489895291e-06,-50.06987
185,06,-3.390126228795352e-05,-22.424498955281575,49.86442946763436,0.0,-448.9226
186,07,-3.466171150601792e-05,-32.442688338413035,36.16844127948567,0.0,-569.229
187,08,-3.527003988845888e-05,-15.806742182249662,41.714041907468136,0.0,-457.44745
188,09,-2.649383951805552e-05,-2.2674784339057075,50.77799905458556,0.0,-144.84163
189,10,-1.8016295581522476e-05,4.47270425086893,52.33998963107474,0.0,110.43823
190,11,-8.92097842036795e-06,12.752254605102538,55.27824593100681,0.0,137.21974
191,12,-1.093666692604627e-05,22.757288210632986,53.902280609893545,6.536950347244099e-07,474.64453
192,01,-1.2804497735976505e-05,25.385474410518523,57.77612080058489,0.0009627563479126142,543.76825
193,02,-1.271823695051786e-05,20.178666164579848,60.9734689490412,5.487134059270224e-06,408.04163
194,03,-2.219248033328259e-05,-0.5256330294045062,56.57506640008187,0.00016835869896796444,221.6579
195,04,-2.3056703787511248e-05,-15.611610607231992,48.9374839578549,0.0,-15.711226
197,06,-3.44918315846169e-05,-24.446217814466692,49.08188772321145,0.0,-401.59283
198,07,-3.591561413959817e-05,-25.92438248894804,39.340810654867084,0.0,-523.6161
199,08,-3.331847033315239e-05,-31.29434137422295,33.68999910253863,0.0,-445.6002
200,09,-2.6222378082234683e-05,-4.395296908230251,54.09243484116659,0.0,-142.69109
203,12,-8.991161045966975e-06,-5.598886509064706,48.51484771922968,0.00015860379254946144,555.23035
204,01,-7.460320452180465e-06,-0.4728464959257379,45.67560021059616,0.00023015245699113416,506.839
205,02,-7.544903639281147e-06,5.38362545916678,55.18347650017959,0.0006102077837648064,425.41177
206,03,-1.2827322511164368e-05,-10.990242480862525,51.72073062135199,2.0419359207153323e-05,245.15823
207,04,-2.0502408365953464e-05,-21.604367342122394,58.54018084150156,2.815988328721788e-08,30.646225
208,05,-2.4253428110207234e-05,-26.022296560964275,51.92535755428705,0.0,-197.45499
209,06,-2.8253365109311642e-05,-38.732165323215064,41.61192797080808,0.0,-413.37308
210,07,-3.142641031134248e-05,-27.054918192217425,49.82263012584947,0.0,-462.39087
211,08,-2.9903093116464793e-05,-15.358725825155936,42.33743624172287,0.0,-375.53186
212,09,-2.534073391895315e-05,-7.00570699428982,43.673043699496326,0.0,-201.22043
213,10,-1.7171301486478214e-05,8.106230379494288,51.02844809201841,0.0,38.319317
214,11,-1.4551765714713837e-05,14.46901237657335,58.72207561985916,0.00012027359008789062,360.74298
216,01,-3.583592048936e-06,-1.2817189340899076,35.36421269791357,0.00038023888808424755,445.26752
217,02,-9.97768289436776e-06,28.48145621345157,61.04910012837534,6.829840796334402e-08,410.16827
218,03,-1.2413017713795421e-05,-3.0697627356744577,49.8996438915832,0.0,154.93503
219,04,-2.201332183204714e-05,-17.60772253417969,50.15108422283994,0.0,4.153035
220,05,-3.085946982284968e-05,-22.07697987414944,55.658551038389554,0.0,-216.35095
221,06,-3.476727682935032e-05,-20.254541469319665,56.16686724849277,0.0,-418.93665
222,07,-3.376502295814329e-05,-20.43258258581674,48.29218798171063,0.0,-509.77618
223,08,-3.064838395117496e-05,-15.397676236060358,39.11490551742816,0.0,-430.74994
224,09,-2.7053925191669103e-05,-10.968042353990342,40.873450344501606,0.0,-113.13248
225,10,-2.0736059433235615e-05,1.8364669255082322,46.07108195983722,0.0,68.20019
226,11,-1.1372840429430654e-05,5.54297788119846,52.451002673839106,0.0,263.1498
227,12,-9.893875752236308e-06,16.98351939342868,60.12797338394067,1.687051532089069e-05,374.5232
229,02,-7.893391973560764e-06,12.879144769577753,54.623768248409036,3.740382904098147e-05,326.9651
230,03,-1.582076560769428e-05,4.910139277304372,64.38913835901599,1.3940626575100807e-05,237.12003
231,04,-2.2395207648413717e-05,-10.670934447903104,67.35853829729425,2.9785103268093537e-07,-123.92709
232,05,-3.182257207745645e-05,-20.036693252071256,51.31070372274871,0.0,-230.7782
233,06,-3.4082233544055876e-05,-13.138249787733287,60.09514157660935,0.0,-436.21222
234,07,-3.6390916169732936e-05,-13.917790471887077,46.5719772114318,0.0,-510.35468
236,09,-2.4247977624205914e-05,0.3736279635959201,55.41774919654528,0.0,-239.62314
237,10,-2.3367591303340108e-05,14.50471792602539,57.49670259841796,9.088093234646704e-07,8.010672
238,11,-1.186565926222506e-05,4.6568576497395835,50.09492808050447,2.143026722802056e-06,275.5154
239,12,-8.802920268002493e-06,22.454611907630838,51.308709990082264,0.00011667215695945164,396.53302
240,01,-9.430198710966792e-06,24.63400003675235,61.44896206574927,0.00020755073460199501,423.33954
241,02,-1.079772392194216e-05,13.779260249546594,59.85849182345754,0.0025613292994953337,372.38013
242,03,-1.3397230129969535e-05,-0.9194605676794566,60.6708199271861,8.536538770121912e-08,149.95992
245,06,-3.759346314859108e-05,-24.964019442409946,49.104056137108806,0.0,-394.06445
247,08,-3.318467006672979e-05,-13.657699137697938,45.50563225292391,0.0,-421.731
250,11,-1.3179962080519347e-05,12.654008286878799,52.50058610761298,2.0961513784196646e-05,224.33913
251,12,-1.3700721242369786e-05,27.986750325848984,63.54783165261822,0.0004829321933049028,438.78748
252,01,-6.553396535759588e-06,18.42038040095504,45.80448549491872,7.689163249026063e-06,461.44254
253,02,-1.2230161100386137e-05,18.65321454909752,54.35344561065067,3.605513052008618e-05,423.28473
254,03,-1.4517082142339604e-05,-0.5979741453765541,58.83941007500695,2.188550656841647e-05,191.93356
256,05,-3.550879427684679e-05,-19.147158501081563,47.704144963514416,0.0,-317.45343
257,06,-3.750390542944741e-05,-27.016546727159287,42.780413097916714,0.0,-422.46912
258,07,-3.168135436499142e-05,-21.668345875401656,51.88578506780696,0.0,-507.81314
259,08,-3.0941285219664524e-05,-19.063545700565466,39.65101154342005,0.0,-428.3487
260,09,-2.4486756719630248e-05,-2.020394458007812,56.817002186003,0.0,-187.60928
261,10,-2.1893689024856883e-05,11.235235126454343,57.40779917159772,0.0,87.54337
264,01,-6.723928980547147e-06,14.384707934964087,53.25762820807451,0.00041049615926640003,495.42432
266,03,-1.3063552253355424e-05,-6.242824222359606,58.59238742218351,0.00027922883085025255,107.264755
267,04,-2.4765318735565716e-05,-15.737299090576174,60.65160554169682,6.594268480936686e-06,-79.00014
269,06,-3.303585196628976e-05,-31.827683939954966,48.06642211600013,0.0,-478.2146
271,08,-3.349079792080317e-05,-13.273838911159066,49.470468634774605,0.0,-402.1727
272,09,-2.8629883362433853e-05,-3.361749937269423,60.89090815499625,0.0,-169.61475
274,11,-1.4045017091525046e-05,9.019137569173179,50.75557469189433,0.0,265.83597
275,12,-9.904081011676856e-06,14.487402564920403,52.82181985401466,0.00022924734956474715,563.1913
276,01,-6.60295483731882e-06,23.604068570044735,51.65779350411636,0.00012535062912971744,369.32065
277,02,-1.6342577849974034e-05,27.257544948032923,61.67323920420096,5.277034782228017e-06,327.46295
278,03,-1.718439095667989e-05,-2.8514695644583754,52.573686629964456,1.5001514906524331e-06,40.75654
279,04,-2.4829810814864887e-05,-14.182246478949653,49.20558492463959,0.0,-63.92173
280,05,-3.0134792006426703e-05,-17.31557953963741,52.31226475243542,0.0,-211.63203
281,06,-3.5836119472898846e-05,-20.466573669433593,50.7506326838851,0.0,-429.26544
282,07,-3.594073215623134e-05,-17.96138944137737,48.60045512300026,0.0,-464.3405
283,08,-3.0240783373966385e-05,-12.41071590333344,52.640142950275894,0.0,-405.802
284,09,-2.726855740998468e-05,-6.606480073716904,41.46046437310777,0.0,-168.84436
285,10,-2.2813934475604865e-05,5.003235001430717,55.25826176021304,0.0,119.607025
286,11,-9.433203981300014e-06,10.082439758300783,57.335292302331666,0.0,297.94644
287,12,-9.155090198257839e-06,-0.601292420089886,52.83887711868107,1.2510566301243278e-09,502.6311
290,03,-1.4304734281419465e-05,-4.024482163624097,45.80751552796749,0.0,233.95572
292,05,-3.0977665722578726e-05,-19.48317038226384,57.695412786129985,0.0,-217.0741
293,06,-3.491794925367785e-05,-29.63445593295627,48.58540389312637,0.0,-408.63068
294,07,-3.637924248004731e-05,-25.786057973554062,44.12265574810709,0.0,-507.10834
295,08,-3.1032737283929096e-05,-31.771135562691633,39.36124998163152,0.0,-366.82095
296,09,-2.437035215904568e-05,-12.497950702243381,40.21523504180775,0.0,-167.95224
297,10,-2.1305207502659715e-05,-2.352458050143333,49.86598729915773,1.9682761161558088e-06,70.93047
298,11,-8.746191556262298e-06,13.336127873399521,55.471923015075255,0.0,219.32303
299,12,-8.986315398414586e-06,16.75842543636855,56.42778465677845,1.2960655714875909e-05,442.53088
300,01,-8.992702947169514e-06,20.66453995308825,64.87525535803712,0.0007110370653931812,513.8292
301,02,-1.1818901434843997e-05,12.780648606925178,58.06078212638148,0.0004339445432027181,372.2597
303,04,-2.4217375733618005e-05,-11.611916856553819,59.49211039767795,0.0,-71.01695
304,05,-2.847669872224737e-05,-31.81054322043798,50.857990436966695,0.0,-269.0719
306,07,-3.5823426863228845e-05,-21.040274605699764,48.61712288511441,0.0,-456.20447
307,08,-3.442271008691844e-05,-10.630728795861687,53.4802156332962,0.0,-379.49783
308,09,-3.09724094837697e-05,1.3779368174235027,41.60773183429904,0.0,-180.73538
309,10,-1.9737982986943505e-05,10.8786054316695,45.96995730125903,0.0,41.292496
311,12,-6.509792311736683e-06,12.651209838210898,41.13814304297201,0.000107577202140644,444.17734
312,01,-1.0532949036563073e-05,27.835473567839585,50.62756816835045,0.0002284056717349637,521.2346
314,03,-1.2645556585016247e-05,2.2825399281491516,62.992716266741034,0.002058747031355417,212.16286
315,04,-2.402455134354872e-05,-12.38321820203993,55.9102142579476,0.0,-43.611263
316,05,-3.3327865934669755e-05,-23.83920729967343,52.369123788558014,0.0,-210.79346
317,06,-3.715115132452208e-05,-30.632264646063906,50.84424858076307,0.0,-469.29932
318,07,-3.409394384040644e-05,-23.561669685609886,47.80977541725482,0.0,-517.0652
321,10,-1.7187334372416657e-05,10.538457600583316,41.694871458662455,0.0,48.369972
323,12,-9.12172876785682e-06,14.485518746324761,56.37181309181387,0.0003240881030277539,616.4121
324,01,-6.5253165958961526e-06,7.280853728591756,43.42763289413273,0.00014880976241122009,499.44205
325,02,-8.8568046297561e-06,4.634872235616048,55.29220876641359,0.00010614823585464838,344.7124
326,03,-1.3873502668170125e-05,-4.782673361173239,59.930227692120816,0.0004253186384836833,93.64281
327,04,-2.37631702343909e-05,-18.782449027506512,53.65862876264652,0.0,-107.17403
328,05,-3.370682173148433e-05,-13.439136345319852,55.415879218805216,0.0,-235.49536
329,06,-3.4785863751151034e-05,-27.11431088460287,44.96967633606062,0.0,-424.51785
331,08,-3.203818718891423e-05,-14.970106861073484,56.166526000266416,0.0,-439.706
333,10,-2.0357669840078775e-05,8.929626497002058,49.91160704086961,0.0,-13.781873
334,11,-1.6638314112929544e-05,21.698549422539603,51.20864173750348,6.023910310533312e-08,182.12231
335,12,-1.1844671387852061e-05,21.158474252352146,51.61357204472506,1.2561005930746755e-06,424.10565
336,01,-1.3167410284109127e-05,32.71415653975292,54.798027210791915,7.495572490076866e-08,484.90112
337,02,-9.635896793779033e-06,12.227102448962983,62.05461917357218,0.00012729246417681375,257.82867
338,03,-1.969343553138324e-05,2.858439688077537,50.951221448258686,8.514286369405767e-07,200.76105
341,06,-3.458860908376663e-05,-19.802041976589628,51.81401281598541,0.0,-456.73874
342,07,-4.0491175616739144e-05,-14.380545316962786,51.51913973191349,0.0,-505.26605
343,08,-3.430768915528969e-05,-11.902402343421853,46.669440629773256,0.0,-419.495
344,09,-2.677926907070085e-05,-2.246240928141275,48.58724766878287,0.0,-214.21228
345,10,-1.4836711174446523e-05,-1.5530790907336818,46.4751422240952,0.0,100.38196
346,11,-1.4172945336880124e-05,15.984315191311307,55.0159122577058,8.570086956024171e-06,266.12933
347,12,-9.103623443880553e-06,18.67049515623687,44.72693699303237,1.9495038576023557e-06,383.3041
348,01,-9.98381483742544e-06,30.50790186531313,59.32570013750177,3.1635838170205394e-06,553.1338
349,02,-9.733829621899499e-06,11.488472740085646,43.235250111784055,9.416011558181937e-06,470.21576
350,03,-2.0140387961912898e-05,4.352542552004578,67.29393991330491,6.198341231192312e-05,83.73578
351,04,-2.446588194630345e-05,-15.287676639472116,50.48518859204715,0.0,-120.693214
352,05,-3.326288808405293e-05,-18.37616691179173,46.32872357566895,0.0,-243.1268
353,06,-3.476253857051133e-05,-32.52892781643338,47.80475471985869,0.0,-473.45923
354,07,-3.577182100015043e-05,-18.878891244211506,53.425692884929724,0.0,-535.66626
355,08,-3.3834556450724496e-05,-9.036356891591062,49.02626591384924,0.0,-417.89713
357,10,-1.8222273044254205e-05,6.518695762716314,54.30898137165141,1.0895472700877858e-09,14.88641
358,11,-1.2143508331428165e-05,12.723418456013999,55.05112889809742,0.00035360905991660223,254.9443
361,02,-6.55127283612057e-06,7.2258432279314295,62.426701213981424,5.497220584324428e-05,247.73349
362,03,-1.4006747319585248e-05,0.15545269151913163,60.10794240493287,4.5311066412156626e-07,104.59784
363,04,-2.2896213735516033e-05,-13.763160278998479,44.90089633327524,7.51813252766927e-09,-79.86644
365,06,-3.4585202314802804e-05,-32.20444840494791,47.13420631794532,0.0,-382.83966
366,07,-3.995988693131167e-05,-23.939954596078525,46.67216465320125,0.0,-508.51678
369,10,-1.8213049179844e-05,4.716025361748153,49.256211021474606,0.0,68.816475
370,11,-1.3997967538165946e-05,28.005924584282763,63.3120259418408,7.164478302001954e-09,269.43756
372,01,-6.091251291421628e-06,2.9262350808420488,60.36061479552843,0.002126177963390145,586.17926
373,02,-7.65345504045659e-06,5.717629487900508,61.53230691539674,0.0021790685525962285,409.19263
375,04,-2.4690822054900404e-05,-20.66956467929416,50.227940069592,2.4727185567220055e-07,-5.4166317
376,05,-2.827942739082006e-05,-27.387183430333288,51.416537502500645,0.0,-226.40451
377,06,-3.182083758476639e-05,-35.711798379855686,43.71565713060168,0.0,-411.44586
378,07,-3.4407490462771055e-05,-31.11366353779454,49.13440625845617,0.0,-489.49847
379,08,-3.27152816781925e-05,-15.088779016966459,50.057286181364006,0.0,-406.57983
380,09,-2.3803562745282155e-05,-1.7829848341200085,47.799041656389505,0.0,-161.47424
381,10,-1.8914465963579488e-05,8.677334267236855,54.52403665949838,0.0,52.520256
382,11,-1.1904203317903414e-05,4.708053307088217,64.34552551558414,0.0002805316183302138,148.42184
384,01,-4.432973011169315e-06,15.641597058367989,49.85520389962581,0.000611914046349064,668.5068
385,02,-7.274441715534998e-06,7.353929252261208,64.81677477946593,0.00014321758775483995,247.43
386,03,-1.235675504704564e-05,-6.3443144091534345,43.386579177287324,0.00019613219461133403,287.87064
387,04,-2.5035789431644346e-05,-14.869033695136176,49.48712501599656,0.0,-77.37377
388,05,-3.0008848766624646e-05,-32.62149781881353,48.67582858574712,0.0,-235.08185
389,06,-3.4230032604055946e-05,-25.01744469502767,49.43961729888122,0.0,-481.59894
390,07,-3.7348723895911946e-05,-18.427609645064162,51.34294977803511,0.0,-504.67935
391,08,-3.274760770019843e-05,-10.64563058373236,50.85391145080519,0.0,-433.62094
392,09,-2.5484862159343414e-05,2.648160398695204,48.54894579696125,0.0,-197.38734
394,11,-8.12447487300637e-06,7.208228931681314,45.10324230610001,0.0,194.07079
396,01,-9.557997748420493e-06,23.492998173539362,55.985124487241116,3.76804490243235e-05,557.1035
397,02,-6.941694202459045e-06,2.77444112036694,54.92825397600388,0.0013561625960229456,453.58203
398,03,-1.1845709033173812e-05,-9.130659757880753,42.53471919810516,5.560450656439668e-06,130.86658
399,04,-2.412122515035865e-05,-15.116672309705946,65.52592149374486,0.0,-141.9956
400,05,-3.2719707248821014e-05,-19.41600187732328,54.71462800888861,0.0,-266.1225
403,08,-3.664081436780238e-05,-14.530181596981583,48.63167088847007,0.0,-446.2285
404,09,-2.780254297756781e-05,-4.337274759928387,47.643611919113,0.0,-204.5386
405,10,-1.749340033099435e-05,6.576196681525118,62.883388684188155,1.6571373067876343e-08,64.203354
407,12,-8.270612005098982e-06,23.135962751162953,68.44660146777348,0.0004308112231633996,451.74942
408,01,-7.079607454118081e-06,9.77005108642578,59.36599973937003,0.0024007742763847433,455.10275
409,02,-9.82560560788399e-06,1.2790957768758144,54.799641565576906,0.0007189501410438901,389.59637
410,03,-1.6003138249269338e-05,-14.11737674147083,62.83003596656937,0.00018706004465779953,81.030945
411,04,-2.0434202846445263e-05,-16.983018215264217,45.651346360141694,0.0,-52.162903
412,05,-2.7662325821888435e-05,-23.158452428017892,56.92952051083376,0.0,-270.66266
413,06,-3.319209287441886e-05,-26.815010833062065,45.349666944320994,0.0,-425.97928
414,07,-3.405638901301333e-05,-27.630988150319745,40.32137145659744,0.0,-557.31616
415,08,-3.2683108437937644e-05,-17.84199171037572,39.46305893081491,0.0,-406.20465
416,09,-2.475842662511746e-05,-8.054260448540582,49.65095689521101,0.0,-219.2587
417,10,-1.765674730958508e-05,13.677036990258001,51.31546706972713,0.0,45.52605
418,11,-1.2026654228591521e-05,13.685960133870443,60.59634180396663,8.762069013383654e-05,210.74329
419,12,-9.44601224512954e-06,28.97793200421077,55.46996279250422,5.1136837210706475e-05,402.91425
421,02,-1.1990748406116751e-05,26.598223410470148,61.15281964255657,1.0926482223329089e-06,467.29736
422,03,-1.6731313326227373e-05,-1.3453218475669946,47.843510205716214,6.519722682173533e-08,184.46687
424,05,-3.2321809314922687e-05,-17.350711201329386,63.11191008513332,5.8457146408737335e-06,-231.57956
425,06,-3.645346474101341e-05,-28.120134918891054,43.231891095406475,0.0,-405.78424
428,09,-2.0748739615697153e-05,-9.244409510294595,35.08465283191469,0.0,-171.68735
429,10,-1.6616273676728237e-05,8.951883064844276,46.06859467966968,0.0,42.75054
431,12,-1.0581146033268115e-05,22.95546643394552,54.273882943514856,0.0004054831791949528,475.0016
433,02,-8.153189459681882e-06,8.31590086110433,48.93550452213628,9.767446773392813e-05,374.75592
434,03,-1.5915630637317265e-05,-1.6360386480515998,44.90566300547765,2.4049384619600027e-06,223.78772
436,05,-3.070366395367009e-05,-25.76910455847299,53.73915812349191,0.0,-253.45117
437,06,-3.477750818122634e-05,-31.860220404391814,46.7203716229452,0.0,-400.84875
438,07,-3.7615658574522775e-05,-25.170489753641114,45.05531850020347,0.0,-500.58325
439,08,-3.326061218056918e-05,-12.586229408838417,52.3345120203854,0.0,-377.76855
440,09,-2.5603061031688413e-05,-1.6679924726698132,46.654843129608366,0.0,-155.27014
441,10,-1.3186316454061119e-05,-1.463842040031187,51.45971762442205,0.0,47.08401
442,11,-1.4898132296588707e-05,27.46974549831814,55.57987919455502,4.5776367187500004e-09,223.31125
443,12,-8.385574634596725e-06,33.275967709449034,59.292129598577816,0.0,379.28732
444,01,-9.004527324929857e-06,20.359526514525058,60.00615774854665,9.698816525038853e-05,608.93225
445,02,-1.2519085415486441e-05,14.879537966322628,54.698993667597065,1.52496250196435e-05,504.6573
446,03,-1.4810545610421827e-05,-5.396197126162949,59.004922374092125,3.62938924502301e-05,173.9523
447,04,-2.7581765115751797e-05,-20.820068422105575,57.557788026644126,1.3241238064236113e-07,-51.32917
448,05,-3.16294027814815e-05,-19.310568396455505,50.32535560724812,0.0,-256.40314
450,07,-3.758493633006676e-05,-22.269790681900524,47.74635748879372,0.0,-525.45404
452,09,-2.4645985519115736e-05,-7.889081433783638,37.34792189491059,0.0,-199.23999
454,11,-1.1750765303218536e-05,10.89123139716254,54.5964946256227,3.956906927956475e-05,311.2555
455,12,-4.447676278540448e-06,15.633635981405934,42.93341399640295,3.86891185596425e-06,311.60193
456,01,-6.416161365773257e-06,12.223324068787278,48.97643718384928,0.00022398640519829207,438.43283
457,02,-8.18821650381367e-06,12.903916228158135,62.959067062718525,0.00023337035661651976,389.8204
460,05,-2.9667726341906155e-05,-25.198657173730993,56.839670298081565,0.0,-240.273
461,06,-3.566179110415154e-05,-31.36642959594727,52.944568701901716,0.0,-402.34888
462,07,-3.888270218750779e-05,-23.176640851420746,56.14024401203919,0.0,-507.6611
463,08,-3.333480648354688e-05,-12.395997953681537,44.035043613662005,0.0,-360.85626
464,09,-2.5415033401845397e-05,-5.530321179199219,52.86381167994076,0.0,-205.37859
465,10,-2.0550294828412475e-05,15.281469091599986,50.30405073937036,0.0,45.154377
466,11,-1.2597567349661808e-05,15.910226154920792,53.90823562632401,3.65040037367079e-07,202.04584
467,12,-7.748080553331723e-06,20.40142875687794,63.311030514205655,0.0006995919622400755,487.7033
468,01,-8.493993727101315e-06,23.796599253992884,55.116003269850566,1.641540501707344e-05,537.46173
469,02,-1.1806723732206594e-05,-2.6082788761683875,46.30087924139698,9.837871222268968e-05,372.01834
470,03,-1.3339704251535219e-05,-6.768148279333628,63.03257818707726,0.00012620726580260901,51.61082
471,04,-2.4140652476206825e-05,-8.481860700141059,60.03202422682047,0.0,-23.251984
472,05,-3.631899526441482e-05,-17.44638056798135,47.40056218499266,0.0,-244.66537
473,06,-3.447691067930363e-05,-33.33076165534125,39.74884000571834,0.0,-436.12387
474,07,-3.4126774513620195e-05,-44.31138712696363,36.16823902212164,0.0,-527.70593
476,09,-2.7110998255941223e-05,-4.088550005425346,48.59134079140956,0.0,-143.53491
477,10,-1.717439320385384e-05,2.0582064438686585,44.893768001867876,1.104806956424508e-05,101.55492
478,11,-1.049799736220949e-05,11.533768935139973,58.11769115721252,4.4242540995279946e-07,287.95355
479,12,-7.425197422547768e-06,21.47761040308142,53.53903508252609,5.2109628595331655e-05,527.3126
480,01,-8.170035396257738e-06,18.813249751593478,61.34680531404607,0.0003725200532585062,484.82336
481,02,-8.232899953890454e-06,13.675333238874163,51.283400613031226,6.108944188980828e-05,340.49683
482,03,-1.7898125718357898e-05,7.876527682396675,54.192069970153995,0.0,160.3483
483,04,-2.786484313502215e-05,-15.88577495863173,41.53150874974462,0.0,-36.09428
485,06,-3.9525050331051005e-05,-23.208365014648436,47.86380608810849,0.0,-420.97418
486,07,-3.625940142692049e-05,-31.74150496025496,48.734570516079984,0.0,-502.19702
487,08,-3.404563471354698e-05,-17.337182702177312,41.57153246440298,0.0,-408.9905
488,09,-2.6543087166161665e-05,-4.24653964674208,45.73786681658825,0.0,-209.28798
490,11,-1.0039879183467646e-05,10.335369747924807,64.20363267016013,0.0,338.40894
491,12,-8.260583359534854e-06,25.078029959073632,56.60606037604423,0.0,379.69263
492,01,-6.012859741277161e-06,22.106840989635838,48.67357203781476,1.4043623401272683e-08,386.0742
494,03,-1.9840231885472768e-05,-1.8349693298339842,46.56073982853019,0.0,64.48951
495,04,-2.7043378228700023e-05,-24.0670989525689,35.17819720014996,0.0,30.156845
496,05,-2.995519203009721e-05,-45.04488896819084,46.51938461271666,0.0,-203.72598
497,06,-3.546342912159163e-05,-30.903872137790252,54.092656515480414,0.0,-422.93417
499,08,-3.48960954878191e-05,-17.491402352609946,46.845165995435046,0.0,-421.39886
501,10,-1.848353834580477e-05,14.114419966174706,59.132486595437086,0.0,79.28753
502,11,-1.0186800306089735e-05,15.631692754109702,47.969248177954896,0.0,298.67282
504,01,-7.860778656987515e-06,14.34612370152627,66.80461903254064,3.849816578690723e-05,490.9229
505,02,-9.005972841740524e-06,9.622026147751583,54.51137783175566,0.0020311918883096605,313.11316
507,04,-2.588563685021654e-05,-27.98602328389486,47.86236142485672,1.457011964586046e-05,2.998211
508,05,-3.230829694098981e-05,-22.4746828918457,60.26473778712485,0.0,-227.02411
509,06,-3.7502937650666964e-05,-26.38411481492784,47.88007799596918,0.0,-387.28
510,07,-3.6336240956178925e-05,-19.074829963273896,48.14752719921964,0.0,-516.8412
511,08,-3.444879628501263e-05,-12.903870650096605,45.419211714576655,0.0,-372.10608
512,09,-2.3354238802332672e-05,-7.743464881388346,41.71682162190013,0.0,-225.17453
513,10,-1.864643046111826e-05,14.62936670381279,46.729617401201246,0.0,102.916916
514,11,-1.0072340758698473e-05,9.36498726196289,49.88987413275507,2.1571267975701224e-05,232.55585
