,month,MER,MSSHF,SD,SH,UW
0,01,-7.186377549426466e-06,5.464709561255669,0.010292715281568547,0.00035855482704265606,8.566814722819995
1,02,-7.399999772068052e-06,2.729709174746558,0.0088853447891417,0.0003947880218570064,5.242820933818818
2,03,-1.408509512223264e-05,7.08405715679866,0.00040960040271923105,0.00044260006009506144,13.765281541639759
4,05,-2.839083756912113e-05,-16.16055940262989,4.408267492889076e-05,0.0007071434940667084,9.909492792170534
5,06,-3.330413338050373e-05,-22.16353809509278,0.0,0.0009014931640296304,5.934494112353855
8,09,-2.3132900744369383e-05,-4.023202255249023,0.0,0.0009334240310760934,12.264388197920056
9,10,-1.6345863611966567e-05,2.642213581372333,5.061999700402701e-05,0.0009355248356116273,4.59894328461924
10,11,-1.1569333000928361e-05,13.890767045423724,8.024262719684175e-05,0.0005703534181247354,15.572536984846325
11,12,-1.207531024335357e-05,24.691616260159407,0.00017524099221793556,0.000536514795466784,15.22025654595898
12,01,-5.795284385228985e-06,8.867661568262244,0.000661063572411896,0.0002899667802897751,5.114125808059528
13,02,-7.359469057738698e-06,6.865867059466484,0.00011199214540678879,0.0004711822304191866,7.856037982940672
14,03,-1.4070489600584629e-05,-6.186828353717764,6.114121534491099e-05,0.00038754746073307194,7.28385072402544
16,05,-2.9285246377967465e-05,-30.998830406271004,0.0,0.0004922136487145694,-4.025603452805551
17,06,-3.014735746900341e-05,-26.066622504679362,0.0,0.0008849550965466025,6.837710131094192
18,07,-3.1905643976779664e-05,-14.025872309859079,0.0,0.0008957915342465621,7.28260863685608
19,08,-3.1051088017916934e-05,-11.540256553403795,0.0,0.00108178564986637,13.212725781204876
21,10,-2.1172643707369163e-05,7.590982919672484,0.0,0.0007849959412277741,13.979145259652089
22,11,-1.4279194747299093e-05,14.235161112806532,0.0015326325999365914,0.0006224606235835986,8.777663723097907
23,12,-7.873070872231058e-06,26.063403682913826,0.0016069860227646364,0.0005165828911668244,13.964713369225944
25,02,-8.991757432514056e-06,2.888394768487839,0.0005664595067501069,0.0003669208622193323,4.826553443431854
26,03,-1.2076194787720939e-05,11.89821663673975,0.0001724853964262111,0.0006871956544953496,13.306958838185956
28,05,-3.0310256707952082e-05,-17.47440350473055,9.34754648516255e-08,0.0007153930285222947,4.588270763663836
29,06,-3.0904296795920855e-05,-15.787571440294057,0.0,0.0009842194550476254,11.143315948295594
30,07,-3.173775886429094e-05,-20.80200322239373,0.0,0.001004735188951267,10.426191270602645
31,08,-2.8741253340065727e-05,-19.03508228654759,0.0,0.0010760535270361797,7.685691989857664
32,09,-2.269007780640903e-05,-3.5648343312581385,0.0,0.0008672290949221253,8.593244362915888
34,11,-1.4328458308167076e-05,19.586548003133142,2.2300614251030816e-06,0.0006729366678450485,17.251836509937714
35,12,-7.687594037497059e-06,8.885675470167591,0.012596724167946844,0.0004129887476064696,9.12891215738686
36,01,-5.276928763964617e-06,11.574925520045783,0.0001972472347239012,0.00046975674859519613,10.828720034978724
39,04,-2.3437909088230905e-05,-21.874123499891493,2.168152067396376e-08,0.0004928932368082314,4.110112059911092
40,05,-2.9170486620455693e-05,-20.4214844770534,0.0,0.00055373141337474,9.468134508666173
41,06,-3.17826830204164e-05,-27.949367026435006,0.0,0.0008103595633521967,8.309710549185011
42,07,-3.416977696542745e-05,-21.999847670688425,0.0,0.0009021180810537498,2.935726840890864
43,08,-3.1963929242763654e-05,-15.790871219429917,0.0,0.0009689928345582772,12.161826806775984
45,10,-1.6551261839878706e-05,3.491510892150223,0.0,0.000806341602621908,6.952388475377072
46,11,-1.519573135911843e-05,20.401449884033198,5.0221549140082464e-08,0.0006367408295191699,14.35263231576284
48,01,-1.1369238679367056e-05,31.70380508160335,0.00012911142713280135,0.0005065474144361389,23.507062125913563
49,02,-1.1685804688698098e-05,2.732715975443522,0.00031034646715436665,0.00024583032542684335,-0.6980405422619412
50,03,-1.3839232150540515e-05,-0.5926843497983868,2.071826688704952e-05,0.00048506053711077566,13.265807060569843
51,04,-2.090864053300013e-05,-10.60586452026367,1.1234845055474176e-05,0.0005298972676287223,9.872940920575457
52,05,-2.6606813441591635e-05,-11.409518621957432,0.0,0.0006822573668070693,6.826091371003018
53,06,-3.6603149109497395e-05,-25.008415187242296,0.0,0.0008680787925681217,7.4451282612482705
56,09,-2.725831751290065e-05,0.9693071214463977,0.0,0.0008300272881937013,17.08183361146715
58,11,-9.367185011372688e-06,10.117007967122396,3.5537613762749565e-08,0.0005637446514673988,7.654566838243273
59,12,-8.522425015388596e-06,21.808005747805364,2.6479295504990444e-05,0.0005939787194328425,13.30256360898992
62,03,-1.3818876191033916e-05,-6.2181760956138685,9.418372313181559e-05,0.00032761467128058087,1.7070786961791335
63,04,-2.3066575134180317e-05,-21.124448284233942,5.596658653683133e-05,0.00045012077381442295,2.0456456870185007
64,05,-2.301351515928619e-05,-21.276121071107926,3.1990530670330086e-06,0.00067266253149976,-3.17149069710188
65,06,-3.0384449369921637e-05,-25.249517172580298,0.0,0.0009127790745715982,7.471991460397509
66,07,-3.052118788760435e-05,-16.333257173927887,0.0,0.001033779662579662,9.1474737645221
67,08,-2.8069958612225798e-05,-17.017802792784988,0.0,0.0008598136095184325,2.872892107502107
70,11,-1.2000811908506469e-05,17.20852971835666,8.267998695373535e-07,0.000733812687942615,10.336642698266768
71,12,-7.343828446024142e-06,12.754345215500043,1.1825137240912326e-05,0.0005638061713049892,8.305007507467783
72,01,-6.201572312694294e-06,7.789162023728894,0.006257890532093664,0.00032037616245556873,3.3671332889679944
74,03,-1.1304150707112197e-05,-2.56875498781922,0.0002458149412626861,0.00041982346533168605,5.728958231320945
75,04,-2.3272295822324753e-05,-10.486857863362628,3.632929590013292e-07,0.0005507065881250634,12.875126613341438
76,05,-2.800802443084893e-05,-16.149492612120927,0.0,0.0007271333313690247,0.7978462683975057
77,06,-3.090711121482552e-05,-17.990251360066733,0.0,0.0007727630264536654,9.56488656516605
78,07,-3.447742918110781e-05,-15.274860501197074,0.0,0.0010814784673431896,13.101680323898153
79,08,-3.3271033724499884e-05,-4.3656862228557625,0.0,0.0009632387406820798,15.87532358626909
80,09,-2.244669017984254e-05,-3.3109654418945316,0.0,0.0010995125499796714,17.991419761784872
81,10,-1.5745955748394817e-05,1.4800897167574978,0.0,0.0007476628478483084,3.9228212014475177
84,01,-1.0488508364736625e-05,25.802121266682942,0.0024635101813142014,0.00041564420438127206,14.171719384019092
85,02,-9.105866422227595e-06,-15.737989101954868,0.0001222507996218545,0.00019560193471323016,-5.740575921649026
86,03,-1.09558865346488e-05,2.199697240357758,0.0001382134986180131,0.000417650180977115,11.289218418552027
87,04,-1.9242588071877733e-05,-14.953707265557181,7.426198323567707e-06,0.00039568850197150223,5.863026918029785
89,06,-3.5890827366468634e-05,-24.274000357055662,0.0,0.0008331960368823792,3.068294317224291
90,07,-3.000731417455182e-05,-30.125119514383297,0.0,0.0010106809674292967,12.281629657273651
91,08,-3.1366839325049225e-05,-20.726613564768147,0.0,0.0009093863952855494,13.797753053542104
92,09,-2.1116000810717296e-05,-5.870355172729491,0.0,0.0010170114291461383,13.824011871359083
93,10,-1.7202233669146365e-05,6.4104873591597356,0.0,0.0008042660296969873,15.84836222144096
95,12,-1.128779906788603e-05,28.043287035542146,0.00037468132152352284,0.0005160226476652414,15.426232051849366
99,04,-2.2575659647211267e-05,-11.442104777696397,1.2648238076104058e-07,0.0005509123427555208,4.7397296148724015
100,05,-2.791426425801057e-05,-28.103053294192083,0.0,0.0006231550341834262,5.088691424010902
101,06,-2.8837502824555686e-05,-20.989433822292757,0.0,0.0008995023713432398,12.883800532786049
102,07,-3.379324687933062e-05,-20.07741719498173,0.0,0.0011762637337276985,8.933421974059073
103,08,-3.0242934917310693e-05,-13.572054321945357,0.0,0.0011241900766090502,13.210910544979956
104,09,-2.5696148892024614e-05,-3.969099077690972,0.0,0.001026891966428189,18.18680549267663
106,11,-1.2423982501220758e-05,8.69252590874566,0.0,0.0005567817669088578,6.046647794045342
107,12,-5.659096497726741e-06,10.619382738339004,5.145294307380593e-05,0.0006231452756041871,10.722129596197476
108,01,-9.400724827868036e-06,23.76198229324177,0.0002939996052813786,0.0005186993550770137,14.951265936513103
109,02,-1.553154618433063e-05,17.196350676788683,4.479276722875135e-05,0.00036645799898507564,13.528206202342595
110,03,-1.4791143874625109e-05,4.141464673442225,3.25570567961662e-05,0.00047325576421621175,13.992932746682113
112,05,-3.182606770285695e-05,-15.882362545546664,0.0,0.0007443033780645266,2.950671381858087
113,06,-2.7714982728361462e-05,-28.63852083367242,0.0,0.0008593489899378255,-0.37918123620351224
114,07,-3.385038605679304e-05,-9.511822006717805,0.0,0.001171458948932473,15.473679856002972
115,08,-3.211179117533902e-05,-13.866469908683532,0.0,0.0010266525363930598,13.94590260669749
116,09,-2.5435363158006416e-05,2.907980506727431,0.0,0.0009323654926211424,11.980116043281555
117,10,-1.6347254436593455e-05,7.273599919801116,0.0,0.0007721173569709835,9.869671590989638
119,12,-7.866494279115095e-06,20.208327730240367,0.0,0.00053423904773601,12.202970729561263
120,01,-5.490775168401608e-06,12.580168148245866,0.0,0.0005023698754026696,10.294662934293028
122,03,-1.7582771425163286e-05,5.919001820882161,1.3147951454244634e-06,0.0005982449319345967,17.954782301687423
123,04,-2.3728384267512105e-05,-15.711892689005532,7.404155201382107e-06,0.0005368266940982721,5.260100383440654
124,05,-3.2913617601255e-05,-32.404015432706444,0.0,0.0005949903542140838,6.0320307345851765
125,06,-3.3498540398290464e-05,-35.047065074327264,0.0,0.0008175972156450774,4.440140065659417
126,07,-3.3625666249610085e-05,-27.510599928661055,0.0,0.000971569565642772,6.757328301583567
127,08,-3.0036708770112647e-05,-17.0266568734774,0.0,0.0009896705504082786,11.918716067467969
129,10,-1.9913688146604526e-05,14.103063629806684,0.0,0.0008421332443241979,14.940329161633727
131,12,-7.719866410816296e-06,20.033501539989185,2.718377369706349e-05,0.00047829752353097696,13.531202857314899
133,02,-1.709957590030951e-05,31.83555304718018,2.0835172562372115e-06,0.0005475542892947997,22.9481457257952
135,04,-2.7999317039636173e-05,-19.276666238742408,0.0,0.00037736529698403654,3.7507871259901253
138,07,-3.559518055198981e-05,-33.07448882301904,0.0,0.000870340643866736,11.827403479811963
139,08,-2.897321149455781e-05,-28.290339532667595,0.0,0.0010727420896216627,9.989635868913387
140,09,-2.7407515947157255e-05,-3.6402964202880854,0.0,0.0008673468175783354,12.827943298954434
141,10,-1.8407037761653066e-05,10.48773665069252,0.0,0.0007825079715910818,8.42830417339776
142,11,-1.0645134954231454e-05,8.876481322224937,1.7197676499684652e-05,0.0004970781178460824,5.109709851434498
143,12,-1.0178729378000547e-05,19.264495642221096,0.00010385854269868586,0.0004455819003796224,5.829736719623688
145,02,-6.996622216688376e-06,0.507544446309408,0.002555922939663842,0.000305701507385693,2.419369213149661
146,03,-1.2629808311264428e-05,-0.5304674036169569,0.0,0.0005727407951866191,5.395416858201385
147,04,-2.5889148811054637e-05,-18.50936585184733,1.8495678901672365e-06,0.00041218083241272116,5.61995390847524
148,05,-2.5811937759284265e-05,-33.066711107479634,0.0,0.0005622225995608382,0.8872901309023614
149,06,-2.987989489524302e-05,-20.686577268473304,0.0,0.0007455840776351881,14.718036211374072
150,07,-3.606362330103894e-05,-12.26554677852508,0.0,0.0011091873102282322,6.619193799377769
153,10,-2.004618059737534e-05,2.17344532234438,0.0,0.0006820325499599374,4.971583007299772
156,01,-5.988280283046514e-06,9.900324605634134,0.0,0.000437638549289248,3.217538565153716
157,02,-7.568776633878318e-06,10.513905402874128,3.7069602944385046e-05,0.00039763415424268303,11.67841455961644
158,03,-1.6743815379482177e-05,3.675611719931326,1.1341134707132974e-05,0.0004879701252311531,12.80877443896058
159,04,-2.3724830210206465e-05,-12.979907084147134,2.5939941406250002e-08,0.000579528459085648,11.795587993537051
163,08,-3.290884278264643e-05,-13.404264240552024,0.0,0.0012228114123283905,17.78341034901527
164,09,-2.5466491539959356e-05,-1.4094354346381297,0.0,0.0008614746787727199,9.088945560031467
165,10,-1.9484351597922247e-05,1.9587082073252686,1.8078127214985508e-06,0.0005589232049004094,6.554792054104549
166,11,-1.321692710625939e-05,23.694389510769323,0.0,0.0005697992317844588,20.914857090568542
167,12,-8.425528942156701e-06,11.411874493342573,3.2269544498894803e-06,0.00046205227275860006,8.596278399949433
168,01,-9.715480358609446e-06,34.39173987899288,4.798289268247543e-07,0.0005887621752377449,24.59790798663068
169,02,-8.449411843078754e-06,-1.1622854381742926,0.0001454247690382458,0.00038359931115603885,2.4115948096456985
170,03,-1.4966802825774622e-05,-6.011914413616221,0.00013486407008222353,0.0004124762266675568,6.541541600606773
171,04,-2.191761210872048e-05,-4.539731902737087,0.0,0.000576000432182122,3.7300693186442064
172,05,-3.0932743489659034e-05,-26.541132331437964,0.0,0.0007194121543284234,3.497821047116352
173,06,-3.281592492067931e-05,-24.277929318237305,0.0,0.0009091609778879503,9.25905919657813
175,08,-3.234485571499712e-05,-11.285276480397874,0.0,0.0010167660779612973,14.445863279670796
176,09,-2.2725771390226628e-05,-2.4448908416748045,0.0,0.000888641576060541,4.56495947757297
177,10,-1.798888249350155e-05,2.3637267239478326,0.0,0.000542134024022548,3.003415204591649
178,11,-1.1587640056374466e-05,-1.8295716874864363,0.00015719194677140975,0.00047988380124447253,2.3298814604229396
179,12,-9.250304196792702e-06,31.236705364924607,0.00020338165888222312,0.0004956924168822877,20.999137792648806
180,01,-8.814763398506955e-06,28.086010490499522,6.143172710172592e-05,0.0004701822597394422,17.509481018681676
181,02,-9.681430163471391e-06,-2.9269207930791947,0.0003871754450457437,0.0004138276064931533,6.761308108556839
182,03,-1.5868986940443404e-05,12.424105568506382,9.499826738911291e-08,0.0005810495797577411,25.385559077929432
183,04,-2.4481364455176743e-05,-15.54007357143826,6.838602489895291e-06,0.00040480200442157807,5.804787655745612
184,05,-2.8615912740195944e-05,-19.306992470361852,0.0,0.0006858745914348111,4.769940718599545
186,07,-3.466171150601792e-05,-32.442688338413035,0.0,0.0009186411803072188,4.388184303857946
187,08,-3.527003988845888e-05,-15.806742182249662,0.0,0.0008680270261172562,12.279929775791784
190,11,-8.92097842036795e-06,12.752254605102538,0.0,0.0008178240753429337,10.65475141023
191,12,-1.093666692604627e-05,22.757288210632986,6.536950347244099e-07,0.0005556525008313002,16.48587201194353
192,01,-1.2804497735976505e-05,25.385474410518523,0.0009627563479126142,0.00045759688101936,14.218067233526579
193,02,-1.271823695051786e-05,20.178666164579848,5.487134059270224e-06,0.00048809193327531924,20.19777915863764
194,03,-2.219248033328259e-05,-0.5256330294045062,0.00016835869896796444,0.00037265990637394303,14.015041863861907
195,04,-2.3056703787511248e-05,-15.611610607231992,0.0,0.0005232466899471546,8.932633039940727
196,05,-3.3250014936618425e-05,-29.631465932538433,0.0,0.0006214292339710306,9.018692946013585
197,06,-3.44918315846169e-05,-24.446217814466692,0.0,0.0007471122926498033,4.274826041094461
198,07,-3.591561413959817e-05,-25.92438248894804,0.0,0.001035028367159925,7.295851527121759
199,08,-3.331847033315239e-05,-31.29434137422295,0.0,0.0008271361476220967,0.6543888631225918
200,09,-2.6222378082234683e-05,-4.395296908230251,0.0,0.0008676720050675714,5.966960947651334
201,10,-1.4566836962311297e-05,5.514771194293934,0.0,0.0008753650264261328,12.37252014750819
202,11,-1.3042386322538529e-05,9.068964893934462,2.0260943306816947e-07,0.0006469659394806109,6.407606474367777
203,12,-8.991161045966975e-06,-5.598886509064706,0.00015860379254946144,0.00039905608716880105,2.4333651795746185
204,01,-7.460320452180465e-06,-0.4728464959257379,0.00023015245699113416,0.00044037663110958085,1.658294647544943
205,02,-7.544903639281147e-06,5.38362545916678,0.0006102077837648064,0.00031412921131322426,4.37647370480943
206,03,-1.2827322511164368e-05,-10.990242480862525,2.0419359207153323e-05,0.0004322530456430366,1.0527366366232593
208,05,-2.4253428110207234e-05,-26.022296560964275,0.0,0.0006685273422467372,9.13497221109944
210,07,-3.142641031134248e-05,-27.054918192217425,0.0,0.0009566610893040974,10.088768128179733
212,09,-2.534073391895315e-05,-7.00570699428982,0.0,0.0007056351989302735,0.038807996008131576
213,10,-1.7171301486478214e-05,8.106230379494288,0.0,0.0008193838488076182,10.03043698339565
214,11,-1.4551765714713837e-05,14.46901237657335,0.00012027359008789062,0.0004943569559801082,12.736440114508735
215,12,-8.836182103413613e-06,1.1414017176474303,0.00011574836187465217,0.000456995769084828,4.368369198132585
217,02,-9.97768289436776e-06,28.48145621345157,6.829840796334402e-08,0.0005305327026612487,22.079497913224362
218,03,-1.2413017713795421e-05,-3.0697627356744577,0.0,0.0005206532129615308,12.954594367386195
220,05,-3.085946982284968e-05,-22.07697987414944,0.0,0.000691181856834612,8.545581844842562
221,06,-3.476727682935032e-05,-20.254541469319665,0.0,0.0008864397704303581,3.493047113927205
222,07,-3.376502295814329e-05,-20.43258258581674,0.0,0.0008547632643424363,6.435511002550844
224,09,-2.7053925191669103e-05,-10.968042353990342,0.0,0.0009289264848881631,12.051192799843681
225,10,-2.0736059433235615e-05,1.8364669255082322,0.0,0.0007064217952702141,11.233670121797948
226,11,-1.1372840429430654e-05,5.54297788119846,0.0,0.000528491018474924,4.724241298357645
227,12,-9.893875752236308e-06,16.98351939342868,1.687051532089069e-05,0.0005512983522442909,7.438668075274396
228,01,-1.1099072907757458e-05,24.386054642872143,2.2409808251165574e-07,0.00045592296519506595,9.809003644122871
230,03,-1.582076560769428e-05,4.910139277304372,1.3940626575100807e-05,0.0006810213565312239,11.045111331426973
231,04,-2.2395207648413717e-05,-10.670934447903104,2.9785103268093537e-07,0.0005132326088525791,7.908418326038785
232,05,-3.182257207745645e-05,-20.036693252071256,0.0,0.0007038634061112829,3.9262605809857765
233,06,-3.4082233544055876e-05,-13.138249787733287,0.0,0.001018815234679136,13.012940218522813
234,07,-3.6390916169732936e-05,-13.917790471887077,0.0,0.0009119439115554566,15.677108238486833
235,08,-3.4686337675251e-05,-19.754633603331865,0.0,0.0009149996268527415,14.429789518274287
239,12,-8.802920268002493e-06,22.454611907630838,0.00011667215695945164,0.0005018636649010024,12.782658350072886
240,01,-9.430198710966792e-06,24.63400003675235,0.00020755073460199501,0.0005411838983149154,16.481189683155343
241,02,-1.079772392194216e-05,13.779260249546594,0.0025613292994953337,0.0004247924906180526,13.373481011186328
242,03,-1.3397230129969535e-05,-0.9194605676794566,8.536538770121912e-08,0.000520822167453769,9.409900608575471
243,04,-2.54553507465769e-05,-17.42901027967665,8.541558848487004e-06,0.00045097119342235603,5.066782274542914
244,05,-3.422614240797327e-05,-20.88572949317194,0.0,0.0007112033766742989,8.779698450191047
245,06,-3.759346314859108e-05,-24.964019442409946,0.0,0.0007349941236675172,9.589524438858033
247,08,-3.318467006672979e-05,-13.657699137697938,0.0,0.0009116657846986517,8.883778229928788
248,09,-2.59650643648355e-05,-3.5717024329291456,0.0,0.0010456855732800857,5.929397126367357
250,11,-1.3179962080519347e-05,12.654008286878799,2.0961513784196646e-05,0.0005313356323464177,4.796225587866042
251,12,-1.3700721242369786e-05,27.986750325848984,0.0004829321933049028,0.0004460608781439875,19.86696872741945
252,01,-6.553396535759588e-06,18.42038040095504,7.689163249026063e-06,0.0004392718665100694,10.353726586782804
253,02,-1.2230161100386137e-05,18.65321454909752,3.605513052008618e-05,0.0004498816253623835,19.062788032948287
254,03,-1.4517082142339604e-05,-0.5979741453765541,2.188550656841647e-05,0.0004991599991315802,9.49542429823516
255,04,-2.355722367422762e-05,-12.813957029554578,8.329312006632488e-07,0.0005945271223715785,4.805695806566875
256,05,-3.550879427684679e-05,-19.147158501081563,0.0,0.0006344104929724587,6.9489958812139365
259,08,-3.0941285219664524e-05,-19.063545700565466,0.0,0.0008177378859400235,11.04517762957337
261,10,-2.1893689024856883e-05,11.235235126454343,0.0,0.000834898857871064,12.005480048866684
262,11,-1.5146696185204038e-05,20.892512133110895,0.0,0.0005471246481323154,12.342221737946403
264,01,-6.723928980547147e-06,14.384707934964087,0.00041049615926640003,0.00033838884669713326,6.1000643886237995
265,02,-9.421481274265325e-06,7.153048214503697,0.0006544472773869832,0.00045849606639379885,11.07230871765954
267,04,-2.4765318735565716e-05,-15.737299090576174,6.594268480936686e-06,0.0004324344195720945,10.400624713431462
269,06,-3.303585196628976e-05,-31.827683939954966,0.0,0.0007031702677992751,12.22468430902693
270,07,-3.6646507612448495e-05,-24.41304970722813,0.0,0.0009577895311687377,8.167003860658214
271,08,-3.349079792080317e-05,-13.273838911159066,0.0,0.0011785009511229004,10.676284386645083
272,09,-2.8629883362433853e-05,-3.361749937269423,0.0,0.0008204311439514236,7.402657788870068
273,10,-1.872843477780094e-05,15.499699002173642,0.0,0.0009255201393185142,14.544020690487276
274,11,-1.4045017091525046e-05,9.019137569173179,0.0,0.0006085738384488525,7.708632052760654
275,12,-9.904081011676856e-06,14.487402564920403,0.00022924734956474715,0.00042967180998163804,5.938569107137702
276,01,-6.60295483731882e-06,23.604068570044735,0.00012535062912971744,0.0005113839650168305,13.556759391107867
277,02,-1.6342577849974034e-05,27.257544948032923,5.277034782228017e-06,0.0005129149039266849,20.7849390369824
278,03,-1.718439095667989e-05,-2.8514695644583754,1.5001514906524331e-06,0.0004819596547454955,12.162814038861184
280,05,-3.0134792006426703e-05,-17.31557953963741,0.0,0.0007120376103461025,4.80779668205015
282,07,-3.594073215623134e-05,-17.96138944137737,0.0,0.0010623623587375588,8.125416749031315
283,08,-3.0240783373966385e-05,-12.41071590333344,0.0,0.001163815572202473,0.3693177606316022
284,09,-2.726855740998468e-05,-6.606480073716904,0.0,0.0007335374628951386,-0.6506538895077175
285,10,-2.2813934475604865e-05,5.003235001430717,0.0,0.000718885400139463,15.801558265091272
286,11,-9.433203981300014e-06,10.082439758300783,0.0,0.0005791067180039236,8.362891557502746
287,12,-9.155090198257839e-06,-0.601292420089886,1.2510566301243278e-09,0.0004945328851989802,3.7487439302218855
288,01,-7.996820467572737e-06,16.024269751435966,0.00044667841542151673,0.00041192595895207524,7.2308413329791
289,02,-9.213011075579354e-06,1.6289639434814458,0.000368756529830751,0.0002735949758984874,-2.7782855909211293
290,03,-1.4304734281419465e-05,-4.024482163624097,0.0,0.0004401956440712298,5.931675549784015
292,05,-3.0977665722578726e-05,-19.48317038226384,0.0,0.0007096738202905913,13.447643165608888
294,07,-3.637924248004731e-05,-25.786057973554062,0.0,0.000985359612786695,7.717995313931539
295,08,-3.1032737283929096e-05,-31.771135562691633,0.0,0.001063466894169325,10.79600291262391
296,09,-2.437035215904568e-05,-12.497950702243381,0.0,0.0008103102327222991,8.71134063267178
297,10,-2.1305207502659715e-05,-2.352458050143333,1.9682761161558088e-06,0.0005624345080602805,5.868036298526231
298,11,-8.746191556262298e-06,13.336127873399521,0.0,0.0006547417485429125,9.657236481560602
299,12,-8.986315398414586e-06,16.75842543636855,1.2960655714875909e-05,0.0005586620659873345,8.24986906863797
300,01,-8.992702947169514e-06,20.66453995308825,0.0007110370653931812,0.0004630176850634722,12.400445861242154
301,02,-1.1818901434843997e-05,12.780648606925178,0.0004339445432027181,0.000495099684988787,8.718364602428743
302,03,-1.5225630396960167e-05,1.0669384965794064,0.00020815543461871405,0.00036018773000070863,5.864473087290283
303,04,-2.4217375733618005e-05,-11.611916856553819,0.0,0.0005477365501182944,3.0342327328787904
304,05,-2.847669872224737e-05,-31.81054322043798,0.0,0.0006152930506795131,3.692849372720206
305,06,-3.421590459786078e-05,-30.121984181382924,0.0,0.0008944627820598017,13.141829840681288
306,07,-3.5823426863228845e-05,-21.040274605699764,0.0,0.0009030186964724067,11.099155380125966
307,08,-3.442271008691844e-05,-10.630728795861687,0.0,0.0011410420949086592,7.505057596555321
308,09,-3.09724094837697e-05,1.3779368174235027,0.0,0.0008935518929530012,12.613644289016724
309,10,-1.9737982986943505e-05,10.8786054316695,0.0,0.0006333934098819987,11.938783076604208
310,11,-1.219442167142309e-05,8.63346869269477,3.3279392454359266e-07,0.0006341721947358944,7.877422987598844
311,12,-6.509792311736683e-06,12.651209838210898,0.000107577202140644,0.0003987152580916455,9.412742538349605
314,03,-1.2645556585016247e-05,2.2825399281491516,0.002058747031355417,0.0005048640071809572,6.881408927343225
315,04,-2.402455134354872e-05,-12.38321820203993,0.0,0.0005435340928157731,5.966150120883517
317,06,-3.715115132452208e-05,-30.632264646063906,0.0,0.0010480431722563416,10.793446467632718
318,07,-3.409394384040644e-05,-23.561669685609886,0.0,0.0009847484367624458,6.903388320861324
320,09,-2.545146969718593e-05,-6.704652192857532,0.0,0.0009221086927508522,6.048352263323466
324,01,-6.5253165958961526e-06,7.280853728591756,0.00014880976241122009,0.00037462094703483867,-1.198527814270348
325,02,-8.8568046297561e-06,4.634872235616048,0.00010614823585464838,0.0003650888354684262,2.863534123965672
326,03,-1.3873502668170125e-05,-4.782673361173239,0.0004253186384836833,0.00041051977616280897,8.711972299124605
327,04,-2.37631702343909e-05,-18.782449027506512,0.0,0.00045216028320109117,13.231339445326062
328,05,-3.370682173148433e-05,-13.439136345319852,0.0,0.0006535041197075036,11.327168507647768
329,06,-3.4785863751151034e-05,-27.11431088460287,0.0,0.0008772879220370063,6.44561336379581
330,07,-3.3670624993676266e-05,-35.11209074615151,0.0,0.0009552916027034605,5.194669483061761
331,08,-3.203818718891423e-05,-14.970106861073484,0.0,0.0009000416037593156,5.139944788245744
332,09,-2.4569920312832332e-05,-1.9050392035590278,0.0,0.0011661635124005137,7.6637080093383805
333,10,-2.0357669840078775e-05,8.929626497002058,0.0,0.0008570413862924212,11.764139995021203
335,12,-1.1844671387852061e-05,21.158474252352146,1.2561005930746755e-06,0.0005773151541380593,13.276590780688874
337,02,-9.635896793779033e-06,12.227102448962983,0.00012729246417681375,0.0005590188341237168,11.984527422791432
339,04,-2.5420359923575438e-05,-23.728481532796227,0.0,0.0005033413915325177,3.3506547569486838
340,05,-3.1186685044343005e-05,-23.42358186127037,0.0,0.0008101687334261413,10.869236741629978
341,06,-3.458860908376663e-05,-19.802041976589628,0.0,0.0009322974188374144,5.424472069888645
342,07,-4.0491175616739144e-05,-14.380545316962786,0.0,0.0009613429224455643,13.94707431110259
343,08,-3.430768915528969e-05,-11.902402343421853,0.0,0.0010274620080804539,6.611389506945046
344,09,-2.677926907070085e-05,-2.246240928141275,0.0,0.0008591688969658409,8.22912563188341
345,10,-1.4836711174446523e-05,-1.5530790907336818,0.0,0.0008285501714110792,4.005545213678831
346,11,-1.4172945336880124e-05,15.984315191311307,8.570086956024171e-06,0.0006465871534172897,10.173234992345176
348,01,-9.98381483742544e-06,30.50790186531313,3.1635838170205394e-06,0.0005276380488101,20.154622732100943
349,02,-9.733829621899499e-06,11.488472740085646,9.416011558181937e-06,0.00042143233519641003,12.265323426432992
350,03,-2.0140387961912898e-05,4.352542552004578,6.198341231192312e-05,0.0004389440757035161,15.45844951196896
351,04,-2.446588194630345e-05,-15.287676639472116,0.0,0.00038008468478427,7.088551215807597
353,06,-3.476253857051133e-05,-32.52892781643338,0.0,0.0008564286241224787,12.328733485349018
354,07,-3.577182100015043e-05,-18.878891244211506,0.0,0.0011261872946572934,7.46280018252711
355,08,-3.3834556450724496e-05,-9.036356891591062,0.0,0.001041277370647549,13.036809177316645
356,09,-2.5189189388381943e-05,-2.5223080678304033,0.0,0.0009044781553824899,4.18150704068078
357,10,-1.8222273044254205e-05,6.518695762716314,1.0895472700877858e-09,0.0008543528111196123,13.949120030803067
358,11,-1.2143508331428165e-05,12.723418456013999,0.00035360905991660223,0.0005676329277205644,9.143233898650275
359,12,-6.623100362498576e-06,8.910789440196046,3.1098793911677535e-05,0.00043185676473623153,3.3564824344881106
360,01,-6.219402897665034e-06,13.638463789416898,0.00026115813434764905,0.0004136181822207933,4.487606855351436
361,02,-6.55127283612057e-06,7.2258432279314295,5.497220584324428e-05,0.00047579284143406164,6.029134575253441
363,04,-2.2896213735516033e-05,-13.763160278998479,7.51813252766927e-09,0.0004889661802240576,-0.685411971897549
364,05,-3.152253704363203e-05,-24.89160391596312,0.0,0.0007151075125502661,12.152716374838224
365,06,-3.4585202314802804e-05,-32.20444840494791,0.0,0.0007885755440597576,8.964238966602748
366,07,-3.995988693131167e-05,-23.939954596078525,0.0,0.0009029157017727434,12.934066957371208
367,08,-3.326769469126164e-05,-18.63527480389995,0.0,0.0010581389043553269,12.439483702608335
368,09,-2.396435872586961e-05,-8.675344586181641,0.0,0.0009490466401233954,5.422410661633809
369,10,-1.8213049179844e-05,4.716025361748153,0.0,0.0008116932342555208,10.755346892162034
370,11,-1.3997967538165946e-05,28.005924584282763,7.164478302001954e-09,0.0006304514712387844,16.328244664086235
371,12,-8.896478755051119e-06,9.686923075029926,0.0033527605789963914,0.00038589618015715004,7.806057778881443
372,01,-6.091251291421628e-06,2.9262350808420488,0.002126177963390145,0.0003629201125318107,4.086005965673795
373,02,-7.65345504045659e-06,5.717629487900508,0.0021790685525962285,0.0003673177904023817,8.026179726691472
374,03,-1.4227020407356234e-05,-0.1344084672825314,1.3550689143519247e-05,0.0004143901391054961,6.929926506247573
375,04,-2.4690822054900404e-05,-20.66956467929416,2.4727185567220055e-07,0.0004912910699575554,6.223680580245124
377,06,-3.182083758476639e-05,-35.711798379855686,0.0,0.0008911056623261983,5.184164862230089
378,07,-3.4407490462771055e-05,-31.11366353779454,0.0,0.0012401764772639779,10.114219836901592
379,08,-3.27152816781925e-05,-15.088779016966459,0.0,0.0010051635737900273,11.199890485086746
380,09,-2.3803562745282155e-05,-1.7829848341200085,0.0,0.0008983746668693987,7.507118406274583
381,10,-1.8914465963579488e-05,8.677334267236855,0.0,0.000821376938233815,6.946783918237173
382,11,-1.1904203317903414e-05,4.708053307088217,0.0002805316183302138,0.000539917925373298,11.954520990626015
383,12,-7.738160395268594e-06,4.967533013128466,0.006288984498670025,0.00034308914540316133,9.098118736759309
384,01,-4.432973011169315e-06,15.641597058367989,0.000611914046349064,0.00040994079856436554,7.8899931685950175
385,02,-7.274441715534998e-06,7.353929252261208,0.00014321758775483995,0.0005457368057977929,12.228949002470287
386,03,-1.235675504704564e-05,-6.3443144091534345,0.00019613219461133403,0.00039190909222795576,6.132339461931618
388,05,-3.0008848766624646e-05,-32.62149781881353,0.0,0.0006954327806093939,12.94653068993681
392,09,-2.5484862159343414e-05,2.648160398695204,0.0,0.0010463940876720393,15.945109005716112
393,10,-1.916051529891168e-05,8.726722329416583,1.6692376905871977e-07,0.0007127288467344178,11.441918302064302
394,11,-8.12447487300637e-06,7.208228931681314,0.0,0.0006513960211994212,5.92565191201104
396,01,-9.557997748420493e-06,23.492998173539362,3.76804490243235e-05,0.00043240021513436713,15.473656117552068
397,02,-6.941694202459045e-06,2.77444112036694,0.0013561625960229456,0.0004849237747458461,2.178728864450564
399,04,-2.412122515035865e-05,-15.116672309705946,0.0,0.0005342435015494618,9.397371100213794
400,05,-3.2719707248821014e-05,-19.41600187732328,0.0,0.0008146372657843473,6.590203753809776
401,06,-3.633841799156573e-05,-15.284035491265191,0.0,0.0009098009567069676,15.388559870190088
404,09,-2.780254297756781e-05,-4.337274759928387,0.0,0.0009458465725743282,13.954834382735358
405,10,-1.749340033099435e-05,6.576196681525118,1.6571373067876343e-08,0.0009416702161500776,14.909538201732023
406,11,-9.782895505729057e-06,13.286790387301977,0.0,0.0004847364594485018,12.563796591271297
407,12,-8.270612005098982e-06,23.135962751162953,0.0004308112231633996,0.0005064767144187343,14.61453167242645
408,01,-7.079607454118081e-06,9.77005108642578,0.0024007742763847433,0.000497766507189808,11.252236509794832
409,02,-9.82560560788399e-06,1.2790957768758144,0.0007189501410438901,0.0003367882807537607,-1.159094538597833
410,03,-1.6003138249269338e-05,-14.11737674147083,0.00018706004465779953,0.0004201141621528276,4.0497559374942576
411,04,-2.0434202846445263e-05,-16.983018215264217,0.0,0.0004941429305161389,11.989419890530904
412,05,-2.7662325821888435e-05,-23.158452428017892,0.0,0.0006636143321345607,2.4006520103946807
413,06,-3.319209287441886e-05,-26.815010833062065,0.0,0.0008767861766169669,8.969547468270196
414,07,-3.405638901301333e-05,-27.630988150319745,0.0,0.0009992564759155084,6.063395621740689
415,08,-3.2683108437937644e-05,-17.84199171037572,0.0,0.0008798842714115641,9.443083260218303
416,09,-2.475842662511746e-05,-8.054260448540582,0.0,0.0009952416975374742,9.695096008894179
417,10,-1.765674730958508e-05,13.677036990258001,0.0,0.0007650325017121314,9.855143433540098
418,11,-1.2026654228591521e-05,13.685960133870443,8.762069013383654e-05,0.0006722915904273629,7.8996081568612
420,01,-8.580053124215514e-06,22.96357862870411,1.0653635506988855e-05,0.0004570045449137564,12.436592943314585
421,02,-1.1990748406116751e-05,26.598223410470148,1.0926482223329089e-06,0.000413683501669097,13.365070623874661
422,03,-1.6731313326227373e-05,-1.3453218475669946,6.519722682173533e-08,0.0004369409978938565,8.635303588846677
423,04,-2.3883861623916246e-05,-16.521862002224392,0.0,0.0007145584834816368,4.371208240678578
424,05,-3.2321809314922687e-05,-17.350711201329386,5.8457146408737335e-06,0.0007860145196551182,4.460978497023224
426,07,-3.570791800838603e-05,-18.498887496784167,0.0,0.0012707728695600497,2.4712541101312127
427,08,-3.5946427165531874e-05,-15.756697428713563,0.0,0.00083940602619154,11.565455817253357
428,09,-2.0748739615697153e-05,-9.244409510294595,0.0,0.0007514128688763474,4.304754424497816
429,10,-1.6616273676728237e-05,8.951883064844276,0.0,0.0007536827149327755,13.233899098078409
430,11,-1.0089955154782932e-05,6.784489759657117,3.112157185872396e-08,0.0007041661412425191,5.4755702130211725
431,12,-1.0581146033268115e-05,22.95546643394552,0.0004054831791949528,0.00047802787376777174,14.305220015987274
432,01,-9.2527426375611e-06,26.340960131573418,0.00016244323407450028,0.000489844752344597,18.644701262320243
434,03,-1.5915630637317265e-05,-1.6360386480515998,2.4049384619600027e-06,0.00042303985436162447,10.029118978069674
435,04,-2.4346638547669703e-05,-22.934988667466907,9.625487857394749e-09,0.0005260060907692656,10.873251885689628
436,05,-3.070366395367009e-05,-25.76910455847299,0.0,0.0007177736570713329,16.856304020481723
437,06,-3.477750818122634e-05,-31.860220404391814,0.0,0.0009790266007457542,14.235752619510228
438,07,-3.7615658574522775e-05,-25.170489753641114,0.0,0.0010782962788556474,17.498685590497907
440,09,-2.5603061031688413e-05,-1.6679924726698132,0.0,0.0007566028229298049,4.154875349871318
441,10,-1.3186316454061119e-05,-1.463842040031187,0.0,0.000853078227212879,-0.8720540958937775
442,11,-1.4898132296588707e-05,27.46974549831814,4.5776367187500004e-09,0.0007983321246238999,19.895228572103715
443,12,-8.385574634596725e-06,33.275967709449034,0.0,0.0007795188684168917,20.310897958140217
444,01,-9.004527324929857e-06,20.359526514525058,9.698816525038853e-05,0.000488436789451965,14.172474664052327
445,02,-1.2519085415486441e-05,14.879537966322628,1.52496250196435e-05,0.000396557157183862,15.577092767211214
447,04,-2.7581765115751797e-05,-20.820068422105575,1.3241238064236113e-07,0.0004367676396880408,10.033905906762017
448,05,-3.16294027814815e-05,-19.310568396455505,0.0,0.0007176550833915553,2.073139207963021
449,06,-3.356170396635004e-05,-23.02242342732747,0.0,0.0010927039331910299,5.402156425751581
450,07,-3.758493633006676e-05,-22.269790681900524,0.0,0.0010440241232438279,14.40303122233319
451,08,-3.3272750999810424e-05,-17.014684508621052,0.0,0.0010487866989167115,12.400393611907957
452,09,-2.4645985519115736e-05,-7.889081433783638,0.0,0.0009151321535124882,7.136507175445558
453,10,-1.526362983537594e-05,-3.798430909843855,0.0,0.0005933222717686742,3.3976095040639245
455,12,-4.447676278540448e-06,15.633635981405934,3.86891185596425e-06,0.000560933945176403,10.629026270692066
456,01,-6.416161365773257e-06,12.223324068787278,0.00022398640519829207,0.00038658891371489107,3.00486104214576
457,02,-8.18821650381367e-06,12.903916228158135,0.00023337035661651976,0.0005283647472425172,8.4660046029545
458,03,-1.5800369091061108e-05,2.527072602630943,0.0,0.0006005471790666234,12.592574200394331
459,04,-2.5679135762624757e-05,-26.331729773288306,0.0,0.00046593889041503434,9.407489323573644
461,06,-3.566179110415154e-05,-31.36642959594727,0.0,0.0011968786994141958,13.948579157532585
463,08,-3.333480648354688e-05,-12.395997953681537,0.0,0.0010214693359917133,13.987586888959333
465,10,-2.0550294828412475e-05,15.281469091599986,0.0,0.000977998422354175,16.963595434599025
466,11,-1.2597567349661808e-05,15.910226154920792,3.65040037367079e-07,0.0005069242515831825,13.279509921370614
467,12,-7.748080553331723e-06,20.40142875687794,0.0006995919622400755,0.0004944631197981608,11.00165480297868
468,01,-8.493993727101315e-06,23.796599253992884,1.641540501707344e-05,0.0004060688798143667,17.663954543821273
470,03,-1.3339704251535219e-05,-6.768148279333628,0.00012620726580260901,0.00046114679775602243,5.418887780302315
471,04,-2.4140652476206825e-05,-8.481860700141059,0.0,0.0007254045517381757,9.565616241603427
473,06,-3.447691067930363e-05,-33.33076165534125,0.0,0.0009423105013197868,5.857450155003866
474,07,-3.4126774513620195e-05,-44.31138712696363,0.0,0.0009376750856292581,3.485621720426826
475,08,-3.324744642680256e-05,-25.59706884437479,0.0,0.0010718811275108415,11.77572594638537
476,09,-2.7110998255941223e-05,-4.088550005425346,0.0,0.0010813803784312972,14.669336867396035
477,10,-1.717439320385384e-05,2.0582064438686585,1.104806956424508e-05,0.0008625090847966448,9.415437937746768
478,11,-1.049799736220949e-05,11.533768935139973,4.4242540995279946e-07,0.0007007089032915043,2.182743043751187
479,12,-7.425197422547768e-06,21.47761040308142,5.2109628595331655e-05,0.0005544804356621699,13.274201738193474
480,01,-8.170035396257738e-06,18.813249751593478,0.0003725200532585062,0.0004562786708415723,7.291034113053352
481,02,-8.232899953890454e-06,13.675333238874163,6.108944188980828e-05,0.0004878204055308429,10.586008830433798
483,04,-2.786484313502215e-05,-15.88577495863173,0.0,0.0003912166226224751,-1.5698741665522258
484,05,-2.8741963674400066e-05,-37.081440074305384,0.0,0.0006720132131989082,7.031841904855544
485,06,-3.9525050331051005e-05,-23.208365014648436,0.0,0.0009900846631499234,8.609806874932184
486,07,-3.625940142692049e-05,-31.74150496025496,0.0,0.001190152164367206,9.829136697256438
487,08,-3.404563471354698e-05,-17.337182702177312,0.0,0.0009153493840614355,12.387275987091884
488,09,-2.6543087166161665e-05,-4.24653964674208,0.0,0.0009920191406140525,13.203323169390362
490,11,-1.0039879183467646e-05,10.335369747924807,0.0,0.0005838539287481886,4.349684637090895
493,02,-1.5386156723984276e-05,31.748662168305497,1.7729275528041798e-05,0.0006172183049920366,24.30691208471101
494,03,-1.9840231885472768e-05,-1.8349693298339842,0.0,0.00044156570029401656,8.99767588207286
495,04,-2.7043378228700023e-05,-24.0670989525689,0.0,0.00044264087076846477,5.183640297359891
496,05,-2.995519203009721e-05,-45.04488896819084,0.0,0.0006991983233638057,10.13006349647686
497,06,-3.546342912159163e-05,-30.903872137790252,0.0,0.0009531023765690003,3.432671832127041
498,07,-3.552329937512147e-05,-24.55973527871409,0.0,0.0011676926252908862,16.479953436000375
499,08,-3.48960954878191e-05,-17.491402352609946,0.0,0.0011642942770002831,8.51712136036863
500,09,-2.4679065476549213e-05,-6.537764871215822,0.0,0.0009814041400650556,5.957221874258255
501,10,-1.848353834580477e-05,14.114419966174706,0.0,0.0008436635503033075,10.385557453668246
502,11,-1.0186800306089735e-05,15.631692754109702,0.0,0.0007050563983345021,12.617822023794385
503,12,-6.893300624729055e-06,15.732371215492165,1.2867758350987586e-06,0.0004749457487080894,7.658956028005128
504,01,-7.860778656987515e-06,14.34612370152627,3.849816578690723e-05,0.0004323260738559914,10.133833827295609
505,02,-9.005972841740524e-06,9.622026147751583,0.0020311918883096605,0.000539877978493261,11.546674844446638
506,03,-1.5948935392546162e-05,-0.9029574194467195,8.298632919147451e-08,0.0004469089032667109,7.127447119456466
507,04,-2.588563685021654e-05,-27.98602328389486,1.457011964586046e-05,0.0003414452638194754,6.313839817237854
508,05,-3.230829694098981e-05,-22.4746828918457,0.0,0.0005485733494364279,9.505540847839844
509,06,-3.7502937650666964e-05,-26.38411481492784,0.0,0.0010744130859948195,4.540895039600795
510,07,-3.6336240956178925e-05,-19.074829963273896,0.0,0.001075812178065009,4.705716874132874
511,08,-3.444879628501263e-05,-12.903870650096605,0.0,0.000943864032105035,7.435324650220974
512,09,-2.3354238802332672e-05,-7.743464881388346,0.0,0.0009716396207307595,5.674252790345087
513,10,-1.864643046111826e-05,14.62936670381279,0.0,0.0007882013383125549,12.118540854689897
514,11,-1.0072340758698473e-05,9.36498726196289,2.1571267975701224e-05,0.000526706469721909,6.842058276134069
