,month,MER,MSSHF,RH,ENSO,msl
0,01,-7.186377549426466e-06,5.464709561255669,62.6901256937955,0.47,482.0521
1,02,-7.399999772068052e-06,2.729709174746558,52.295623941567676,0.26,244.90395
2,03,-1.408509512223264e-05,7.08405715679866,62.090667984242096,-0.08,204.20605
6,07,-3.0671342559486147e-05,-22.637875941122733,53.00265082314577,-0.14,-498.57693
8,09,-2.3132900744369383e-05,-4.023202255249023,42.3501046719922,0.38,-129.18729
9,10,-1.6345863611966567e-05,2.642213581372333,56.92965585534547,0.24,75.574615
11,12,-1.207531024335357e-05,24.691616260159407,64.98245628347064,0.65,379.8211
12,01,-5.795284385228985e-06,8.867661568262244,49.01821534482766,0.35,491.29538
13,02,-7.359469057738698e-06,6.865867059466484,53.581606617508264,0.19,558.77295
14,03,-1.4070489600584629e-05,-6.186828353717764,55.02083505403355,0.41,245.52658
15,04,-2.282624180893941e-05,-17.872287172783746,48.97103869282801,0.59,11.051599
16,05,-2.9285246377967465e-05,-30.998830406271004,47.47244699586335,0.55,-246.74799
17,06,-3.014735746900341e-05,-26.066622504679362,62.37913317463399,0.62,-465.14877
18,07,-3.1905643976779664e-05,-14.025872309859079,48.67037434149174,0.62,-511.72028
19,08,-3.1051088017916934e-05,-11.540256553403795,47.008779259716306,0.15,-427.2768
20,09,-2.365392635981859e-05,-3.0327022542317708,42.946886476458445,0.2,-160.69318
21,10,-2.1172643707369163e-05,7.590982919672484,58.4636376896443,0.09,110.94379
22,11,-1.4279194747299093e-05,14.235161112806532,54.54851769668525,-0.03,213.42334
24,01,-7.860688640385075e-06,20.899533713063885,47.875411116570554,-0.33,624.8243
25,02,-8.991757432514056e-06,2.888394768487839,50.11619150138895,-0.24,400.1818
26,03,-1.2076194787720939e-05,11.89821663673975,73.37905685201383,0.33,187.63516
27,04,-2.2320882245185202e-05,-19.334173597547743,50.02077896680037,0.41,-82.99452
28,05,-3.0310256707952082e-05,-17.47440350473055,59.34436809112436,-0.27,-200.17581
31,08,-2.8741253340065727e-05,-19.03508228654759,42.77699926753197,-0.31,-419.32925
32,09,-2.269007780640903e-05,-3.5648343312581385,46.85175361700852,-0.01,-155.98553
33,10,-2.174942796122078e-05,9.781940688922843,60.93410625634399,-0.1,83.10216
34,11,-1.4328458308167076e-05,19.586548003133142,54.57233108670976,-0.22,379.66898
35,12,-7.687594037497059e-06,8.885675470167591,67.75924336626196,-0.16,443.451
36,01,-5.276928763964617e-06,11.574925520045783,58.01885871766587,-0.38,430.07434
37,02,-7.864293709969517e-06,5.468580898829869,51.56958197040644,-0.47,330.03677
38,03,-1.6001877676116956e-05,1.792558938959594,55.95160838729334,-0.28,120.55063
39,04,-2.3437909088230905e-05,-21.874123499891493,46.11000325809585,-0.34,-83.44098
42,07,-3.416977696542745e-05,-21.999847670688425,39.2781192299025,1.79,-509.97058
43,08,-3.1963929242763654e-05,-15.790871219429917,46.55304641459066,2.02,-441.7094
44,09,-2.1331834113273846e-05,-6.238656323920356,43.43915766518911,1.81,-173.03033
46,11,-1.519573135911843e-05,20.401449884033198,56.70156626680825,2.28,281.97644
47,12,-1.0313162028783104e-05,17.753608460457098,55.75187243828721,2.48,433.18796
48,01,-1.1369238679367056e-05,31.70380508160335,51.86229076744793,2.57,563.68115
49,02,-1.1685804688698098e-05,2.732715975443522,46.129101684696614,2.74,477.3344
50,03,-1.3839232150540515e-05,-0.5926843497983868,57.115805566785156,2.68,294.30066
51,04,-2.090864053300013e-05,-10.60586452026367,65.75529212030038,2.79,-134.41966
52,05,-2.6606813441591635e-05,-11.409518621957432,66.050863289825,2.89,-258.85492
53,06,-3.6603149109497395e-05,-25.008415187242296,46.266101067479454,2.02,-329.4283
54,07,-3.282222612492611e-05,-33.091220865229126,44.1499227373741,0.75,-514.9668
55,08,-2.6941880611302234e-05,-27.08358682743196,31.77761535606461,-0.11,-457.23343
56,09,-2.725831751290065e-05,0.9693071214463977,44.86737590899468,-0.41,-256.27048
57,10,-2.1395454446465794e-05,12.186390243366201,47.91972020449689,-0.43,47.755215
58,11,-9.367185011372688e-06,10.117007967122396,41.05919099200301,-0.43,288.81415
60,01,-1.1848107099418698e-05,28.771229348787696,56.9102486772409,-0.5,550.9917
61,02,-9.682757584759485e-06,6.4267875001403105,47.08914505602986,-0.52,539.70154
62,03,-1.3818876191033916e-05,-6.2181760956138685,56.610379949503034,-0.11,273.70264
63,04,-2.3066575134180317e-05,-21.124448284233942,53.13685258980724,0.09,-85.656845
64,05,-2.301351515928619e-05,-21.276121071107926,61.30564291210714,-0.47,-260.7804
65,06,-3.0384449369921637e-05,-25.249517172580298,53.14751710217263,-0.72,-470.7096
67,08,-2.8069958612225798e-05,-17.017802792784988,42.472240740586344,-0.15,-436.0031
69,10,-1.5594664512004833e-05,12.420039781796033,52.5519555827328,-0.15,61.32579
70,11,-1.2000811908506469e-05,17.20852971835666,62.11537896577253,-0.58,268.2967
71,12,-7.343828446024142e-06,12.754345215500043,59.86620702467682,-0.31,513.32196
72,01,-6.201572312694294e-06,7.789162023728894,59.71689801232405,-0.25,564.0204
73,02,-7.646551471441942e-06,-7.170963860648018,49.17462651499538,-0.58,277.93103
74,03,-1.1304150707112197e-05,-2.56875498781922,68.34861116093205,-0.6,242.18869
76,05,-2.800802443084893e-05,-16.149492612120927,55.7763452255995,-1.22,-262.97507
77,06,-3.090711121482552e-05,-17.990251360066733,61.34983533646531,-0.57,-464.99506
78,07,-3.447742918110781e-05,-15.274860501197074,50.75858460182529,-0.02,-515.8974
79,08,-3.3271033724499884e-05,-4.3656862228557625,49.79625837316948,-0.37,-473.34027
80,09,-2.244669017984254e-05,-3.3109654418945316,48.444472670045165,-0.44,-144.60776
83,12,-6.748697063030508e-06,22.216181771555252,62.92255071562849,-0.34,520.52545
84,01,-1.0488508364736625e-05,25.802121266682942,67.17732922877546,-0.36,543.1015
86,03,-1.09558865346488e-05,2.199697240357758,53.96111336709735,-0.39,222.10678
87,04,-1.9242588071877733e-05,-14.953707265557181,61.57429541588492,-0.52,-83.32996
88,05,-3.1224375424332516e-05,-18.680161248648037,54.14751819698144,-0.18,-265.42087
89,06,-3.5890827366468634e-05,-24.274000357055662,43.53411597645681,0.12,-417.50833
90,07,-3.000731417455182e-05,-30.125119514383297,48.19723509739805,0.56,-487.02533
91,08,-3.1366839325049225e-05,-20.726613564768147,49.22354232249208,1.05,-411.48602
92,09,-2.1116000810717296e-05,-5.870355172729491,52.886519872754164,1.31,-166.79977
93,10,-1.7202233669146365e-05,6.4104873591597356,48.62927366667281,0.57,159.10754
94,11,-1.2770530823662637e-05,20.62896745435927,57.76803370095226,0.65,323.31763
95,12,-1.128779906788603e-05,28.043287035542146,58.52688881322774,1.06,478.86127
97,02,-5.771432554432804e-06,6.824847212655203,67.52644709656069,1.08,422.63327
98,03,-1.3287096029671374e-05,-5.803373095440609,55.151999684815046,1.47,211.19514
99,04,-2.2575659647211267e-05,-11.442104777696397,52.015024873095086,1.66,-40.82643
100,05,-2.791426425801057e-05,-28.103053294192083,60.924986691195485,1.91,-238.41486
101,06,-2.8837502824555686e-05,-20.989433822292757,61.5306473079814,2.02,-363.83325
102,07,-3.379324687933062e-05,-20.07741719498173,55.40260847481861,1.92,-487.25833
103,08,-3.0242934917310693e-05,-13.572054321945357,50.633880177582476,1.48,-429.47345
104,09,-2.5696148892024614e-05,-3.969099077690972,51.22118268649578,1.23,-214.18217
105,10,-1.9746457593286597e-05,13.28605210072507,59.41998880579267,1.13,109.401184
106,11,-1.2423982501220758e-05,8.69252590874566,58.77474638277293,0.85,347.937
109,02,-1.553154618433063e-05,17.196350676788683,61.10995617006565,0.31,553.9629
110,03,-1.4791143874625109e-05,4.141464673442225,71.63935923557511,0.19,227.9133
111,04,-2.4692344382775542e-05,-22.74501348402235,55.09817502149212,-0.01,-43.446606
114,07,-3.385038605679304e-05,-9.511822006717805,59.07058047961163,-1.77,-553.86194
115,08,-3.211179117533902e-05,-13.866469908683532,47.473473327189375,-1.79,-425.33682
116,09,-2.5435363158006416e-05,2.907980506727431,49.177534459747214,-1.77,-193.02335
120,01,-5.490775168401608e-06,12.580168148245866,46.32122026583841,-1.09,381.5599
121,02,-1.1993180484209699e-05,15.243881237211681,52.799659086113884,-1.06,331.51282
122,03,-1.7582771425163286e-05,5.919001820882161,61.97907953674307,-1.2,168.05835
123,04,-2.3728384267512105e-05,-15.711892689005532,62.36782957411343,-1.09,-71.91658
125,06,-3.3498540398290464e-05,-35.047065074327264,55.710710440916486,-1.02,-395.31433
126,07,-3.3625666249610085e-05,-27.510599928661055,42.19065745926929,-1.12,-476.2049
127,08,-3.0036708770112647e-05,-17.0266568734774,43.458151734339296,-0.73,-417.90146
128,09,-2.1827326350689368e-05,-6.781363076782227,44.02462579022247,-0.61,-188.01161
130,11,-1.311930024130561e-05,7.912713109334308,43.72629240063826,-0.33,294.906
131,12,-7.719866410816296e-06,20.033501539989185,45.286219627095804,-0.02,422.8348
132,01,-9.708490018202875e-06,23.531725362798216,54.619796854420386,0.12,472.3663
133,02,-1.709957590030951e-05,31.83555304718018,59.52337883048256,0.43,287.32162
134,03,-1.7018775953137494e-05,2.372058311872584,47.98838851665681,0.61,201.72824
135,04,-2.7999317039636173e-05,-19.276666238742408,46.732171709169286,0.17,-67.522545
136,05,-3.125298669270236e-05,-34.3688931694441,36.06377147361027,0.03,-246.89653
137,06,-3.068480971400681e-05,-23.63770078192817,52.16888050745726,0.04,-476.4212
138,07,-3.559518055198981e-05,-33.07448882301904,37.832517702871755,0.17,-535.35895
139,08,-2.897321149455781e-05,-28.290339532667595,47.590817581110095,0.06,-421.92645
141,10,-1.8407037761653066e-05,10.48773665069252,49.92561818830045,-0.06,0.5318248
142,11,-1.0645134954231454e-05,8.876481322224937,54.38112868225972,0.12,151.93806
143,12,-1.0178729378000547e-05,19.264495642221096,49.02194799312469,0.28,346.28577
145,02,-6.996622216688376e-06,0.507544446309408,46.996895068120395,0.08,501.6239
146,03,-1.2629808311264428e-05,-0.5304674036169569,53.76618897918476,0.21,149.72813
147,04,-2.5889148811054637e-05,-18.50936585184733,50.20018549894757,0.21,-6.6386776
148,05,-2.5811937759284265e-05,-33.066711107479634,47.67298183366304,0.35,-205.00304
149,06,-2.987989489524302e-05,-20.686577268473304,57.62339900992447,0.89,-410.0361
150,07,-3.606362330103894e-05,-12.26554677852508,46.37869990175771,0.88,-534.5836
152,09,-2.1833397036001162e-05,-8.548686426798504,39.4321560544822,0.62,-142.52142
153,10,-2.004618059737534e-05,2.17344532234438,45.307421456006274,1.09,33.752953
154,11,-1.4646135411648073e-05,14.444811823866104,60.08639300202131,1.17,321.1307
155,12,-7.654158530845394e-06,17.942148733159545,42.031411531264894,1.29,444.63412
156,01,-5.988280283046514e-06,9.900324605634134,41.55076964045469,1.7,523.4487
157,02,-7.568776633878318e-06,10.513905402874128,42.596786469010105,1.59,327.33228
158,03,-1.6743815379482177e-05,3.675611719931326,56.535387553599556,1.72,256.56885
161,06,-3.339920427913765e-05,-25.873405965508358,43.36981476617124,1.58,-366.36334
163,08,-3.290884278264643e-05,-13.404264240552024,52.83446418771308,0.08,-391.6275
164,09,-2.5466491539959356e-05,-1.4094354346381297,48.6797681992597,0.5,-160.95573
165,10,-1.9484351597922247e-05,1.9587082073252686,58.379234332862715,0.81,107.8241
166,11,-1.321692710625939e-05,23.694389510769323,50.96693710040848,0.73,321.70654
167,12,-8.425528942156701e-06,11.411874493342573,45.69198678764476,0.78,346.80783
168,01,-9.715480358609446e-06,34.39173987899288,57.42208674485646,0.83,444.32123
169,02,-8.449411843078754e-06,-1.1622854381742926,41.2482318814184,0.93,409.73407
172,05,-3.0932743489659034e-05,-26.541132331437964,51.168041845343446,1.48,-209.61742
174,07,-3.3366269429406925e-05,-23.52127023184171,53.23872095220833,0.91,-510.42545
177,10,-1.798888249350155e-05,2.3637267239478326,43.9463890340828,0.95,93.616
178,11,-1.1587640056374466e-05,-1.8295716874864363,52.225245416957804,0.7,308.7385
179,12,-9.250304196792702e-06,31.236705364924607,64.63241229699248,0.26,496.91702
180,01,-8.814763398506955e-06,28.086010490499522,59.814965074129006,0.02,439.8527
181,02,-9.681430163471391e-06,-2.9269207930791947,54.97462990093799,-0.17,328.54105
183,04,-2.4481364455176743e-05,-15.54007357143826,53.21672202842236,0.03,-58.2063
184,05,-2.8615912740195944e-05,-19.306992470361852,50.8592781971834,0.0,-258.66992
185,06,-3.390126228795352e-05,-22.424498955281575,49.86442946763436,0.25,-461.10345
186,07,-3.466171150601792e-05,-32.442688338413035,36.16844127948567,0.88,-585.4385
187,08,-3.527003988845888e-05,-15.806742182249662,41.714041907468136,0.84,-478.66504
189,10,-1.8016295581522476e-05,4.47270425086893,52.33998963107474,1.47,116.08471
190,11,-8.92097842036795e-06,12.752254605102538,55.27824593100681,0.99,146.79947
191,12,-1.093666692604627e-05,22.757288210632986,53.902280609893545,0.87,506.64816
193,02,-1.271823695051786e-05,20.178666164579848,60.9734689490412,0.48,410.37485
194,03,-2.219248033328259e-05,-0.5256330294045062,56.57506640008187,0.14,215.50394
196,05,-3.3250014936618425e-05,-29.631465932538433,52.844916530618114,0.16,-217.10751
197,06,-3.44918315846169e-05,-24.446217814466692,49.08188772321145,-0.0,-417.1756
198,07,-3.591561413959817e-05,-25.92438248894804,39.340810654867084,-0.25,-542.48517
199,08,-3.331847033315239e-05,-31.29434137422295,33.68999910253863,-0.65,-458.77292
200,09,-2.6222378082234683e-05,-4.395296908230251,54.09243484116659,-0.86,-144.64745
201,10,-1.4566836962311297e-05,5.514771194293934,41.310020164710224,-0.65,29.517744
202,11,-1.3042386322538529e-05,9.068964893934462,58.53600206141338,-0.67,203.0674
203,12,-8.991161045966975e-06,-5.598886509064706,48.51484771922968,-0.82,584.3657
204,01,-7.460320452180465e-06,-0.4728464959257379,45.67560021059616,-0.83,496.7143
205,02,-7.544903639281147e-06,5.38362545916678,55.18347650017959,-0.81,423.08606
207,04,-2.0502408365953464e-05,-21.604367342122394,58.54018084150156,-0.69,34.537395
208,05,-2.4253428110207234e-05,-26.022296560964275,51.92535755428705,-0.83,-221.03815
209,06,-2.8253365109311642e-05,-38.732165323215064,41.61192797080808,-0.9,-425.9068
210,07,-3.142641031134248e-05,-27.054918192217425,49.82263012584947,-0.76,-484.07138
211,08,-2.9903093116464793e-05,-15.358725825155936,42.33743624172287,-0.6,-394.29868
212,09,-2.534073391895315e-05,-7.00570699428982,43.673043699496326,-0.26,-212.49223
213,10,-1.7171301486478214e-05,8.106230379494288,51.02844809201841,-0.31,43.950516
214,11,-1.4551765714713837e-05,14.46901237657335,58.72207561985916,-0.3,361.9141
215,12,-8.836182103413613e-06,1.1414017176474303,51.832999992789766,-0.45,377.37445
216,01,-3.583592048936e-06,-1.2817189340899076,35.36421269791357,-0.66,464.61926
217,02,-9.97768289436776e-06,28.48145621345157,61.04910012837534,-0.72,427.64642
218,03,-1.2413017713795421e-05,-3.0697627356744577,49.8996438915832,-0.29,157.46207
219,04,-2.201332183204714e-05,-17.60772253417969,50.15108422283994,0.17,4.14608
220,05,-3.085946982284968e-05,-22.07697987414944,55.658551038389554,0.68,-228.17157
223,08,-3.064838395117496e-05,-15.397676236060358,39.11490551742816,2.2,-443.0458
224,09,-2.7053925191669103e-05,-10.968042353990342,40.873450344501606,2.17,-108.87694
225,10,-2.0736059433235615e-05,1.8364669255082322,46.07108195983722,2.01,75.22978
226,11,-1.1372840429430654e-05,5.54297788119846,52.451002673839106,2.06,281.34946
229,02,-7.893391973560764e-06,12.879144769577753,54.623768248409036,2.43,374.34802
230,03,-1.582076560769428e-05,4.910139277304372,64.38913835901599,2.27,240.5872
231,04,-2.2395207648413717e-05,-10.670934447903104,67.35853829729425,2.55,-128.48677
232,05,-3.182257207745645e-05,-20.036693252071256,51.31070372274871,2.26,-241.77248
234,07,-3.6390916169732936e-05,-13.917790471887077,46.5719772114318,-1.42,-528.3777
235,08,-3.4686337675251e-05,-19.754633603331865,40.27667498864153,-1.74,-423.2486
236,09,-2.4247977624205914e-05,0.3736279635959201,55.41774919654528,-1.31,-244.93092
237,10,-2.3367591303340108e-05,14.50471792602539,57.49670259841796,-1.21,15.57226
239,12,-8.802920268002493e-06,22.454611907630838,51.308709990082264,-1.25,408.94022
240,01,-9.430198710966792e-06,24.63400003675235,61.44896206574927,-1.26,428.91992
241,02,-1.079772392194216e-05,13.779260249546594,59.85849182345754,-1.18,395.83838
242,03,-1.3397230129969535e-05,-0.9194605676794566,60.6708199271861,-1.11,149.30203
243,04,-2.54553507465769e-05,-17.42901027967665,53.24983413987689,-1.17,-120.272995
244,05,-3.422614240797327e-05,-20.88572949317194,50.723297991629586,-1.36,-252.08788
245,06,-3.759346314859108e-05,-24.964019442409946,49.104056137108806,-1.26,-402.62115
248,09,-2.59650643648355e-05,-3.5717024329291456,50.26974016195536,-1.17,-226.58974
249,10,-2.1588807777500546e-05,5.981483147405809,48.24640764357326,-1.31,27.527206
251,12,-1.3700721242369786e-05,27.986750325848984,63.54783165261822,-1.43,452.2693
252,01,-6.553396535759588e-06,18.42038040095504,45.80448549491872,-1.26,464.07245
254,03,-1.4517082142339604e-05,-0.5979741453765541,58.83941007500695,-1.36,206.74147
255,04,-2.355722367422762e-05,-12.813957029554578,60.681698268123455,-0.93,-120.14343
256,05,-3.550879427684679e-05,-19.147158501081563,47.704144963514416,-0.97,-328.5136
257,06,-3.750390542944741e-05,-27.016546727159287,42.780413097916714,-1.14,-435.06525
258,07,-3.168135436499142e-05,-21.668345875401656,51.88578506780696,-0.58,-527.72327
260,09,-2.4486756719630248e-05,-2.020394458007812,56.817002186003,-0.36,-198.83212
261,10,-2.1893689024856883e-05,11.235235126454343,57.40779917159772,-0.55,90.302795
262,11,-1.5146696185204038e-05,20.892512133110895,68.07071139411661,-0.91,380.23737
263,12,-1.1904006665214989e-05,20.81303864280127,63.79751548051194,-0.8,489.0962
264,01,-6.723928980547147e-06,14.384707934964087,53.25762820807451,-0.82,520.3304
267,04,-2.4765318735565716e-05,-15.737299090576174,60.65160554169682,-0.61,-85.70091
274,11,-1.4045017091525046e-05,9.019137569173179,50.75557469189433,-0.32,290.43933
275,12,-9.904081011676856e-06,14.487402564920403,52.82181985401466,0.02,585.3873
276,01,-6.60295483731882e-06,23.604068570044735,51.65779350411636,0.07,394.8643
277,02,-1.6342577849974034e-05,27.257544948032923,61.67323920420096,-0.26,337.02283
279,04,-2.4829810814864887e-05,-14.182246478949653,49.20558492463959,-0.36,-97.41214
280,05,-3.0134792006426703e-05,-17.31557953963741,52.31226475243542,-0.1,-225.9291
281,06,-3.5836119472898846e-05,-20.466573669433593,50.7506326838851,0.4,-437.12787
282,07,-3.594073215623134e-05,-17.96138944137737,48.60045512300026,0.42,-486.96448
283,08,-3.0240783373966385e-05,-12.41071590333344,52.640142950275894,0.97,-424.1825
284,09,-2.726855740998468e-05,-6.606480073716904,41.46046437310777,0.84,-176.54977
286,11,-9.433203981300014e-06,10.082439758300783,57.335292302331666,0.76,323.23273
287,12,-9.155090198257839e-06,-0.601292420089886,52.83887711868107,0.86,534.4234
290,03,-1.4304734281419465e-05,-4.024482163624097,45.80751552796749,0.53,236.12878
291,04,-2.383696288773839e-05,-17.2942943037245,47.44735419490735,-0.08,-55.814865
292,05,-3.0977665722578726e-05,-19.48317038226384,57.695412786129985,-0.57,-230.21747
293,06,-3.491794925367785e-05,-29.63445593295627,48.58540389312637,-0.07,-421.05585
294,07,-3.637924248004731e-05,-25.786057973554062,44.12265574810709,0.01,-524.7129
295,08,-3.1032737283929096e-05,-31.771135562691633,39.36124998163152,0.01,-381.52704
296,09,-2.437035215904568e-05,-12.497950702243381,40.21523504180775,0.14,-171.11194
297,10,-2.1305207502659715e-05,-2.352458050143333,49.86598729915773,0.26,73.76515
298,11,-8.746191556262298e-06,13.336127873399521,55.471923015075255,0.29,212.44867
299,12,-8.986315398414586e-06,16.75842543636855,56.42778465677845,0.1,474.46045
300,01,-8.992702947169514e-06,20.66453995308825,64.87525535803712,0.16,519.32697
301,02,-1.1818901434843997e-05,12.780648606925178,58.06078212638148,-0.04,397.38852
304,05,-2.847669872224737e-05,-31.81054322043798,50.857990436966695,-0.44,-287.75732
306,07,-3.5823426863228845e-05,-21.040274605699764,48.61712288511441,0.43,-471.47137
307,08,-3.442271008691844e-05,-10.630728795861687,53.4802156332962,0.74,-390.4502
308,09,-3.09724094837697e-05,1.3779368174235027,41.60773183429904,0.54,-185.12138
309,10,-1.9737982986943505e-05,10.8786054316695,45.96995730125903,0.34,49.617935
310,11,-1.219442167142309e-05,8.63346869269477,52.650442458646836,0.51,221.74939
312,01,-1.0532949036563073e-05,27.835473567839585,50.62756816835045,0.08,528.3124
313,02,-1.0796667724878803e-05,1.9850640389578682,54.967533898224424,0.61,474.27524
314,03,-1.2645556585016247e-05,2.2825399281491516,62.992716266741034,0.82,222.39105
315,04,-2.402455134354872e-05,-12.38321820203993,55.9102142579476,0.13,-47.287945
317,06,-3.715115132452208e-05,-30.632264646063906,50.84424858076307,0.2,-478.6046
318,07,-3.409394384040644e-05,-23.561669685609886,47.80977541725482,-0.02,-528.7577
319,08,-3.320200081173924e-05,-14.21000237282374,41.28222914207624,-0.01,-420.10278
320,09,-2.545146969718593e-05,-6.704652192857532,39.75358392157654,-0.05,-214.18127
322,11,-1.4535249143672345e-05,9.326381112670902,61.63253474075529,-0.75,218.75645
323,12,-9.12172876785682e-06,14.485518746324761,56.37181309181387,-0.73,638.26953
324,01,-6.5253165958961526e-06,7.280853728591756,43.42763289413273,-0.68,512.9481
325,02,-8.8568046297561e-06,4.634872235616048,55.29220876641359,-0.5,330.492
326,03,-1.3873502668170125e-05,-4.782673361173239,59.930227692120816,-0.61,96.81496
327,04,-2.37631702343909e-05,-18.782449027506512,53.65862876264652,-0.84,-111.67877
328,05,-3.370682173148433e-05,-13.439136345319852,55.415879218805216,-0.43,-246.44241
329,06,-3.4785863751151034e-05,-27.11431088460287,44.96967633606062,-0.23,-439.74884
330,07,-3.3670624993676266e-05,-35.11209074615151,34.7803111832411,0.11,-516.6461
331,08,-3.203818718891423e-05,-14.970106861073484,56.166526000266416,0.56,-459.06827
332,09,-2.4569920312832332e-05,-1.9050392035590278,48.50952039943403,0.63,-199.10974
333,10,-2.0357669840078775e-05,8.929626497002058,49.91160704086961,0.68,-17.569355
335,12,-1.1844671387852061e-05,21.158474252352146,51.61357204472506,0.59,462.54584
336,01,-1.3167410284109127e-05,32.71415653975292,54.798027210791915,0.62,502.87027
338,03,-1.969343553138324e-05,2.858439688077537,50.951221448258686,-0.22,193.84402
339,04,-2.5420359923575438e-05,-23.728481532796227,35.425640993569964,-0.36,25.75799
340,05,-3.1186685044343005e-05,-23.42358186127037,55.67473245647261,-0.44,-297.1597
341,06,-3.458860908376663e-05,-19.802041976589628,51.81401281598541,-0.86,-469.31458
343,08,-3.430768915528969e-05,-11.902402343421853,46.669440629773256,-0.93,-435.43094
344,09,-2.677926907070085e-05,-2.246240928141275,48.58724766878287,-1.1,-221.0536
345,10,-1.4836711174446523e-05,-1.5530790907336818,46.4751422240952,-1.14,106.22203
346,11,-1.4172945336880124e-05,15.984315191311307,55.0159122577058,-1.13,277.83688
348,01,-9.98381483742544e-06,30.50790186531313,59.32570013750177,-1.08,560.2267
349,02,-9.733829621899499e-06,11.488472740085646,43.235250111784055,-1.27,489.32965
350,03,-2.0140387961912898e-05,4.352542552004578,67.29393991330491,-1.54,80.10462
352,05,-3.326288808405293e-05,-18.37616691179173,46.32872357566895,-0.98,-257.4323
353,06,-3.476253857051133e-05,-32.52892781643338,47.80475471985869,-0.86,-488.2531
354,07,-3.577182100015043e-05,-18.878891244211506,53.425692884929724,-0.87,-547.149
355,08,-3.3834556450724496e-05,-9.036356891591062,49.02626591384924,-1.08,-424.82
357,10,-1.8222273044254205e-05,6.518695762716314,54.30898137165141,-1.12,19.285576
358,11,-1.2143508331428165e-05,12.723418456013999,55.05112889809742,-1.05,267.1297
359,12,-6.623100362498576e-06,8.910789440196046,51.189781416840454,-1.05,370.21112
360,01,-6.219402897665034e-06,13.638463789416898,56.756673166043,-1.01,493.622
361,02,-6.55127283612057e-06,7.2258432279314295,62.426701213981424,-0.85,235.73274
362,03,-1.4006747319585248e-05,0.15545269151913163,60.10794240493287,-0.94,93.42897
363,04,-2.2896213735516033e-05,-13.763160278998479,44.90089633327524,-0.81,-99.96892
364,05,-3.152253704363203e-05,-24.89160391596312,50.72287625494953,-0.72,-254.35059
365,06,-3.4585202314802804e-05,-32.20444840494791,47.13420631794532,-0.06,-396.04016
366,07,-3.995988693131167e-05,-23.939954596078525,46.67216465320125,0.49,-525.20764
367,08,-3.326769469126164e-05,-18.63527480389995,42.41847231385144,0.52,-389.80872
368,09,-2.396435872586961e-05,-8.675344586181641,43.626415080409586,0.39,-174.20749
369,10,-1.8213049179844e-05,4.716025361748153,49.256211021474606,0.56,71.810875
370,11,-1.3997967538165946e-05,28.005924584282763,63.3120259418408,1.05,290.5121
371,12,-8.896478755051119e-06,9.686923075029926,62.37685010996686,0.96,448.94067
373,02,-7.65345504045659e-06,5.717629487900508,61.53230691539674,1.28,419.8407
374,03,-1.4227020407356234e-05,-0.1344084672825314,56.345688745778084,1.31,203.06445
375,04,-2.4690822054900404e-05,-20.66956467929416,50.227940069592,0.49,-7.4109898
376,05,-2.827942739082006e-05,-27.387183430333288,51.416537502500645,-0.17,-242.85966
377,06,-3.182083758476639e-05,-35.711798379855686,43.71565713060168,-1.33,-423.95233
378,07,-3.4407490462771055e-05,-31.11366353779454,49.13440625845617,-2.43,-513.33813
379,08,-3.27152816781925e-05,-15.088779016966459,50.057286181364006,-2.4,-424.68347
381,10,-1.8914465963579488e-05,8.677334267236855,54.52403665949838,-2.18,61.47793
382,11,-1.1904203317903414e-05,4.708053307088217,64.34552551558414,-2.04,149.95941
383,12,-7.738160395268594e-06,4.967533013128466,56.59717789244652,-1.91,316.3904
384,01,-4.432973011169315e-06,15.641597058367989,49.85520389962581,-1.83,665.9641
385,02,-7.274441715534998e-06,7.353929252261208,64.81677477946593,-1.63,231.74854
386,03,-1.235675504704564e-05,-6.3443144091534345,43.386579177287324,-1.79,296.6504
387,04,-2.5035789431644346e-05,-14.869033695136176,49.48712501599656,-1.74,-87.06294
388,05,-3.0008848766624646e-05,-32.62149781881353,48.67582858574712,-1.29,-243.08896
389,06,-3.4230032604055946e-05,-25.01744469502767,49.43961729888122,-1.08,-492.6147
390,07,-3.7348723895911946e-05,-18.427609645064162,51.34294977803511,-0.86,-521.80273
391,08,-3.274760770019843e-05,-10.64563058373236,50.85391145080519,-0.88,-442.7835
392,09,-2.5484862159343414e-05,2.648160398695204,48.54894579696125,-1.16,-193.2409
393,10,-1.916051529891168e-05,8.726722329416583,41.10612051369683,-1.37,30.428013
394,11,-8.12447487300637e-06,7.208228931681314,45.10324230610001,-1.21,202.95915
395,12,-1.2744765838047034e-05,29.389911852764826,62.27082245179138,-1.24,518.36743
397,02,-6.941694202459045e-06,2.77444112036694,54.92825397600388,-0.67,456.79797
400,05,-3.2719707248821014e-05,-19.41600187732328,54.71462800888861,-0.35,-277.62402
401,06,-3.633841799156573e-05,-15.284035491265191,54.862410076340026,-0.28,-476.91837
402,07,-3.9630504535585143e-05,-18.105863085346844,55.33667580591222,0.3,-540.7715
406,11,-9.782895505729057e-06,13.286790387301977,48.36725960095062,-0.07,218.76872
408,01,-7.079607454118081e-06,9.77005108642578,59.36599973937003,-0.05,465.4339
410,03,-1.6003138249269338e-05,-14.11737674147083,62.83003596656937,-0.14,68.69853
411,04,-2.0434202846445263e-05,-16.983018215264217,45.651346360141694,-0.37,-77.071686
412,05,-2.7662325821888435e-05,-23.158452428017892,56.92952051083376,-0.71,-290.34998
413,06,-3.319209287441886e-05,-26.815010833062065,45.349666944320994,-1.18,-443.251
414,07,-3.405638901301333e-05,-27.630988150319745,40.32137145659744,-0.85,-581.20435
416,09,-2.475842662511746e-05,-8.054260448540582,49.65095689521101,-0.38,-214.10312
417,10,-1.765674730958508e-05,13.677036990258001,51.31546706972713,-0.16,45.992596
418,11,-1.2026654228591521e-05,13.685960133870443,60.59634180396663,-0.18,201.3917
419,12,-9.44601224512954e-06,28.97793200421077,55.46996279250422,-0.35,401.22763
420,01,-8.580053124215514e-06,22.96357862870411,63.49304372530727,-0.51,478.49652
422,03,-1.6731313326227373e-05,-1.3453218475669946,47.843510205716214,-0.08,185.77293
423,04,-2.3883861623916246e-05,-16.521862002224392,58.86005653639768,-0.16,6.00178
424,05,-3.2321809314922687e-05,-17.350711201329386,63.11191008513332,-0.18,-253.94803
425,06,-3.645346474101341e-05,-28.120134918891054,43.231891095406475,-0.01,-421.5953
426,07,-3.570791800838603e-05,-18.498887496784167,52.862582088247414,0.32,-521.3884
427,08,-3.5946427165531874e-05,-15.756697428713563,51.75170243226714,0.16,-377.78412
428,09,-2.0748739615697153e-05,-9.244409510294595,35.08465283191469,-0.15,-177.12128
429,10,-1.6616273676728237e-05,8.951883064844276,46.06859467966968,0.07,59.21596
432,01,-9.2527426375611e-06,26.340960131573418,62.63006211892765,0.23,510.53305
434,03,-1.5915630637317265e-05,-1.6360386480515998,44.90566300547765,0.13,219.84813
435,04,-2.4346638547669703e-05,-22.934988667466907,50.17846367060873,0.35,-62.596825
436,05,-3.070366395367009e-05,-25.76910455847299,53.73915812349191,0.96,-268.761
437,06,-3.477750818122634e-05,-31.860220404391814,46.7203716229452,1.85,-415.44
438,07,-3.7615658574522775e-05,-25.170489753641114,45.05531850020347,1.73,-510.2394
439,08,-3.326061218056918e-05,-12.586229408838417,52.3345120203854,1.92,-392.93945
440,09,-2.5603061031688413e-05,-1.6679924726698132,46.654843129608366,2.21,-165.24327
441,10,-1.3186316454061119e-05,-1.463842040031187,51.45971762442205,2.11,57.592476
443,12,-8.385574634596725e-06,33.275967709449034,59.292129598577816,1.9,423.62433
444,01,-9.004527324929857e-06,20.359526514525058,60.00615774854665,1.94,645.291
445,02,-1.2519085415486441e-05,14.879537966322628,54.698993667597065,1.81,529.0847
446,03,-1.4810545610421827e-05,-5.396197126162949,59.004922374092125,1.31,184.8378
447,04,-2.7581765115751797e-05,-20.820068422105575,57.557788026644126,1.33,-52.191338
448,05,-3.16294027814815e-05,-19.310568396455505,50.32535560724812,1.26,-275.3796
449,06,-3.356170396635004e-05,-23.02242342732747,60.87640379265148,0.36,-425.51797
450,07,-3.758493633006676e-05,-22.269790681900524,47.74635748879372,-0.51,-544.7409
451,08,-3.3272750999810424e-05,-17.014684508621052,43.397001161080546,-0.28,-397.82468
452,09,-2.4645985519115736e-05,-7.889081433783638,37.34792189491059,-0.34,-208.44118
453,10,-1.526362983537594e-05,-3.798430909843855,48.34944315867911,-0.6,153.54465
454,11,-1.1750765303218536e-05,10.89123139716254,54.5964946256227,-0.51,334.14954
455,12,-4.447676278540448e-06,15.633635981405934,42.93341399640295,-0.34,319.42926
456,01,-6.416161365773257e-06,12.223324068787278,48.97643718384928,-0.41,444.36823
457,02,-8.18821650381367e-06,12.903916228158135,62.959067062718525,-0.41,394.40356
459,04,-2.5679135762624757e-05,-26.331729773288306,46.84454056873057,-0.21,-43.315723
461,06,-3.566179110415154e-05,-31.36642959594727,52.944568701901716,-0.29,-408.60608
463,08,-3.333480648354688e-05,-12.395997953681537,44.035043613662005,-0.77,-372.1828
464,09,-2.5415033401845397e-05,-5.530321179199219,52.86381167994076,-0.8,-210.91124
465,10,-2.0550294828412475e-05,15.281469091599986,50.30405073937036,-0.63,42.163822
467,12,-7.748080553331723e-06,20.40142875687794,63.311030514205655,-0.73,492.83566
468,01,-8.493993727101315e-06,23.796599253992884,55.116003269850566,-0.77,548.95483
469,02,-1.1806723732206594e-05,-2.6082788761683875,46.30087924139698,-0.7,341.85495
471,04,-2.4140652476206825e-05,-8.481860700141059,60.03202422682047,-1.29,-27.297714
473,06,-3.447691067930363e-05,-33.33076165534125,39.74884000571834,-0.51,-447.32715
474,07,-3.4126774513620195e-05,-44.31138712696363,36.16823902212164,-0.17,-555.3519
476,09,-2.7110998255941223e-05,-4.088550005425346,48.59134079140956,0.52,-160.05202
478,11,-1.049799736220949e-05,11.533768935139973,58.11769115721252,0.26,297.43246
479,12,-7.425197422547768e-06,21.47761040308142,53.53903508252609,0.13,549.6516
480,01,-8.170035396257738e-06,18.813249751593478,61.34680531404607,0.08,501.06927
481,02,-8.232899953890454e-06,13.675333238874163,51.283400613031226,0.52,330.38324
482,03,-1.7898125718357898e-05,7.876527682396675,54.192069970153995,0.77,160.09628
483,04,-2.786484313502215e-05,-15.88577495863173,41.53150874974462,0.33,-43.160763
484,05,-2.8741963674400066e-05,-37.081440074305384,54.09692304540707,0.26,-205.94618
485,06,-3.9525050331051005e-05,-23.208365014648436,47.86380608810849,0.35,-439.87326
486,07,-3.625940142692049e-05,-31.74150496025496,48.734570516079984,0.24,-517.34766
487,08,-3.404563471354698e-05,-17.337182702177312,41.57153246440298,0.3,-426.11392
488,09,-2.6543087166161665e-05,-4.24653964674208,45.73786681658825,0.15,-212.35431
489,10,-1.8569231195137014e-05,10.235854191605762,54.45598049366731,0.27,35.55835
490,11,-1.0039879183467646e-05,10.335369747924807,64.20363267016013,0.45,337.0622
491,12,-8.260583359534854e-06,25.078029959073632,56.60606037604423,0.41,407.8034
492,01,-6.012859741277161e-06,22.106840989635838,48.67357203781476,0.29,406.96118
493,02,-1.5386156723984276e-05,31.748662168305497,64.97568837541958,0.3,364.34387
494,03,-1.9840231885472768e-05,-1.8349693298339842,46.56073982853019,0.15,40.996613
496,05,-2.995519203009721e-05,-45.04488896819084,46.51938461271666,-0.24,-206.3399
497,06,-3.546342912159163e-05,-30.903872137790252,54.092656515480414,-0.73,-435.89856
498,07,-3.552329937512147e-05,-24.55973527871409,49.31133174363516,-1.0,-484.91425
499,08,-3.48960954878191e-05,-17.491402352609946,46.845165995435046,-0.99,-429.26263
500,09,-2.4679065476549213e-05,-6.537764871215822,41.4254565234277,-1.19,-178.93272
501,10,-1.848353834580477e-05,14.114419966174706,59.132486595437086,-1.2,68.30067
502,11,-1.0186800306089735e-05,15.631692754109702,47.969248177954896,-1.15,305.4194
503,12,-6.893300624729055e-06,15.732371215492165,60.65007041392917,-1.16,550.3042
506,03,-1.5948935392546162e-05,-0.9029574194467195,53.47545231677126,-0.79,38.22377
507,04,-2.588563685021654e-05,-27.98602328389486,47.86236142485672,-0.96,-14.703191
508,05,-3.230829694098981e-05,-22.4746828918457,60.26473778712485,-1.06,-240.92174
509,06,-3.7502937650666964e-05,-26.38411481492784,47.88007799596918,-1.11,-396.28137
511,08,-3.444879628501263e-05,-12.903870650096605,45.419211714576655,-1.34,-389.35168
513,10,-1.864643046111826e-05,14.62936670381279,46.729617401201246,-1.47,111.98367
514,11,-1.0072340758698473e-05,9.36498726196289,49.88987413275507,-1.4,241.5011
