,month,MER,MSSHF,RH,EA,sst
0,01,-7.186377549426466e-06,5.464709561255669,62.6901256937955,-0.98,-207.8857
2,03,-1.408509512223264e-05,7.08405715679866,62.090667984242096,-0.94,-260.5522
3,04,-2.191347909663616e-05,-15.59233038906521,62.41300571294825,-0.63,-213.3494
4,05,-2.839083756912113e-05,-16.16055940262989,64.02205650719006,1.45,-108.50436
5,06,-3.330413338050373e-05,-22.16353809509278,52.028707694198026,0.15,57.122322
7,08,-2.8487004876296853e-05,-12.56110269165039,50.14281140049425,-0.92,300.16592
8,09,-2.3132900744369383e-05,-4.023202255249023,42.3501046719922,-0.42,270.73364
10,11,-1.1569333000928361e-05,13.890767045423724,49.679388139549886,0.62,14.431576
12,01,-5.795284385228985e-06,8.867661568262244,49.01821534482766,-1.08,-208.39334
13,02,-7.359469057738698e-06,6.865867059466484,53.581606617508264,-0.13,-261.0245
14,03,-1.4070489600584629e-05,-6.186828353717764,55.02083505403355,0.18,-266.9139
15,04,-2.282624180893941e-05,-17.872287172783746,48.97103869282801,-1.99,-220.60712
16,05,-2.9285246377967465e-05,-30.998830406271004,47.47244699586335,-1.45,-112.30069
17,06,-3.014735746900341e-05,-26.066622504679362,62.37913317463399,0.38,52.527702
18,07,-3.1905643976779664e-05,-14.025872309859079,48.67037434149174,0.09,211.0806
19,08,-3.1051088017916934e-05,-11.540256553403795,47.008779259716306,-0.68,298.1989
21,10,-2.1172643707369163e-05,7.590982919672484,58.4636376896443,0.42,139.12599
22,11,-1.4279194747299093e-05,14.235161112806532,54.54851769668525,-0.2,3.2910976
23,12,-7.873070872231058e-06,26.063403682913826,61.380955716897084,-1.29,-121.20839
24,01,-7.860688640385075e-06,20.899533713063885,47.875411116570554,-2.52,-213.89944
25,02,-8.991757432514056e-06,2.888394768487839,50.11619150138895,-0.95,-258.48355
26,03,-1.2076194787720939e-05,11.89821663673975,73.37905685201383,1.58,-264.3729
27,04,-2.2320882245185202e-05,-19.334173597547743,50.02077896680037,-1.5,-210.67792
28,05,-3.0310256707952082e-05,-17.47440350473055,59.34436809112436,0.09,-100.45241
29,06,-3.0904296795920855e-05,-15.787571440294057,51.69619375912348,0.57,58.551373
30,07,-3.173775886429094e-05,-20.80200322239373,49.75860673643311,0.83,212.90651
31,08,-2.8741253340065727e-05,-19.03508228654759,42.77699926753197,-1.48,307.15076
32,09,-2.269007780640903e-05,-3.5648343312581385,46.85175361700852,0.54,276.35168
33,10,-2.174942796122078e-05,9.781940688922843,60.93410625634399,0.16,159.79617
34,11,-1.4328458308167076e-05,19.586548003133142,54.57233108670976,0.01,14.27013
35,12,-7.687594037497059e-06,8.885675470167591,67.75924336626196,0.58,-114.71524
36,01,-5.276928763964617e-06,11.574925520045783,58.01885871766587,-0.23,-212.07837
37,02,-7.864293709969517e-06,5.468580898829869,51.56958197040644,-0.08,-257.88916
38,03,-1.6001877676116956e-05,1.792558938959594,55.95160838729334,-0.47,-258.3598
40,05,-2.9170486620455693e-05,-20.4214844770534,47.92201473479629,0.72,-100.93474
42,07,-3.416977696542745e-05,-21.999847670688425,39.2781192299025,-1.59,192.19002
43,08,-3.1963929242763654e-05,-15.790871219429917,46.55304641459066,0.33,286.28082
44,09,-2.1331834113273846e-05,-6.238656323920356,43.43915766518911,1.15,260.54968
46,11,-1.519573135911843e-05,20.401449884033198,56.70156626680825,0.85,8.078472
47,12,-1.0313162028783104e-05,17.753608460457098,55.75187243828721,-1.34,-126.123535
48,01,-1.1369238679367056e-05,31.70380508160335,51.86229076744793,0.59,-217.77812
49,02,-1.1685804688698098e-05,2.732715975443522,46.129101684696614,-1.05,-267.61844
51,04,-2.090864053300013e-05,-10.60586452026367,65.75529212030038,1.31,-225.14415
53,06,-3.6603149109497395e-05,-25.008415187242296,46.266101067479454,-0.92,38.094017
55,08,-2.6941880611302234e-05,-27.08358682743196,31.77761535606461,-0.54,292.00067
56,09,-2.725831751290065e-05,0.9693071214463977,44.86737590899468,1.93,269.73407
58,11,-9.367185011372688e-06,10.117007967122396,41.05919099200301,0.04,13.355459
59,12,-8.522425015388596e-06,21.808005747805364,57.410435429080856,-0.05,-119.3826
60,01,-1.1848107099418698e-05,28.771229348787696,56.9102486772409,-0.31,-217.38904
62,03,-1.3818876191033916e-05,-6.2181760956138685,56.610379949503034,-0.9,-271.87082
64,05,-2.301351515928619e-05,-21.276121071107926,61.30564291210714,-0.92,-104.01738
65,06,-3.0384449369921637e-05,-25.249517172580298,53.14751710217263,-1.29,54.54178
66,07,-3.052118788760435e-05,-16.333257173927887,51.58020934386151,-0.41,216.39946
67,08,-2.8069958612225798e-05,-17.017802792784988,42.472240740586344,-2.22,307.34143
68,09,-2.2138291550658728e-05,-0.809648367987739,66.94727416271104,-1.59,272.2838
69,10,-1.5594664512004833e-05,12.420039781796033,52.5519555827328,1.91,150.05937
71,12,-7.343828446024142e-06,12.754345215500043,59.86620702467682,-1.18,-117.686066
74,03,-1.1304150707112197e-05,-2.56875498781922,68.34861116093205,-0.56,-269.5725
75,04,-2.3272295822324753e-05,-10.486857863362628,59.37646033687326,0.3,-220.88075
76,05,-2.800802443084893e-05,-16.149492612120927,55.7763452255995,-0.66,-110.93055
77,06,-3.090711121482552e-05,-17.990251360066733,61.34983533646531,1.06,46.218452
78,07,-3.447742918110781e-05,-15.274860501197074,50.75858460182529,-0.23,198.09427
79,08,-3.3271033724499884e-05,-4.3656862228557625,49.79625837316948,0.63,291.10046
81,10,-1.5745955748394817e-05,1.4800897167574978,41.847355274659336,0.17,152.72154
83,12,-6.748697063030508e-06,22.216181771555252,62.92255071562849,0.12,-119.534874
84,01,-1.0488508364736625e-05,25.802121266682942,67.17732922877546,-0.78,-213.46439
86,03,-1.09558865346488e-05,2.199697240357758,53.96111336709735,0.33,-273.60312
87,04,-1.9242588071877733e-05,-14.953707265557181,61.57429541588492,0.1,-218.84727
88,05,-3.1224375424332516e-05,-18.680161248648037,54.14751819698144,1.4,-105.60303
89,06,-3.5890827366468634e-05,-24.274000357055662,43.53411597645681,0.86,45.866104
90,07,-3.000731417455182e-05,-30.125119514383297,48.19723509739805,-0.71,194.87158
91,08,-3.1366839325049225e-05,-20.726613564768147,49.22354232249208,-0.33,296.40454
92,09,-2.1116000810717296e-05,-5.870355172729491,52.886519872754164,-1.34,269.6704
93,10,-1.7202233669146365e-05,6.4104873591597356,48.62927366667281,0.91,143.65918
94,11,-1.2770530823662637e-05,20.62896745435927,57.76803370095226,0.72,8.794897
96,01,-8.849628261046861e-06,-8.473066081057311,52.03738375666833,0.06,-217.32962
97,02,-5.771432554432804e-06,6.824847212655203,67.52644709656069,0.78,-267.1159
98,03,-1.3287096029671374e-05,-5.803373095440609,55.151999684815046,-1.53,-273.6402
99,04,-2.2575659647211267e-05,-11.442104777696397,52.015024873095086,0.76,-228.8594
101,06,-2.8837502824555686e-05,-20.989433822292757,61.5306473079814,0.95,36.07214
102,07,-3.379324687933062e-05,-20.07741719498173,55.40260847481861,-2.42,189.20134
103,08,-3.0242934917310693e-05,-13.572054321945357,50.633880177582476,-1.26,277.32144
104,09,-2.5696148892024614e-05,-3.969099077690972,51.22118268649578,1.53,253.87378
105,10,-1.9746457593286597e-05,13.28605210072507,59.41998880579267,1.01,142.15239
106,11,-1.2423982501220758e-05,8.69252590874566,58.77474638277293,-0.54,5.8704557
107,12,-5.659096497726741e-06,10.619382738339004,50.16868590621025,0.95,-121.9816
108,01,-9.400724827868036e-06,23.76198229324177,64.8158600401199,0.99,-213.11276
109,02,-1.553154618433063e-05,17.196350676788683,61.10995617006565,-0.83,-266.65366
110,03,-1.4791143874625109e-05,4.141464673442225,71.63935923557511,0.4,-269.36823
111,04,-2.4692344382775542e-05,-22.74501348402235,55.09817502149212,0.19,-214.49738
112,05,-3.182606770285695e-05,-15.882362545546664,52.83810746537357,-0.01,-101.52461
113,06,-2.7714982728361462e-05,-28.63852083367242,47.29024293223089,-1.71,55.445354
114,07,-3.385038605679304e-05,-9.511822006717805,59.07058047961163,1.25,213.35811
116,09,-2.5435363158006416e-05,2.907980506727431,49.177534459747214,0.42,265.75848
118,11,-1.0307503538792339e-05,7.8851572241889105,46.36847800110711,-1.36,8.716818
120,01,-5.490775168401608e-06,12.580168148245866,46.32122026583841,0.7,-208.34628
121,02,-1.1993180484209699e-05,15.243881237211681,52.799659086113884,0.22,-251.35986
122,03,-1.7582771425163286e-05,5.919001820882161,61.97907953674307,-0.62,-258.01593
123,04,-2.3728384267512105e-05,-15.711892689005532,62.36782957411343,1.12,-202.81694
124,05,-3.2913617601255e-05,-32.404015432706444,43.15242019264416,-0.26,-90.97381
125,06,-3.3498540398290464e-05,-35.047065074327264,55.710710440916486,-0.87,63.405846
127,08,-3.0036708770112647e-05,-17.0266568734774,43.458151734339296,-0.57,316.93207
128,09,-2.1827326350689368e-05,-6.781363076782227,44.02462579022247,-0.57,284.997
129,10,-1.9913688146604526e-05,14.103063629806684,48.60193847477949,-0.35,158.8339
130,11,-1.311930024130561e-05,7.912713109334308,43.72629240063826,-1.88,20.614708
132,01,-9.708490018202875e-06,23.531725362798216,54.619796854420386,0.19,-199.02136
134,03,-1.7018775953137494e-05,2.372058311872584,47.98838851665681,1.31,-247.7356
135,04,-2.7999317039636173e-05,-19.276666238742408,46.732171709169286,-0.67,-203.02731
138,07,-3.559518055198981e-05,-33.07448882301904,37.832517702871755,0.02,225.79578
139,08,-2.897321149455781e-05,-28.290339532667595,47.590817581110095,-0.24,317.724
140,09,-2.7407515947157255e-05,-3.6402964202880854,48.108384553693405,-1.44,294.99014
141,10,-1.8407037761653066e-05,10.48773665069252,49.92561818830045,0.18,177.66176
143,12,-1.0178729378000547e-05,19.264495642221096,49.02194799312469,-0.78,-95.441895
144,01,-9.804670876438911e-06,24.167181801416536,38.86062395377826,0.92,-188.50595
145,02,-6.996622216688376e-06,0.507544446309408,46.996895068120395,0.15,-241.80774
146,03,-1.2629808311264428e-05,-0.5304674036169569,53.76618897918476,0.7,-247.0508
148,05,-2.5811937759284265e-05,-33.066711107479634,47.67298183366304,-2.66,-96.97786
149,06,-2.987989489524302e-05,-20.686577268473304,57.62339900992447,-1.45,65.66517
152,09,-2.1833397036001162e-05,-8.548686426798504,39.4321560544822,0.48,275.60425
153,10,-2.004618059737534e-05,2.17344532234438,45.307421456006274,-1.63,164.98242
154,11,-1.4646135411648073e-05,14.444811823866104,60.08639300202131,0.49,26.179844
155,12,-7.654158530845394e-06,17.942148733159545,42.031411531264894,-1.3,-104.64375
156,01,-5.988280283046514e-06,9.900324605634134,41.55076964045469,-0.54,-201.13889
157,02,-7.568776633878318e-06,10.513905402874128,42.596786469010105,-0.19,-250.83807
161,06,-3.339920427913765e-05,-25.873405965508358,43.36981476617124,-0.31,59.849133
162,07,-3.3542465003026134e-05,-26.574038988010855,46.61348771423679,-1.23,200.03906
163,08,-3.290884278264643e-05,-13.404264240552024,52.83446418771308,1.74,290.45187
164,09,-2.5466491539959356e-05,-1.4094354346381297,48.6797681992597,-0.22,267.00842
165,10,-1.9484351597922247e-05,1.9587082073252686,58.379234332862715,-2.36,146.24554
166,11,-1.321692710625939e-05,23.694389510769323,50.96693710040848,1.0,7.265412
167,12,-8.425528942156701e-06,11.411874493342573,45.69198678764476,-0.05,-115.7928
168,01,-9.715480358609446e-06,34.39173987899288,57.42208674485646,0.63,-202.7044
170,03,-1.4966802825774622e-05,-6.011914413616221,42.24266758934657,-0.03,-258.08282
171,04,-2.191761210872048e-05,-4.539731902737087,59.59964808656376,-1.08,-212.58456
172,05,-3.0932743489659034e-05,-26.541132331437964,51.168041845343446,-0.68,-100.21481
174,07,-3.3366269429406925e-05,-23.52127023184171,53.23872095220833,-1.41,201.2533
176,09,-2.2725771390226628e-05,-2.4448908416748045,57.50485973500145,-0.46,265.37994
177,10,-1.798888249350155e-05,2.3637267239478326,43.9463890340828,-1.13,149.47556
178,11,-1.1587640056374466e-05,-1.8295716874864363,52.225245416957804,-0.77,11.456824
179,12,-9.250304196792702e-06,31.236705364924607,64.63241229699248,0.43,-116.65621
180,01,-8.814763398506955e-06,28.086010490499522,59.814965074129006,0.0,-207.52528
181,02,-9.681430163471391e-06,-2.9269207930791947,54.97462990093799,0.83,-251.67459
182,03,-1.5868986940443404e-05,12.424105568506382,56.25959003628518,0.7,-255.35468
183,04,-2.4481364455176743e-05,-15.54007357143826,53.21672202842236,0.05,-203.36563
185,06,-3.390126228795352e-05,-22.424498955281575,49.86442946763436,0.74,64.48432
186,07,-3.466171150601792e-05,-32.442688338413035,36.16844127948567,0.97,229.53847
187,08,-3.527003988845888e-05,-15.806742182249662,41.714041907468136,0.75,325.46216
188,09,-2.649383951805552e-05,-2.2674784339057075,50.77799905458556,-0.79,293.4204
189,10,-1.8016295581522476e-05,4.47270425086893,52.33998963107474,-0.9,179.61371
190,11,-8.92097842036795e-06,12.752254605102538,55.27824593100681,0.76,30.427067
191,12,-1.093666692604627e-05,22.757288210632986,53.902280609893545,0.97,-98.78897
192,01,-1.2804497735976505e-05,25.385474410518523,57.77612080058489,0.09,-200.48306
193,02,-1.271823695051786e-05,20.178666164579848,60.9734689490412,1.03,-252.3995
194,03,-2.219248033328259e-05,-0.5256330294045062,56.57506640008187,-2.46,-257.01807
196,05,-3.3250014936618425e-05,-29.631465932538433,52.844916530618114,0.06,-97.05024
197,06,-3.44918315846169e-05,-24.446217814466692,49.08188772321145,-1.84,59.99255
199,08,-3.331847033315239e-05,-31.29434137422295,33.68999910253863,-2.09,317.72974
202,11,-1.3042386322538529e-05,9.068964893934462,58.53600206141338,-1.35,24.800936
203,12,-8.991161045966975e-06,-5.598886509064706,48.51484771922968,0.57,-104.07152
204,01,-7.460320452180465e-06,-0.4728464959257379,45.67560021059616,-0.53,-203.9831
205,02,-7.544903639281147e-06,5.38362545916678,55.18347650017959,-1.12,-256.8445
207,04,-2.0502408365953464e-05,-21.604367342122394,58.54018084150156,-0.69,-209.29327
208,05,-2.4253428110207234e-05,-26.022296560964275,51.92535755428705,-0.38,-96.215775
209,06,-2.8253365109311642e-05,-38.732165323215064,41.61192797080808,-0.53,60.085026
210,07,-3.142641031134248e-05,-27.054918192217425,49.82263012584947,0.39,213.47203
211,08,-2.9903093116464793e-05,-15.358725825155936,42.33743624172287,-0.08,317.62372
212,09,-2.534073391895315e-05,-7.00570699428982,43.673043699496326,-0.95,284.43433
213,10,-1.7171301486478214e-05,8.106230379494288,51.02844809201841,0.49,159.42911
215,12,-8.836182103413613e-06,1.1414017176474303,51.832999992789766,-1.52,-108.80791
217,02,-9.97768289436776e-06,28.48145621345157,61.04910012837534,1.06,-244.13025
218,03,-1.2413017713795421e-05,-3.0697627356744577,49.8996438915832,0.27,-250.75085
219,04,-2.201332183204714e-05,-17.60772253417969,50.15108422283994,-1.91,-201.50763
220,05,-3.085946982284968e-05,-22.07697987414944,55.658551038389554,0.61,-87.9614
222,07,-3.376502295814329e-05,-20.43258258581674,48.29218798171063,-0.41,226.58107
223,08,-3.064838395117496e-05,-15.397676236060358,39.11490551742816,0.18,311.27835
224,09,-2.7053925191669103e-05,-10.968042353990342,40.873450344501606,-0.81,277.36792
225,10,-2.0736059433235615e-05,1.8364669255082322,46.07108195983722,-1.5,157.03459
226,11,-1.1372840429430654e-05,5.54297788119846,52.451002673839106,0.92,11.257787
228,01,-1.1099072907757458e-05,24.386054642872143,54.87726956107148,0.14,-211.79137
229,02,-7.893391973560764e-06,12.879144769577753,54.623768248409036,1.33,-260.41016
231,04,-2.2395207648413717e-05,-10.670934447903104,67.35853829729425,2.39,-205.22095
232,05,-3.182257207745645e-05,-20.036693252071256,51.31070372274871,-1.25,-86.30774
233,06,-3.4082233544055876e-05,-13.138249787733287,60.09514157660935,-0.03,75.741
234,07,-3.6390916169732936e-05,-13.917790471887077,46.5719772114318,1.04,238.76976
236,09,-2.4247977624205914e-05,0.3736279635959201,55.41774919654528,0.17,287.8521
237,10,-2.3367591303340108e-05,14.50471792602539,57.49670259841796,0.71,174.5132
240,01,-9.430198710966792e-06,24.63400003675235,61.44896206574927,-0.27,-193.79572
241,02,-1.079772392194216e-05,13.779260249546594,59.85849182345754,-1.64,-244.54688
242,03,-1.3397230129969535e-05,-0.9194605676794566,60.6708199271861,-2.01,-250.22107
245,06,-3.759346314859108e-05,-24.964019442409946,49.104056137108806,0.13,73.358826
246,07,-3.775679561435789e-05,-20.12216363230059,34.70881050790896,0.48,228.10086
247,08,-3.318467006672979e-05,-13.657699137697938,45.50563225292391,-0.27,323.55194
248,09,-2.59650643648355e-05,-3.5717024329291456,50.26974016195536,1.07,295.5238
249,10,-2.1588807777500546e-05,5.981483147405809,48.24640764357326,-0.16,178.16364
251,12,-1.3700721242369786e-05,27.986750325848984,63.54783165261822,0.46,-102.75378
252,01,-6.553396535759588e-06,18.42038040095504,45.80448549491872,-1.97,-194.87994
253,02,-1.2230161100386137e-05,18.65321454909752,54.35344561065067,0.41,-251.03731
255,04,-2.355722367422762e-05,-12.813957029554578,60.681698268123455,0.33,-201.92383
256,05,-3.550879427684679e-05,-19.147158501081563,47.704144963514416,0.2,-79.45168
258,07,-3.168135436499142e-05,-21.668345875401656,51.88578506780696,-0.27,236.1668
261,10,-2.1893689024856883e-05,11.235235126454343,57.40779917159772,1.22,172.11023
263,12,-1.1904006665214989e-05,20.81303864280127,63.79751548051194,1.63,-108.13106
265,02,-9.421481274265325e-06,7.153048214503697,61.79020408172125,-0.39,-251.55318
266,03,-1.3063552253355424e-05,-6.242824222359606,58.59238742218351,1.23,-257.80957
268,05,-3.372209000100225e-05,-25.790908090242777,45.58359570831253,0.33,-92.44412
269,06,-3.303585196628976e-05,-31.827683939954966,48.06642211600013,-0.14,73.74094
270,07,-3.6646507612448495e-05,-24.41304970722813,43.035889669943884,0.67,236.27913
272,09,-2.8629883362433853e-05,-3.361749937269423,60.89090815499625,-0.98,291.51526
274,11,-1.4045017091525046e-05,9.019137569173179,50.75557469189433,-0.62,32.437813
275,12,-9.904081011676856e-06,14.487402564920403,52.82181985401466,-0.89,-100.925934
276,01,-6.60295483731882e-06,23.604068570044735,51.65779350411636,1.68,-203.2664
277,02,-1.6342577849974034e-05,27.257544948032923,61.67323920420096,1.43,-246.72726
278,03,-1.718439095667989e-05,-2.8514695644583754,52.573686629964456,0.63,-254.25497
280,05,-3.0134792006426703e-05,-17.31557953963741,52.31226475243542,0.15,-81.93709
281,06,-3.5836119472898846e-05,-20.466573669433593,50.7506326838851,1.65,69.17711
283,08,-3.0240783373966385e-05,-12.41071590333344,52.640142950275894,-0.39,313.67688
284,09,-2.726855740998468e-05,-6.606480073716904,41.46046437310777,-1.87,287.5068
285,10,-2.2813934475604865e-05,5.003235001430717,55.25826176021304,0.7,170.45549
286,11,-9.433203981300014e-06,10.082439758300783,57.335292302331666,0.67,17.98724
287,12,-9.155090198257839e-06,-0.601292420089886,52.83887711868107,0.62,-114.68088
288,01,-7.996820467572737e-06,16.024269751435966,52.92226850532075,1.11,-215.21367
289,02,-9.213011075579354e-06,1.6289639434814458,40.65915042115535,-0.09,-260.112
290,03,-1.4304734281419465e-05,-4.024482163624097,45.80751552796749,0.96,-263.8076
291,04,-2.383696288773839e-05,-17.2942943037245,47.44735419490735,-0.54,-212.71082
292,05,-3.0977665722578726e-05,-19.48317038226384,57.695412786129985,1.73,-87.02286
293,06,-3.491794925367785e-05,-29.63445593295627,48.58540389312637,1.31,71.783966
294,07,-3.637924248004731e-05,-25.786057973554062,44.12265574810709,1.26,231.98694
295,08,-3.1032737283929096e-05,-31.771135562691633,39.36124998163152,-0.16,325.41534
297,10,-2.1305207502659715e-05,-2.352458050143333,49.86598729915773,-1.89,179.53012
298,11,-8.746191556262298e-06,13.336127873399521,55.471923015075255,0.98,32.84296
299,12,-8.986315398414586e-06,16.75842543636855,56.42778465677845,-0.49,-104.867584
300,01,-8.992702947169514e-06,20.66453995308825,64.87525535803712,-0.45,-195.89203
301,02,-1.1818901434843997e-05,12.780648606925178,58.06078212638148,0.32,-250.20064
303,04,-2.4217375733618005e-05,-11.611916856553819,59.49211039767795,-0.34,-197.46284
304,05,-2.847669872224737e-05,-31.81054322043798,50.857990436966695,-1.18,-80.97545
305,06,-3.421590459786078e-05,-30.121984181382924,54.56608841220009,0.67,79.19676
306,07,-3.5823426863228845e-05,-21.040274605699764,48.61712288511441,-0.23,239.40964
307,08,-3.442271008691844e-05,-10.630728795861687,53.4802156332962,0.05,329.58453
309,10,-1.9737982986943505e-05,10.8786054316695,45.96995730125903,-0.6,180.92038
310,11,-1.219442167142309e-05,8.63346869269477,52.650442458646836,-1.45,37.241455
311,12,-6.509792311736683e-06,12.651209838210898,41.13814304297201,-1.19,-96.68773
312,01,-1.0532949036563073e-05,27.835473567839585,50.62756816835045,-1.77,-193.31544
313,02,-1.0796667724878803e-05,1.9850640389578682,54.967533898224424,-1.96,-242.88885
314,03,-1.2645556585016247e-05,2.2825399281491516,62.992716266741034,0.95,-255.84224
315,04,-2.402455134354872e-05,-12.38321820203993,55.9102142579476,1.54,-199.95999
316,05,-3.3327865934669755e-05,-23.83920729967343,52.369123788558014,1.03,-81.29794
319,08,-3.320200081173924e-05,-14.21000237282374,41.28222914207624,0.56,335.87488
320,09,-2.545146969718593e-05,-6.704652192857532,39.75358392157654,1.44,311.0031
322,11,-1.4535249143672345e-05,9.326381112670902,61.63253474075529,-0.36,42.657753
323,12,-9.12172876785682e-06,14.485518746324761,56.37181309181387,-1.22,-101.81006
324,01,-6.5253165958961526e-06,7.280853728591756,43.42763289413273,-1.03,-201.96338
325,02,-8.8568046297561e-06,4.634872235616048,55.29220876641359,-0.59,-255.39659
326,03,-1.3873502668170125e-05,-4.782673361173239,59.930227692120816,-0.68,-259.32666
327,04,-2.37631702343909e-05,-18.782449027506512,53.65862876264652,1.07,-205.46423
328,05,-3.370682173148433e-05,-13.439136345319852,55.415879218805216,1.15,-88.30704
331,08,-3.203818718891423e-05,-14.970106861073484,56.166526000266416,-0.52,335.9557
332,09,-2.4569920312832332e-05,-1.9050392035590278,48.50952039943403,1.82,301.1665
333,10,-2.0357669840078775e-05,8.929626497002058,49.91160704086961,0.66,182.73964
334,11,-1.6638314112929544e-05,21.698549422539603,51.20864173750348,1.68,41.281082
335,12,-1.1844671387852061e-05,21.158474252352146,51.61357204472506,1.0,-97.23011
336,01,-1.3167410284109127e-05,32.71415653975292,54.798027210791915,1.51,-193.56598
337,02,-9.635896793779033e-06,12.227102448962983,62.05461917357218,1.68,-244.86731
338,03,-1.969343553138324e-05,2.858439688077537,50.951221448258686,0.21,-249.81403
339,04,-2.5420359923575438e-05,-23.728481532796227,35.425640993569964,-1.23,-204.49014
340,05,-3.1186685044343005e-05,-23.42358186127037,55.67473245647261,1.01,-90.406586
341,06,-3.458860908376663e-05,-19.802041976589628,51.81401281598541,0.55,69.736626
342,07,-4.0491175616739144e-05,-14.380545316962786,51.51913973191349,-0.03,223.44946
343,08,-3.430768915528969e-05,-11.902402343421853,46.669440629773256,0.07,320.68103
344,09,-2.677926907070085e-05,-2.246240928141275,48.58724766878287,-0.52,299.58838
345,10,-1.4836711174446523e-05,-1.5530790907336818,46.4751422240952,-0.33,183.50879
346,11,-1.4172945336880124e-05,15.984315191311307,55.0159122577058,-2.07,35.726364
348,01,-9.98381483742544e-06,30.50790186531313,59.32570013750177,-0.35,-193.98665
349,02,-9.733829621899499e-06,11.488472740085646,43.235250111784055,0.47,-243.1179
350,03,-2.0140387961912898e-05,4.352542552004578,67.29393991330491,0.16,-249.26558
351,04,-2.446588194630345e-05,-15.287676639472116,50.48518859204715,0.88,-196.29097
352,05,-3.326288808405293e-05,-18.37616691179173,46.32872357566895,-0.85,-81.82149
353,06,-3.476253857051133e-05,-32.52892781643338,47.80475471985869,0.85,81.390945
354,07,-3.577182100015043e-05,-18.878891244211506,53.425692884929724,0.85,247.74434
355,08,-3.3834556450724496e-05,-9.036356891591062,49.02626591384924,-0.08,331.51282
356,09,-2.5189189388381943e-05,-2.5223080678304033,46.95382839618127,-0.3,299.18048
357,10,-1.8222273044254205e-05,6.518695762716314,54.30898137165141,0.08,178.20863
358,11,-1.2143508331428165e-05,12.723418456013999,55.05112889809742,-0.89,33.24126
359,12,-6.623100362498576e-06,8.910789440196046,51.189781416840454,-1.44,-97.00505
360,01,-6.219402897665034e-06,13.638463789416898,56.756673166043,1.13,-197.77545
361,02,-6.55127283612057e-06,7.2258432279314295,62.426701213981424,-0.72,-248.6324
362,03,-1.4006747319585248e-05,0.15545269151913163,60.10794240493287,-1.34,-252.22427
363,04,-2.2896213735516033e-05,-13.763160278998479,44.90089633327524,0.26,-200.30443
364,05,-3.152253704363203e-05,-24.89160391596312,50.72287625494953,1.12,-84.78434
365,06,-3.4585202314802804e-05,-32.20444840494791,47.13420631794532,-1.05,80.46946
366,07,-3.995988693131167e-05,-23.939954596078525,46.67216465320125,0.33,238.08727
367,08,-3.326769469126164e-05,-18.63527480389995,42.41847231385144,1.85,326.50888
368,09,-2.396435872586961e-05,-8.675344586181641,43.626415080409586,0.59,284.21118
369,10,-1.8213049179844e-05,4.716025361748153,49.256211021474606,0.96,172.0296
370,11,-1.3997967538165946e-05,28.005924584282763,63.3120259418408,1.48,21.968159
371,12,-8.896478755051119e-06,9.686923075029926,62.37685010996686,0.93,-108.705536
372,01,-6.091251291421628e-06,2.9262350808420488,60.36061479552843,0.38,-204.16515
373,02,-7.65345504045659e-06,5.717629487900508,61.53230691539674,1.25,-254.71014
374,03,-1.4227020407356234e-05,-0.1344084672825314,56.345688745778084,1.23,-260.64496
375,04,-2.4690822054900404e-05,-20.66956467929416,50.227940069592,0.09,-209.15189
376,05,-2.827942739082006e-05,-27.387183430333288,51.416537502500645,-1.39,-92.086136
378,07,-3.4407490462771055e-05,-31.11366353779454,49.13440625845617,1.8,250.35345
379,08,-3.27152816781925e-05,-15.088779016966459,50.057286181364006,1.17,344.85504
380,09,-2.3803562745282155e-05,-1.7829848341200085,47.799041656389505,0.55,306.81818
381,10,-1.8914465963579488e-05,8.677334267236855,54.52403665949838,-0.78,174.12119
383,12,-7.738160395268594e-06,4.967533013128466,56.59717789244652,-0.49,-95.21249
384,01,-4.432973011169315e-06,15.641597058367989,49.85520389962581,-1.31,-195.86214
385,02,-7.274441715534998e-06,7.353929252261208,64.81677477946593,0.41,-248.05598
386,03,-1.235675504704564e-05,-6.3443144091534345,43.386579177287324,-0.77,-257.73895
387,04,-2.5035789431644346e-05,-14.869033695136176,49.48712501599656,-0.59,-207.75735
389,06,-3.4230032604055946e-05,-25.01744469502767,49.43961729888122,-0.22,76.68901
390,07,-3.7348723895911946e-05,-18.427609645064162,51.34294977803511,0.41,242.64594
392,09,-2.5484862159343414e-05,2.648160398695204,48.54894579696125,1.77,299.29858
393,10,-1.916051529891168e-05,8.726722329416583,41.10612051369683,-0.28,175.63739
394,11,-8.12447487300637e-06,7.208228931681314,45.10324230610001,-0.09,31.952044
396,01,-9.557997748420493e-06,23.492998173539362,55.985124487241116,-1.76,-192.41382
399,04,-2.412122515035865e-05,-15.116672309705946,65.52592149374486,-0.28,-197.64725
401,06,-3.633841799156573e-05,-15.284035491265191,54.862410076340026,-0.11,82.57791
402,07,-3.9630504535585143e-05,-18.105863085346844,55.33667580591222,1.02,246.96683
406,11,-9.782895505729057e-06,13.286790387301977,48.36725960095062,1.15,36.17829
407,12,-8.270612005098982e-06,23.135962751162953,68.44660146777348,0.68,-99.628334
408,01,-7.079607454118081e-06,9.77005108642578,59.36599973937003,0.88,-202.04973
409,02,-9.82560560788399e-06,1.2790957768758144,54.799641565576906,0.14,-257.48383
410,03,-1.6003138249269338e-05,-14.11737674147083,62.83003596656937,-0.24,-261.90082
411,04,-2.0434202846445263e-05,-16.983018215264217,45.651346360141694,1.31,-208.05325
413,06,-3.319209287441886e-05,-26.815010833062065,45.349666944320994,0.66,87.08871
414,07,-3.405638901301333e-05,-27.630988150319745,40.32137145659744,0.63,257.64926
415,08,-3.2683108437937644e-05,-17.84199171037572,39.46305893081491,0.34,347.1218
416,09,-2.475842662511746e-05,-8.054260448540582,49.65095689521101,-0.57,306.36816
417,10,-1.765674730958508e-05,13.677036990258001,51.31546706972713,1.39,178.39789
418,11,-1.2026654228591521e-05,13.685960133870443,60.59634180396663,0.09,32.85424
419,12,-9.44601224512954e-06,28.97793200421077,55.46996279250422,1.2,-101.52501
421,02,-1.1990748406116751e-05,26.598223410470148,61.15281964255657,2.23,-249.41516
422,03,-1.6731313326227373e-05,-1.3453218475669946,47.843510205716214,0.92,-257.04962
423,04,-2.3883861623916246e-05,-16.521862002224392,58.86005653639768,0.52,-200.79861
424,05,-3.2321809314922687e-05,-17.350711201329386,63.11191008513332,0.38,-80.41463
425,06,-3.645346474101341e-05,-28.120134918891054,43.231891095406475,-1.03,87.92465
426,07,-3.570791800838603e-05,-18.498887496784167,52.862582088247414,0.58,254.7685
427,08,-3.5946427165531874e-05,-15.756697428713563,51.75170243226714,0.75,351.0655
428,09,-2.0748739615697153e-05,-9.244409510294595,35.08465283191469,0.2,318.10144
429,10,-1.6616273676728237e-05,8.951883064844276,46.06859467966968,1.02,184.33742
430,11,-1.0089955154782932e-05,6.784489759657117,59.376273723493675,0.43,30.943245
431,12,-1.0581146033268115e-05,22.95546643394552,54.273882943514856,-0.59,-101.28544
434,03,-1.5915630637317265e-05,-1.6360386480515998,44.90566300547765,1.2,-251.59377
435,04,-2.4346638547669703e-05,-22.934988667466907,50.17846367060873,0.88,-200.71713
436,05,-3.070366395367009e-05,-25.76910455847299,53.73915812349191,0.71,-73.56908
437,06,-3.477750818122634e-05,-31.860220404391814,46.7203716229452,1.06,89.15233
439,08,-3.326061218056918e-05,-12.586229408838417,52.3345120203854,1.08,341.02997
440,09,-2.5603061031688413e-05,-1.6679924726698132,46.654843129608366,0.15,305.40036
441,10,-1.3186316454061119e-05,-1.463842040031187,51.45971762442205,0.22,181.92542
442,11,-1.4898132296588707e-05,27.46974549831814,55.57987919455502,1.55,37.089066
443,12,-8.385574634596725e-06,33.275967709449034,59.292129598577816,3.14,-95.17763
445,02,-1.2519085415486441e-05,14.879537966322628,54.698993667597065,1.85,-252.13583
446,03,-1.4810545610421827e-05,-5.396197126162949,59.004922374092125,0.71,-257.0397
447,04,-2.7581765115751797e-05,-20.820068422105575,57.557788026644126,0.97,-201.9661
448,05,-3.16294027814815e-05,-19.310568396455505,50.32535560724812,0.22,-75.11342
449,06,-3.356170396635004e-05,-23.02242342732747,60.87640379265148,0.41,90.437065
450,07,-3.758493633006676e-05,-22.269790681900524,47.74635748879372,1.82,255.34512
451,08,-3.3272750999810424e-05,-17.014684508621052,43.397001161080546,2.08,345.76624
453,10,-1.526362983537594e-05,-3.798430909843855,48.34944315867911,0.42,179.98624
454,11,-1.1750765303218536e-05,10.89123139716254,54.5964946256227,-0.45,32.763496
457,02,-8.18821650381367e-06,12.903916228158135,62.959067062718525,0.58,-247.16751
459,04,-2.5679135762624757e-05,-26.331729773288306,46.84454056873057,-0.62,-200.72037
460,05,-2.9667726341906155e-05,-25.198657173730993,56.839670298081565,0.54,-86.83757
461,06,-3.566179110415154e-05,-31.36642959594727,52.944568701901716,2.03,73.635086
462,07,-3.888270218750779e-05,-23.176640851420746,56.14024401203919,1.83,245.93071
463,08,-3.333480648354688e-05,-12.395997953681537,44.035043613662005,2.02,338.97467
465,10,-2.0550294828412475e-05,15.281469091599986,50.30405073937036,0.62,189.81454
466,11,-1.2597567349661808e-05,15.910226154920792,53.90823562632401,0.12,48.37772
467,12,-7.748080553331723e-06,20.40142875687794,63.311030514205655,-0.5,-79.641495
468,01,-8.493993727101315e-06,23.796599253992884,55.116003269850566,0.55,-178.10437
469,02,-1.1806723732206594e-05,-2.6082788761683875,46.30087924139698,-1.38,-231.91132
470,03,-1.3339704251535219e-05,-6.768148279333628,63.03257818707726,-0.62,-237.91644
472,05,-3.631899526441482e-05,-17.44638056798135,47.40056218499266,-0.07,-69.91986
473,06,-3.447691067930363e-05,-33.33076165534125,39.74884000571834,-0.54,81.30794
474,07,-3.4126774513620195e-05,-44.31138712696363,36.16823902212164,2.36,239.01791
475,08,-3.324744642680256e-05,-25.59706884437479,43.61733073811633,1.82,334.63815
476,09,-2.7110998255941223e-05,-4.088550005425346,48.59134079140956,0.15,311.9157
477,10,-1.717439320385384e-05,2.0582064438686585,44.893768001867876,-0.39,194.99548
478,11,-1.049799736220949e-05,11.533768935139973,58.11769115721252,0.32,48.76337
479,12,-7.425197422547768e-06,21.47761040308142,53.53903508252609,1.44,-92.299706
481,02,-8.232899953890454e-06,13.675333238874163,51.283400613031226,-0.12,-241.26323
482,03,-1.7898125718357898e-05,7.876527682396675,54.192069970153995,0.94,-245.18378
483,04,-2.786484313502215e-05,-15.88577495863173,41.53150874974462,-0.96,-196.2992
484,05,-2.8741963674400066e-05,-37.081440074305384,54.09692304540707,-0.64,-79.32
485,06,-3.9525050331051005e-05,-23.208365014648436,47.86380608810849,1.28,85.984215
486,07,-3.625940142692049e-05,-31.74150496025496,48.734570516079984,0.08,250.27359
488,09,-2.6543087166161665e-05,-4.24653964674208,45.73786681658825,2.19,316.92303
490,11,-1.0039879183467646e-05,10.335369747924807,64.20363267016013,0.07,51.808228
491,12,-8.260583359534854e-06,25.078029959073632,56.60606037604423,0.81,-89.0961
492,01,-6.012859741277161e-06,22.106840989635838,48.67357203781476,1.74,-182.99692
493,02,-1.5386156723984276e-05,31.748662168305497,64.97568837541958,1.38,-231.87778
495,04,-2.7043378228700023e-05,-24.0670989525689,35.17819720014996,0.58,-182.30975
496,05,-2.995519203009721e-05,-45.04488896819084,46.51938461271666,0.06,-71.59138
498,07,-3.552329937512147e-05,-24.55973527871409,49.31133174363516,0.46,257.82974
499,08,-3.48960954878191e-05,-17.491402352609946,46.845165995435046,1.57,356.06085
500,09,-2.4679065476549213e-05,-6.537764871215822,41.4254565234277,1.95,327.9699
501,10,-1.848353834580477e-05,14.114419966174706,59.132486595437086,-0.23,210.43715
503,12,-6.893300624729055e-06,15.732371215492165,60.65007041392917,-0.8,-74.08278
506,03,-1.5948935392546162e-05,-0.9029574194467195,53.47545231677126,-0.18,-233.86006
507,04,-2.588563685021654e-05,-27.98602328389486,47.86236142485672,0.31,-180.45042
508,05,-3.230829694098981e-05,-22.4746828918457,60.26473778712485,0.8,-63.752457
509,06,-3.7502937650666964e-05,-26.38411481492784,47.88007799596918,1.02,96.66211
510,07,-3.6336240956178925e-05,-19.074829963273896,48.14752719921964,2.16,263.19864
511,08,-3.444879628501263e-05,-12.903870650096605,45.419211714576655,1.08,349.44998
512,09,-2.3354238802332672e-05,-7.743464881388346,41.71682162190013,1.7,323.55237
513,10,-1.864643046111826e-05,14.62936670381279,46.729617401201246,0.86,199.11652
514,11,-1.0072340758698473e-05,9.36498726196289,49.88987413275507,-0.91,54.6068
