,month,MER,MSSHF,RH,EA,NAO
0,01,-7.186377549426466e-06,5.464709561255669,62.6901256937955,-0.98,-2.12
2,03,-1.408509512223264e-05,7.08405715679866,62.090667984242096,-0.94,0.41
3,04,-2.191347909663616e-05,-15.59233038906521,62.41300571294825,-0.63,-2.01
5,06,-3.330413338050373e-05,-22.16353809509278,52.028707694198026,0.15,1.92
6,07,-3.0671342559486147e-05,-22.637875941122733,53.00265082314577,-0.59,0.86
8,09,-2.3132900744369383e-05,-4.023202255249023,42.3501046719922,-0.42,1.13
9,10,-1.6345863611966567e-05,2.642213581372333,56.92965585534547,-0.26,0.18
10,11,-1.1569333000928361e-05,13.890767045423724,49.679388139549886,0.62,0.42
11,12,-1.207531024335357e-05,24.691616260159407,64.98245628347064,0.94,0.84
12,01,-5.795284385228985e-06,8.867661568262244,49.01821534482766,-1.08,-1.38
14,03,-1.4070489600584629e-05,-6.186828353717764,55.02083505403355,0.18,-0.73
16,05,-2.9285246377967465e-05,-30.998830406271004,47.47244699586335,-1.45,-1.34
17,06,-3.014735746900341e-05,-26.066622504679362,62.37913317463399,0.38,-0.07
18,07,-3.1905643976779664e-05,-14.025872309859079,48.67037434149174,0.09,-0.39
19,08,-3.1051088017916934e-05,-11.540256553403795,47.008779259716306,-0.68,-3.01
21,10,-2.1172643707369163e-05,7.590982919672484,58.4636376896443,0.42,-1.41
23,12,-7.873070872231058e-06,26.063403682913826,61.380955716897084,-1.29,0.63
24,01,-7.860688640385075e-06,20.899533713063885,47.875411116570554,-2.52,-0.08
25,02,-8.991757432514056e-06,2.888394768487839,50.11619150138895,-0.95,0.6
26,03,-1.2076194787720939e-05,11.89821663673975,73.37905685201383,1.58,-1.65
27,04,-2.2320882245185202e-05,-19.334173597547743,50.02077896680037,-1.5,0.25
28,05,-3.0310256707952082e-05,-17.47440350473055,59.34436809112436,0.09,0.24
29,06,-3.0904296795920855e-05,-15.787571440294057,51.69619375912348,0.57,-0.15
32,09,-2.269007780640903e-05,-3.5648343312581385,46.85175361700852,0.54,-1.27
33,10,-2.174942796122078e-05,9.781940688922843,60.93410625634399,0.16,-0.96
34,11,-1.4328458308167076e-05,19.586548003133142,54.57233108670976,0.01,-0.53
35,12,-7.687594037497059e-06,8.885675470167591,67.75924336626196,0.58,-0.11
38,03,-1.6001877676116956e-05,1.792558938959594,55.95160838729334,-0.47,0.8
40,05,-2.9170486620455693e-05,-20.4214844770534,47.92201473479629,0.72,-0.44
41,06,-3.17826830204164e-05,-27.949367026435006,48.16991035015053,1.23,-1.34
43,08,-3.1963929242763654e-05,-15.790871219429917,46.55304641459066,0.33,0.21
44,09,-2.1331834113273846e-05,-6.238656323920356,43.43915766518911,1.15,1.86
45,10,-1.6551261839878706e-05,3.491510892150223,54.79260846710333,0.74,-0.29
46,11,-1.519573135911843e-05,20.401449884033198,56.70156626680825,0.85,1.55
47,12,-1.0313162028783104e-05,17.753608460457098,55.75187243828721,-1.34,1.56
48,01,-1.1369238679367056e-05,31.70380508160335,51.86229076744793,0.59,1.34
49,02,-1.1685804688698098e-05,2.732715975443522,46.129101684696614,-1.05,-1.04
50,03,-1.3839232150540515e-05,-0.5926843497983868,57.115805566785156,-0.36,0.59
51,04,-2.090864053300013e-05,-10.60586452026367,65.75529212030038,1.31,-1.07
52,05,-2.6606813441591635e-05,-11.409518621957432,66.050863289825,1.06,-0.01
53,06,-3.6603149109497395e-05,-25.008415187242296,46.266101067479454,-0.92,1.31
54,07,-3.282222612492611e-05,-33.091220865229126,44.1499227373741,-1.72,1.22
55,08,-2.6941880611302234e-05,-27.08358682743196,31.77761535606461,-0.54,1.95
56,09,-2.725831751290065e-05,0.9693071214463977,44.86737590899468,1.93,-0.95
58,11,-9.367185011372688e-06,10.117007967122396,41.05919099200301,0.04,-1.16
60,01,-1.1848107099418698e-05,28.771229348787696,56.9102486772409,-0.31,1.42
61,02,-9.682757584759485e-06,6.4267875001403105,47.08914505602986,-0.34,0.37
63,04,-2.3066575134180317e-05,-21.124448284233942,53.13685258980724,-0.4,-0.45
64,05,-2.301351515928619e-05,-21.276121071107926,61.30564291210714,-0.92,0.55
65,06,-3.0384449369921637e-05,-25.249517172580298,53.14751710217263,-1.29,-0.12
66,07,-3.052118788760435e-05,-16.333257173927887,51.58020934386151,-0.41,-0.04
67,08,-2.8069958612225798e-05,-17.017802792784988,42.472240740586344,-2.22,1.35
68,09,-2.2138291550658728e-05,-0.809648367987739,66.94727416271104,-1.59,0.31
69,10,-1.5594664512004833e-05,12.420039781796033,52.5519555827328,1.91,0.43
71,12,-7.343828446024142e-06,12.754345215500043,59.86620702467682,-1.18,-0.09
73,02,-7.646551471441942e-06,-7.170963860648018,49.17462651499538,-0.14,-1.0
75,04,-2.3272295822324753e-05,-10.486857863362628,59.37646033687326,0.3,0.2
76,05,-2.800802443084893e-05,-16.149492612120927,55.7763452255995,-0.66,-0.4
77,06,-3.090711121482552e-05,-17.990251360066733,61.34983533646531,1.06,-0.5
78,07,-3.447742918110781e-05,-15.274860501197074,50.75858460182529,-0.23,1.25
80,09,-2.244669017984254e-05,-3.3109654418945316,48.444472670045165,-0.18,-0.36
81,10,-1.5745955748394817e-05,1.4800897167574978,41.847355274659336,0.17,1.49
82,11,-1.5779393952086846e-05,2.730464919026692,53.6031213278585,-0.17,-0.84
83,12,-6.748697063030508e-06,22.216181771555252,62.92255071562849,0.12,0.11
84,01,-1.0488508364736625e-05,25.802121266682942,67.17732922877546,-0.78,0.78
85,02,-9.105866422227595e-06,-15.737989101954868,41.279925076501705,-0.59,-1.58
86,03,-1.09558865346488e-05,2.199697240357758,53.96111336709735,0.33,1.39
88,05,-3.1224375424332516e-05,-18.680161248648037,54.14751819698144,1.4,0.84
91,08,-3.1366839325049225e-05,-20.726613564768147,49.22354232249208,-0.33,-1.53
94,11,-1.2770530823662637e-05,20.62896745435927,57.76803370095226,0.72,2.27
95,12,-1.128779906788603e-05,28.043287035542146,58.52688881322774,1.13,0.83
97,02,-5.771432554432804e-06,6.824847212655203,67.52644709656069,0.78,-1.27
98,03,-1.3287096029671374e-05,-5.803373095440609,55.151999684815046,-1.53,-0.26
99,04,-2.2575659647211267e-05,-11.442104777696397,52.015024873095086,0.76,2.03
100,05,-2.791426425801057e-05,-28.103053294192083,60.924986691195485,-0.9,0.96
102,07,-3.379324687933062e-05,-20.07741719498173,55.40260847481861,-2.42,0.55
103,08,-3.0242934917310693e-05,-13.572054321945357,50.633880177582476,-1.26,-1.19
104,09,-2.5696148892024614e-05,-3.969099077690972,51.22118268649578,1.53,-1.04
105,10,-1.9746457593286597e-05,13.28605210072507,59.41998880579267,1.01,0.66
106,11,-1.2423982501220758e-05,8.69252590874566,58.77474638277293,-0.54,0.06
108,01,-9.400724827868036e-06,23.76198229324177,64.8158600401199,0.99,0.68
109,02,-1.553154618433063e-05,17.196350676788683,61.10995617006565,-0.83,0.42
110,03,-1.4791143874625109e-05,4.141464673442225,71.63935923557511,0.4,-0.58
111,04,-2.4692344382775542e-05,-22.74501348402235,55.09817502149212,0.19,-1.42
112,05,-3.182606770285695e-05,-15.882362545546664,52.83810746537357,-0.01,0.64
113,06,-2.7714982728361462e-05,-28.63852083367242,47.29024293223089,-1.71,1.19
115,08,-3.211179117533902e-05,-13.866469908683532,47.473473327189375,0.77,-0.07
116,09,-2.5435363158006416e-05,2.907980506727431,49.177534459747214,0.42,-0.82
118,11,-1.0307503538792339e-05,7.8851572241889105,46.36847800110711,-1.36,-0.49
119,12,-7.866494279115095e-06,20.208327730240367,52.71666673100892,-1.18,0.48
120,01,-5.490775168401608e-06,12.580168148245866,46.32122026583841,0.7,0.85
121,02,-1.1993180484209699e-05,15.243881237211681,52.799659086113884,0.22,1.82
122,03,-1.7582771425163286e-05,5.919001820882161,61.97907953674307,-0.62,1.54
123,04,-2.3728384267512105e-05,-15.711892689005532,62.36782957411343,1.12,0.16
124,05,-3.2913617601255e-05,-32.404015432706444,43.15242019264416,-0.26,1.33
125,06,-3.3498540398290464e-05,-35.047065074327264,55.710710440916486,-0.87,0.03
126,07,-3.3625666249610085e-05,-27.510599928661055,42.19065745926929,0.02,1.0
128,09,-2.1827326350689368e-05,-6.781363076782227,44.02462579022247,-0.57,2.15
129,10,-1.9913688146604526e-05,14.103063629806684,48.60193847477949,-0.35,0.48
130,11,-1.311930024130561e-05,7.912713109334308,43.72629240063826,-1.88,0.03
131,12,-7.719866410816296e-06,20.033501539989185,45.286219627095804,1.42,-1.15
132,01,-9.708490018202875e-06,23.531725362798216,54.619796854420386,0.19,0.7
133,02,-1.709957590030951e-05,31.83555304718018,59.52337883048256,1.55,1.16
134,03,-1.7018775953137494e-05,2.372058311872584,47.98838851665681,1.31,1.13
135,04,-2.7999317039636173e-05,-19.276666238742408,46.732171709169286,-0.67,2.03
136,05,-3.125298669270236e-05,-34.3688931694441,36.06377147361027,-1.27,-1.37
137,06,-3.068480971400681e-05,-23.63770078192817,52.16888050745726,0.57,0.29
138,07,-3.559518055198981e-05,-33.07448882301904,37.832517702871755,0.02,0.56
139,08,-2.897321149455781e-05,-28.290339532667595,47.590817581110095,-0.24,1.12
140,09,-2.7407515947157255e-05,-3.6402964202880854,48.108384553693405,-1.44,1.18
141,10,-1.8407037761653066e-05,10.48773665069252,49.92561818830045,0.18,0.76
142,11,-1.0645134954231454e-05,8.876481322224937,54.38112868225972,-0.15,-0.39
143,12,-1.0178729378000547e-05,19.264495642221096,49.02194799312469,-0.78,0.11
144,01,-9.804670876438911e-06,24.167181801416536,38.86062395377826,0.92,0.49
145,02,-6.996622216688376e-06,0.507544446309408,46.996895068120395,0.15,0.74
146,03,-1.2629808311264428e-05,-0.5304674036169569,53.76618897918476,0.7,-0.61
147,04,-2.5889148811054637e-05,-18.50936585184733,50.20018549894757,-0.86,0.17
148,05,-2.5811937759284265e-05,-33.066711107479634,47.67298183366304,-2.66,0.12
150,07,-3.606362330103894e-05,-12.26554677852508,46.37869990175771,-0.86,-0.46
151,08,-2.9805839779475068e-05,-22.79464663072811,38.70661156831249,0.05,1.46
152,09,-2.1833397036001162e-05,-8.548686426798504,39.4321560544822,0.48,0.61
153,10,-2.004618059737534e-05,2.17344532234438,45.307421456006274,-1.63,0.3
155,12,-7.654158530845394e-06,17.942148733159545,42.031411531264894,-1.3,0.34
156,01,-5.988280283046514e-06,9.900324605634134,41.55076964045469,-0.54,-0.66
157,02,-7.568776633878318e-06,10.513905402874128,42.596786469010105,-0.19,0.77
159,04,-2.3724830210206465e-05,-12.979907084147134,60.15185276207658,0.04,1.88
160,05,-3.502280750303383e-05,-18.415903687507882,37.98684394011575,0.53,2.49
161,06,-3.339920427913765e-05,-25.873405965508358,43.36981476617124,-0.31,0.51
162,07,-3.3542465003026134e-05,-26.574038988010855,46.61348771423679,-1.23,0.19
164,09,-2.5466491539959356e-05,-1.4094354346381297,48.6797681992597,-0.22,-0.28
166,11,-1.321692710625939e-05,23.694389510769323,50.96693710040848,1.0,1.12
167,12,-8.425528942156701e-06,11.411874493342573,45.69198678764476,-0.05,0.35
168,01,-9.715480358609446e-06,34.39173987899288,57.42208674485646,0.63,1.35
170,03,-1.4966802825774622e-05,-6.011914413616221,42.24266758934657,-0.03,0.3
171,04,-2.191761210872048e-05,-4.539731902737087,59.59964808656376,-1.08,0.91
172,05,-3.0932743489659034e-05,-26.541132331437964,51.168041845343446,-0.68,-0.67
173,06,-3.281592492067931e-05,-24.277929318237305,46.836056776909025,-0.44,-0.29
174,07,-3.3366269429406925e-05,-23.52127023184171,53.23872095220833,-1.41,-3.14
176,09,-2.2725771390226628e-05,-2.4448908416748045,57.50485973500145,-0.46,-0.41
177,10,-1.798888249350155e-05,2.3637267239478326,43.9463890340828,-1.13,-0.26
179,12,-9.250304196792702e-06,31.236705364924607,64.63241229699248,0.43,1.36
180,01,-8.814763398506955e-06,28.086010490499522,59.814965074129006,0.0,0.7
181,02,-9.681430163471391e-06,-2.9269207930791947,54.97462990093799,0.83,0.08
183,04,-2.4481364455176743e-05,-15.54007357143826,53.21672202842236,0.05,1.1
187,08,-3.527003988845888e-05,-15.806742182249662,41.714041907468136,0.75,0.36
188,09,-2.649383951805552e-05,-2.2674784339057075,50.77799905458556,-0.79,-1.14
189,10,-1.8016295581522476e-05,4.47270425086893,52.33998963107474,-0.9,-0.54
190,11,-8.92097842036795e-06,12.752254605102538,55.27824593100681,0.76,0.54
192,01,-1.2804497735976505e-05,25.385474410518523,57.77612080058489,0.09,0.57
193,02,-1.271823695051786e-05,20.178666164579848,60.9734689490412,1.03,0.85
194,03,-2.219248033328259e-05,-0.5256330294045062,56.57506640008187,-2.46,0.91
195,04,-2.3056703787511248e-05,-15.611610607231992,48.9374839578549,-1.71,-1.07
196,05,-3.3250014936618425e-05,-29.631465932538433,52.844916530618114,0.06,-1.33
197,06,-3.44918315846169e-05,-24.446217814466692,49.08188772321145,-1.84,0.44
199,08,-3.331847033315239e-05,-31.29434137422295,33.68999910253863,-2.09,0.76
201,10,-1.4566836962311297e-05,5.514771194293934,41.310020164710224,0.53,0.72
202,11,-1.3042386322538529e-05,9.068964893934462,58.53600206141338,-1.35,-1.59
204,01,-7.460320452180465e-06,-0.4728464959257379,45.67560021059616,-0.53,-0.65
205,02,-7.544903639281147e-06,5.38362545916678,55.18347650017959,-1.12,-0.52
206,03,-1.2827322511164368e-05,-10.990242480862525,51.72073062135199,-0.65,-0.66
208,05,-2.4253428110207234e-05,-26.022296560964275,51.92535755428705,-0.38,-0.93
210,07,-3.142641031134248e-05,-27.054918192217425,49.82263012584947,0.39,0.7
211,08,-2.9903093116464793e-05,-15.358725825155936,42.33743624172287,-0.08,1.19
212,09,-2.534073391895315e-05,-7.00570699428982,43.673043699496326,-0.95,-0.69
213,10,-1.7171301486478214e-05,8.106230379494288,51.02844809201841,0.49,0.15
214,11,-1.4551765714713837e-05,14.46901237657335,58.72207561985916,1.38,-0.72
215,12,-8.836182103413613e-06,1.1414017176474303,51.832999992789766,-1.52,-1.4
218,03,-1.2413017713795421e-05,-3.0697627356744577,49.8996438915832,0.27,1.13
219,04,-2.201332183204714e-05,-17.60772253417969,50.15108422283994,-1.91,-1.25
220,05,-3.085946982284968e-05,-22.07697987414944,55.658551038389554,0.61,-0.21
221,06,-3.476727682935032e-05,-20.254541469319665,56.16686724849277,-0.75,-1.17
222,07,-3.376502295814329e-05,-20.43258258581674,48.29218798171063,-0.41,0.37
223,08,-3.064838395117496e-05,-15.397676236060358,39.11490551742816,0.18,0.94
224,09,-2.7053925191669103e-05,-10.968042353990342,40.873450344501606,-0.81,0.74
225,10,-2.0736059433235615e-05,1.8364669255082322,46.07108195983722,-1.5,-1.34
226,11,-1.1372840429430654e-05,5.54297788119846,52.451002673839106,0.92,-1.08
228,01,-1.1099072907757458e-05,24.386054642872143,54.87726956107148,0.14,-0.05
229,02,-7.893391973560764e-06,12.879144769577753,54.623768248409036,1.33,-0.57
230,03,-1.582076560769428e-05,4.910139277304372,64.38913835901599,0.49,0.51
231,04,-2.2395207648413717e-05,-10.670934447903104,67.35853829729425,2.39,-0.88
232,05,-3.182257207745645e-05,-20.036693252071256,51.31070372274871,-1.25,-1.17
233,06,-3.4082233544055876e-05,-13.138249787733287,60.09514157660935,-0.03,-2.44
234,07,-3.6390916169732936e-05,-13.917790471887077,46.5719772114318,1.04,-0.45
235,08,-3.4686337675251e-05,-19.754633603331865,40.27667498864153,1.31,-0.15
237,10,-2.3367591303340108e-05,14.50471792602539,57.49670259841796,0.71,0.2
238,11,-1.186565926222506e-05,4.6568576497395835,50.09492808050447,0.11,-0.43
239,12,-8.802920268002493e-06,22.454611907630838,51.308709990082264,0.67,0.72
240,01,-9.430198710966792e-06,24.63400003675235,61.44896206574927,-0.27,0.39
241,02,-1.079772392194216e-05,13.779260249546594,59.85849182345754,-1.64,-0.11
242,03,-1.3397230129969535e-05,-0.9194605676794566,60.6708199271861,-2.01,-0.16
244,05,-3.422614240797327e-05,-20.88572949317194,50.723297991629586,0.41,0.9
245,06,-3.759346314859108e-05,-24.964019442409946,49.104056137108806,0.13,1.44
246,07,-3.775679561435789e-05,-20.12216363230059,34.70881050790896,0.48,-0.87
247,08,-3.318467006672979e-05,-13.657699137697938,45.50563225292391,-0.27,0.38
248,09,-2.59650643648355e-05,-3.5717024329291456,50.26974016195536,1.07,0.5
249,10,-2.1588807777500546e-05,5.981483147405809,48.24640764357326,-0.16,0.73
251,12,-1.3700721242369786e-05,27.986750325848984,63.54783165261822,0.46,1.4
252,01,-6.553396535759588e-06,18.42038040095504,45.80448549491872,-1.97,0.19
253,02,-1.2230161100386137e-05,18.65321454909752,54.35344561065067,0.41,1.48
254,03,-1.4517082142339604e-05,-0.5979741453765541,58.83941007500695,-0.68,0.4
256,05,-3.550879427684679e-05,-19.147158501081563,47.704144963514416,0.2,1.52
257,06,-3.750390542944741e-05,-27.016546727159287,42.780413097916714,1.41,0.28
258,07,-3.168135436499142e-05,-21.668345875401656,51.88578506780696,-0.27,-1.0
259,08,-3.0941285219664524e-05,-19.063545700565466,39.65101154342005,-0.21,-0.5
260,09,-2.4486756719630248e-05,-2.020394458007812,56.817002186003,-0.14,-0.06
261,10,-2.1893689024856883e-05,11.235235126454343,57.40779917159772,1.22,1.51
262,11,-1.5146696185204038e-05,20.892512133110895,68.07071139411661,0.64,-1.1
263,12,-1.1904006665214989e-05,20.81303864280127,63.79751548051194,1.63,-0.63
265,02,-9.421481274265325e-06,7.153048214503697,61.79020408172125,-0.39,0.07
266,03,-1.3063552253355424e-05,-6.242824222359606,58.59238742218351,1.23,-1.73
267,04,-2.4765318735565716e-05,-15.737299090576174,60.65160554169682,0.65,-0.15
268,05,-3.372209000100225e-05,-25.790908090242777,45.58359570831253,0.33,0.03
270,07,-3.6646507612448495e-05,-24.41304970722813,43.035889669943884,0.67,-0.22
271,08,-3.349079792080317e-05,-13.273838911159066,49.470468634774605,1.83,-0.22
272,09,-2.8629883362433853e-05,-3.361749937269423,60.89090815499625,-0.98,-0.49
273,10,-1.872843477780094e-05,15.499699002173642,52.0420637966638,1.16,0.25
274,11,-1.4045017091525046e-05,9.019137569173179,50.75557469189433,-0.62,0.53
275,12,-9.904081011676856e-06,14.487402564920403,52.82181985401466,-0.89,-0.86
276,01,-6.60295483731882e-06,23.604068570044735,51.65779350411636,1.68,0.0
277,02,-1.6342577849974034e-05,27.257544948032923,61.67323920420096,1.43,0.8
279,04,-2.4829810814864887e-05,-14.182246478949653,49.20558492463959,-0.19,1.14
280,05,-3.0134792006426703e-05,-17.31557953963741,52.31226475243542,0.15,-0.15
281,06,-3.5836119472898846e-05,-20.466573669433593,50.7506326838851,1.65,0.69
282,07,-3.594073215623134e-05,-17.96138944137737,48.60045512300026,0.67,0.65
283,08,-3.0240783373966385e-05,-12.41071590333344,52.640142950275894,-0.39,0.36
284,09,-2.726855740998468e-05,-6.606480073716904,41.46046437310777,-1.87,-0.54
287,12,-9.155090198257839e-06,-0.601292420089886,52.83887711868107,0.62,-0.96
289,02,-9.213011075579354e-06,1.6289639434814458,40.65915042115535,-0.09,0.26
290,03,-1.4304734281419465e-05,-4.024482163624097,45.80751552796749,0.96,-0.07
291,04,-2.383696288773839e-05,-17.2942943037245,47.44735419490735,-0.54,-0.34
292,05,-3.0977665722578726e-05,-19.48317038226384,57.695412786129985,1.73,0.06
293,06,-3.491794925367785e-05,-29.63445593295627,48.58540389312637,1.31,0.24
294,07,-3.637924248004731e-05,-25.786057973554062,44.12265574810709,1.26,0.16
295,08,-3.1032737283929096e-05,-31.771135562691633,39.36124998163152,-0.16,-0.22
296,09,-2.437035215904568e-05,-12.497950702243381,40.21523504180775,0.75,0.16
297,10,-2.1305207502659715e-05,-2.352458050143333,49.86598729915773,-1.89,-0.86
298,11,-8.746191556262298e-06,13.336127873399521,55.471923015075255,0.98,0.77
300,01,-8.992702947169514e-06,20.66453995308825,64.87525535803712,-0.45,-0.85
301,02,-1.1818901434843997e-05,12.780648606925178,58.06078212638148,0.32,-0.6
303,04,-2.4217375733618005e-05,-11.611916856553819,59.49211039767795,-0.34,1.11
305,06,-3.421590459786078e-05,-30.121984181382924,54.56608841220009,0.67,-0.59
306,07,-3.5823426863228845e-05,-21.040274605699764,48.61712288511441,-0.23,1.16
307,08,-3.442271008691844e-05,-10.630728795861687,53.4802156332962,0.05,-0.74
308,09,-3.09724094837697e-05,1.3779368174235027,41.60773183429904,0.09,0.52
309,10,-1.9737982986943505e-05,10.8786054316695,45.96995730125903,-0.6,-0.69
310,11,-1.219442167142309e-05,8.63346869269477,52.650442458646836,-1.45,0.63
311,12,-6.509792311736683e-06,12.651209838210898,41.13814304297201,-1.19,1.03
312,01,-1.0532949036563073e-05,27.835473567839585,50.62756816835045,-1.77,1.26
313,02,-1.0796667724878803e-05,1.9850640389578682,54.967533898224424,-1.96,-0.51
314,03,-1.2645556585016247e-05,2.2825399281491516,62.992716266741034,0.95,-2.32
315,04,-2.402455134354872e-05,-12.38321820203993,55.9102142579476,1.54,-0.47
319,08,-3.320200081173924e-05,-14.21000237282374,41.28222914207624,0.56,0.35
320,09,-2.545146969718593e-05,-6.704652192857532,39.75358392157654,1.44,0.76
322,11,-1.4535249143672345e-05,9.326381112670902,61.63253474075529,-0.36,-0.46
323,12,-9.12172876785682e-06,14.485518746324761,56.37181309181387,-1.22,-0.5
324,01,-6.5253165958961526e-06,7.280853728591756,43.42763289413273,-1.03,0.97
325,02,-8.8568046297561e-06,4.634872235616048,55.29220876641359,-0.59,-1.02
326,03,-1.3873502668170125e-05,-4.782673361173239,59.930227692120816,-0.68,-1.75
327,04,-2.37631702343909e-05,-18.782449027506512,53.65862876264652,1.07,1.2
328,05,-3.370682173148433e-05,-13.439136345319852,55.415879218805216,1.15,-1.01
329,06,-3.4785863751151034e-05,-27.11431088460287,44.96967633606062,0.02,1.15
330,07,-3.3670624993676266e-05,-35.11209074615151,34.7803111832411,0.83,0.93
332,09,-2.4569920312832332e-05,-1.9050392035590278,48.50952039943403,1.82,-1.43
333,10,-2.0357669840078775e-05,8.929626497002058,49.91160704086961,0.66,-1.92
334,11,-1.6638314112929544e-05,21.698549422539603,51.20864173750348,1.68,0.33
335,12,-1.1844671387852061e-05,21.158474252352146,51.61357204472506,1.0,1.15
336,01,-1.3167410284109127e-05,32.71415653975292,54.798027210791915,1.51,-0.25
337,02,-9.635896793779033e-06,12.227102448962983,62.05461917357218,1.68,-0.98
338,03,-1.969343553138324e-05,2.858439688077537,50.951221448258686,0.21,1.11
339,04,-2.5420359923575438e-05,-23.728481532796227,35.425640993569964,-1.23,0.04
340,05,-3.1186685044343005e-05,-23.42358186127037,55.67473245647261,1.01,0.66
341,06,-3.458860908376663e-05,-19.802041976589628,51.81401281598541,0.55,-1.01
342,07,-4.0491175616739144e-05,-14.380545316962786,51.51913973191349,-0.03,-0.55
343,08,-3.430768915528969e-05,-11.902402343421853,46.669440629773256,0.07,-0.31
344,09,-2.677926907070085e-05,-2.246240928141275,48.58724766878287,-0.52,0.85
345,10,-1.4836711174446523e-05,-1.5530790907336818,46.4751422240952,-0.33,1.0
346,11,-1.4172945336880124e-05,15.984315191311307,55.0159122577058,-2.07,0.48
347,12,-9.103623443880553e-06,18.67049515623687,44.72693699303237,-0.12,0.23
348,01,-9.98381483742544e-06,30.50790186531313,59.32570013750177,-0.35,0.53
349,02,-9.733829621899499e-06,11.488472740085646,43.235250111784055,0.47,0.38
351,04,-2.446588194630345e-05,-15.287676639472116,50.48518859204715,0.88,-1.31
352,05,-3.326288808405293e-05,-18.37616691179173,46.32872357566895,-0.85,-1.55
353,06,-3.476253857051133e-05,-32.52892781643338,47.80475471985869,0.85,-1.09
354,07,-3.577182100015043e-05,-18.878891244211506,53.425692884929724,0.85,-1.24
355,08,-3.3834556450724496e-05,-9.036356891591062,49.02626591384924,-0.08,-1.62
356,09,-2.5189189388381943e-05,-2.5223080678304033,46.95382839618127,-0.3,1.14
359,12,-6.623100362498576e-06,8.910789440196046,51.189781416840454,-1.44,-0.35
360,01,-6.219402897665034e-06,13.638463789416898,56.756673166043,1.13,-0.52
361,02,-6.55127283612057e-06,7.2258432279314295,62.426701213981424,-0.72,-0.38
362,03,-1.4006747319585248e-05,0.15545269151913163,60.10794240493287,-1.34,0.19
363,04,-2.2896213735516033e-05,-13.763160278998479,44.90089633327524,0.26,-0.36
364,05,-3.152253704363203e-05,-24.89160391596312,50.72287625494953,1.12,1.61
366,07,-3.995988693131167e-05,-23.939954596078525,46.67216465320125,0.33,-2.11
369,10,-1.8213049179844e-05,4.716025361748153,49.256211021474606,0.96,-0.61
370,11,-1.3997967538165946e-05,28.005924584282763,63.3120259418408,1.48,-0.16
371,12,-8.896478755051119e-06,9.686923075029926,62.37685010996686,0.93,-1.88
372,01,-6.091251291421628e-06,2.9262350808420488,60.36061479552843,0.38,-1.8
374,03,-1.4227020407356234e-05,-0.1344084672825314,56.345688745778084,1.23,-1.33
377,06,-3.182083758476639e-05,-35.711798379855686,43.71565713060168,0.34,-0.52
378,07,-3.4407490462771055e-05,-31.11366353779454,49.13440625845617,1.8,-0.39
379,08,-3.27152816781925e-05,-15.088779016966459,50.057286181364006,1.17,-1.69
380,09,-2.3803562745282155e-05,-1.7829848341200085,47.799041656389505,0.55,-0.62
381,10,-1.8914465963579488e-05,8.677334267236855,54.52403665949838,-0.78,-0.5
382,11,-1.1904203317903414e-05,4.708053307088217,64.34552551558414,0.24,-1.84
383,12,-7.738160395268594e-06,4.967533013128466,56.59717789244652,-0.49,-1.8
384,01,-4.432973011169315e-06,15.641597058367989,49.85520389962581,-1.31,-1.53
385,02,-7.274441715534998e-06,7.353929252261208,64.81677477946593,0.41,0.35
386,03,-1.235675504704564e-05,-6.3443144091534345,43.386579177287324,-0.77,0.24
389,06,-3.4230032604055946e-05,-25.01744469502767,49.43961729888122,-0.22,-0.98
390,07,-3.7348723895911946e-05,-18.427609645064162,51.34294977803511,0.41,-1.48
391,08,-3.274760770019843e-05,-10.64563058373236,50.85391145080519,1.04,-1.85
392,09,-2.5484862159343414e-05,2.648160398695204,48.54894579696125,1.77,0.67
393,10,-1.916051529891168e-05,8.726722329416583,41.10612051369683,-0.28,0.94
394,11,-8.12447487300637e-06,7.208228931681314,45.10324230610001,-0.09,1.3
395,12,-1.2744765838047034e-05,29.389911852764826,62.27082245179138,0.11,2.25
396,01,-9.557997748420493e-06,23.492998173539362,55.985124487241116,-1.76,0.86
398,03,-1.1845709033173812e-05,-9.130659757880753,42.53471919810516,-0.64,0.93
399,04,-2.412122515035865e-05,-15.116672309705946,65.52592149374486,-0.28,0.37
400,05,-3.2719707248821014e-05,-19.41600187732328,54.71462800888861,0.52,-0.79
401,06,-3.633841799156573e-05,-15.284035491265191,54.862410076340026,-0.11,-2.25
402,07,-3.9630504535585143e-05,-18.105863085346844,55.33667580591222,1.02,-1.29
403,08,-3.664081436780238e-05,-14.530181596981583,48.63167088847007,1.36,-1.39
404,09,-2.780254297756781e-05,-4.337274759928387,47.643611919113,0.38,-0.43
405,10,-1.749340033099435e-05,6.576196681525118,62.883388684188155,-0.32,-1.73
406,11,-9.782895505729057e-06,13.286790387301977,48.36725960095062,1.15,-0.74
407,12,-8.270612005098982e-06,23.135962751162953,68.44660146777348,0.68,0.07
409,02,-9.82560560788399e-06,1.2790957768758144,54.799641565576906,0.14,-0.96
410,03,-1.6003138249269338e-05,-14.11737674147083,62.83003596656937,-0.24,-2.09
411,04,-2.0434202846445263e-05,-16.983018215264217,45.651346360141694,1.31,0.6
413,06,-3.319209287441886e-05,-26.815010833062065,45.349666944320994,0.66,0.83
414,07,-3.405638901301333e-05,-27.630988150319745,40.32137145659744,0.63,0.7
415,08,-3.2683108437937644e-05,-17.84199171037572,39.46305893081491,0.34,1.12
417,10,-1.765674730958508e-05,13.677036990258001,51.31546706972713,1.39,-0.88
418,11,-1.2026654228591521e-05,13.685960133870443,60.59634180396663,0.09,0.81
419,12,-9.44601224512954e-06,28.97793200421077,55.46996279250422,1.2,0.79
421,02,-1.1990748406116751e-05,26.598223410470148,61.15281964255657,2.23,1.07
425,06,-3.645346474101341e-05,-28.120134918891054,43.231891095406475,-1.03,-0.67
426,07,-3.570791800838603e-05,-18.498887496784167,52.862582088247414,0.58,0.21
427,08,-3.5946427165531874e-05,-15.756697428713563,51.75170243226714,0.75,-2.28
428,09,-2.0748739615697153e-05,-9.244409510294595,35.08465283191469,0.2,1.72
429,10,-1.6616273676728237e-05,8.951883064844276,46.06859467966968,1.02,-0.87
430,11,-1.0089955154782932e-05,6.784489759657117,59.376273723493675,0.43,0.58
432,01,-9.2527426375611e-06,26.340960131573418,62.63006211892765,1.11,1.57
433,02,-8.153189459681882e-06,8.31590086110433,48.93550452213628,-0.04,1.05
434,03,-1.5915630637317265e-05,-1.6360386480515998,44.90566300547765,1.2,1.12
435,04,-2.4346638547669703e-05,-22.934988667466907,50.17846367060873,0.88,0.64
437,06,-3.477750818122634e-05,-31.860220404391814,46.7203716229452,1.06,0.24
438,07,-3.7615658574522775e-05,-25.170489753641114,45.05531850020347,0.22,-3.14
441,10,-1.3186316454061119e-05,-1.463842040031187,51.45971762442205,0.22,0.99
443,12,-8.385574634596725e-06,33.275967709449034,59.292129598577816,3.14,1.99
444,01,-9.004527324929857e-06,20.359526514525058,60.00615774854665,1.01,-0.37
445,02,-1.2519085415486441e-05,14.879537966322628,54.698993667597065,1.85,1.35
446,03,-1.4810545610421827e-05,-5.396197126162949,59.004922374092125,0.71,0.37
447,04,-2.7581765115751797e-05,-20.820068422105575,57.557788026644126,0.97,0.26
448,05,-3.16294027814815e-05,-19.310568396455505,50.32535560724812,0.22,-0.67
449,06,-3.356170396635004e-05,-23.02242342732747,60.87640379265148,0.41,-0.13
451,08,-3.3272750999810424e-05,-17.014684508621052,43.397001161080546,2.08,-2.24
452,09,-2.4645985519115736e-05,-7.889081433783638,37.34792189491059,3.48,0.74
453,10,-1.526362983537594e-05,-3.798430909843855,48.34944315867911,0.42,0.96
456,01,-6.416161365773257e-06,12.223324068787278,48.97643718384928,-1.15,0.05
457,02,-8.18821650381367e-06,12.903916228158135,62.959067062718525,0.58,0.69
459,04,-2.5679135762624757e-05,-26.331729773288306,46.84454056873057,-0.62,1.74
460,05,-2.9667726341906155e-05,-25.198657173730993,56.839670298081565,0.54,-1.72
461,06,-3.566179110415154e-05,-31.36642959594727,52.944568701901716,2.03,0.35
462,07,-3.888270218750779e-05,-23.176640851420746,56.14024401203919,1.83,1.28
463,08,-3.333480648354688e-05,-12.395997953681537,44.035043613662005,2.02,-1.53
464,09,-2.5415033401845397e-05,-5.530321179199219,52.86381167994076,1.58,-0.45
466,11,-1.2597567349661808e-05,15.910226154920792,53.90823562632401,0.12,-0.14
469,02,-1.1806723732206594e-05,-2.6082788761683875,46.30087924139698,-1.38,1.34
470,03,-1.3339704251535219e-05,-6.768148279333628,63.03257818707726,-0.62,-1.38
471,04,-2.4140652476206825e-05,-8.481860700141059,60.03202422682047,1.13,1.2
472,05,-3.631899526441482e-05,-17.44638056798135,47.40056218499266,-0.07,2.02
475,08,-3.324744642680256e-05,-25.59706884437479,43.61733073811633,1.82,2.4
476,09,-2.7110998255941223e-05,-4.088550005425346,48.59134079140956,0.15,1.78
477,10,-1.717439320385384e-05,2.0582064438686585,44.893768001867876,-0.39,1.53
478,11,-1.049799736220949e-05,11.533768935139973,58.11769115721252,0.32,-0.25
479,12,-7.425197422547768e-06,21.47761040308142,53.53903508252609,1.44,0.48
480,01,-8.170035396257738e-06,18.813249751593478,61.34680531404607,-1.67,0.18
482,03,-1.7898125718357898e-05,7.876527682396675,54.192069970153995,0.94,0.89
483,04,-2.786484313502215e-05,-15.88577495863173,41.53150874974462,-0.96,0.36
484,05,-2.8741963674400066e-05,-37.081440074305384,54.09692304540707,-0.64,-2.38
485,06,-3.9525050331051005e-05,-23.208365014648436,47.86380608810849,1.28,-0.79
486,07,-3.625940142692049e-05,-31.74150496025496,48.734570516079984,0.08,-1.39
487,08,-3.404563471354698e-05,-17.337182702177312,41.57153246440298,1.93,-1.62
489,10,-1.8569231195137014e-05,10.235854191605762,54.45598049366731,0.67,-1.03
490,11,-1.0039879183467646e-05,10.335369747924807,64.20363267016013,0.07,0.16
491,12,-8.260583359534854e-06,25.078029959073632,56.60606037604423,0.81,1.02
492,01,-6.012859741277161e-06,22.106840989635838,48.67357203781476,1.74,1.05
494,03,-1.9840231885472768e-05,-1.8349693298339842,46.56073982853019,-0.11,0.66
495,04,-2.7043378228700023e-05,-24.0670989525689,35.17819720014996,0.58,-1.26
496,05,-2.995519203009721e-05,-45.04488896819084,46.51938461271666,0.06,-0.33
497,06,-3.546342912159163e-05,-30.903872137790252,54.092656515480414,-0.08,0.16
498,07,-3.552329937512147e-05,-24.55973527871409,49.31133174363516,0.46,-1.19
499,08,-3.48960954878191e-05,-17.491402352609946,46.845165995435046,1.57,0.03
501,10,-1.848353834580477e-05,14.114419966174706,59.132486595437086,-0.23,-0.2
502,11,-1.0186800306089735e-05,15.631692754109702,47.969248177954896,0.05,2.54
503,12,-6.893300624729055e-06,15.732371215492165,60.65007041392917,-0.8,-0.37
504,01,-7.860778656987515e-06,14.34612370152627,66.80461903254064,-0.04,-1.8
505,02,-9.005972841740524e-06,9.622026147751583,54.51137783175566,1.22,-0.29
506,03,-1.5948935392546162e-05,-0.9029574194467195,53.47545231677126,-0.18,0.36
507,04,-2.588563685021654e-05,-27.98602328389486,47.86236142485672,0.31,-1.69
508,05,-3.230829694098981e-05,-22.4746828918457,60.26473778712485,0.8,-1.1
509,06,-3.7502937650666964e-05,-26.38411481492784,47.88007799596918,1.02,1.08
510,07,-3.6336240956178925e-05,-19.074829963273896,48.14752719921964,2.16,0.06
511,08,-3.444879628501263e-05,-12.903870650096605,45.419211714576655,1.08,-0.49
512,09,-2.3354238802332672e-05,-7.743464881388346,41.71682162190013,1.7,-0.06
514,11,-1.0072340758698473e-05,9.36498726196289,49.88987413275507,-0.91,-0.33
