,month,MER,MSSHF,RH,SH,msl
1,02,-7.399999772068052e-06,2.729709174746558,52.295623941567676,0.0003947880218570064,228.54347
2,03,-1.408509512223264e-05,7.08405715679866,62.090667984242096,0.00044260006009506144,217.20554
4,05,-2.839083756912113e-05,-16.16055940262989,64.02205650719006,0.0007071434940667084,-170.10933
5,06,-3.330413338050373e-05,-22.16353809509278,52.028707694198026,0.0009014931640296304,-408.52954
7,08,-2.8487004876296853e-05,-12.56110269165039,50.14281140049425,0.0009515669327950404,-367.4458
9,10,-1.6345863611966567e-05,2.642213581372333,56.92965585534547,0.0009355248356116273,58.342377
10,11,-1.1569333000928361e-05,13.890767045423724,49.679388139549886,0.0005703534181247354,282.8596
12,01,-5.795284385228985e-06,8.867661568262244,49.01821534482766,0.0002899667802897751,468.38327
13,02,-7.359469057738698e-06,6.865867059466484,53.581606617508264,0.0004711822304191866,536.7969
15,04,-2.282624180893941e-05,-17.872287172783746,48.97103869282801,0.0003994695938296395,28.523201
16,05,-2.9285246377967465e-05,-30.998830406271004,47.47244699586335,0.0004922136487145694,-221.27177
18,07,-3.1905643976779664e-05,-14.025872309859079,48.67037434149174,0.0008957915342465621,-472.92902
19,08,-3.1051088017916934e-05,-11.540256553403795,47.008779259716306,0.00108178564986637,-406.59973
21,10,-2.1172643707369163e-05,7.590982919672484,58.4636376896443,0.0007849959412277741,93.98424
22,11,-1.4279194747299093e-05,14.235161112806532,54.54851769668525,0.0006224606235835986,179.37239
23,12,-7.873070872231058e-06,26.063403682913826,61.380955716897084,0.0005165828911668244,453.73782
24,01,-7.860688640385075e-06,20.899533713063885,47.875411116570554,0.000374949257934248,601.2693
25,02,-8.991757432514056e-06,2.888394768487839,50.11619150138895,0.0003669208622193323,400.97864
28,05,-3.0310256707952082e-05,-17.47440350473055,59.34436809112436,0.0007153930285222947,-166.86592
29,06,-3.0904296795920855e-05,-15.787571440294057,51.69619375912348,0.0009842194550476254,-372.30768
30,07,-3.173775886429094e-05,-20.80200322239373,49.75860673643311,0.001004735188951267,-501.00183
31,08,-2.8741253340065727e-05,-19.03508228654759,42.77699926753197,0.0010760535270361797,-386.31494
32,09,-2.269007780640903e-05,-3.5648343312581385,46.85175361700852,0.0008672290949221253,-161.05997
33,10,-2.174942796122078e-05,9.781940688922843,60.93410625634399,0.0006867919335684071,64.906624
35,12,-7.687594037497059e-06,8.885675470167591,67.75924336626196,0.0004129887476064696,402.50812
37,02,-7.864293709969517e-06,5.468580898829869,51.56958197040644,0.000443328927262103,316.32477
38,03,-1.6001877676116956e-05,1.792558938959594,55.95160838729334,0.0003661708261100601,122.75635
39,04,-2.3437909088230905e-05,-21.874123499891493,46.11000325809585,0.0004928932368082314,-76.27617
40,05,-2.9170486620455693e-05,-20.4214844770534,47.92201473479629,0.00055373141337474,-219.24321
41,06,-3.17826830204164e-05,-27.949367026435006,48.16991035015053,0.0008103595633521967,-354.89774
42,07,-3.416977696542745e-05,-21.999847670688425,39.2781192299025,0.0009021180810537498,-469.5407
43,08,-3.1963929242763654e-05,-15.790871219429917,46.55304641459066,0.0009689928345582772,-410.22223
44,09,-2.1331834113273846e-05,-6.238656323920356,43.43915766518911,0.0009065412273818056,-170.85596
45,10,-1.6551261839878706e-05,3.491510892150223,54.79260846710333,0.000806341602621908,-2.7749386
48,01,-1.1369238679367056e-05,31.70380508160335,51.86229076744793,0.0005065474144361389,521.7245
49,02,-1.1685804688698098e-05,2.732715975443522,46.129101684696614,0.00024583032542684335,460.21832
50,03,-1.3839232150540515e-05,-0.5926843497983868,57.115805566785156,0.00048506053711077566,290.94733
53,06,-3.6603149109497395e-05,-25.008415187242296,46.266101067479454,0.0008680787925681217,-300.67975
54,07,-3.282222612492611e-05,-33.091220865229126,44.1499227373741,0.0011865903298230965,-474.42593
55,08,-2.6941880611302234e-05,-27.08358682743196,31.77761535606461,0.0007854492272301715,-432.02686
56,09,-2.725831751290065e-05,0.9693071214463977,44.86737590899468,0.0008300272881937013,-249.73154
57,10,-2.1395454446465794e-05,12.186390243366201,47.91972020449689,0.000809845710132114,27.085966
58,11,-9.367185011372688e-06,10.117007967122396,41.05919099200301,0.0005637446514673988,252.91905
59,12,-8.522425015388596e-06,21.808005747805364,57.410435429080856,0.0005939787194328425,415.06863
60,01,-1.1848107099418698e-05,28.771229348787696,56.9102486772409,0.0003542191671304773,530.93365
62,03,-1.3818876191033916e-05,-6.2181760956138685,56.610379949503034,0.00032761467128058087,285.89755
63,04,-2.3066575134180317e-05,-21.124448284233942,53.13685258980724,0.00045012077381442295,-73.16852
64,05,-2.301351515928619e-05,-21.276121071107926,61.30564291210714,0.00067266253149976,-231.11821
65,06,-3.0384449369921637e-05,-25.249517172580298,53.14751710217263,0.0009127790745715982,-436.65707
66,07,-3.052118788760435e-05,-16.333257173927887,51.58020934386151,0.001033779662579662,-503.86096
67,08,-2.8069958612225798e-05,-17.017802792784988,42.472240740586344,0.0008598136095184325,-400.66052
68,09,-2.2138291550658728e-05,-0.809648367987739,66.94727416271104,0.0010072270758296226,-122.07919
69,10,-1.5594664512004833e-05,12.420039781796033,52.5519555827328,0.0008134660352591524,42.198288
70,11,-1.2000811908506469e-05,17.20852971835666,62.11537896577253,0.000733812687942615,234.92853
71,12,-7.343828446024142e-06,12.754345215500043,59.86620702467682,0.0005638061713049892,465.4794
72,01,-6.201572312694294e-06,7.789162023728894,59.71689801232405,0.00032037616245556873,537.85956
73,02,-7.646551471441942e-06,-7.170963860648018,49.17462651499538,0.00043289734202582635,293.7377
74,03,-1.1304150707112197e-05,-2.56875498781922,68.34861116093205,0.00041982346533168605,217.53613
75,04,-2.3272295822324753e-05,-10.486857863362628,59.37646033687326,0.0005507065881250634,-129.65141
77,06,-3.090711121482552e-05,-17.990251360066733,61.34983533646531,0.0007727630264536654,-422.78656
78,07,-3.447742918110781e-05,-15.274860501197074,50.75858460182529,0.0010814784673431896,-473.42606
79,08,-3.3271033724499884e-05,-4.3656862228557625,49.79625837316948,0.0009632387406820798,-443.69128
80,09,-2.244669017984254e-05,-3.3109654418945316,48.444472670045165,0.0010995125499796714,-138.8323
81,10,-1.5745955748394817e-05,1.4800897167574978,41.847355274659336,0.0007476628478483084,-30.324753
82,11,-1.5779393952086846e-05,2.730464919026692,53.6031213278585,0.00036442432660848377,222.77122
83,12,-6.748697063030508e-06,22.216181771555252,62.92255071562849,0.0006171308285160469,493.67914
84,01,-1.0488508364736625e-05,25.802121266682942,67.17732922877546,0.00041564420438127206,518.38806
85,02,-9.105866422227595e-06,-15.737989101954868,41.279925076501705,0.00019560193471323016,508.1652
86,03,-1.09558865346488e-05,2.199697240357758,53.96111336709735,0.000417650180977115,213.40193
87,04,-1.9242588071877733e-05,-14.953707265557181,61.57429541588492,0.00039568850197150223,-72.6313
88,05,-3.1224375424332516e-05,-18.680161248648037,54.14751819698144,0.0007434592337500871,-240.28741
89,06,-3.5890827366468634e-05,-24.274000357055662,43.53411597645681,0.0008331960368823792,-373.6059
91,08,-3.1366839325049225e-05,-20.726613564768147,49.22354232249208,0.0009093863952855494,-382.1041
92,09,-2.1116000810717296e-05,-5.870355172729491,52.886519872754164,0.0010170114291461383,-165.0827
93,10,-1.7202233669146365e-05,6.4104873591597356,48.62927366667281,0.0008042660296969873,137.23613
94,11,-1.2770530823662637e-05,20.62896745435927,57.76803370095226,0.000712386935210562,287.56323
95,12,-1.128779906788603e-05,28.043287035542146,58.52688881322774,0.0005160226476652414,441.96613
96,01,-8.849628261046861e-06,-8.473066081057311,52.03738375666833,0.00039371051453645855,466.5478
97,02,-5.771432554432804e-06,6.824847212655203,67.52644709656069,0.0005444937176130874,398.9877
98,03,-1.3287096029671374e-05,-5.803373095440609,55.151999684815046,0.00038326355497387356,228.29893
99,04,-2.2575659647211267e-05,-11.442104777696397,52.015024873095086,0.0005509123427555208,-34.321968
100,05,-2.791426425801057e-05,-28.103053294192083,60.924986691195485,0.0006231550341834262,-223.02493
101,06,-2.8837502824555686e-05,-20.989433822292757,61.5306473079814,0.0008995023713432398,-339.08694
102,07,-3.379324687933062e-05,-20.07741719498173,55.40260847481861,0.0011762637337276985,-445.1873
105,10,-1.9746457593286597e-05,13.28605210072507,59.41998880579267,0.0008929555590629677,84.60198
106,11,-1.2423982501220758e-05,8.69252590874566,58.77474638277293,0.0005567817669088578,306.08054
107,12,-5.659096497726741e-06,10.619382738339004,50.16868590621025,0.0006231452756041871,323.32263
108,01,-9.400724827868036e-06,23.76198229324177,64.8158600401199,0.0005186993550770137,423.19153
109,02,-1.553154618433063e-05,17.196350676788683,61.10995617006565,0.00036645799898507564,543.186
110,03,-1.4791143874625109e-05,4.141464673442225,71.63935923557511,0.00047325576421621175,230.7083
111,04,-2.4692344382775542e-05,-22.74501348402235,55.09817502149212,0.0005172340481790242,-40.76359
112,05,-3.182606770285695e-05,-15.882362545546664,52.83810746537357,0.0007443033780645266,-211.50964
114,07,-3.385038605679304e-05,-9.511822006717805,59.07058047961163,0.001171458948932473,-508.54044
115,08,-3.211179117533902e-05,-13.866469908683532,47.473473327189375,0.0010266525363930598,-393.64386
117,10,-1.6347254436593455e-05,7.273599919801116,47.520342997120274,0.0007721173569709835,68.56714
118,11,-1.0307503538792339e-05,7.8851572241889105,46.36847800110711,0.000563931326113359,215.71786
119,12,-7.866494279115095e-06,20.208327730240367,52.71666673100892,0.00053423904773601,363.53867
121,02,-1.1993180484209699e-05,15.243881237211681,52.799659086113884,0.00042497837058714,318.77405
123,04,-2.3728384267512105e-05,-15.711892689005532,62.36782957411343,0.0005368266940982721,-54.966045
124,05,-3.2913617601255e-05,-32.404015432706444,43.15242019264416,0.0005949903542140838,-237.58023
125,06,-3.3498540398290464e-05,-35.047065074327264,55.710710440916486,0.0008175972156450774,-359.82404
126,07,-3.3625666249610085e-05,-27.510599928661055,42.19065745926929,0.000971569565642772,-440.5702
127,08,-3.0036708770112647e-05,-17.0266568734774,43.458151734339296,0.0009896705504082786,-386.30518
129,10,-1.9913688146604526e-05,14.103063629806684,48.60193847477949,0.0008421332443241979,-13.96109
130,11,-1.311930024130561e-05,7.912713109334308,43.72629240063826,0.0004454905331929088,255.4646
131,12,-7.719866410816296e-06,20.033501539989185,45.286219627095804,0.00047829752353097696,391.2559
132,01,-9.708490018202875e-06,23.531725362798216,54.619796854420386,0.0005105691684948654,433.27878
134,03,-1.7018775953137494e-05,2.372058311872584,47.98838851665681,0.00048062062612102977,192.79199
135,04,-2.7999317039636173e-05,-19.276666238742408,46.732171709169286,0.00037736529698403654,-37.211304
136,05,-3.125298669270236e-05,-34.3688931694441,36.06377147361027,0.00042185220914118,-226.40392
138,07,-3.559518055198981e-05,-33.07448882301904,37.832517702871755,0.000870340643866736,-494.51526
139,08,-2.897321149455781e-05,-28.290339532667595,47.590817581110095,0.0010727420896216627,-394.35776
140,09,-2.7407515947157255e-05,-3.6402964202880854,48.108384553693405,0.0008673468175783354,-204.56558
141,10,-1.8407037761653066e-05,10.48773665069252,49.92561818830045,0.0007825079715910818,-24.742287
143,12,-1.0178729378000547e-05,19.264495642221096,49.02194799312469,0.0004455819003796224,316.7307
144,01,-9.804670876438911e-06,24.167181801416536,38.86062395377826,0.00029198987653266507,437.43353
147,04,-2.5889148811054637e-05,-18.50936585184733,50.20018549894757,0.00041218083241272116,11.662409
148,05,-2.5811937759284265e-05,-33.066711107479634,47.67298183366304,0.0005622225995608382,-177.36519
149,06,-2.987989489524302e-05,-20.686577268473304,57.62339900992447,0.0007455840776351881,-371.78506
152,09,-2.1833397036001162e-05,-8.548686426798504,39.4321560544822,0.0008007140552823532,-135.60013
153,10,-2.004618059737534e-05,2.17344532234438,45.307421456006274,0.0006820325499599374,25.263744
154,11,-1.4646135411648073e-05,14.444811823866104,60.08639300202131,0.0006339337644810405,280.42108
155,12,-7.654158530845394e-06,17.942148733159545,42.031411531264894,0.00046165224257053707,400.77148
156,01,-5.988280283046514e-06,9.900324605634134,41.55076964045469,0.000437638549289248,477.2642
157,02,-7.568776633878318e-06,10.513905402874128,42.596786469010105,0.00039763415424268303,312.367
158,03,-1.6743815379482177e-05,3.675611719931326,56.535387553599556,0.0004879701252311531,254.00388
159,04,-2.3724830210206465e-05,-12.979907084147134,60.15185276207658,0.000579528459085648,-55.734646
160,05,-3.502280750303383e-05,-18.415903687507882,37.98684394011575,0.0005439886107167655,-156.31276
161,06,-3.339920427913765e-05,-25.873405965508358,43.36981476617124,0.0008486856836498394,-324.82672
162,07,-3.3542465003026134e-05,-26.574038988010855,46.61348771423679,0.0011160113274397768,-465.6958
164,09,-2.5466491539959356e-05,-1.4094354346381297,48.6797681992597,0.0008614746787727199,-159.9538
165,10,-1.9484351597922247e-05,1.9587082073252686,58.379234332862715,0.0005589232049004094,88.05762
167,12,-8.425528942156701e-06,11.411874493342573,45.69198678764476,0.00046205227275860006,308.352
168,01,-9.715480358609446e-06,34.39173987899288,57.42208674485646,0.0005887621752377449,403.91528
169,02,-8.449411843078754e-06,-1.1622854381742926,41.2482318814184,0.00038359931115603885,400.57657
170,03,-1.4966802825774622e-05,-6.011914413616221,42.24266758934657,0.0004124762266675568,222.89505
172,05,-3.0932743489659034e-05,-26.541132331437964,51.168041845343446,0.0007194121543284234,-184.58066
174,07,-3.3366269429406925e-05,-23.52127023184171,53.23872095220833,0.0009773544866860003,-473.98535
175,08,-3.234485571499712e-05,-11.285276480397874,49.79429166342623,0.0010167660779612973,-391.65665
176,09,-2.2725771390226628e-05,-2.4448908416748045,57.50485973500145,0.000888641576060541,-214.23917
177,10,-1.798888249350155e-05,2.3637267239478326,43.9463890340828,0.000542134024022548,63.073013
178,11,-1.1587640056374466e-05,-1.8295716874864363,52.225245416957804,0.00047988380124447253,272.61993
180,01,-8.814763398506955e-06,28.086010490499522,59.814965074129006,0.0004701822597394422,421.4052
181,02,-9.681430163471391e-06,-2.9269207930791947,54.97462990093799,0.0004138276064931533,316.98703
182,03,-1.5868986940443404e-05,12.424105568506382,56.25959003628518,0.0005810495797577411,216.47572
183,04,-2.4481364455176743e-05,-15.54007357143826,53.21672202842236,0.00040480200442157807,-43.94761
184,05,-2.8615912740195944e-05,-19.306992470361852,50.8592781971834,0.0006858745914348111,-235.11389
185,06,-3.390126228795352e-05,-22.424498955281575,49.86442946763436,0.0010699702445989207,-422.9551
186,07,-3.466171150601792e-05,-32.442688338413035,36.16844127948567,0.0009186411803072188,-538.2454
187,08,-3.527003988845888e-05,-15.806742182249662,41.714041907468136,0.0008680270261172562,-446.36044
188,09,-2.649383951805552e-05,-2.2674784339057075,50.77799905458556,0.0008433525541978978,-157.91003
189,10,-1.8016295581522476e-05,4.47270425086893,52.33998963107474,0.0007590626369145407,83.20102
190,11,-8.92097842036795e-06,12.752254605102538,55.27824593100681,0.0008178240753429337,105.3582
192,01,-1.2804497735976505e-05,25.385474410518523,57.77612080058489,0.00045759688101936,531.2544
193,02,-1.271823695051786e-05,20.178666164579848,60.9734689490412,0.00048809193327531924,394.20233
195,04,-2.3056703787511248e-05,-15.611610607231992,48.9374839578549,0.0005232466899471546,-5.522567
196,05,-3.3250014936618425e-05,-29.631465932538433,52.844916530618114,0.0006214292339710306,-196.0817
197,06,-3.44918315846169e-05,-24.446217814466692,49.08188772321145,0.0007471122926498033,-374.7964
198,07,-3.591561413959817e-05,-25.92438248894804,39.340810654867084,0.001035028367159925,-492.0183
200,09,-2.6222378082234683e-05,-4.395296908230251,54.09243484116659,0.0008676720050675714,-131.0805
201,10,-1.4566836962311297e-05,5.514771194293934,41.310020164710224,0.0008753650264261328,5.9136896
202,11,-1.3042386322538529e-05,9.068964893934462,58.53600206141338,0.0006469659394806109,183.12593
205,02,-7.544903639281147e-06,5.38362545916678,55.18347650017959,0.00031412921131322426,407.9532
206,03,-1.2827322511164368e-05,-10.990242480862525,51.72073062135199,0.0004322530456430366,236.27547
207,04,-2.0502408365953464e-05,-21.604367342122394,58.54018084150156,0.0005573882549563778,41.170357
209,06,-2.8253365109311642e-05,-38.732165323215064,41.61192797080808,0.0007725716853643563,-395.61542
210,07,-3.142641031134248e-05,-27.054918192217425,49.82263012584947,0.0009566610893040974,-444.24866
211,08,-2.9903093116464793e-05,-15.358725825155936,42.33743624172287,0.0008052989171323801,-372.17133
212,09,-2.534073391895315e-05,-7.00570699428982,43.673043699496326,0.0007056351989302735,-197.1682
213,10,-1.7171301486478214e-05,8.106230379494288,51.02844809201841,0.0008193838488076182,19.593817
215,12,-8.836182103413613e-06,1.1414017176474303,51.832999992789766,0.000456995769084828,342.32474
216,01,-3.583592048936e-06,-1.2817189340899076,35.36421269791357,0.0002965270524839061,445.694
218,03,-1.2413017713795421e-05,-3.0697627356744577,49.8996438915832,0.0005206532129615308,155.56723
219,04,-2.201332183204714e-05,-17.60772253417969,50.15108422283994,0.0005176294510015927,16.55836
220,05,-3.085946982284968e-05,-22.07697987414944,55.658551038389554,0.000691181856834612,-193.64513
221,06,-3.476727682935032e-05,-20.254541469319665,56.16686724849277,0.0008864397704303581,-390.22827
222,07,-3.376502295814329e-05,-20.43258258581674,48.29218798171063,0.0008547632643424363,-479.8527
223,08,-3.064838395117496e-05,-15.397676236060358,39.11490551742816,0.0010386910332973625,-414.79364
224,09,-2.7053925191669103e-05,-10.968042353990342,40.873450344501606,0.0009289264848881631,-115.353
226,11,-1.1372840429430654e-05,5.54297788119846,52.451002673839106,0.000528491018474924,236.16098
227,12,-9.893875752236308e-06,16.98351939342868,60.12797338394067,0.0005512983522442909,346.98944
228,01,-1.1099072907757458e-05,24.386054642872143,54.87726956107148,0.00045592296519506595,553.2221
230,03,-1.582076560769428e-05,4.910139277304372,64.38913835901599,0.0006810213565312239,246.16742
232,05,-3.182257207745645e-05,-20.036693252071256,51.31070372274871,0.0007038634061112829,-226.20909
234,07,-3.6390916169732936e-05,-13.917790471887077,46.5719772114318,0.0009119439115554566,-484.7726
235,08,-3.4686337675251e-05,-19.754633603331865,40.27667498864153,0.0009149996268527415,-399.5833
236,09,-2.4247977624205914e-05,0.3736279635959201,55.41774919654528,0.0010404470592029612,-245.27893
237,10,-2.3367591303340108e-05,14.50471792602539,57.49670259841796,0.0007692835288216944,-13.345291
239,12,-8.802920268002493e-06,22.454611907630838,51.308709990082264,0.0005018636649010024,355.69254
240,01,-9.430198710966792e-06,24.63400003675235,61.44896206574927,0.0005411838983149154,409.2378
242,03,-1.3397230129969535e-05,-0.9194605676794566,60.6708199271861,0.000520822167453769,157.36154
244,05,-3.422614240797327e-05,-20.88572949317194,50.723297991629586,0.0007112033766742989,-227.58295
245,06,-3.759346314859108e-05,-24.964019442409946,49.104056137108806,0.0007349941236675172,-366.043
246,07,-3.775679561435789e-05,-20.12216363230059,34.70881050790896,0.0008227019134094047,-520.3125
247,08,-3.318467006672979e-05,-13.657699137697938,45.50563225292391,0.0009116657846986517,-400.22644
248,09,-2.59650643648355e-05,-3.5717024329291456,50.26974016195536,0.0010456855732800857,-211.54561
250,11,-1.3179962080519347e-05,12.654008286878799,52.50058610761298,0.0005313356323464177,204.8794
251,12,-1.3700721242369786e-05,27.986750325848984,63.54783165261822,0.0004460608781439875,402.49527
252,01,-6.553396535759588e-06,18.42038040095504,45.80448549491872,0.0004392718665100694,433.60358
253,02,-1.2230161100386137e-05,18.65321454909752,54.35344561065067,0.0004498816253623835,429.8333
254,03,-1.4517082142339604e-05,-0.5979741453765541,58.83941007500695,0.0004991599991315802,205.88812
255,04,-2.355722367422762e-05,-12.813957029554578,60.681698268123455,0.0005945271223715785,-92.376
257,06,-3.750390542944741e-05,-27.016546727159287,42.780413097916714,0.0008396627575370277,-399.78107
258,07,-3.168135436499142e-05,-21.668345875401656,51.88578506780696,0.0008486174719188665,-481.72437
259,08,-3.0941285219664524e-05,-19.063545700565466,39.65101154342005,0.0008177378859400235,-419.05145
260,09,-2.4486756719630248e-05,-2.020394458007812,56.817002186003,0.0011746618843225302,-190.04364
262,11,-1.5146696185204038e-05,20.892512133110895,68.07071139411661,0.0005471246481323154,343.6162
263,12,-1.1904006665214989e-05,20.81303864280127,63.79751548051194,0.0005704053421768659,464.8617
264,01,-6.723928980547147e-06,14.384707934964087,53.25762820807451,0.00033838884669713326,483.22162
265,02,-9.421481274265325e-06,7.153048214503697,61.79020408172125,0.00045849606639379885,353.0147
266,03,-1.3063552253355424e-05,-6.242824222359606,58.59238742218351,0.00043964260734938635,114.11038
268,05,-3.372209000100225e-05,-25.790908090242777,45.58359570831253,0.0006874419770607463,-283.537
270,07,-3.6646507612448495e-05,-24.41304970722813,43.035889669943884,0.0009577895311687377,-493.55823
273,10,-1.872843477780094e-05,15.499699002173642,52.0420637966638,0.0009255201393185142,3.5932117
274,11,-1.4045017091525046e-05,9.019137569173179,50.75557469189433,0.0006085738384488525,262.33386
275,12,-9.904081011676856e-06,14.487402564920403,52.82181985401466,0.00042967180998163804,534.0963
276,01,-6.60295483731882e-06,23.604068570044735,51.65779350411636,0.0005113839650168305,350.25876
277,02,-1.6342577849974034e-05,27.257544948032923,61.67323920420096,0.0005129149039266849,320.84735
278,03,-1.718439095667989e-05,-2.8514695644583754,52.573686629964456,0.0004819596547454955,46.4287
279,04,-2.4829810814864887e-05,-14.182246478949653,49.20558492463959,0.0004709443206453266,-67.45401
282,07,-3.594073215623134e-05,-17.96138944137737,48.60045512300026,0.0010623623587375588,-448.6021
283,08,-3.0240783373966385e-05,-12.41071590333344,52.640142950275894,0.001163815572202473,-391.08978
284,09,-2.726855740998468e-05,-6.606480073716904,41.46046437310777,0.0007335374628951386,-180.19705
285,10,-2.2813934475604865e-05,5.003235001430717,55.25826176021304,0.000718885400139463,117.0623
286,11,-9.433203981300014e-06,10.082439758300783,57.335292302331666,0.0005791067180039236,292.57916
288,01,-7.996820467572737e-06,16.024269751435966,52.92226850532075,0.00041192595895207524,522.2467
289,02,-9.213011075579354e-06,1.6289639434814458,40.65915042115535,0.0002735949758984874,349.34833
290,03,-1.4304734281419465e-05,-4.024482163624097,45.80751552796749,0.0004401956440712298,227.82147
291,04,-2.383696288773839e-05,-17.2942943037245,47.44735419490735,0.0004770017007668381,-46.242294
292,05,-3.0977665722578726e-05,-19.48317038226384,57.695412786129985,0.0007096738202905913,-210.62396
293,06,-3.491794925367785e-05,-29.63445593295627,48.58540389312637,0.0011471253787109367,-381.55887
295,08,-3.1032737283929096e-05,-31.771135562691633,39.36124998163152,0.001063466894169325,-353.7433
296,09,-2.437035215904568e-05,-12.497950702243381,40.21523504180775,0.0008103102327222991,-166.96216
298,11,-8.746191556262298e-06,13.336127873399521,55.471923015075255,0.0006547417485429125,172.11113
299,12,-8.986315398414586e-06,16.75842543636855,56.42778465677845,0.0005586620659873345,424.12366
300,01,-8.992702947169514e-06,20.66453995308825,64.87525535803712,0.0004630176850634722,498.66144
301,02,-1.1818901434843997e-05,12.780648606925178,58.06078212638148,0.000495099684988787,383.23895
302,03,-1.5225630396960167e-05,1.0669384965794064,50.376974003080406,0.00036018773000070863,149.10338
303,04,-2.4217375733618005e-05,-11.611916856553819,59.49211039767795,0.0005477365501182944,-55.63431
304,05,-2.847669872224737e-05,-31.81054322043798,50.857990436966695,0.0006152930506795131,-254.7286
305,06,-3.421590459786078e-05,-30.121984181382924,54.56608841220009,0.0008944627820598017,-391.6792
307,08,-3.442271008691844e-05,-10.630728795861687,53.4802156332962,0.0011410420949086592,-356.44827
308,09,-3.09724094837697e-05,1.3779368174235027,41.60773183429904,0.0008935518929530012,-194.42581
309,10,-1.9737982986943505e-05,10.8786054316695,45.96995730125903,0.0006333934098819987,17.644484
310,11,-1.219442167142309e-05,8.63346869269477,52.650442458646836,0.0006341721947358944,189.55682
311,12,-6.509792311736683e-06,12.651209838210898,41.13814304297201,0.0003987152580916455,419.39532
312,01,-1.0532949036563073e-05,27.835473567839585,50.62756816835045,0.0004537746557087837,511.81805
313,02,-1.0796667724878803e-05,1.9850640389578682,54.967533898224424,0.00030567886635834556,465.6121
314,03,-1.2645556585016247e-05,2.2825399281491516,62.992716266741034,0.0005048640071809572,222.40775
315,04,-2.402455134354872e-05,-12.38321820203993,55.9102142579476,0.0005435340928157731,-38.306423
316,05,-3.3327865934669755e-05,-23.83920729967343,52.369123788558014,0.0006399812987691344,-184.16133
317,06,-3.715115132452208e-05,-30.632264646063906,50.84424858076307,0.0010480431722563416,-439.29938
318,07,-3.409394384040644e-05,-23.561669685609886,47.80977541725482,0.0009847484367624458,-492.552
319,08,-3.320200081173924e-05,-14.21000237282374,41.28222914207624,0.0008214074471167111,-388.0537
320,09,-2.545146969718593e-05,-6.704652192857532,39.75358392157654,0.0009221086927508522,-214.04088
322,11,-1.4535249143672345e-05,9.326381112670902,61.63253474075529,0.0005952350228117148,183.52448
324,01,-6.5253165958961526e-06,7.280853728591756,43.42763289413273,0.00037462094703483867,471.9065
325,02,-8.8568046297561e-06,4.634872235616048,55.29220876641359,0.0003650888354684262,315.13885
326,03,-1.3873502668170125e-05,-4.782673361173239,59.930227692120816,0.00041051977616280897,91.75281
327,04,-2.37631702343909e-05,-18.782449027506512,53.65862876264652,0.00045216028320109117,-96.92359
329,06,-3.4785863751151034e-05,-27.11431088460287,44.96967633606062,0.0008772879220370063,-405.31494
331,08,-3.203818718891423e-05,-14.970106861073484,56.166526000266416,0.0009000416037593156,-430.17258
332,09,-2.4569920312832332e-05,-1.9050392035590278,48.50952039943403,0.0011661635124005137,-197.43845
333,10,-2.0357669840078775e-05,8.929626497002058,49.91160704086961,0.0008570413862924212,-36.042946
334,11,-1.6638314112929544e-05,21.698549422539603,51.20864173750348,0.0006521134779476141,166.33923
335,12,-1.1844671387852061e-05,21.158474252352146,51.61357204472506,0.0005773151541380593,401.5222
336,01,-1.3167410284109127e-05,32.71415653975292,54.798027210791915,0.0005230013527154189,455.24066
337,02,-9.635896793779033e-06,12.227102448962983,62.05461917357218,0.0005590188341237168,255.615
339,04,-2.5420359923575438e-05,-23.728481532796227,35.425640993569964,0.0005033413915325177,32.73553
340,05,-3.1186685044343005e-05,-23.42358186127037,55.67473245647261,0.0008101687334261413,-275.31042
341,06,-3.458860908376663e-05,-19.802041976589628,51.81401281598541,0.0009322974188374144,-428.3019
342,07,-4.0491175616739144e-05,-14.380545316962786,51.51913973191349,0.0009613429224455643,-471.93042
343,08,-3.430768915528969e-05,-11.902402343421853,46.669440629773256,0.0010274620080804539,-405.12878
345,10,-1.4836711174446523e-05,-1.5530790907336818,46.4751422240952,0.0008285501714110792,63.794796
347,12,-9.103623443880553e-06,18.67049515623687,44.72693699303237,0.0003995294160866323,353.18994
348,01,-9.98381483742544e-06,30.50790186531313,59.32570013750177,0.0005276380488101,510.1071
350,03,-2.0140387961912898e-05,4.352542552004578,67.29393991330491,0.0004389440757035161,93.394745
352,05,-3.326288808405293e-05,-18.37616691179173,46.32872357566895,0.0006870887521260839,-223.09618
353,06,-3.476253857051133e-05,-32.52892781643338,47.80475471985869,0.0008564286241224787,-451.11505
355,08,-3.3834556450724496e-05,-9.036356891591062,49.02626591384924,0.001041277370647549,-397.0997
356,09,-2.5189189388381943e-05,-2.5223080678304033,46.95382839618127,0.0009044781553824899,-195.55922
357,10,-1.8222273044254205e-05,6.518695762716314,54.30898137165141,0.0008543528111196123,-10.6656275
358,11,-1.2143508331428165e-05,12.723418456013999,55.05112889809742,0.0005676329277205644,229.11882
362,03,-1.4006747319585248e-05,0.15545269151913163,60.10794240493287,0.0004989911271048672,100.02388
363,04,-2.2896213735516033e-05,-13.763160278998479,44.90089633327524,0.0004889661802240576,-73.99007
364,05,-3.152253704363203e-05,-24.89160391596312,50.72287625494953,0.0007151075125502661,-228.34988
366,07,-3.995988693131167e-05,-23.939954596078525,46.67216465320125,0.0009029157017727434,-474.09073
368,09,-2.396435872586961e-05,-8.675344586181641,43.626415080409586,0.0009490466401233954,-173.42305
369,10,-1.8213049179844e-05,4.716025361748153,49.256211021474606,0.0008116932342555208,56.67351
370,11,-1.3997967538165946e-05,28.005924584282763,63.3120259418408,0.0006304514712387844,247.82983
371,12,-8.896478755051119e-06,9.686923075029926,62.37685010996686,0.00038589618015715004,431.42862
373,02,-7.65345504045659e-06,5.717629487900508,61.53230691539674,0.0003673177904023817,408.71228
376,05,-2.827942739082006e-05,-27.387183430333288,51.416537502500645,0.0005531739490862218,-217.94363
377,06,-3.182083758476639e-05,-35.711798379855686,43.71565713060168,0.0008911056623261983,-392.68524
379,08,-3.27152816781925e-05,-15.088779016966459,50.057286181364006,0.0010051635737900273,-400.54355
380,09,-2.3803562745282155e-05,-1.7829848341200085,47.799041656389505,0.0008983746668693987,-162.99207
381,10,-1.8914465963579488e-05,8.677334267236855,54.52403665949838,0.000821376938233815,39.275436
383,12,-7.738160395268594e-06,4.967533013128466,56.59717789244652,0.00034308914540316133,284.71918
384,01,-4.432973011169315e-06,15.641597058367989,49.85520389962581,0.00040994079856436554,641.82495
385,02,-7.274441715534998e-06,7.353929252261208,64.81677477946593,0.0005457368057977929,220.33731
386,03,-1.235675504704564e-05,-6.3443144091534345,43.386579177287324,0.00039190909222795576,283.17978
387,04,-2.5035789431644346e-05,-14.869033695136176,49.48712501599656,0.0005911379486306348,-73.380165
388,05,-3.0008848766624646e-05,-32.62149781881353,48.67582858574712,0.0006954327806093939,-213.73636
389,06,-3.4230032604055946e-05,-25.01744469502767,49.43961729888122,0.000881464317699061,-446.00092
390,07,-3.7348723895911946e-05,-18.427609645064162,51.34294977803511,0.0009686399827052652,-483.3098
392,09,-2.5484862159343414e-05,2.648160398695204,48.54894579696125,0.0010463940876720393,-188.26857
393,10,-1.916051529891168e-05,8.726722329416583,41.10612051369683,0.0007127288467344178,9.947433
394,11,-8.12447487300637e-06,7.208228931681314,45.10324230610001,0.0006513960211994212,166.24477
395,12,-1.2744765838047034e-05,29.389911852764826,62.27082245179138,0.0004817236066579237,471.69122
397,02,-6.941694202459045e-06,2.77444112036694,54.92825397600388,0.0004849237747458461,438.86365
399,04,-2.412122515035865e-05,-15.116672309705946,65.52592149374486,0.0005342435015494618,-124.17523
401,06,-3.633841799156573e-05,-15.284035491265191,54.862410076340026,0.0009098009567069676,-439.03528
402,07,-3.9630504535585143e-05,-18.105863085346844,55.33667580591222,0.0010251161839649637,-499.79208
406,11,-9.782895505729057e-06,13.286790387301977,48.36725960095062,0.0004847364594485018,191.19228
407,12,-8.270612005098982e-06,23.135962751162953,68.44660146777348,0.0005064767144187343,428.37463
408,01,-7.079607454118081e-06,9.77005108642578,59.36599973937003,0.000497766507189808,441.2116
409,02,-9.82560560788399e-06,1.2790957768758144,54.799641565576906,0.0003367882807537607,373.72397
410,03,-1.6003138249269338e-05,-14.11737674147083,62.83003596656937,0.0004201141621528276,85.607544
411,04,-2.0434202846445263e-05,-16.983018215264217,45.651346360141694,0.0004941429305161389,-45.913246
413,06,-3.319209287441886e-05,-26.815010833062065,45.349666944320994,0.0008767861766169669,-398.64874
414,07,-3.405638901301333e-05,-27.630988150319745,40.32137145659744,0.0009992564759155084,-532.89233
416,09,-2.475842662511746e-05,-8.054260448540582,49.65095689521101,0.0009952416975374742,-209.11763
417,10,-1.765674730958508e-05,13.677036990258001,51.31546706972713,0.0007650325017121314,23.590443
418,11,-1.2026654228591521e-05,13.685960133870443,60.59634180396663,0.0006722915904273629,173.44266
419,12,-9.44601224512954e-06,28.97793200421077,55.46996279250422,0.0005743988471772425,369.1819
420,01,-8.580053124215514e-06,22.96357862870411,63.49304372530727,0.0004570045449137564,454.9967
421,02,-1.1990748406116751e-05,26.598223410470148,61.15281964255657,0.000413683501669097,441.04504
422,03,-1.6731313326227373e-05,-1.3453218475669946,47.843510205716214,0.0004369409978938565,190.51045
423,04,-2.3883861623916246e-05,-16.521862002224392,58.86005653639768,0.0007145584834816368,15.915974
424,05,-3.2321809314922687e-05,-17.350711201329386,63.11191008513332,0.0007860145196551182,-224.82486
425,06,-3.645346474101341e-05,-28.120134918891054,43.231891095406475,0.0007369192126624208,-386.4772
426,07,-3.570791800838603e-05,-18.498887496784167,52.862582088247414,0.0012707728695600497,-483.70782
427,08,-3.5946427165531874e-05,-15.756697428713563,51.75170243226714,0.00083940602619154,-349.54218
428,09,-2.0748739615697153e-05,-9.244409510294595,35.08465283191469,0.0007514128688763474,-165.52054
431,12,-1.0581146033268115e-05,22.95546643394552,54.273882943514856,0.00047802787376777174,458.6327
432,01,-9.2527426375611e-06,26.340960131573418,62.63006211892765,0.000489844752344597,483.94852
433,02,-8.153189459681882e-06,8.31590086110433,48.93550452213628,0.0003498088643584164,364.51163
434,03,-1.5915630637317265e-05,-1.6360386480515998,44.90566300547765,0.00042303985436162447,203.69951
435,04,-2.4346638547669703e-05,-22.934988667466907,50.17846367060873,0.0005260060907692656,-62.778973
438,07,-3.7615658574522775e-05,-25.170489753641114,45.05531850020347,0.0010782962788556474,-474.95325
439,08,-3.326061218056918e-05,-12.586229408838417,52.3345120203854,0.0013657396460582901,-371.0152
440,09,-2.5603061031688413e-05,-1.6679924726698132,46.654843129608366,0.0007566028229298049,-173.2683
441,10,-1.3186316454061119e-05,-1.463842040031187,51.45971762442205,0.000853078227212879,36.804672
442,11,-1.4898132296588707e-05,27.46974549831814,55.57987919455502,0.0007983321246238999,195.10667
443,12,-8.385574634596725e-06,33.275967709449034,59.292129598577816,0.0007795188684168917,366.7435
444,01,-9.004527324929857e-06,20.359526514525058,60.00615774854665,0.000488436789451965,614.5794
445,02,-1.2519085415486441e-05,14.879537966322628,54.698993667597065,0.000396557157183862,499.79712
446,03,-1.4810545610421827e-05,-5.396197126162949,59.004922374092125,0.00045848496732475713,189.04541
447,04,-2.7581765115751797e-05,-20.820068422105575,57.557788026644126,0.0004367676396880408,-26.093128
448,05,-3.16294027814815e-05,-19.310568396455505,50.32535560724812,0.0007176550833915553,-243.29807
449,06,-3.356170396635004e-05,-23.02242342732747,60.87640379265148,0.0010927039331910299,-394.54343
450,07,-3.758493633006676e-05,-22.269790681900524,47.74635748879372,0.0010440241232438279,-510.09143
451,08,-3.3272750999810424e-05,-17.014684508621052,43.397001161080546,0.0010487866989167115,-373.80646
452,09,-2.4645985519115736e-05,-7.889081433783638,37.34792189491059,0.0009151321535124882,-198.37152
453,10,-1.526362983537594e-05,-3.798430909843855,48.34944315867911,0.0005933222717686742,132.62633
454,11,-1.1750765303218536e-05,10.89123139716254,54.5964946256227,0.0005619674263660951,285.66934
457,02,-8.18821650381367e-06,12.903916228158135,62.959067062718525,0.0005283647472425172,370.88327
458,03,-1.5800369091061108e-05,2.527072602630943,59.88884960889175,0.0006005471790666234,254.40074
459,04,-2.5679135762624757e-05,-26.331729773288306,46.84454056873057,0.00046593889041503434,-36.085953
460,05,-2.9667726341906155e-05,-25.198657173730993,56.839670298081565,0.0009037413714048589,-226.38132
461,06,-3.566179110415154e-05,-31.36642959594727,52.944568701901716,0.0011968786994141958,-374.57043
462,07,-3.888270218750779e-05,-23.176640851420746,56.14024401203919,0.0012087215603821659,-489.2621
463,08,-3.333480648354688e-05,-12.395997953681537,44.035043613662005,0.0010214693359917133,-348.39697
466,11,-1.2597567349661808e-05,15.910226154920792,53.90823562632401,0.0005069242515831825,170.65279
467,12,-7.748080553331723e-06,20.40142875687794,63.311030514205655,0.0004944631197981608,454.18176
468,01,-8.493993727101315e-06,23.796599253992884,55.116003269850566,0.0004060688798143667,523.6698
470,03,-1.3339704251535219e-05,-6.768148279333628,63.03257818707726,0.00046114679775602243,49.852123
471,04,-2.4140652476206825e-05,-8.481860700141059,60.03202422682047,0.0007254045517381757,-13.559581
472,05,-3.631899526441482e-05,-17.44638056798135,47.40056218499266,0.0007784020966188845,-238.82297
473,06,-3.447691067930363e-05,-33.33076165534125,39.74884000571834,0.0009423105013197868,-412.4051
475,08,-3.324744642680256e-05,-25.59706884437479,43.61733073811633,0.0010718811275108415,-406.58435
476,09,-2.7110998255941223e-05,-4.088550005425346,48.59134079140956,0.0010813803784312972,-156.91077
478,11,-1.049799736220949e-05,11.533768935139973,58.11769115721252,0.0007007089032915043,252.3708
479,12,-7.425197422547768e-06,21.47761040308142,53.53903508252609,0.0005544804356621699,501.4311
480,01,-8.170035396257738e-06,18.813249751593478,61.34680531404607,0.0004562786708415723,480.1538
481,02,-8.232899953890454e-06,13.675333238874163,51.283400613031226,0.0004878204055308429,316.4389
483,04,-2.786484313502215e-05,-15.88577495863173,41.53150874974462,0.0003912166226224751,-22.997414
484,05,-2.8741963674400066e-05,-37.081440074305384,54.09692304540707,0.0006720132131989082,-183.74716
485,06,-3.9525050331051005e-05,-23.208365014648436,47.86380608810849,0.0009900846631499234,-405.89594
486,07,-3.625940142692049e-05,-31.74150496025496,48.734570516079984,0.001190152164367206,-474.71973
487,08,-3.404563471354698e-05,-17.337182702177312,41.57153246440298,0.0009153493840614355,-397.4942
488,09,-2.6543087166161665e-05,-4.24653964674208,45.73786681658825,0.0009920191406140525,-219.24992
489,10,-1.8569231195137014e-05,10.235854191605762,54.45598049366731,0.0009659558784721729,16.698214
490,11,-1.0039879183467646e-05,10.335369747924807,64.20363267016013,0.0005838539287481886,304.32715
491,12,-8.260583359534854e-06,25.078029959073632,56.60606037604423,0.0006186688043578876,362.36658
493,02,-1.5386156723984276e-05,31.748662168305497,64.97568837541958,0.0006172183049920366,341.25198
494,03,-1.9840231885472768e-05,-1.8349693298339842,46.56073982853019,0.00044156570029401656,41.914093
495,04,-2.7043378228700023e-05,-24.0670989525689,35.17819720014996,0.00044264087076846477,27.426235
496,05,-2.995519203009721e-05,-45.04488896819084,46.51938461271666,0.0006991983233638057,-184.3606
497,06,-3.546342912159163e-05,-30.903872137790252,54.092656515480414,0.0009531023765690003,-398.4858
498,07,-3.552329937512147e-05,-24.55973527871409,49.31133174363516,0.0011676926252908862,-450.3055
499,08,-3.48960954878191e-05,-17.491402352609946,46.845165995435046,0.0011642942770002831,-400.2677
500,09,-2.4679065476549213e-05,-6.537764871215822,41.4254565234277,0.0009814041400650556,-177.39482
501,10,-1.848353834580477e-05,14.114419966174706,59.132486595437086,0.0008436635503033075,43.621437
502,11,-1.0186800306089735e-05,15.631692754109702,47.969248177954896,0.0007050563983345021,256.89746
503,12,-6.893300624729055e-06,15.732371215492165,60.65007041392917,0.0004749457487080894,503.63458
504,01,-7.860778656987515e-06,14.34612370152627,66.80461903254064,0.0004323260738559914,468.23444
505,02,-9.005972841740524e-06,9.622026147751583,54.51137783175566,0.000539877978493261,303.30566
506,03,-1.5948935392546162e-05,-0.9029574194467195,53.47545231677126,0.0004469089032667109,30.137749
507,04,-2.588563685021654e-05,-27.98602328389486,47.86236142485672,0.0003414452638194754,-12.273485
508,05,-3.230829694098981e-05,-22.4746828918457,60.26473778712485,0.0005485733494364279,-209.37598
509,06,-3.7502937650666964e-05,-26.38411481492784,47.88007799596918,0.0010744130859948195,-365.9795
510,07,-3.6336240956178925e-05,-19.074829963273896,48.14752719921964,0.001075812178065009,-496.8442
511,08,-3.444879628501263e-05,-12.903870650096605,45.419211714576655,0.000943864032105035,-365.28397
512,09,-2.3354238802332672e-05,-7.743464881388346,41.71682162190013,0.0009716396207307595,-224.14948
513,10,-1.864643046111826e-05,14.62936670381279,46.729617401201246,0.0007882013383125549,68.781906
514,11,-1.0072340758698473e-05,9.36498726196289,49.88987413275507,0.000526706469721909,201.91446
