,month,MER,MSSHF,RH,tp,ENSO
0,01,-7.186377549426466e-06,5.464709561255669,62.6901256937955,61.434043169021606,0.47
2,03,-1.408509512223264e-05,7.08405715679866,62.090667984242096,107.00708317756653,-0.08
4,05,-2.839083756912113e-05,-16.16055940262989,64.02205650719006,98.91896796226501,0.27
5,06,-3.330413338050373e-05,-22.16353809509278,52.028707694198026,77.33350610733032,-0.15
6,07,-3.0671342559486147e-05,-22.637875941122733,53.00265082314577,36.31914162635803,-0.14
7,08,-2.8487004876296853e-05,-12.56110269165039,50.14281140049425,84.36125612258911,0.44
8,09,-2.3132900744369383e-05,-4.023202255249023,42.3501046719922,43.01969242095947,0.38
9,10,-1.6345863611966567e-05,2.642213581372333,56.92965585534547,56.921231508255005,0.24
10,11,-1.1569333000928361e-05,13.890767045423724,49.679388139549886,76.8632504940033,0.52
11,12,-1.207531024335357e-05,24.691616260159407,64.98245628347064,131.76934385299683,0.65
12,01,-5.795284385228985e-06,8.867661568262244,49.01821534482766,58.65590763092041,0.35
13,02,-7.359469057738698e-06,6.865867059466484,53.581606617508264,60.54261493682861,0.19
15,04,-2.282624180893941e-05,-17.872287172783746,48.97103869282801,41.5899133682251,0.59
16,05,-2.9285246377967465e-05,-30.998830406271004,47.47244699586335,23.549720764160156,0.55
17,06,-3.014735746900341e-05,-26.066622504679362,62.37913317463399,87.7898542881012,0.62
18,07,-3.1905643976779664e-05,-14.025872309859079,48.67037434149174,142.42091464996338,0.62
19,08,-3.1051088017916934e-05,-11.540256553403795,47.008779259716306,67.59736728668213,0.15
20,09,-2.365392635981859e-05,-3.0327022542317708,42.946886476458445,42.64728355407715,0.2
21,10,-2.1172643707369163e-05,7.590982919672484,58.4636376896443,107.7690110206604,0.09
23,12,-7.873070872231058e-06,26.063403682913826,61.380955716897084,73.57332229614258,-0.06
24,01,-7.860688640385075e-06,20.899533713063885,47.875411116570554,93.3958797454834,-0.33
25,02,-8.991757432514056e-06,2.888394768487839,50.11619150138895,42.9824595451355,-0.24
26,03,-1.2076194787720939e-05,11.89821663673975,73.37905685201383,133.0828936100006,0.33
27,04,-2.2320882245185202e-05,-19.334173597547743,50.02077896680037,35.788278102874756,0.41
28,05,-3.0310256707952082e-05,-17.47440350473055,59.34436809112436,102.75372743606567,-0.27
29,06,-3.0904296795920855e-05,-15.787571440294057,51.69619375912348,69.78700375556946,-0.6
30,07,-3.173775886429094e-05,-20.80200322239373,49.75860673643311,54.99441409111023,-0.51
31,08,-2.8741253340065727e-05,-19.03508228654759,42.77699926753197,37.25814604759216,-0.31
32,09,-2.269007780640903e-05,-3.5648343312581385,46.85175361700852,61.64737391471863,-0.01
33,10,-2.174942796122078e-05,9.781940688922843,60.93410625634399,150.74281787872314,-0.1
35,12,-7.687594037497059e-06,8.885675470167591,67.75924336626196,63.80108118057251,-0.16
36,01,-5.276928763964617e-06,11.574925520045783,58.01885871766587,43.573694705963135,-0.38
37,02,-7.864293709969517e-06,5.468580898829869,51.56958197040644,18.835744380950928,-0.47
38,03,-1.6001877676116956e-05,1.792558938959594,55.95160838729334,72.00946402549744,-0.28
39,04,-2.3437909088230905e-05,-21.874123499891493,46.11000325809585,35.43097186088562,-0.34
40,05,-2.9170486620455693e-05,-20.4214844770534,47.92201473479629,53.242250204086304,-0.03
41,06,-3.17826830204164e-05,-27.949367026435006,48.16991035015053,93.72558498382568,0.78
42,07,-3.416977696542745e-05,-21.999847670688425,39.2781192299025,32.713236570358276,1.79
44,09,-2.1331834113273846e-05,-6.238656323920356,43.43915766518911,59.11188769340515,1.81
45,10,-1.6551261839878706e-05,3.491510892150223,54.79260846710333,104.26913022994995,1.93
48,01,-1.1369238679367056e-05,31.70380508160335,51.86229076744793,104.55150389671326,2.57
51,04,-2.090864053300013e-05,-10.60586452026367,65.75529212030038,105.42021083831787,2.79
53,06,-3.6603149109497395e-05,-25.008415187242296,46.266101067479454,40.00491166114807,2.02
54,07,-3.282222612492611e-05,-33.091220865229126,44.1499227373741,22.25583553314209,0.75
55,08,-2.6941880611302234e-05,-27.08358682743196,31.77761535606461,31.294189929962158,-0.11
57,10,-2.1395454446465794e-05,12.186390243366201,47.91972020449689,59.156498670578,-0.43
58,11,-9.367185011372688e-06,10.117007967122396,41.05919099200301,59.34060025215149,-0.43
59,12,-8.522425015388596e-06,21.808005747805364,57.410435429080856,63.89762902259827,-0.43
60,01,-1.1848107099418698e-05,28.771229348787696,56.9102486772409,127.76513147354126,-0.5
61,02,-9.682757584759485e-06,6.4267875001403105,47.08914505602986,61.24871587753296,-0.52
62,03,-1.3818876191033916e-05,-6.2181760956138685,56.610379949503034,62.89697480201721,-0.11
63,04,-2.3066575134180317e-05,-21.124448284233942,53.13685258980724,21.789991855621338,0.09
64,05,-2.301351515928619e-05,-21.276121071107926,61.30564291210714,106.87018704414368,-0.47
65,06,-3.0384449369921637e-05,-25.249517172580298,53.14751710217263,54.762237310409546,-0.72
66,07,-3.052118788760435e-05,-16.333257173927887,51.58020934386151,95.44521999359131,-0.31
67,08,-2.8069958612225798e-05,-17.017802792784988,42.472240740586344,27.303098917007446,-0.15
68,09,-2.2138291550658728e-05,-0.809648367987739,66.94727416271104,147.5589587688446,-0.11
69,10,-1.5594664512004833e-05,12.420039781796033,52.5519555827328,95.18328905105591,-0.15
71,12,-7.343828446024142e-06,12.754345215500043,59.86620702467682,57.75411510467529,-0.31
72,01,-6.201572312694294e-06,7.789162023728894,59.71689801232405,62.144726276397705,-0.25
73,02,-7.646551471441942e-06,-7.170963860648018,49.17462651499538,9.736912250518799,-0.58
75,04,-2.3272295822324753e-05,-10.486857863362628,59.37646033687326,78.5594162940979,-0.76
76,05,-2.800802443084893e-05,-16.149492612120927,55.7763452255995,63.01261830329895,-1.22
77,06,-3.090711121482552e-05,-17.990251360066733,61.34983533646531,126.5044174194336,-0.57
79,08,-3.3271033724499884e-05,-4.3656862228557625,49.79625837316948,104.17502427101135,-0.37
80,09,-2.244669017984254e-05,-3.3109654418945316,48.444472670045165,48.915464639663696,-0.44
81,10,-1.5745955748394817e-05,1.4800897167574978,41.847355274659336,36.53095197677612,-0.04
82,11,-1.5779393952086846e-05,2.730464919026692,53.6031213278585,73.80068945884705,0.0
83,12,-6.748697063030508e-06,22.216181771555252,62.92255071562849,100.24923872947693,-0.34
84,01,-1.0488508364736625e-05,25.802121266682942,67.17732922877546,118.28075385093689,-0.36
85,02,-9.105866422227595e-06,-15.737989101954868,41.279925076501705,5.396147966384888,-0.3
87,04,-1.9242588071877733e-05,-14.953707265557181,61.57429541588492,64.68825125694275,-0.52
88,05,-3.1224375424332516e-05,-18.680161248648037,54.14751819698144,49.02557110786438,-0.18
89,06,-3.5890827366468634e-05,-24.274000357055662,43.53411597645681,56.932453870773315,0.12
90,07,-3.000731417455182e-05,-30.125119514383297,48.19723509739805,53.75952363014221,0.56
92,09,-2.1116000810717296e-05,-5.870355172729491,52.886519872754164,48.16365933418274,1.31
93,10,-1.7202233669146365e-05,6.4104873591597356,48.62927366667281,94.80732774734497,0.57
94,11,-1.2770530823662637e-05,20.62896745435927,57.76803370095226,84.64354729652405,0.65
95,12,-1.128779906788603e-05,28.043287035542146,58.52688881322774,125.43024492263794,1.06
98,03,-1.3287096029671374e-05,-5.803373095440609,55.151999684815046,77.72802114486694,1.47
99,04,-2.2575659647211267e-05,-11.442104777696397,52.015024873095086,33.60578918457031,1.66
100,05,-2.791426425801057e-05,-28.103053294192083,60.924986691195485,69.35014915466309,1.91
101,06,-2.8837502824555686e-05,-20.989433822292757,61.5306473079814,96.28858280181885,2.02
102,07,-3.379324687933062e-05,-20.07741719498173,55.40260847481861,134.5398542881012,1.92
104,09,-2.5696148892024614e-05,-3.969099077690972,51.22118268649578,66.9906599521637,1.23
105,10,-1.9746457593286597e-05,13.28605210072507,59.41998880579267,102.30783081054688,1.13
106,11,-1.2423982501220758e-05,8.69252590874566,58.77474638277293,110.22080183029175,0.85
107,12,-5.659096497726741e-06,10.619382738339004,50.16868590621025,47.003796100616455,0.75
108,01,-9.400724827868036e-06,23.76198229324177,64.8158600401199,138.66146302223206,0.59
109,02,-1.553154618433063e-05,17.196350676788683,61.10995617006565,87.70584869384766,0.31
110,03,-1.4791143874625109e-05,4.141464673442225,71.63935923557511,114.518559217453,0.19
111,04,-2.4692344382775542e-05,-22.74501348402235,55.09817502149212,27.742077589035034,-0.01
113,06,-2.7714982728361462e-05,-28.63852083367242,47.29024293223089,31.23433208465576,-1.19
114,07,-3.385038605679304e-05,-9.511822006717805,59.07058047961163,151.79068851470947,-1.77
115,08,-3.211179117533902e-05,-13.866469908683532,47.473473327189375,72.62528491020203,-1.79
116,09,-2.5435363158006416e-05,2.907980506727431,49.177534459747214,99.14269590377808,-1.77
118,11,-1.0307503538792339e-05,7.8851572241889105,46.36847800110711,43.99460577964783,-1.61
119,12,-7.866494279115095e-06,20.208327730240367,52.71666673100892,61.15853786468506,-1.49
120,01,-5.490775168401608e-06,12.580168148245866,46.32122026583841,24.550368309020996,-1.09
123,04,-2.3728384267512105e-05,-15.711892689005532,62.36782957411343,78.43897438049316,-1.09
124,05,-3.2913617601255e-05,-32.404015432706444,43.15242019264416,14.875389337539673,-1.04
125,06,-3.3498540398290464e-05,-35.047065074327264,55.710710440916486,67.16671657562256,-1.02
126,07,-3.3625666249610085e-05,-27.510599928661055,42.19065745926929,59.59615159034729,-1.12
127,08,-3.0036708770112647e-05,-17.0266568734774,43.458151734339296,58.18086361885071,-0.73
128,09,-2.1827326350689368e-05,-6.781363076782227,44.02462579022247,52.75948238372803,-0.61
130,11,-1.311930024130561e-05,7.912713109334308,43.72629240063826,36.57659721374512,-0.33
131,12,-7.719866410816296e-06,20.033501539989185,45.286219627095804,99.99442100524902,-0.02
132,01,-9.708490018202875e-06,23.531725362798216,54.619796854420386,62.73529887199402,0.12
133,02,-1.709957590030951e-05,31.83555304718018,59.52337883048256,96.37451434135437,0.43
134,03,-1.7018775953137494e-05,2.372058311872584,47.98838851665681,25.981262683868408,0.61
138,07,-3.559518055198981e-05,-33.07448882301904,37.832517702871755,43.237606048583984,0.17
140,09,-2.7407515947157255e-05,-3.6402964202880854,48.108384553693405,93.28326845169067,0.21
141,10,-1.8407037761653066e-05,10.48773665069252,49.92561818830045,70.05437111854553,-0.06
142,11,-1.0645134954231454e-05,8.876481322224937,54.38112868225972,88.05533337593079,0.12
144,01,-9.804670876438911e-06,24.167181801416536,38.86062395377826,65.73154544830322,0.16
146,03,-1.2629808311264428e-05,-0.5304674036169569,53.76618897918476,29.050020217895508,0.21
147,04,-2.5889148811054637e-05,-18.50936585184733,50.20018549894757,46.967238903045654,0.21
149,06,-2.987989489524302e-05,-20.686577268473304,57.62339900992447,100.81910800933838,0.89
150,07,-3.606362330103894e-05,-12.26554677852508,46.37869990175771,86.47331523895264,0.88
151,08,-2.9805839779475068e-05,-22.79464663072811,38.70661156831249,22.764347553253174,0.42
153,10,-2.004618059737534e-05,2.17344532234438,45.307421456006274,48.3614456653595,1.09
154,11,-1.4646135411648073e-05,14.444811823866104,60.08639300202131,121.3805501461029,1.17
155,12,-7.654158530845394e-06,17.942148733159545,42.031411531264894,44.35604405403137,1.29
156,01,-5.988280283046514e-06,9.900324605634134,41.55076964045469,40.05626130104065,1.7
158,03,-1.6743815379482177e-05,3.675611719931326,56.535387553599556,89.10991644859314,1.72
159,04,-2.3724830210206465e-05,-12.979907084147134,60.15185276207658,57.617363929748535,1.98
162,07,-3.3542465003026134e-05,-26.574038988010855,46.61348771423679,62.71932125091553,0.76
163,08,-3.290884278264643e-05,-13.404264240552024,52.83446418771308,128.27770042419434,0.08
164,09,-2.5466491539959356e-05,-1.4094354346381297,48.6797681992597,66.03445959091187,0.5
165,10,-1.9484351597922247e-05,1.9587082073252686,58.379234332862715,99.88054394721985,0.81
166,11,-1.321692710625939e-05,23.694389510769323,50.96693710040848,114.02044343948364,0.73
167,12,-8.425528942156701e-06,11.411874493342573,45.69198678764476,59.72125196456909,0.78
168,01,-9.715480358609446e-06,34.39173987899288,57.42208674485646,79.51586604118347,0.83
169,02,-8.449411843078754e-06,-1.1622854381742926,41.2482318814184,24.723291158676147,0.93
170,03,-1.4966802825774622e-05,-6.011914413616221,42.24266758934657,13.214776277542114,0.78
171,04,-2.191761210872048e-05,-4.539731902737087,59.59964808656376,50.1136200428009,0.98
172,05,-3.0932743489659034e-05,-26.541132331437964,51.168041845343446,72.61612272262573,1.48
173,06,-3.281592492067931e-05,-24.277929318237305,46.836056776909025,49.03701114654541,1.5
174,07,-3.3366269429406925e-05,-23.52127023184171,53.23872095220833,138.4921417236328,0.91
176,09,-2.2725771390226628e-05,-2.4448908416748045,57.50485973500145,149.34324550628662,0.64
177,10,-1.798888249350155e-05,2.3637267239478326,43.9463890340828,80.44077348709106,0.95
178,11,-1.1587640056374466e-05,-1.8295716874864363,52.225245416957804,62.847052574157715,0.7
179,12,-9.250304196792702e-06,31.236705364924607,64.63241229699248,142.54706811904907,0.26
180,01,-8.814763398506955e-06,28.086010490499522,59.814965074129006,85.40289497375488,0.02
181,02,-9.681430163471391e-06,-2.9269207930791947,54.97462990093799,36.50040102005005,-0.17
184,05,-2.8615912740195944e-05,-19.306992470361852,50.8592781971834,59.618553161621094,0.0
185,06,-3.390126228795352e-05,-22.424498955281575,49.86442946763436,51.52622365951538,0.25
186,07,-3.466171150601792e-05,-32.442688338413035,36.16844127948567,21.875284671783447,0.88
187,08,-3.527003988845888e-05,-15.806742182249662,41.714041907468136,89.98871898651123,0.84
189,10,-1.8016295581522476e-05,4.47270425086893,52.33998963107474,97.18963932991028,1.47
190,11,-8.92097842036795e-06,12.752254605102538,55.27824593100681,50.59832048416138,0.99
191,12,-1.093666692604627e-05,22.757288210632986,53.902280609893545,112.21855115890503,0.87
194,03,-2.219248033328259e-05,-0.5256330294045062,56.57506640008187,94.79378461837769,0.14
196,05,-3.3250014936618425e-05,-29.631465932538433,52.844916530618114,94.81036853790283,0.16
197,06,-3.44918315846169e-05,-24.446217814466692,49.08188772321145,64.76006937026978,-0.0
198,07,-3.591561413959817e-05,-25.92438248894804,39.340810654867084,45.93726992607117,-0.25
199,08,-3.331847033315239e-05,-31.29434137422295,33.68999910253863,22.496978521347046,-0.65
200,09,-2.6222378082234683e-05,-4.395296908230251,54.09243484116659,112.6880235671997,-0.86
201,10,-1.4566836962311297e-05,5.514771194293934,41.310020164710224,18.715614557266235,-0.65
202,11,-1.3042386322538529e-05,9.068964893934462,58.53600206141338,32.25963592529297,-0.67
203,12,-8.991161045966975e-06,-5.598886509064706,48.51484771922968,40.51283264160156,-0.82
204,01,-7.460320452180465e-06,-0.4728464959257379,45.67560021059616,16.127771615982056,-0.83
205,02,-7.544903639281147e-06,5.38362545916678,55.18347650017959,60.068604469299316,-0.81
206,03,-1.2827322511164368e-05,-10.990242480862525,51.72073062135199,22.461695432662964,-0.64
208,05,-2.4253428110207234e-05,-26.022296560964275,51.92535755428705,57.326932191848755,-0.83
209,06,-2.8253365109311642e-05,-38.732165323215064,41.61192797080808,28.135314464569092,-0.9
210,07,-3.142641031134248e-05,-27.054918192217425,49.82263012584947,59.759037256240845,-0.76
211,08,-2.9903093116464793e-05,-15.358725825155936,42.33743624172287,98.74433755874634,-0.6
212,09,-2.534073391895315e-05,-7.00570699428982,43.673043699496326,48.277573585510254,-0.26
215,12,-8.836182103413613e-06,1.1414017176474303,51.832999992789766,45.02203106880188,-0.45
216,01,-3.583592048936e-06,-1.2817189340899076,35.36421269791357,8.55794882774353,-0.66
217,02,-9.97768289436776e-06,28.48145621345157,61.04910012837534,84.60573077201843,-0.72
218,03,-1.2413017713795421e-05,-3.0697627356744577,49.8996438915832,28.955554485321045,-0.29
219,04,-2.201332183204714e-05,-17.60772253417969,50.15108422283994,28.14702796936035,0.17
220,05,-3.085946982284968e-05,-22.07697987414944,55.658551038389554,78.28123354911804,0.68
222,07,-3.376502295814329e-05,-20.43258258581674,48.29218798171063,69.49712204933167,2.11
225,10,-2.0736059433235615e-05,1.8364669255082322,46.07108195983722,81.02550506591797,2.01
226,11,-1.1372840429430654e-05,5.54297788119846,52.451002673839106,56.97358417510986,2.06
227,12,-9.893875752236308e-06,16.98351939342868,60.12797338394067,77.3915023803711,2.03
228,01,-1.1099072907757458e-05,24.386054642872143,54.87726956107148,88.08339476585388,2.23
229,02,-7.893391973560764e-06,12.879144769577753,54.623768248409036,20.71983242034912,2.43
230,03,-1.582076560769428e-05,4.910139277304372,64.38913835901599,89.45151329040527,2.27
231,04,-2.2395207648413717e-05,-10.670934447903104,67.35853829729425,131.57473421096802,2.55
232,05,-3.182257207745645e-05,-20.036693252071256,51.31070372274871,44.95067262649536,2.26
233,06,-3.4082233544055876e-05,-13.138249787733287,60.09514157660935,136.99862432479858,0.37
234,07,-3.6390916169732936e-05,-13.917790471887077,46.5719772114318,77.72835302352905,-1.42
236,09,-2.4247977624205914e-05,0.3736279635959201,55.41774919654528,154.75264143943787,-1.31
237,10,-2.3367591303340108e-05,14.50471792602539,57.49670259841796,178.64887976646423,-1.21
238,11,-1.186565926222506e-05,4.6568576497395835,50.09492808050447,92.01937747001648,-1.3
239,12,-8.802920268002493e-06,22.454611907630838,51.308709990082264,78.07752561569214,-1.25
240,01,-9.430198710966792e-06,24.63400003675235,61.44896206574927,91.57960391044617,-1.26
241,02,-1.079772392194216e-05,13.779260249546594,59.85849182345754,56.13470458984375,-1.18
242,03,-1.3397230129969535e-05,-0.9194605676794566,60.6708199271861,87.33539247512817,-1.11
243,04,-2.54553507465769e-05,-17.42901027967665,53.24983413987689,65.29687428474426,-1.17
244,05,-3.422614240797327e-05,-20.88572949317194,50.723297991629586,63.86414575576782,-1.36
245,06,-3.759346314859108e-05,-24.964019442409946,49.104056137108806,86.7335524559021,-1.26
246,07,-3.775679561435789e-05,-20.12216363230059,34.70881050790896,54.39849805831909,-1.19
247,08,-3.318467006672979e-05,-13.657699137697938,45.50563225292391,99.36693954467773,-1.07
248,09,-2.59650643648355e-05,-3.5717024329291456,50.26974016195536,83.68352055549622,-1.17
249,10,-2.1588807777500546e-05,5.981483147405809,48.24640764357326,65.74780321121216,-1.31
251,12,-1.3700721242369786e-05,27.986750325848984,63.54783165261822,142.15608167648315,-1.43
252,01,-6.553396535759588e-06,18.42038040095504,45.80448549491872,47.351823568344116,-1.26
253,02,-1.2230161100386137e-05,18.65321454909752,54.35344561065067,98.67708921432495,-1.27
254,03,-1.4517082142339604e-05,-0.5979741453765541,58.83941007500695,60.096646308898926,-1.36
259,08,-3.0941285219664524e-05,-19.063545700565466,39.65101154342005,51.30303931236267,-0.08
260,09,-2.4486756719630248e-05,-2.020394458007812,56.817002186003,85.14948225021362,-0.36
262,11,-1.5146696185204038e-05,20.892512133110895,68.07071139411661,131.4802393913269,-0.91
264,01,-6.723928980547147e-06,14.384707934964087,53.25762820807451,85.52192997932434,-0.82
265,02,-9.421481274265325e-06,7.153048214503697,61.79020408172125,83.6603274345398,-0.87
266,03,-1.3063552253355424e-05,-6.242824222359606,58.59238742218351,86.2628161907196,-0.79
268,05,-3.372209000100225e-05,-25.790908090242777,45.58359570831253,47.3751916885376,-0.58
269,06,-3.303585196628976e-05,-31.827683939954966,48.06642211600013,56.74857974052429,-0.71
270,07,-3.6646507612448495e-05,-24.41304970722813,43.035889669943884,87.7753267288208,-0.02
271,08,-3.349079792080317e-05,-13.273838911159066,49.470468634774605,107.7295401096344,0.34
272,09,-2.8629883362433853e-05,-3.361749937269423,60.89090815499625,144.1834967136383,-0.07
273,10,-1.872843477780094e-05,15.499699002173642,52.0420637966638,73.23751926422119,-0.25
274,11,-1.4045017091525046e-05,9.019137569173179,50.75557469189433,85.68967199325562,-0.32
275,12,-9.904081011676856e-06,14.487402564920403,52.82181985401466,73.46089029312134,0.02
276,01,-6.60295483731882e-06,23.604068570044735,51.65779350411636,67.26308727264404,0.07
278,03,-1.718439095667989e-05,-2.8514695644583754,52.573686629964456,40.98473596572876,-0.2
279,04,-2.4829810814864887e-05,-14.182246478949653,49.20558492463959,60.53001356124878,-0.36
282,07,-3.594073215623134e-05,-17.96138944137737,48.60045512300026,94.12360286712646,0.42
283,08,-3.0240783373966385e-05,-12.41071590333344,52.640142950275894,146.93423414230347,0.97
285,10,-2.2813934475604865e-05,5.003235001430717,55.25826176021304,87.43804001808167,0.79
286,11,-9.433203981300014e-06,10.082439758300783,57.335292302331666,88.66095638275146,0.76
287,12,-9.155090198257839e-06,-0.601292420089886,52.83887711868107,93.86429786682129,0.86
288,01,-7.996820467572737e-06,16.024269751435966,52.92226850532075,73.5739049911499,0.8
289,02,-9.213011075579354e-06,1.6289639434814458,40.65915042115535,23.336631298065186,0.62
290,03,-1.4304734281419465e-05,-4.024482163624097,45.80751552796749,22.1645565032959,0.53
291,04,-2.383696288773839e-05,-17.2942943037245,47.44735419490735,51.56433296203613,-0.08
292,05,-3.0977665722578726e-05,-19.48317038226384,57.695412786129985,85.30281352996826,-0.57
293,06,-3.491794925367785e-05,-29.63445593295627,48.58540389312637,47.240581035614014,-0.07
294,07,-3.637924248004731e-05,-25.786057973554062,44.12265574810709,76.22430467605591,0.01
295,08,-3.1032737283929096e-05,-31.771135562691633,39.36124998163152,22.521544456481934,0.01
298,11,-8.746191556262298e-06,13.336127873399521,55.471923015075255,56.468339920043945,0.29
299,12,-8.986315398414586e-06,16.75842543636855,56.42778465677845,90.1946873664856,0.1
300,01,-8.992702947169514e-06,20.66453995308825,64.87525535803712,107.22431802749634,0.16
301,02,-1.1818901434843997e-05,12.780648606925178,58.06078212638148,64.95090794563293,-0.04
302,03,-1.5225630396960167e-05,1.0669384965794064,50.376974003080406,47.67586803436279,-0.44
304,05,-2.847669872224737e-05,-31.81054322043798,50.857990436966695,37.014437675476074,-0.44
307,08,-3.442271008691844e-05,-10.630728795861687,53.4802156332962,153.6393961906433,0.74
308,09,-3.09724094837697e-05,1.3779368174235027,41.60773183429904,68.27244329452515,0.54
309,10,-1.9737982986943505e-05,10.8786054316695,45.96995730125903,55.872933864593506,0.34
310,11,-1.219442167142309e-05,8.63346869269477,52.650442458646836,66.66378116607666,0.51
311,12,-6.509792311736683e-06,12.651209838210898,41.13814304297201,54.07814908027649,0.51
313,02,-1.0796667724878803e-05,1.9850640389578682,54.967533898224424,50.05322074890137,0.61
314,03,-1.2645556585016247e-05,2.2825399281491516,62.992716266741034,63.6138596534729,0.82
315,04,-2.402455134354872e-05,-12.38321820203993,55.9102142579476,77.4074821472168,0.13
317,06,-3.715115132452208e-05,-30.632264646063906,50.84424858076307,55.748387813568115,0.2
319,08,-3.320200081173924e-05,-14.21000237282374,41.28222914207624,101.65014147758484,-0.01
320,09,-2.545146969718593e-05,-6.704652192857532,39.75358392157654,79.9967360496521,-0.05
322,11,-1.4535249143672345e-05,9.326381112670902,61.63253474075529,66.79116821289062,-0.75
323,12,-9.12172876785682e-06,14.485518746324761,56.37181309181387,50.890292167663574,-0.73
325,02,-8.8568046297561e-06,4.634872235616048,55.29220876641359,57.903024673461914,-0.5
326,03,-1.3873502668170125e-05,-4.782673361173239,59.930227692120816,63.244534492492676,-0.61
328,05,-3.370682173148433e-05,-13.439136345319852,55.415879218805216,97.34957218170166,-0.43
329,06,-3.4785863751151034e-05,-27.11431088460287,44.96967633606062,34.651726484298706,-0.23
330,07,-3.3670624993676266e-05,-35.11209074615151,34.7803111832411,25.724807262420654,0.11
331,08,-3.203818718891423e-05,-14.970106861073484,56.166526000266416,192.56933999061584,0.56
332,09,-2.4569920312832332e-05,-1.9050392035590278,48.50952039943403,31.076144695281982,0.63
333,10,-2.0357669840078775e-05,8.929626497002058,49.91160704086961,104.8823778629303,0.68
334,11,-1.6638314112929544e-05,21.698549422539603,51.20864173750348,79.28392601013184,0.9
335,12,-1.1844671387852061e-05,21.158474252352146,51.61357204472506,99.22530603408813,0.59
336,01,-1.3167410284109127e-05,32.71415653975292,54.798027210791915,116.52486562728882,0.62
337,02,-9.635896793779033e-06,12.227102448962983,62.05461917357218,88.80820941925049,0.39
339,04,-2.5420359923575438e-05,-23.728481532796227,35.425640993569964,1.6051898002624512,-0.36
340,05,-3.1186685044343005e-05,-23.42358186127037,55.67473245647261,116.55266427993774,-0.44
341,06,-3.458860908376663e-05,-19.802041976589628,51.81401281598541,100.40370607376099,-0.86
342,07,-4.0491175616739144e-05,-14.380545316962786,51.51913973191349,166.44169425964355,-0.77
343,08,-3.430768915528969e-05,-11.902402343421853,46.669440629773256,52.89487075805664,-0.93
344,09,-2.677926907070085e-05,-2.246240928141275,48.58724766878287,74.65286588668823,-1.1
345,10,-1.4836711174446523e-05,-1.5530790907336818,46.4751422240952,38.23624563217163,-1.14
346,11,-1.4172945336880124e-05,15.984315191311307,55.0159122577058,63.65782594680786,-1.13
347,12,-9.103623443880553e-06,18.67049515623687,44.72693699303237,75.82493901252747,-1.22
348,01,-9.98381483742544e-06,30.50790186531313,59.32570013750177,98.90966415405273,-1.08
349,02,-9.733829621899499e-06,11.488472740085646,43.235250111784055,39.91739559173584,-1.27
350,03,-2.0140387961912898e-05,4.352542552004578,67.29393991330491,110.58221864700317,-1.54
351,04,-2.446588194630345e-05,-15.287676639472116,50.48518859204715,37.05441331863403,-1.13
352,05,-3.326288808405293e-05,-18.37616691179173,46.32872357566895,58.6919801235199,-0.98
353,06,-3.476253857051133e-05,-32.52892781643338,47.80475471985869,40.78405427932739,-0.86
355,08,-3.3834556450724496e-05,-9.036356891591062,49.02626591384924,114.81742095947266,-1.08
356,09,-2.5189189388381943e-05,-2.5223080678304033,46.95382839618127,79.74637937545776,-1.07
357,10,-1.8222273044254205e-05,6.518695762716314,54.30898137165141,92.71740341186523,-1.12
358,11,-1.2143508331428165e-05,12.723418456013999,55.05112889809742,87.03951120376587,-1.05
359,12,-6.623100362498576e-06,8.910789440196046,51.189781416840454,32.103607177734375,-1.05
361,02,-6.55127283612057e-06,7.2258432279314295,62.426701213981424,62.01654672622681,-0.85
363,04,-2.2896213735516033e-05,-13.763160278998479,44.90089633327524,23.97039556503296,-0.81
364,05,-3.152253704363203e-05,-24.89160391596312,50.72287625494953,51.12992525100708,-0.72
365,06,-3.4585202314802804e-05,-32.20444840494791,47.13420631794532,75.43589448928833,-0.06
366,07,-3.995988693131167e-05,-23.939954596078525,46.67216465320125,103.68392610549927,0.49
367,08,-3.326769469126164e-05,-18.63527480389995,42.41847231385144,46.274324893951416,0.52
368,09,-2.396435872586961e-05,-8.675344586181641,43.626415080409586,40.19728755950928,0.39
369,10,-1.8213049179844e-05,4.716025361748153,49.256211021474606,74.3879747390747,0.56
370,11,-1.3997967538165946e-05,28.005924584282763,63.3120259418408,119.02290868759155,1.05
372,01,-6.091251291421628e-06,2.9262350808420488,60.36061479552843,49.821874141693115,0.93
373,02,-7.65345504045659e-06,5.717629487900508,61.53230691539674,91.62952327728271,1.28
375,04,-2.4690822054900404e-05,-20.66956467929416,50.227940069592,27.15949821472168,0.49
376,05,-2.827942739082006e-05,-27.387183430333288,51.416537502500645,63.4017915725708,-0.17
377,06,-3.182083758476639e-05,-35.711798379855686,43.71565713060168,33.73767280578613,-1.33
378,07,-3.4407490462771055e-05,-31.11366353779454,49.13440625845617,68.74052047729492,-2.43
379,08,-3.27152816781925e-05,-15.088779016966459,50.057286181364006,146.2640986442566,-2.4
380,09,-2.3803562745282155e-05,-1.7829848341200085,47.799041656389505,93.05310916900635,-2.28
381,10,-1.8914465963579488e-05,8.677334267236855,54.52403665949838,76.19713640213013,-2.18
382,11,-1.1904203317903414e-05,4.708053307088217,64.34552551558414,80.79510045051575,-2.04
383,12,-7.738160395268594e-06,4.967533013128466,56.59717789244652,51.991679430007935,-1.91
385,02,-7.274441715534998e-06,7.353929252261208,64.81677477946593,54.225329875946045,-1.63
386,03,-1.235675504704564e-05,-6.3443144091534345,43.386579177287324,20.28888177871704,-1.79
387,04,-2.5035789431644346e-05,-14.869033695136176,49.48712501599656,17.25916814804077,-1.74
388,05,-3.0008848766624646e-05,-32.62149781881353,48.67582858574712,34.52233028411865,-1.29
389,06,-3.4230032604055946e-05,-25.01744469502767,49.43961729888122,94.74681329727173,-1.08
391,08,-3.274760770019843e-05,-10.64563058373236,50.85391145080519,128.73549723625183,-0.88
392,09,-2.5484862159343414e-05,2.648160398695204,48.54894579696125,68.3792371749878,-1.16
393,10,-1.916051529891168e-05,8.726722329416583,41.10612051369683,69.30626606941223,-1.37
394,11,-8.12447487300637e-06,7.208228931681314,45.10324230610001,17.076764583587646,-1.21
395,12,-1.2744765838047034e-05,29.389911852764826,62.27082245179138,135.77323961257935,-1.24
396,01,-9.557997748420493e-06,23.492998173539362,55.985124487241116,90.29691076278687,-1.08
397,02,-6.941694202459045e-06,2.77444112036694,54.92825397600388,25.181623220443726,-0.67
398,03,-1.1845709033173812e-05,-9.130659757880753,42.53471919810516,29.57355237007141,-0.59
399,04,-2.412122515035865e-05,-15.116672309705946,65.52592149374486,93.77713108062744,-0.43
401,06,-3.633841799156573e-05,-15.284035491265191,54.862410076340026,122.0042052268982,-0.28
402,07,-3.9630504535585143e-05,-18.105863085346844,55.33667580591222,133.29841899871826,0.3
403,08,-3.664081436780238e-05,-14.530181596981583,48.63167088847007,90.66671252250671,-0.06
404,09,-2.780254297756781e-05,-4.337274759928387,47.643611919113,79.25185561180115,-0.32
406,11,-9.782895505729057e-06,13.286790387301977,48.36725960095062,62.30052351951599,-0.07
408,01,-7.079607454118081e-06,9.77005108642578,59.36599973937003,56.091444969177246,-0.05
409,02,-9.82560560788399e-06,1.2790957768758144,54.799641565576906,42.50241231918335,-0.07
410,03,-1.6003138249269338e-05,-14.11737674147083,62.83003596656937,46.14034557342529,-0.14
411,04,-2.0434202846445263e-05,-16.983018215264217,45.651346360141694,31.149431228637695,-0.37
412,05,-2.7662325821888435e-05,-23.158452428017892,56.92952051083376,89.41290044784546,-0.71
414,07,-3.405638901301333e-05,-27.630988150319745,40.32137145659744,58.30738687515259,-0.85
415,08,-3.2683108437937644e-05,-17.84199171037572,39.46305893081491,40.892261028289795,-0.5
416,09,-2.475842662511746e-05,-8.054260448540582,49.65095689521101,81.32235813140869,-0.38
419,12,-9.44601224512954e-06,28.97793200421077,55.46996279250422,74.25229167938232,-0.35
420,01,-8.580053124215514e-06,22.96357862870411,63.49304372530727,90.50502729415894,-0.51
421,02,-1.1990748406116751e-05,26.598223410470148,61.15281964255657,81.80759859085083,-0.43
422,03,-1.6731313326227373e-05,-1.3453218475669946,47.843510205716214,34.10970735549927,-0.08
423,04,-2.3883861623916246e-05,-16.521862002224392,58.86005653639768,52.129727363586426,-0.16
424,05,-3.2321809314922687e-05,-17.350711201329386,63.11191008513332,111.14941215515137,-0.18
425,06,-3.645346474101341e-05,-28.120134918891054,43.231891095406475,53.205344676971436,-0.01
427,08,-3.5946427165531874e-05,-15.756697428713563,51.75170243226714,126.34322667121887,0.16
429,10,-1.6616273676728237e-05,8.951883064844276,46.06859467966968,79.9614315032959,0.07
430,11,-1.0089955154782932e-05,6.784489759657117,59.376273723493675,64.11601209640503,0.34
431,12,-1.0581146033268115e-05,22.95546643394552,54.273882943514856,89.71414184570312,0.34
432,01,-9.2527426375611e-06,26.340960131573418,62.63006211892765,107.20374536514282,0.23
433,02,-8.153189459681882e-06,8.31590086110433,48.93550452213628,54.84558963775635,0.05
434,03,-1.5915630637317265e-05,-1.6360386480515998,44.90566300547765,61.79024076461792,0.13
435,04,-2.4346638547669703e-05,-22.934988667466907,50.17846367060873,27.186142444610596,0.35
436,05,-3.070366395367009e-05,-25.76910455847299,53.73915812349191,61.485331535339355,0.96
437,06,-3.477750818122634e-05,-31.860220404391814,46.7203716229452,35.5678129196167,1.85
438,07,-3.7615658574522775e-05,-25.170489753641114,45.05531850020347,95.02099466323853,1.73
439,08,-3.326061218056918e-05,-12.586229408838417,52.3345120203854,123.28978443145752,1.92
440,09,-2.5603061031688413e-05,-1.6679924726698132,46.654843129608366,98.359215259552,2.21
441,10,-1.3186316454061119e-05,-1.463842040031187,51.45971762442205,34.89073657989502,2.11
444,01,-9.004527324929857e-06,20.359526514525058,60.00615774854665,107.9379734992981,1.94
445,02,-1.2519085415486441e-05,14.879537966322628,54.698993667597065,72.69394779205322,1.81
446,03,-1.4810545610421827e-05,-5.396197126162949,59.004922374092125,69.4955415725708,1.31
447,04,-2.7581765115751797e-05,-20.820068422105575,57.557788026644126,67.43884038925171,1.33
448,05,-3.16294027814815e-05,-19.310568396455505,50.32535560724812,61.365638256073,1.26
449,06,-3.356170396635004e-05,-23.02242342732747,60.87640379265148,113.14722728729248,0.36
450,07,-3.758493633006676e-05,-22.269790681900524,47.74635748879372,56.59930372238159,-0.51
451,08,-3.3272750999810424e-05,-17.014684508621052,43.397001161080546,57.580533027648926,-0.28
452,09,-2.4645985519115736e-05,-7.889081433783638,37.34792189491059,28.704333305358887,-0.34
453,10,-1.526362983537594e-05,-3.798430909843855,48.34944315867911,57.946226596832275,-0.6
457,02,-8.18821650381367e-06,12.903916228158135,62.959067062718525,67.99254751205444,-0.41
458,03,-1.5800369091061108e-05,2.527072602630943,59.88884960889175,58.12478494644165,-0.58
459,04,-2.5679135762624757e-05,-26.331729773288306,46.84454056873057,30.59126615524292,-0.21
460,05,-2.9667726341906155e-05,-25.198657173730993,56.839670298081565,37.424317359924316,0.17
461,06,-3.566179110415154e-05,-31.36642959594727,52.944568701901716,63.719133377075195,-0.29
465,10,-2.0550294828412475e-05,15.281469091599986,50.30405073937036,63.67462873458862,-0.63
466,11,-1.2597567349661808e-05,15.910226154920792,53.90823562632401,71.56626224517822,-0.63
469,02,-1.1806723732206594e-05,-2.6082788761683875,46.30087924139698,28.985047340393066,-0.7
470,03,-1.3339704251535219e-05,-6.768148279333628,63.03257818707726,81.36417293548584,-0.79
471,04,-2.4140652476206825e-05,-8.481860700141059,60.03202422682047,102.50590419769287,-1.29
472,05,-3.631899526441482e-05,-17.44638056798135,47.40056218499266,48.21310758590698,-0.91
473,06,-3.447691067930363e-05,-33.33076165534125,39.74884000571834,26.889825344085693,-0.51
474,07,-3.4126774513620195e-05,-44.31138712696363,36.16823902212164,19.791842460632324,-0.17
475,08,-3.324744642680256e-05,-25.59706884437479,43.61733073811633,94.60595369338989,0.36
476,09,-2.7110998255941223e-05,-4.088550005425346,48.59134079140956,68.28795766830444,0.52
477,10,-1.717439320385384e-05,2.0582064438686585,44.893768001867876,34.76789951324463,0.41
478,11,-1.049799736220949e-05,11.533768935139973,58.11769115721252,34.97020101547241,0.26
482,03,-1.7898125718357898e-05,7.876527682396675,54.192069970153995,101.83904027938843,0.77
483,04,-2.786484313502215e-05,-15.88577495863173,41.53150874974462,32.68497180938721,0.33
484,05,-2.8741963674400066e-05,-37.081440074305384,54.09692304540707,39.454394817352295,0.26
485,06,-3.9525050331051005e-05,-23.208365014648436,47.86380608810849,106.98088932037354,0.35
486,07,-3.625940142692049e-05,-31.74150496025496,48.734570516079984,49.36154794692993,0.24
488,09,-2.6543087166161665e-05,-4.24653964674208,45.73786681658825,112.17082786560059,0.15
489,10,-1.8569231195137014e-05,10.235854191605762,54.45598049366731,119.96327877044678,0.27
490,11,-1.0039879183467646e-05,10.335369747924807,64.20363267016013,74.31336832046509,0.45
491,12,-8.260583359534854e-06,25.078029959073632,56.60606037604423,84.95069599151611,0.41
492,01,-6.012859741277161e-06,22.106840989635838,48.67357203781476,60.42203378677368,0.29
493,02,-1.5386156723984276e-05,31.748662168305497,64.97568837541958,131.38312101364136,0.3
494,03,-1.9840231885472768e-05,-1.8349693298339842,46.56073982853019,49.32469892501831,0.15
495,04,-2.7043378228700023e-05,-24.0670989525689,35.17819720014996,24.384860515594482,-0.11
496,05,-2.995519203009721e-05,-45.04488896819084,46.51938461271666,17.802208423614502,-0.24
499,08,-3.48960954878191e-05,-17.491402352609946,46.845165995435046,91.37486410140991,-0.99
502,11,-1.0186800306089735e-05,15.631692754109702,47.969248177954896,45.380624771118164,-1.15
503,12,-6.893300624729055e-06,15.732371215492165,60.65007041392917,109.63903760910034,-1.16
504,01,-7.860778656987515e-06,14.34612370152627,66.80461903254064,90.61761569976807,-1.2
505,02,-9.005972841740524e-06,9.622026147751583,54.51137783175566,60.75168180465698,-0.95
506,03,-1.5948935392546162e-05,-0.9029574194467195,53.47545231677126,54.85542392730713,-0.79
507,04,-2.588563685021654e-05,-27.98602328389486,47.86236142485672,51.77638530731201,-0.96
508,05,-3.230829694098981e-05,-22.4746828918457,60.26473778712485,118.6035623550415,-1.06
510,07,-3.6336240956178925e-05,-19.074829963273896,48.14752719921964,97.35786199569702,-1.53
511,08,-3.444879628501263e-05,-12.903870650096605,45.419211714576655,99.27522611618042,-1.34
512,09,-2.3354238802332672e-05,-7.743464881388346,41.71682162190013,33.61188364028931,-1.41
513,10,-1.864643046111826e-05,14.62936670381279,46.729617401201246,138.24248218536377,-1.47
514,11,-1.0072340758698473e-05,9.36498726196289,49.88987413275507,67.49459075927734,-1.4
