,month,MER,MSSHF,RH,t2m,VW
0,01,-7.186377549426466e-06,5.464709561255669,62.6901256937955,271.0374221375988,-3.7666581846052605
1,02,-7.399999772068052e-06,2.729709174746558,52.295623941567676,272.4365299592699,-1.3059519413312277
2,03,-1.408509512223264e-05,7.08405715679866,62.090667984242096,277.5071083010602,3.9315372702485787
3,04,-2.191347909663616e-05,-15.59233038906521,62.41300571294825,280.35185083779226,1.0740941146002878
4,05,-2.839083756912113e-05,-16.16055940262989,64.02205650719006,284.1894770028719,8.630355046979844
5,06,-3.330413338050373e-05,-22.16353809509278,52.028707694198026,287.5916414632162,3.2090791480382284
7,08,-2.8487004876296853e-05,-12.56110269165039,50.14281140049425,288.49456290886997,3.1812677038664456
8,09,-2.3132900744369383e-05,-4.023202255249023,42.3501046719922,287.08609388970274,-0.510687753507826
9,10,-1.6345863611966567e-05,2.642213581372333,56.92965585534547,284.1524093375258,5.778387170791627
10,11,-1.1569333000928361e-05,13.890767045423724,49.679388139549886,279.5115746341281,-4.489285752847461
11,12,-1.207531024335357e-05,24.691616260159407,64.98245628347064,278.9589235103156,-0.28389227742020834
12,01,-5.795284385228985e-06,8.867661568262244,49.01821534482766,273.9435328466764,-3.3814287265244354
13,02,-7.359469057738698e-06,6.865867059466484,53.581606617508264,277.9200598216879,-0.3616500237782795
14,03,-1.4070489600584629e-05,-6.186828353717764,55.02083505403355,277.7412255432786,0.9811663906958793
15,04,-2.282624180893941e-05,-17.872287172783746,48.97103869282801,280.6358343542311,-9.524053100861446
17,06,-3.014735746900341e-05,-26.066622504679362,62.37913317463399,287.3835177541096,2.5734654588063557
18,07,-3.1905643976779664e-05,-14.025872309859079,48.67037434149174,288.3328994714881,-0.26483490488606115
19,08,-3.1051088017916934e-05,-11.540256553403795,47.008779259716306,289.8567247478526,-0.9145211367658391
20,09,-2.365392635981859e-05,-3.0327022542317708,42.946886476458445,288.5418778632271,1.5179921280543012
21,10,-2.1172643707369163e-05,7.590982919672484,58.4636376896443,282.9430969840429,0.00958403039747691
24,01,-7.860688640385075e-06,20.899533713063885,47.875411116570554,276.2877688055551,-14.993898111712548
26,03,-1.2076194787720939e-05,11.89821663673975,73.37905685201383,280.6608627738133,2.7350078623987018
27,04,-2.2320882245185202e-05,-19.334173597547743,50.02077896680037,280.8875384987725,-3.2069450362735323
28,05,-3.0310256707952082e-05,-17.47440350473055,59.34436809112436,285.6955955049248,7.16871375371051
30,07,-3.173775886429094e-05,-20.80200322239373,49.75860673643311,289.0546993070213,-0.9555403572000489
31,08,-2.8741253340065727e-05,-19.03508228654759,42.77699926753197,289.5996995383643,-5.737638261405371
32,09,-2.269007780640903e-05,-3.5648343312581385,46.85175361700852,288.2523063490126,6.289416321606107
33,10,-2.174942796122078e-05,9.781940688922843,60.93410625634399,282.36856040909464,2.4850872046152754
34,11,-1.4328458308167076e-05,19.586548003133142,54.57233108670976,280.54755887637674,-11.457353041140237
35,12,-7.687594037497059e-06,8.885675470167591,67.75924336626196,273.28184220705754,-4.769642162630634
36,01,-5.276928763964617e-06,11.574925520045783,58.01885871766587,274.71989871035333,-4.891109149317589
37,02,-7.864293709969517e-06,5.468580898829869,51.56958197040644,276.0330576188678,1.6552668325560431
38,03,-1.6001877676116956e-05,1.792558938959594,55.95160838729334,278.2745939710473,-1.5734310661233883
39,04,-2.3437909088230905e-05,-21.874123499891493,46.11000325809585,280.3653982337103,-12.943029245885215
40,05,-2.9170486620455693e-05,-20.4214844770534,47.92201473479629,285.1203722468551,5.09572851915257
43,08,-3.1963929242763654e-05,-15.790871219429917,46.55304641459066,290.1174927072832,3.203157168829313
44,09,-2.1331834113273846e-05,-6.238656323920356,43.43915766518911,288.8515710662842,5.005797420205011
45,10,-1.6551261839878706e-05,3.491510892150223,54.79260846710333,284.4179603883477,3.9553702151800993
46,11,-1.519573135911843e-05,20.401449884033198,56.70156626680825,281.542423581526,5.924383153004117
47,12,-1.0313162028783104e-05,17.753608460457098,55.75187243828721,277.1484120603172,-1.7107022496705413
48,01,-1.1369238679367056e-05,31.70380508160335,51.86229076744793,279.3915269172832,-7.28827055961855
49,02,-1.1685804688698098e-05,2.732715975443522,46.129101684696614,274.1075286789849,-5.2380526352155785
50,03,-1.3839232150540515e-05,-0.5926843497983868,57.115805566785156,278.44128489291285,-4.877558255903184
51,04,-2.090864053300013e-05,-10.60586452026367,65.75529212030038,281.01254923197433,7.622805477269491
52,05,-2.6606813441591635e-05,-11.409518621957432,66.050863289825,283.5180301421791,8.684080295788345
54,07,-3.282222612492611e-05,-33.091220865229126,44.1499227373741,291.918114544284,0.5349078274183373
55,08,-2.6941880611302234e-05,-27.08358682743196,31.77761535606461,290.7689338021227,-1.2125626575510984
56,09,-2.725831751290065e-05,0.9693071214463977,44.86737590899468,287.3565667371962,1.751585998386807
58,11,-9.367185011372688e-06,10.117007967122396,41.05919099200301,280.0425614195929,-6.614907704395718
59,12,-8.522425015388596e-06,21.808005747805364,57.410435429080856,277.4857788941578,-2.6570578389526696
60,01,-1.1848107099418698e-05,28.771229348787696,56.9102486772409,276.7842754120365,-1.8171058356992653
61,02,-9.682757584759485e-06,6.4267875001403105,47.08914505602986,275.46569391803087,-7.605639194422754
62,03,-1.3818876191033916e-05,-6.2181760956138685,56.610379949503034,277.09370695126444,-2.6351272446211946
63,04,-2.3066575134180317e-05,-21.124448284233942,53.13685258980724,280.480126296997,-3.7798098264482283
64,05,-2.301351515928619e-05,-21.276121071107926,61.30564291210714,282.87292314492504,-0.677646871115572
65,06,-3.0384449369921637e-05,-25.249517172580298,53.14751710217263,286.0332354305691,-5.382480461120606
67,08,-2.8069958612225798e-05,-17.017802792784988,42.472240740586344,290.61531108601883,1.4394752741577808
68,09,-2.2138291550658728e-05,-0.809648367987739,66.94727416271104,286.73494841105145,-1.9586343215306596
70,11,-1.2000811908506469e-05,17.20852971835666,62.11537896577253,281.5467750801086,9.75799302626716
72,01,-6.201572312694294e-06,7.789162023728894,59.71689801232405,270.81246475709895,-7.303112680189071
73,02,-7.646551471441942e-06,-7.170963860648018,49.17462651499538,272.6459450080508,-8.188289751120978
74,03,-1.1304150707112197e-05,-2.56875498781922,68.34861116093205,276.80950123838204,0.883263510611749
76,05,-2.800802443084893e-05,-16.149492612120927,55.7763452255995,285.3065335752425,3.582993253482286
77,06,-3.090711121482552e-05,-17.990251360066733,61.34983533646531,286.164952170478,0.5723389233907065
78,07,-3.447742918110781e-05,-15.274860501197074,50.75858460182529,289.64287729209974,1.9624681110997348
79,08,-3.3271033724499884e-05,-4.3656862228557625,49.79625837316948,288.7357638382451,6.747224802570958
81,10,-1.5745955748394817e-05,1.4800897167574978,41.847355274659336,283.8836659237441,0.5071230077846077
82,11,-1.5779393952086846e-05,2.730464919026692,53.6031213278585,276.48227231207954,-4.4680131394492255
83,12,-6.748697063030508e-06,22.216181771555252,62.92255071562849,278.89900289527316,0.4556928207233385
84,01,-1.0488508364736625e-05,25.802121266682942,67.17732922877546,275.801350984922,-6.017850162034394
85,02,-9.105866422227595e-06,-15.737989101954868,41.279925076501705,269.8368100568681,-4.677185569944837
86,03,-1.09558865346488e-05,2.199697240357758,53.96111336709735,276.74076908246934,1.529696232846988
87,04,-1.9242588071877733e-05,-14.953707265557181,61.57429541588492,278.83615111126363,5.869092054367065
88,05,-3.1224375424332516e-05,-18.680161248648037,54.14751819698144,285.4117867415233,8.900653361905007
89,06,-3.5890827366468634e-05,-24.274000357055662,43.53411597645681,288.4358594709608,-1.683861653221978
90,07,-3.000731417455182e-05,-30.125119514383297,48.19723509739805,289.44563059620185,-0.8332931163541726
91,08,-3.1366839325049225e-05,-20.726613564768147,49.22354232249208,288.36188031465264,5.28556109350471
92,09,-2.1116000810717296e-05,-5.870355172729491,52.886519872754164,284.9466449978299,-3.8961140452067053
93,10,-1.7202233669146365e-05,6.4104873591597356,48.62927366667281,284.73838183753725,1.2270836029257823
95,12,-1.128779906788603e-05,28.043287035542146,58.52688881322774,278.653770938135,-3.9448398696120077
97,02,-5.771432554432804e-06,6.824847212655203,67.52644709656069,275.3062230299087,-2.305479620888119
98,03,-1.3287096029671374e-05,-5.803373095440609,55.151999684815046,275.18381564716617,-7.2440210121934125
99,04,-2.2575659647211267e-05,-11.442104777696397,52.015024873095086,282.7985634870741,0.2727976148605345
100,05,-2.791426425801057e-05,-28.103053294192083,60.924986691195485,282.72152383422844,-5.130835388368177
101,06,-2.8837502824555686e-05,-20.989433822292757,61.5306473079814,286.23068305765787,3.1211598950915858
103,08,-3.0242934917310693e-05,-13.572054321945357,50.633880177582476,288.99911613021357,-3.461253159225629
104,09,-2.5696148892024614e-05,-3.969099077690972,51.22118268649578,287.79776992187493,2.196264123302036
105,10,-1.9746457593286597e-05,13.28605210072507,59.41998880579267,284.1081416557065,13.057100941893877
106,11,-1.2423982501220758e-05,8.69252590874566,58.77474638277293,280.28694883850955,-4.4051263535393606
107,12,-5.659096497726741e-06,10.619382738339004,50.16868590621025,277.7222096857871,-2.9305631152942615
108,01,-9.400724827868036e-06,23.76198229324177,64.8158600401199,279.10735159379686,5.527936221091978
110,03,-1.4791143874625109e-05,4.141464673442225,71.63935923557511,278.11941827511527,-8.382366675202562
111,04,-2.4692344382775542e-05,-22.74501348402235,55.09817502149212,281.1784597961426,-1.7053315254635282
112,05,-3.182606770285695e-05,-15.882362545546664,52.83810746537357,286.42319685117656,6.448995066488942
113,06,-2.7714982728361462e-05,-28.63852083367242,47.29024293223089,287.1965049299452,-3.5400914671579997
114,07,-3.385038605679304e-05,-9.511822006717805,59.07058047961163,288.8184828294324,6.8323721847123995
117,10,-1.6347254436593455e-05,7.273599919801116,47.520342997120274,284.2524626317998,3.924836768201601
119,12,-7.866494279115095e-06,20.208327730240367,52.71666673100892,280.1574802909768,-12.605013241860172
120,01,-5.490775168401608e-06,12.580168148245866,46.32122026583841,278.0433618807229,-0.17765723320745627
121,02,-1.1993180484209699e-05,15.243881237211681,52.799659086113884,278.5967229493005,3.106950273581913
122,03,-1.7582771425163286e-05,5.919001820882161,61.97907953674307,280.92673047006264,0.9141703075901154
123,04,-2.3728384267512105e-05,-15.711892689005532,62.36782957411343,279.7644985144721,5.176459208255344
124,05,-3.2913617601255e-05,-32.404015432706444,43.15242019264416,286.4839753660796,-1.0060280780382052
125,06,-3.3498540398290464e-05,-35.047065074327264,55.710710440916486,288.0712565836589,-0.8146940553241305
126,07,-3.3625666249610085e-05,-27.510599928661055,42.19065745926929,290.43235706386776,-5.965661229246407
127,08,-3.0036708770112647e-05,-17.0266568734774,43.458151734339296,290.0662455388552,-1.1468217086586903
128,09,-2.1827326350689368e-05,-6.781363076782227,44.02462579022247,288.6776379201254,-1.0855375805324978
129,10,-1.9913688146604526e-05,14.103063629806684,48.60193847477949,285.642628944643,-2.4773695379892984
130,11,-1.311930024130561e-05,7.912713109334308,43.72629240063826,279.22501226437885,-2.328028060743544
132,01,-9.708490018202875e-06,23.531725362798216,54.619796854420386,278.84542206019734,2.2783597749689575
133,02,-1.709957590030951e-05,31.83555304718018,59.52337883048256,280.50749825822743,3.3738418606576466
134,03,-1.7018775953137494e-05,2.372058311872584,47.98838851665681,281.1010017314214,-3.703874424616497
136,05,-3.125298669270236e-05,-34.3688931694441,36.06377147361027,286.42458363949356,-0.4548254154984667
137,06,-3.068480971400681e-05,-23.63770078192817,52.16888050745726,287.6530416948106,3.9676137081358167
138,07,-3.559518055198981e-05,-33.07448882301904,37.832517702871755,289.3471467754405,-3.748802826481482
139,08,-2.897321149455781e-05,-28.290339532667595,47.590817581110095,291.14238770975095,0.09266292079802467
140,09,-2.7407515947157255e-05,-3.6402964202880854,48.108384553693405,286.55917945963546,-6.767911235004002
141,10,-1.8407037761653066e-05,10.48773665069252,49.92561818830045,285.16074951352357,7.068571275341894
142,11,-1.0645134954231454e-05,8.876481322224937,54.38112868225972,279.7035436231401,-4.461492165671455
143,12,-1.0178729378000547e-05,19.264495642221096,49.02194799312469,277.58139236323046,-4.244458656290527
144,01,-9.804670876438911e-06,24.167181801416536,38.86062395377826,276.4995654494993,2.6246698665003616
145,02,-6.996622216688376e-06,0.507544446309408,46.996895068120395,272.81969927006674,-1.0937606032008218
146,03,-1.2629808311264428e-05,-0.5304674036169569,53.76618897918476,280.96131813873785,3.679436902446132
147,04,-2.5889148811054637e-05,-18.50936585184733,50.20018549894757,281.06129239251874,-3.8804163361655335
149,06,-2.987989489524302e-05,-20.686577268473304,57.62339900992447,285.44453116149896,2.312953067652385
150,07,-3.606362330103894e-05,-12.26554677852508,46.37869990175771,291.0611541531471,3.502324325315414
152,09,-2.1833397036001162e-05,-8.548686426798504,39.4321560544822,288.29770074191623,-0.019854519801669517
153,10,-2.004618059737534e-05,2.17344532234438,45.307421456006274,283.64651159085514,0.952629884084066
155,12,-7.654158530845394e-06,17.942148733159545,42.031411531264894,277.4903090515137,-8.3346434656779
156,01,-5.988280283046514e-06,9.900324605634134,41.55076964045469,276.29669176196023,-4.6902770765161
158,03,-1.6743815379482177e-05,3.675611719931326,56.535387553599556,279.7299019205238,-5.972428818959062
159,04,-2.3724830210206465e-05,-12.979907084147134,60.15185276207658,281.38050007290315,-1.8858808835771346
160,05,-3.502280750303383e-05,-18.415903687507882,37.98684394011575,287.68378568587764,1.5834636519647416
161,06,-3.339920427913765e-05,-25.873405965508358,43.36981476617124,289.51187445407453,0.20037269441816533
162,07,-3.3542465003026134e-05,-26.574038988010855,46.61348771423679,290.8302553724063,2.7526454527044804
163,08,-3.290884278264643e-05,-13.404264240552024,52.83446418771308,290.5360282891386,9.420622178641697
165,10,-1.9484351597922247e-05,1.9587082073252686,58.379234332862715,281.5607008762565,-2.175138033138808
166,11,-1.321692710625939e-05,23.694389510769323,50.96693710040848,281.2424108364529,-2.830467434925503
167,12,-8.425528942156701e-06,11.411874493342573,45.69198678764476,277.1291988499139,1.79938270771888
168,01,-9.715480358609446e-06,34.39173987899288,57.42208674485646,278.0689588641915,-2.1686067230265627
170,03,-1.4966802825774622e-05,-6.011914413616221,42.24266758934657,278.6799079442178,-7.480420348013602
172,05,-3.0932743489659034e-05,-26.541132331437964,51.168041845343446,286.5305111710743,4.809687152677967
174,07,-3.3366269429406925e-05,-23.52127023184171,53.23872095220833,288.9670793329055,0.3682552195723335
175,08,-3.234485571499712e-05,-11.285276480397874,49.79429166342623,288.38119730434624,-1.517910512739612
176,09,-2.2725771390226628e-05,-2.4448908416748045,57.50485973500145,286.37938309156635,2.567192783037821
177,10,-1.798888249350155e-05,2.3637267239478326,43.9463890340828,282.4125413159196,3.3335509971905783
178,11,-1.1587640056374466e-05,-1.8295716874864363,52.225245416957804,275.9691254242791,-1.362627434709337
179,12,-9.250304196792702e-06,31.236705364924607,64.63241229699248,278.55954070281985,-2.3895911745461094
180,01,-8.814763398506955e-06,28.086010490499522,59.814965074129006,278.4522831625169,-2.550082951761061
181,02,-9.681430163471391e-06,-2.9269207930791947,54.97462990093799,274.71976377387267,-1.1560002459117344
182,03,-1.5868986940443404e-05,12.424105568506382,56.25959003628518,280.1386115247255,-5.109838371625509
183,04,-2.4481364455176743e-05,-15.54007357143826,53.21672202842236,281.15531175240415,1.072442509057787
184,05,-2.8615912740195944e-05,-19.306992470361852,50.8592781971834,284.95634343137016,3.848988206781366
185,06,-3.390126228795352e-05,-22.424498955281575,49.86442946763436,287.7325351216634,-1.7603594158596463
188,09,-2.649383951805552e-05,-2.2674784339057075,50.77799905458556,286.7490272650824,2.5801398991478814
189,10,-1.8016295581522476e-05,4.47270425086893,52.33998963107474,282.91257732530823,0.06765352751619064
190,11,-8.92097842036795e-06,12.752254605102538,55.27824593100681,283.18030227940875,-0.3912592182583275
191,12,-1.093666692604627e-05,22.757288210632986,53.902280609893545,279.09193974574924,-0.4517669412141207
192,01,-1.2804497735976505e-05,25.385474410518523,57.77612080058489,277.2651151844968,-4.624458262494815
194,03,-2.219248033328259e-05,-0.5256330294045062,56.57506640008187,278.52115150119414,-5.375294921936527
195,04,-2.3056703787511248e-05,-15.611610607231992,48.9374839578549,281.70371436835387,-8.217882198884753
196,05,-3.3250014936618425e-05,-29.631465932538433,52.844916530618114,285.3548243562432,1.762601557700865
198,07,-3.591561413959817e-05,-25.92438248894804,39.340810654867084,292.21608878154143,2.4434866078284476
199,08,-3.331847033315239e-05,-31.29434137422295,33.68999910253863,292.1374796096639,-6.406313635016001
200,09,-2.6222378082234683e-05,-4.395296908230251,54.09243484116659,287.4659033938938,0.612849772156609
201,10,-1.4566836962311297e-05,5.514771194293934,41.310020164710224,286.1660483907064,5.549859377050913
202,11,-1.3042386322538529e-05,9.068964893934462,58.53600206141338,280.4485377359602,-4.377470945951673
205,02,-7.544903639281147e-06,5.38362545916678,55.18347650017959,273.61455346710375,-2.21206523458985
207,04,-2.0502408365953464e-05,-21.604367342122394,58.54018084150156,281.5059792378743,0.9496918742709688
209,06,-2.8253365109311642e-05,-38.732165323215064,41.61192797080808,287.7120379621718,-2.092028507275052
210,07,-3.142641031134248e-05,-27.054918192217425,49.82263012584947,288.9736008786437,-3.1049256038050506
213,10,-1.7171301486478214e-05,8.106230379494288,51.02844809201841,284.35446074524754,1.0061798058786697
214,11,-1.4551765714713837e-05,14.46901237657335,58.72207561985916,279.4499412578582,-1.5732026177512282
215,12,-8.836182103413613e-06,1.1414017176474303,51.832999992789766,274.0792455669526,-1.747326027634323
217,02,-9.97768289436776e-06,28.48145621345157,61.04910012837534,278.9320034816378,-0.7881853435834248
220,05,-3.085946982284968e-05,-22.07697987414944,55.658551038389554,285.1017764521773,0.9932646831184299
221,06,-3.476727682935032e-05,-20.254541469319665,56.16686724849277,288.2355316602919,4.90637015830146
222,07,-3.376502295814329e-05,-20.43258258581674,48.29218798171063,290.03099838158397,-0.6637979181966475
223,08,-3.064838395117496e-05,-15.397676236060358,39.11490551742816,293.2227237929478,1.682758229081349
224,09,-2.7053925191669103e-05,-10.968042353990342,40.873450344501606,287.54944601949063,-1.7348625640445288
225,10,-2.0736059433235615e-05,1.8364669255082322,46.07108195983722,283.2611740620521,-9.586813698840396
226,11,-1.1372840429430654e-05,5.54297788119846,52.451002673839106,279.9875980561574,5.854934998512268
228,01,-1.1099072907757458e-05,24.386054642872143,54.87726956107148,277.9622745796942,-1.450892314357142
229,02,-7.893391973560764e-06,12.879144769577753,54.623768248409036,279.23413331127165,-3.037549276329223
232,05,-3.182257207745645e-05,-20.036693252071256,51.31070372274871,286.9770894601474,-0.6871010359282137
233,06,-3.4082233544055876e-05,-13.138249787733287,60.09514157660935,288.37100996331105,6.3122358766767706
234,07,-3.6390916169732936e-05,-13.917790471887077,46.5719772114318,288.9995175761561,-1.1335652676243932
235,08,-3.4686337675251e-05,-19.754633603331865,40.27667498864153,289.45330056729875,-4.290398413873488
238,11,-1.186565926222506e-05,4.6568576497395835,50.09492808050447,277.3990418517218,-6.541430208015441
239,12,-8.802920268002493e-06,22.454611907630838,51.308709990082264,277.97066255097747,-3.2974561736609354
240,01,-9.430198710966792e-06,24.63400003675235,61.44896206574927,278.42221806261614,0.13767809711989554
241,02,-1.079772392194216e-05,13.779260249546594,59.85849182345754,276.5846275064377,-15.095687816460925
243,04,-2.54553507465769e-05,-17.42901027967665,53.24983413987689,282.47727725253634,0.7264303844663831
244,05,-3.422614240797327e-05,-20.88572949317194,50.723297991629586,286.46426943280625,2.5149216677758
245,06,-3.759346314859108e-05,-24.964019442409946,49.104056137108806,287.621155009969,2.4077966739866468
246,07,-3.775679561435789e-05,-20.12216363230059,34.70881050790896,291.3305993268413,-0.9507721068679647
247,08,-3.318467006672979e-05,-13.657699137697938,45.50563225292391,290.35377914166196,1.798294270935879
248,09,-2.59650643648355e-05,-3.5717024329291456,50.26974016195536,290.39740791795515,7.428677170393202
249,10,-2.1588807777500546e-05,5.981483147405809,48.24640764357326,284.0889761727855,0.7620047189240815
250,11,-1.3179962080519347e-05,12.654008286878799,52.50058610761298,280.36134305237664,-5.3083783276663885
251,12,-1.3700721242369786e-05,27.986750325848984,63.54783165261822,278.27631423343126,-4.7865400395137
253,02,-1.2230161100386137e-05,18.65321454909752,54.35344561065067,278.9918639561445,-5.22298073832194
255,04,-2.355722367422762e-05,-12.813957029554578,60.681698268123455,282.30091152648924,9.074070477824739
257,06,-3.750390542944741e-05,-27.016546727159287,42.780413097916714,288.429064964803,1.1058663845909962
258,07,-3.168135436499142e-05,-21.668345875401656,51.88578506780696,288.20182105771954,-2.328411767098212
259,08,-3.0941285219664524e-05,-19.063545700565466,39.65101154342005,290.2980615874259,3.485725751159012
260,09,-2.4486756719630248e-05,-2.020394458007812,56.817002186003,288.9522197736953,3.919733715248108
263,12,-1.1904006665214989e-05,20.81303864280127,63.79751548051194,278.4327853809069,4.44023334568803
265,02,-9.421481274265325e-06,7.153048214503697,61.79020408172125,277.52430097507295,-5.243323249499004
267,04,-2.4765318735565716e-05,-15.737299090576174,60.65160554169682,281.0073699052598,-0.14914724131690124
268,05,-3.372209000100225e-05,-25.790908090242777,45.58359570831253,286.25971681492297,1.627706267162036
269,06,-3.303585196628976e-05,-31.827683939954966,48.06642211600013,287.6171802242279,-2.844979031266107
270,07,-3.6646507612448495e-05,-24.41304970722813,43.035889669943884,291.0954466385379,3.3910846430050428
273,10,-1.872843477780094e-05,15.499699002173642,52.0420637966638,287.358400129749,8.002227872540873
274,11,-1.4045017091525046e-05,9.019137569173179,50.75557469189433,281.0378544276344,-9.810931996197173
276,01,-6.60295483731882e-06,23.604068570044735,51.65779350411636,277.7092359037091,0.24362739111787537
277,02,-1.6342577849974034e-05,27.257544948032923,61.67323920420096,280.01173835877006,-1.1061846018972854
279,04,-2.4829810814864887e-05,-14.182246478949653,49.20558492463959,282.0968799079047,-2.3918034127553303
280,05,-3.0134792006426703e-05,-17.31557953963741,52.31226475243542,285.91615550937445,8.87116875646448
283,08,-3.0240783373966385e-05,-12.41071590333344,52.640142950275894,291.52933090636554,2.9107890031876105
284,09,-2.726855740998468e-05,-6.606480073716904,41.46046437310777,288.12181282060413,-4.940236078113981
285,10,-2.2813934475604865e-05,5.003235001430717,55.25826176021304,283.04481736857923,-1.6580593323451214
287,12,-9.155090198257839e-06,-0.601292420089886,52.83887711868107,276.11271182759606,2.2550676486517793
288,01,-7.996820467572737e-06,16.024269751435966,52.92226850532075,276.0992543067932,-6.687711740042573
289,02,-9.213011075579354e-06,1.6289639434814458,40.65915042115535,275.1990847414562,-1.30996356187548
290,03,-1.4304734281419465e-05,-4.024482163624097,45.80751552796749,280.07939777218405,-1.8552307312462917
291,04,-2.383696288773839e-05,-17.2942943037245,47.44735419490735,282.52701496353154,-3.901022283871968
292,05,-3.0977665722578726e-05,-19.48317038226384,57.695412786129985,285.87503277128485,7.087039322309597
293,06,-3.491794925367785e-05,-29.63445593295627,48.58540389312637,290.1924542755127,3.9237639763090355
295,08,-3.1032737283929096e-05,-31.771135562691633,39.36124998163152,291.8428295599825,-0.9488135915366548
296,09,-2.437035215904568e-05,-12.497950702243381,40.21523504180775,287.9652745859782,-1.3662211480670508
298,11,-8.746191556262298e-06,13.336127873399521,55.471923015075255,281.18456970901485,6.3600499339209655
299,12,-8.986315398414586e-06,16.75842543636855,56.42778465677845,277.70850726802377,-3.4697213137842007
300,01,-8.992702947169514e-06,20.66453995308825,64.87525535803712,277.01399096031605,-7.858934863285351
302,03,-1.5225630396960167e-05,1.0669384965794064,50.376974003080406,278.8729907035828,-1.138047160363966
303,04,-2.4217375733618005e-05,-11.611916856553819,59.49211039767795,283.0342345699735,2.7121691885206443
304,05,-2.847669872224737e-05,-31.81054322043798,50.857990436966695,284.7821008097331,-4.050122515422042
305,06,-3.421590459786078e-05,-30.121984181382924,54.56608841220009,288.26498307020404,-2.826415734630161
306,07,-3.5823426863228845e-05,-21.040274605699764,48.61712288511441,289.52838083738925,1.6926178633577083
307,08,-3.442271008691844e-05,-10.630728795861687,53.4802156332962,291.53894050384855,3.4108706453384894
308,09,-3.09724094837697e-05,1.3779368174235027,41.60773183429904,288.3683370303683,-2.9949600599924717
309,10,-1.9737982986943505e-05,10.8786054316695,45.96995730125903,284.57554275028684,8.574271400144022
310,11,-1.219442167142309e-05,8.63346869269477,52.650442458646836,280.0218678001404,-9.378043831952414
311,12,-6.509792311736683e-06,12.651209838210898,41.13814304297201,277.18444233658494,-4.153789951550063
312,01,-1.0532949036563073e-05,27.835473567839585,50.62756816835045,278.5624613469442,-11.788157165014617
314,03,-1.2645556585016247e-05,2.2825399281491516,62.992716266741034,279.0753041903793,-4.314629368566698
315,04,-2.402455134354872e-05,-12.38321820203993,55.9102142579476,282.71948648647725,2.4257510029686817
316,05,-3.3327865934669755e-05,-23.83920729967343,52.369123788558014,284.99818274778966,2.0688526762480377
317,06,-3.715115132452208e-05,-30.632264646063906,50.84424858076307,288.991852593655,-2.855177613343133
318,07,-3.409394384040644e-05,-23.561669685609886,47.80977541725482,290.1906704429708,-0.12447588444781559
319,08,-3.320200081173924e-05,-14.21000237282374,41.28222914207624,289.1398493754069,-2.113699344163299
320,09,-2.545146969718593e-05,-6.704652192857532,39.75358392157654,289.0389223130968,0.2588362180709841
322,11,-1.4535249143672345e-05,9.326381112670902,61.63253474075529,280.7140452206929,-3.2043117451349894
323,12,-9.12172876785682e-06,14.485518746324761,56.37181309181387,277.6781497156286,-10.295047618948002
324,01,-6.5253165958961526e-06,7.280853728591756,43.42763289413273,274.90674294572244,-3.6792645613557546
325,02,-8.8568046297561e-06,4.634872235616048,55.29220876641359,275.99080734402787,-7.89652470570519
326,03,-1.3873502668170125e-05,-4.782673361173239,59.930227692120816,276.79120616527274,-4.117894217727005
328,05,-3.370682173148433e-05,-13.439136345319852,55.415879218805216,286.611448016423,2.0604650645307303
330,07,-3.3670624993676266e-05,-35.11209074615151,34.7803111832411,294.31578268137275,3.439024755990633
331,08,-3.203818718891423e-05,-14.970106861073484,56.166526000266416,289.42563545177825,-3.52028442745824
332,09,-2.4569920312832332e-05,-1.9050392035590278,48.50952039943403,290.8846295525445,5.070309681532119
333,10,-2.0357669840078775e-05,8.929626497002058,49.91160704086961,286.9078280718404,4.390374926597842
336,01,-1.3167410284109127e-05,32.71415653975292,54.798027210791915,280.3280024761898,-6.19178593167951
337,02,-9.635896793779033e-06,12.227102448962983,62.05461917357218,279.13144602752857,-0.014211802573431147
338,03,-1.969343553138324e-05,2.858439688077537,50.951221448258686,280.9515473870718,-0.07748771841808025
339,04,-2.5420359923575438e-05,-23.728481532796227,35.425640993569964,285.1133049407959,-3.46331045973036
340,05,-3.1186685044343005e-05,-23.42358186127037,55.67473245647261,286.3991220269972,3.6249730836191487
342,07,-4.0491175616739144e-05,-14.380545316962786,51.51913973191349,289.65608735082475,4.963316324623683
343,08,-3.430768915528969e-05,-11.902402343421853,46.669440629773256,290.0370085491878,1.2682946735505136
344,09,-2.677926907070085e-05,-2.246240928141275,48.58724766878287,287.3048455885146,-5.713435930930243
346,11,-1.4172945336880124e-05,15.984315191311307,55.0159122577058,280.5269208690644,-11.158009668244258
347,12,-9.103623443880553e-06,18.67049515623687,44.72693699303237,277.3368185319388,-1.8565782344777098
348,01,-9.98381483742544e-06,30.50790186531313,59.32570013750177,279.4891412764929,0.586831203993931
349,02,-9.733829621899499e-06,11.488472740085646,43.235250111784055,278.2568273897719,-1.961968575159709
350,03,-2.0140387961912898e-05,4.352542552004578,67.29393991330491,278.8884844916969,-5.924768195429157
351,04,-2.446588194630345e-05,-15.287676639472116,50.48518859204715,281.5612035566542,0.7828483831617562
352,05,-3.326288808405293e-05,-18.37616691179173,46.32872357566895,287.85736066133234,3.5619684459522207
353,06,-3.476253857051133e-05,-32.52892781643338,47.80475471985869,288.7505925245497,2.4688790296554566
354,07,-3.577182100015043e-05,-18.878891244211506,53.425692884929724,290.6381676658713,3.024764808859876
355,08,-3.3834556450724496e-05,-9.036356891591062,49.02626591384924,290.2695800380912,4.132854468827607
356,09,-2.5189189388381943e-05,-2.5223080678304033,46.95382839618127,286.9092003065321,-0.056067406590780286
359,12,-6.623100362498576e-06,8.910789440196046,51.189781416840454,276.00092939651654,-4.5166699999737485
361,02,-6.55127283612057e-06,7.2258432279314295,62.426701213981424,276.2893881261462,-11.307820014227003
362,03,-1.4006747319585248e-05,0.15545269151913163,60.10794240493287,279.1052625570399,-7.658853321957333
363,04,-2.2896213735516033e-05,-13.763160278998479,44.90089633327524,284.289430710517,6.029264274046157
364,05,-3.152253704363203e-05,-24.89160391596312,50.72287625494953,286.32759907055924,2.6680380577169442
365,06,-3.4585202314802804e-05,-32.20444840494791,47.13420631794532,288.15789018961584,-1.996933453241984
366,07,-3.995988693131167e-05,-23.939954596078525,46.67216465320125,290.62653678746375,5.637807804107666
367,08,-3.326769469126164e-05,-18.63527480389995,42.41847231385144,291.493365414199,4.007808858727896
369,10,-1.8213049179844e-05,4.716025361748153,49.256211021474606,284.11453383484707,-7.069426254600609
372,01,-6.091251291421628e-06,2.9262350808420488,60.36061479552843,273.08482904479325,-4.786219943220897
373,02,-7.65345504045659e-06,5.717629487900508,61.53230691539674,274.59004296811423,1.1087709607850937
374,03,-1.4227020407356234e-05,-0.1344084672825314,56.345688745778084,278.93887998355336,-3.83277569327816
376,05,-2.827942739082006e-05,-27.387183430333288,51.416537502500645,283.07650033011487,-1.7710000136590769
377,06,-3.182083758476639e-05,-35.711798379855686,43.71565713060168,288.5699565473768,-0.32030451049804715
378,07,-3.4407490462771055e-05,-31.11366353779454,49.13440625845617,291.94731353169107,5.159846364482757
380,09,-2.3803562745282155e-05,-1.7829848341200085,47.799041656389505,286.8539448320178,-1.4900869473775227
381,10,-1.8914465963579488e-05,8.677334267236855,54.52403665949838,284.0074488248518,-0.012806594397432208
382,11,-1.1904203317903414e-05,4.708053307088217,64.34552551558414,279.1010974715339,2.2457498138851597
383,12,-7.738160395268594e-06,4.967533013128466,56.59717789244652,272.7350027047024,-7.298802586606754
384,01,-4.432973011169315e-06,15.641597058367989,49.85520389962581,276.640032220861,-4.617686146418254
385,02,-7.274441715534998e-06,7.353929252261208,64.81677477946593,277.5559378022239,-1.8058714723359974
386,03,-1.235675504704564e-05,-6.3443144091534345,43.386579177287324,278.86510410210394,-2.7895524579530124
389,06,-3.4230032604055946e-05,-25.01744469502767,49.43961729888122,288.6127736097548,4.910514154773288
392,09,-2.5484862159343414e-05,2.648160398695204,48.54894579696125,288.68825934821234,4.46301638607449
393,10,-1.916051529891168e-05,8.726722329416583,41.10612051369683,284.83637540882887,-0.8078829870531637
394,11,-8.12447487300637e-06,7.208228931681314,45.10324230610001,280.86535165697734,5.527877823448181
395,12,-1.2744765838047034e-05,29.389911852764826,62.27082245179138,279.54841704272206,-4.9778297481126685
398,03,-1.1845709033173812e-05,-9.130659757880753,42.53471919810516,280.5903991654509,-4.95342670649867
399,04,-2.412122515035865e-05,-15.116672309705946,65.52592149374486,281.0076457704756,5.787491861258613
400,05,-3.2719707248821014e-05,-19.41600187732328,54.71462800888861,286.39187647731336,1.6779351170652654
401,06,-3.633841799156573e-05,-15.284035491265191,54.862410076340026,287.4815220364041,5.562437776141697
402,07,-3.9630504535585143e-05,-18.105863085346844,55.33667580591222,289.83332058683004,3.760446160183158
403,08,-3.664081436780238e-05,-14.530181596981583,48.63167088847007,291.1731117379793,5.85169593275747
405,10,-1.749340033099435e-05,6.576196681525118,62.883388684188155,283.75088245457476,4.1778068266017465
406,11,-9.782895505729057e-06,13.286790387301977,48.36725960095062,280.2187192969428,4.77137181845771
407,12,-8.270612005098982e-06,23.135962751162953,68.44660146777348,278.1779153431308,-2.9825643158984443
408,01,-7.079607454118081e-06,9.77005108642578,59.36599973937003,275.1825925199447,-5.328164857536234
409,02,-9.82560560788399e-06,1.2790957768758144,54.799641565576906,274.82777969859893,-10.674283386707305
410,03,-1.6003138249269338e-05,-14.11737674147083,62.83003596656937,275.29698841222125,-0.8068198277258105
411,04,-2.0434202846445263e-05,-16.983018215264217,45.651346360141694,280.441605447091,4.8500732873916625
412,05,-2.7662325821888435e-05,-23.158452428017892,56.92952051083376,283.8569099442677,4.0431414947509765
413,06,-3.319209287441886e-05,-26.815010833062065,45.349666944320994,287.4700203450521,1.0148970746570165
414,07,-3.405638901301333e-05,-27.630988150319745,40.32137145659744,291.3996042135915,-0.11920491269839657
415,08,-3.2683108437937644e-05,-17.84199171037572,39.46305893081491,290.9021847701535,2.009526890908519
416,09,-2.475842662511746e-05,-8.054260448540582,49.65095689521101,287.60815346442337,-3.601356833860608
417,10,-1.765674730958508e-05,13.677036990258001,51.31546706972713,285.3490841153053,5.100314021879627
418,11,-1.2026654228591521e-05,13.685960133870443,60.59634180396663,280.35682493527725,-4.091161051813762
419,12,-9.44601224512954e-06,28.97793200421077,55.46996279250422,279.21073650786695,3.2309785680463237
420,01,-8.580053124215514e-06,22.96357862870411,63.49304372530727,278.7270791265426,7.029194313151861
421,02,-1.1990748406116751e-05,26.598223410470148,61.15281964255657,279.40804705011277,10.60320344007583
422,03,-1.6731313326227373e-05,-1.3453218475669946,47.843510205716214,281.1189634679159,0.42368475792997606
423,04,-2.3883861623916246e-05,-16.521862002224392,58.86005653639768,284.4238784166124,-1.7134484677420727
424,05,-3.2321809314922687e-05,-17.350711201329386,63.11191008513332,286.0054483229113,1.5631698267536778
425,06,-3.645346474101341e-05,-28.120134918891054,43.231891095406475,288.60506283637153,-2.088116592703925
428,09,-2.0748739615697153e-05,-9.244409510294595,35.08465283191469,289.19143939514163,-4.316639142417908
430,11,-1.0089955154782932e-05,6.784489759657117,59.376273723493675,281.4275366665734,9.118718305354646
431,12,-1.0581146033268115e-05,22.95546643394552,54.273882943514856,278.36750006714686,-5.379404907780308
432,01,-9.2527426375611e-06,26.340960131573418,62.63006211892765,277.32805558928624,-3.8576281189046893
433,02,-8.153189459681882e-06,8.31590086110433,48.93550452213628,276.6668339920044,-1.6321592513720196
434,03,-1.5915630637317265e-05,-1.6360386480515998,44.90566300547765,279.08244967077115,-2.835005319595337
437,06,-3.477750818122634e-05,-31.860220404391814,46.7203716229452,288.02580254245345,-1.0147045824898613
438,07,-3.7615658574522775e-05,-25.170489753641114,45.05531850020347,290.8353158631684,4.414139295885639
439,08,-3.326061218056918e-05,-12.586229408838417,52.3345120203854,291.25167575270126,10.0172870392543
440,09,-2.5603061031688413e-05,-1.6679924726698132,46.654843129608366,286.66352415195047,-1.4644166116926407
441,10,-1.3186316454061119e-05,-1.463842040031187,51.45971762442205,283.4427843608241,0.10595317576008452
442,11,-1.4898132296588707e-05,27.46974549831814,55.57987919455502,283.10383579525416,-2.465322771920098
445,02,-1.2519085415486441e-05,14.879537966322628,54.698993667597065,277.78108298799367,-2.578204086939494
446,03,-1.4810545610421827e-05,-5.396197126162949,59.004922374092125,278.4155945600284,-3.353224274830151
447,04,-2.7581765115751797e-05,-20.820068422105575,57.557788026644126,281.36615560573995,2.228406386099921
448,05,-3.16294027814815e-05,-19.310568396455505,50.32535560724812,286.8687926589802,0.9736174805138702
449,06,-3.356170396635004e-05,-23.02242342732747,60.87640379265148,289.0600437771266,2.423815758026971
450,07,-3.758493633006676e-05,-22.269790681900524,47.74635748879372,290.91323088844877,1.5464795664100233
452,09,-2.4645985519115736e-05,-7.889081433783638,37.34792189491059,290.7287192874484,3.5211581916385226
453,10,-1.526362983537594e-05,-3.798430909843855,48.34944315867911,283.3498556886078,-3.7648246855992142
454,11,-1.1750765303218536e-05,10.89123139716254,54.5964946256227,279.20990362701417,-1.4600851942274309
455,12,-4.447676278540448e-06,15.633635981405934,42.93341399640295,278.4459245055413,-3.213377143326626
456,01,-6.416161365773257e-06,12.223324068787278,48.97643718384928,275.05028467830533,-9.303821084730084
457,02,-8.18821650381367e-06,12.903916228158135,62.959067062718525,277.86915778559734,2.093567276659466
459,04,-2.5679135762624757e-05,-26.331729773288306,46.84454056873057,281.41495227517026,-8.98779911174774
462,07,-3.888270218750779e-05,-23.176640851420746,56.14024401203919,290.7070247267856,1.4669344500880088
463,08,-3.333480648354688e-05,-12.395997953681537,44.035043613662005,290.3243722688408,5.206549530685589
464,09,-2.5415033401845397e-05,-5.530321179199219,52.86381167994076,287.1538292568631,-0.21663299340142145
465,10,-2.0550294828412475e-05,15.281469091599986,50.30405073937036,286.4926618480888,-5.476527976702618
466,11,-1.2597567349661808e-05,15.910226154920792,53.90823562632401,280.83419648060266,-5.144581027221679
467,12,-7.748080553331723e-06,20.40142875687794,63.311030514205655,278.2219712722122,-5.213931379113147
469,02,-1.1806723732206594e-05,-2.6082788761683875,46.30087924139698,274.0743940366564,-7.8224522454852154
471,04,-2.4140652476206825e-05,-8.481860700141059,60.03202422682047,284.2523615995619,7.704519037034776
473,06,-3.447691067930363e-05,-33.33076165534125,39.74884000571834,289.49784020724826,-2.731220611657037
474,07,-3.4126774513620195e-05,-44.31138712696363,36.16823902212164,292.90806091046085,0.2656826255757326
475,08,-3.324744642680256e-05,-25.59706884437479,43.61733073811633,291.3618514305854,3.0056359347681845
476,09,-2.7110998255941223e-05,-4.088550005425346,48.59134079140956,288.21334796922474,0.5139748941421511
477,10,-1.717439320385384e-05,2.0582064438686585,44.893768001867876,285.3938754693308,-0.6498442904154464
478,11,-1.049799736220949e-05,11.533768935139973,58.11769115721252,280.0686911998748,7.461448430400424
479,12,-7.425197422547768e-06,21.47761040308142,53.53903508252609,279.4785891970973,-7.805834964444561
480,01,-8.170035396257738e-06,18.813249751593478,61.34680531404607,276.9462481465493,-13.357332215093798
482,03,-1.7898125718357898e-05,7.876527682396675,54.192069970153995,280.7588669757638,-4.36647806013784
483,04,-2.786484313502215e-05,-15.88577495863173,41.53150874974462,283.32113693033864,4.106000278896755
485,06,-3.9525050331051005e-05,-23.208365014648436,47.86380608810849,290.2859401516385,11.051475863477918
486,07,-3.625940142692049e-05,-31.74150496025496,48.734570516079984,291.26846290670414,-1.339811041760188
487,08,-3.404563471354698e-05,-17.337182702177312,41.57153246440298,291.4738801791283,5.091376336723246
488,09,-2.6543087166161665e-05,-4.24653964674208,45.73786681658825,287.9392709560819,-1.7770658088896008
489,10,-1.8569231195137014e-05,10.235854191605762,54.45598049366731,284.78358039642666,6.308236840812109
490,11,-1.0039879183467646e-05,10.335369747924807,64.20363267016013,279.8074893178728,4.896114809354146
491,12,-8.260583359534854e-06,25.078029959073632,56.60606037604423,279.25270498681834,1.3985874090707433
492,01,-6.012859741277161e-06,22.106840989635838,48.67357203781476,279.3999776622403,0.20016098563901893
493,02,-1.5386156723984276e-05,31.748662168305497,64.97568837541958,280.04609204145413,-0.9163454450629221
494,03,-1.9840231885472768e-05,-1.8349693298339842,46.56073982853019,279.7202150045004,-1.952287807956819
495,04,-2.7043378228700023e-05,-24.0670989525689,35.17819720014996,283.457096534729,-0.6015082754982847
496,05,-2.995519203009721e-05,-45.04488896819084,46.51938461271666,285.6595867329259,-5.563120721488871
497,06,-3.546342912159163e-05,-30.903872137790252,54.092656515480414,289.81179647657615,5.139373203955756
498,07,-3.552329937512147e-05,-24.55973527871409,49.31133174363516,289.7865116117744,-0.7900067844185773
499,08,-3.48960954878191e-05,-17.491402352609946,46.845165995435046,292.9717935617098,4.093506789135677
500,09,-2.4679065476549213e-05,-6.537764871215822,41.4254565234277,288.42726283230246,0.22758089597490075
501,10,-1.848353834580477e-05,14.114419966174706,59.132486595437086,284.57053201831286,4.539380098568496
502,11,-1.0186800306089735e-05,15.631692754109702,47.969248177954896,282.13784168768984,4.185152656957838
503,12,-6.893300624729055e-06,15.732371215492165,60.65007041392917,278.8222056623889,5.737939940524358
504,01,-7.860778656987515e-06,14.34612370152627,66.80461903254064,276.7231909807677,-5.843250577844601
505,02,-9.005972841740524e-06,9.622026147751583,54.51137783175566,276.8945384240831,2.4646371848923816
506,03,-1.5948935392546162e-05,-0.9029574194467195,53.47545231677126,279.32064444773675,-7.318563435933921
507,04,-2.588563685021654e-05,-27.98602328389486,47.86236142485672,279.4237252683427,-6.421966052585177
508,05,-3.230829694098981e-05,-22.4746828918457,60.26473778712485,283.8163767559092,3.197428371347406
509,06,-3.7502937650666964e-05,-26.38411481492784,47.88007799596918,290.2330343007406,3.3414038293414645
510,07,-3.6336240956178925e-05,-19.074829963273896,48.14752719921964,290.67390889748197,2.9915820770673855
511,08,-3.444879628501263e-05,-12.903870650096605,45.419211714576655,289.92943471568117,-3.4263525877306535
513,10,-1.864643046111826e-05,14.62936670381279,46.729617401201246,285.1771994281072,1.9188417487605924
514,11,-1.0072340758698473e-05,9.36498726196289,49.88987413275507,281.017371949217,-4.3413511865403915
