,month,MER,MSSHF,SD,t2m,TCC
0,01,-7.186377549426466e-06,5.464709561255669,0.010292715281568547,271.0374221375988,0.7674197445941228
1,02,-7.399999772068052e-06,2.729709174746558,0.0088853447891417,272.4365299592699,0.8322987442470734
2,03,-1.408509512223264e-05,7.08405715679866,0.00040960040271923105,277.5071083010602,0.7213765135734314
3,04,-2.191347909663616e-05,-15.59233038906521,3.557954761717054e-05,280.35185083779226,0.7183522930145264
5,06,-3.330413338050373e-05,-22.16353809509278,0.0,287.5916414632162,0.624286894607544
6,07,-3.0671342559486147e-05,-22.637875941122733,0.0,288.5937503051758,0.6923592846778133
7,08,-2.8487004876296853e-05,-12.56110269165039,0.0,288.49456290886997,0.6369957595332977
8,09,-2.3132900744369383e-05,-4.023202255249023,0.0,287.08609388970274,0.6538724135504828
9,10,-1.6345863611966567e-05,2.642213581372333,5.061999700402701e-05,284.1524093375258,0.7263572831512779
10,11,-1.1569333000928361e-05,13.890767045423724,8.024262719684175e-05,279.5115746341281,0.7361187914530437
11,12,-1.207531024335357e-05,24.691616260159407,0.00017524099221793556,278.9589235103156,0.8025561436478809
13,02,-7.359469057738698e-06,6.865867059466484,0.00011199214540678879,277.9200598216879,0.797145370790328
14,03,-1.4070489600584629e-05,-6.186828353717764,6.114121534491099e-05,277.7412255432786,0.837744382468603
15,04,-2.282624180893941e-05,-17.872287172783746,0.0,280.6358343542311,0.5745583197275798
16,05,-2.9285246377967465e-05,-30.998830406271004,0.0,284.48860593045146,0.5115912202814574
17,06,-3.014735746900341e-05,-26.066622504679362,0.0,287.3835177541096,0.7134443809085422
18,07,-3.1905643976779664e-05,-14.025872309859079,0.0,288.3328994714881,0.7010493204260383
19,08,-3.1051088017916934e-05,-11.540256553403795,0.0,289.8567247478526,0.7037623250407558
21,10,-2.1172643707369163e-05,7.590982919672484,0.0,282.9430969840429,0.7753540998069188
22,11,-1.4279194747299093e-05,14.235161112806532,0.0015326325999365914,278.42969395684133,0.7181861507415772
23,12,-7.873070872231058e-06,26.063403682913826,0.0016069860227646364,277.40736817940336,0.7685965811616633
24,01,-7.860688640385075e-06,20.899533713063885,0.0019344636983768915,276.2877688055551,0.746810458316598
26,03,-1.2076194787720939e-05,11.89821663673975,0.0001724853964262111,280.6608627738133,0.8891850105203607
27,04,-2.2320882245185202e-05,-19.334173597547743,1.5786700778537326e-06,280.8875384987725,0.6974979371812609
29,06,-3.0904296795920855e-05,-15.787571440294057,0.0,286.96279334038627,0.7999754805246988
30,07,-3.173775886429094e-05,-20.80200322239373,0.0,289.0546993070213,0.656765679923437
31,08,-2.8741253340065727e-05,-19.03508228654759,0.0,289.5996995383643,0.6846821722625404
32,09,-2.269007780640903e-05,-3.5648343312581385,0.0,288.2523063490126,0.6221041914621989
33,10,-2.174942796122078e-05,9.781940688922843,0.0,282.36856040909464,0.7679681318959883
34,11,-1.4328458308167076e-05,19.586548003133142,2.2300614251030816e-06,280.54755887637674,0.7831729083591039
35,12,-7.687594037497059e-06,8.885675470167591,0.012596724167946844,273.28184220705754,0.8372953305808447
37,02,-7.864293709969517e-06,5.468580898829869,2.739869412921724e-07,276.0330576188678,0.6381152653467087
38,03,-1.6001877676116956e-05,1.792558938959594,3.8041683935349995e-06,278.2745939710473,0.6297853519890898
40,05,-2.9170486620455693e-05,-20.4214844770534,0.0,285.1203722468551,0.5381072768344675
41,06,-3.17826830204164e-05,-27.949367026435006,0.0,288.8242188401964,0.6107106636047364
42,07,-3.416977696542745e-05,-21.999847670688425,0.0,291.04000476303924,0.5667834904578425
43,08,-3.1963929242763654e-05,-15.790871219429917,0.0,290.1174927072832,0.6299341235417194
44,09,-2.1331834113273846e-05,-6.238656323920356,0.0,288.8515710662842,0.6479369944254556
45,10,-1.6551261839878706e-05,3.491510892150223,0.0,284.4179603883477,0.7931934629460816
46,11,-1.519573135911843e-05,20.401449884033198,5.0221549140082464e-08,281.542423581526,0.757184676700168
47,12,-1.0313162028783104e-05,17.753608460457098,4.658237964876236e-05,277.1484120603172,0.7608326711347028
49,02,-1.1685804688698098e-05,2.732715975443522,0.00031034646715436665,274.1075286789849,0.5929144132704963
50,03,-1.3839232150540515e-05,-0.5926843497983868,2.071826688704952e-05,278.44128489291285,0.7865977866470174
51,04,-2.090864053300013e-05,-10.60586452026367,1.1234845055474176e-05,281.01254923197433,0.742861790678236
52,05,-2.6606813441591635e-05,-11.409518621957432,0.0,283.5180301421791,0.7823214301242624
53,06,-3.6603149109497395e-05,-25.008415187242296,0.0,288.4321055046929,0.5639335038079155
55,08,-2.6941880611302234e-05,-27.08358682743196,0.0,290.7689338021227,0.4750448487804782
56,09,-2.725831751290065e-05,0.9693071214463977,0.0,287.3565667371962,0.705576475101047
57,10,-2.1395454446465794e-05,12.186390243366201,0.0,284.1974871086613,0.7011912768374208
58,11,-9.367185011372688e-06,10.117007967122396,3.5537613762749565e-08,280.0425614195929,0.6633599039289689
59,12,-8.522425015388596e-06,21.808005747805364,2.6479295504990444e-05,277.4857788941578,0.7373599862129457
60,01,-1.1848107099418698e-05,28.771229348787696,0.0017296655524161556,276.7842754120365,0.7091302516896237
63,04,-2.3066575134180317e-05,-21.124448284233942,5.596658653683133e-05,280.480126296997,0.5456292518191869
64,05,-2.301351515928619e-05,-21.276121071107926,3.1990530670330086e-06,282.87292314492504,0.8077163047380344
65,06,-3.0384449369921637e-05,-25.249517172580298,0.0,286.0332354305691,0.6465512983110214
67,08,-2.8069958612225798e-05,-17.017802792784988,0.0,290.61531108601883,0.4993924576133809
68,09,-2.2138291550658728e-05,-0.809648367987739,0.0,286.73494841105145,0.8249710806952584
69,10,-1.5594664512004833e-05,12.420039781796033,0.0,284.94581760332665,0.7500587646730484
70,11,-1.2000811908506469e-05,17.20852971835666,8.267998695373535e-07,281.5467750801086,0.7200436461130779
71,12,-7.343828446024142e-06,12.754345215500043,1.1825137240912326e-05,277.9717317575434,0.7815233377846338
73,02,-7.646551471441942e-06,-7.170963860648018,0.00039035758092289885,272.6459450080508,0.6680685249964396
74,03,-1.1304150707112197e-05,-2.56875498781922,0.0002458149412626861,276.80950123838204,0.8015634798439599
76,05,-2.800802443084893e-05,-16.149492612120927,0.0,285.3065335752425,0.6990246018440494
77,06,-3.090711121482552e-05,-17.990251360066733,0.0,286.164952170478,0.6643057591756185
78,07,-3.447742918110781e-05,-15.274860501197074,0.0,289.64287729209974,0.6424117790960497
79,08,-3.3271033724499884e-05,-4.3656862228557625,0.0,288.7357638382451,0.6493248435810047
80,09,-2.244669017984254e-05,-3.3109654418945316,0.0,287.42453148261177,0.6852785703870988
82,11,-1.5779393952086846e-05,2.730464919026692,0.0001320727745691935,276.48227231207954,0.7467017175886366
83,12,-6.748697063030508e-06,22.216181771555252,0.0009846030858255202,278.89900289527316,0.8592321815900905
84,01,-1.0488508364736625e-05,25.802121266682942,0.0024635101813142014,275.801350984922,0.7623722744193129
85,02,-9.105866422227595e-06,-15.737989101954868,0.0001222507996218545,269.8368100568681,0.6196731731323969
86,03,-1.09558865346488e-05,2.199697240357758,0.0001382134986180131,276.74076908246934,0.6894126181243568
87,04,-1.9242588071877733e-05,-14.953707265557181,7.426198323567707e-06,278.83615111126363,0.7479030370076497
89,06,-3.5890827366468634e-05,-24.274000357055662,0.0,288.4358594709608,0.5244118612077501
90,07,-3.000731417455182e-05,-30.125119514383297,0.0,289.44563059620185,0.6702686336066134
91,08,-3.1366839325049225e-05,-20.726613564768147,0.0,288.36188031465264,0.686836864348381
92,09,-2.1116000810717296e-05,-5.870355172729491,0.0,284.9466449978299,0.7167194254557292
93,10,-1.7202233669146365e-05,6.4104873591597356,0.0,284.73838183753725,0.714295039597378
94,11,-1.2770530823662637e-05,20.62896745435927,4.2331218719482425e-08,281.3988308635288,0.7851363912794326
95,12,-1.128779906788603e-05,28.043287035542146,0.00037468132152352284,278.653770938135,0.7719007456789735
96,01,-8.849628261046861e-06,-8.473066081057311,0.0005335850459273144,271.0571230804279,0.7138544017422582
97,02,-5.771432554432804e-06,6.824847212655203,0.00025317513942718504,275.3062230299087,0.8714824445361185
99,04,-2.2575659647211267e-05,-11.442104777696397,1.2648238076104058e-07,282.7985634870741,0.6293081595102947
100,05,-2.791426425801057e-05,-28.103053294192083,0.0,282.72152383422844,0.7078949788411459
101,06,-2.8837502824555686e-05,-20.989433822292757,0.0,286.23068305765787,0.7672273565504287
102,07,-3.379324687933062e-05,-20.07741719498173,0.0,289.3334297852875,0.6694636565998037
104,09,-2.5696148892024614e-05,-3.969099077690972,0.0,287.79776992187493,0.696313075680203
105,10,-1.9746457593286597e-05,13.28605210072507,0.0,284.1081416557065,0.7515758675606018
108,01,-9.400724827868036e-06,23.76198229324177,0.0002939996052813786,279.10735159379686,0.8154185586744739
109,02,-1.553154618433063e-05,17.196350676788683,4.479276722875135e-05,277.7702740127738,0.7344264186552201
110,03,-1.4791143874625109e-05,4.141464673442225,3.25570567961662e-05,278.11941827511527,0.8021229802613616
111,04,-2.4692344382775542e-05,-22.74501348402235,0.0,281.1784597961426,0.6086693189409044
113,06,-2.7714982728361462e-05,-28.63852083367242,0.0,287.1965049299452,0.787963741853502
114,07,-3.385038605679304e-05,-9.511822006717805,0.0,288.8184828294324,0.7664063766233383
115,08,-3.211179117533902e-05,-13.866469908683532,0.0,289.36880185199044,0.6423366078612625
117,10,-1.6347254436593455e-05,7.273599919801116,0.0,284.2524626317998,0.740862602603051
119,12,-7.866494279115095e-06,20.208327730240367,0.0,280.1574802909768,0.8517327044907436
120,01,-5.490775168401608e-06,12.580168148245866,0.0,278.0433618807229,0.6960385644974246
121,02,-1.1993180484209699e-05,15.243881237211681,4.026403029759725e-06,278.5967229493005,0.6851143281573341
122,03,-1.7582771425163286e-05,5.919001820882161,1.3147951454244634e-06,280.92673047006264,0.7666241719235656
123,04,-2.3728384267512105e-05,-15.711892689005532,7.404155201382107e-06,279.7644985144721,0.7619601530710854
124,05,-3.2913617601255e-05,-32.404015432706444,0.0,286.4839753660796,0.41460931174985816
125,06,-3.3498540398290464e-05,-35.047065074327264,0.0,288.0712565836589,0.5851120146009657
126,07,-3.3625666249610085e-05,-27.510599928661055,0.0,290.43235706386776,0.5743446630662487
128,09,-2.1827326350689368e-05,-6.781363076782227,0.0,288.6776379201254,0.6201116107092963
130,11,-1.311930024130561e-05,7.912713109334308,7.664759953816732e-08,279.22501226437885,0.5709897992451987
131,12,-7.719866410816296e-06,20.033501539989185,2.718377369706349e-05,278.14191156752395,0.760264010439637
132,01,-9.708490018202875e-06,23.531725362798216,3.920951197224279e-06,278.84542206019734,0.8431987389185095
133,02,-1.709957590030951e-05,31.83555304718018,2.0835172562372115e-06,280.50749825822743,0.6681059597560336
136,05,-3.125298669270236e-05,-34.3688931694441,0.0,286.42458363949356,0.4253419031943044
137,06,-3.068480971400681e-05,-23.63770078192817,0.0,287.6530416948106,0.7518713474273683
139,08,-2.897321149455781e-05,-28.290339532667595,0.0,291.14238770975095,0.5299162357699487
140,09,-2.7407515947157255e-05,-3.6402964202880854,0.0,286.55917945963546,0.7245800940619573
141,10,-1.8407037761653066e-05,10.48773665069252,0.0,285.16074951352357,0.6475190929289786
142,11,-1.0645134954231454e-05,8.876481322224937,1.7197676499684652e-05,279.7035436231401,0.7074830526563856
144,01,-9.804670876438911e-06,24.167181801416536,7.464897248052782e-06,276.4995654494993,0.5920816008865194
145,02,-6.996622216688376e-06,0.507544446309408,0.002555922939663842,272.81969927006674,0.6594038436526344
146,03,-1.2629808311264428e-05,-0.5304674036169569,0.0,280.96131813873785,0.6779174129937285
150,07,-3.606362330103894e-05,-12.26554677852508,0.0,291.0611541531471,0.6136622345216813
151,08,-2.9805839779475068e-05,-22.79464663072811,0.0,290.6213046195738,0.5833647762011457
152,09,-2.1833397036001162e-05,-8.548686426798504,0.0,288.29770074191623,0.6042274455176458
153,10,-2.004618059737534e-05,2.17344532234438,0.0,283.64651159085514,0.6938537020939652
154,11,-1.4646135411648073e-05,14.444811823866104,2.8859506713019477e-05,279.0964361319648,0.7607454043918185
155,12,-7.654158530845394e-06,17.942148733159545,5.5359345610423755e-06,277.4903090515137,0.6701996401715022
156,01,-5.988280283046514e-06,9.900324605634134,0.0,276.29669176196023,0.7391515630906629
157,02,-7.568776633878318e-06,10.513905402874128,3.7069602944385046e-05,278.02707910182556,0.6980748454126818
158,03,-1.6743815379482177e-05,3.675611719931326,1.1341134707132974e-05,279.7299019205238,0.7537755890712943
159,04,-2.3724830210206465e-05,-12.979907084147134,2.5939941406250002e-08,281.38050007290315,0.687911747233073
160,05,-3.502280750303383e-05,-18.415903687507882,0.0,287.68378568587764,0.40541161912487395
161,06,-3.339920427913765e-05,-25.873405965508358,0.0,289.51187445407453,0.5821381435394287
162,07,-3.3542465003026134e-05,-26.574038988010855,0.0,290.8302553724063,0.5979461164987215
165,10,-1.9484351597922247e-05,1.9587082073252686,1.8078127214985508e-06,281.5607008762565,0.6918505046393281
166,11,-1.321692710625939e-05,23.694389510769323,0.0,281.2424108364529,0.754426333618164
168,01,-9.715480358609446e-06,34.39173987899288,4.798289268247543e-07,278.0689588641915,0.7435397178896012
170,03,-1.4966802825774622e-05,-6.011914413616221,0.00013486407008222353,278.6799079442178,0.5090522961360152
171,04,-2.191761210872048e-05,-4.539731902737087,0.0,283.3900037384034,0.6899678468916153
172,05,-3.0932743489659034e-05,-26.541132331437964,0.0,286.5305111710743,0.5782415237426759
174,07,-3.3366269429406925e-05,-23.52127023184171,0.0,288.9670793329055,0.646910205923101
176,09,-2.2725771390226628e-05,-2.4448908416748045,0.0,286.37938309156635,0.8023041222466362
178,11,-1.1587640056374466e-05,-1.8295716874864363,0.00015719194677140975,275.9691254242791,0.6554577938927545
179,12,-9.250304196792702e-06,31.236705364924607,0.00020338165888222312,278.55954070281985,0.7918248019884992
180,01,-8.814763398506955e-06,28.086010490499522,6.143172710172592e-05,278.4522831625169,0.7457029264716692
181,02,-9.681430163471391e-06,-2.9269207930791947,0.0003871754450457437,274.71976377387267,0.6523898104713076
182,03,-1.5868986940443404e-05,12.424105568506382,9.499826738911291e-08,280.1386115247255,0.7475124271761985
183,04,-2.4481364455176743e-05,-15.54007357143826,6.838602489895291e-06,281.15531175240415,0.6873039249420165
184,05,-2.8615912740195944e-05,-19.306992470361852,0.0,284.95634343137016,0.7416989493011147
185,06,-3.390126228795352e-05,-22.424498955281575,0.0,287.7325351216634,0.6148267804887558
187,08,-3.527003988845888e-05,-15.806742182249662,0.0,290.50995685306685,0.6527889345640778
188,09,-2.649383951805552e-05,-2.2674784339057075,0.0,286.7490272650824,0.743529254659017
189,10,-1.8016295581522476e-05,4.47270425086893,0.0,282.91257732530823,0.7289226303100587
190,11,-8.92097842036795e-06,12.752254605102538,0.0,283.18030227940875,0.8463350632985434
191,12,-1.093666692604627e-05,22.757288210632986,6.536950347244099e-07,279.09193974574924,0.7332173781446233
192,01,-1.2804497735976505e-05,25.385474410518523,0.0009627563479126142,277.2651151844968,0.769013130639189
193,02,-1.271823695051786e-05,20.178666164579848,5.487134059270224e-06,279.69789509668806,0.7695771319071454
194,03,-2.219248033328259e-05,-0.5256330294045062,0.00016835869896796444,278.52115150119414,0.5997859655810941
195,04,-2.3056703787511248e-05,-15.611610607231992,0.0,281.70371436835387,0.676606201256646
196,05,-3.3250014936618425e-05,-29.631465932538433,0.0,285.3548243562432,0.6325727252755113
197,06,-3.44918315846169e-05,-24.446217814466692,0.0,287.09207231580945,0.620938918601142
198,07,-3.591561413959817e-05,-25.92438248894804,0.0,292.21608878154143,0.500560249123522
200,09,-2.6222378082234683e-05,-4.395296908230251,0.0,287.4659033938938,0.7176794152577717
201,10,-1.4566836962311297e-05,5.514771194293934,0.0,286.1660483907064,0.7215961416100943
202,11,-1.3042386322538529e-05,9.068964893934462,2.0260943306816947e-07,280.4485377359602,0.7192740283966065
203,12,-8.991161045966975e-06,-5.598886509064706,0.00015860379254946144,272.8523069154063,0.6904451063012563
204,01,-7.460320452180465e-06,-0.4728464959257379,0.00023015245699113416,273.0739127290787,0.6517847482004473
205,02,-7.544903639281147e-06,5.38362545916678,0.0006102077837648064,273.61455346710375,0.8090819851228561
206,03,-1.2827322511164368e-05,-10.990242480862525,2.0419359207153323e-05,275.89573825737733,0.6624436052794098
208,05,-2.4253428110207234e-05,-26.022296560964275,0.0,283.0404211406093,0.7435633220877698
209,06,-2.8253365109311642e-05,-38.732165323215064,0.0,287.7120379621718,0.6266733358171251
210,07,-3.142641031134248e-05,-27.054918192217425,0.0,288.9736008786437,0.6206146289046092
211,08,-2.9903093116464793e-05,-15.358725825155936,0.0,290.26938906532206,0.5714169844350507
212,09,-2.534073391895315e-05,-7.00570699428982,0.0,286.062809048801,0.6079831231011285
213,10,-1.7171301486478214e-05,8.106230379494288,0.0,284.35446074524754,0.7336558953972274
214,11,-1.4551765714713837e-05,14.46901237657335,0.00012027359008789062,279.4499412578582,0.7350521771748861
215,12,-8.836182103413613e-06,1.1414017176474303,0.00011574836187465217,274.0792455669526,0.728104033603463
217,02,-9.97768289436776e-06,28.48145621345157,6.829840796334402e-08,278.9320034816378,0.778791059085301
219,04,-2.201332183204714e-05,-17.60772253417969,0.0,280.5644874141693,0.6222039408365886
220,05,-3.085946982284968e-05,-22.07697987414944,0.0,285.1017764521773,0.6941719493250693
223,08,-3.064838395117496e-05,-15.397676236060358,0.0,293.2227237929478,0.5104240398612073
224,09,-2.7053925191669103e-05,-10.968042353990342,0.0,287.54944601949063,0.6161735351138645
226,11,-1.1372840429430654e-05,5.54297788119846,0.0,279.9875980561574,0.8336406787872315
228,01,-1.1099072907757458e-05,24.386054642872143,2.2409808251165574e-07,277.9622745796942,0.706566690711565
229,02,-7.893391973560764e-06,12.879144769577753,3.740382904098147e-05,279.23413331127165,0.6531332498732068
230,03,-1.582076560769428e-05,4.910139277304372,1.3940626575100807e-05,280.3343201620861,0.8158999442233833
231,04,-2.2395207648413717e-05,-10.670934447903104,2.9785103268093537e-07,281.88296789105726,0.8237251260121663
233,06,-3.4082233544055876e-05,-13.138249787733287,0.0,288.37100996331105,0.734693268415663
234,07,-3.6390916169732936e-05,-13.917790471887077,0.0,288.9995175761561,0.7049917125496812
235,08,-3.4686337675251e-05,-19.754633603331865,0.0,289.45330056729875,0.617704378968926
236,09,-2.4247977624205914e-05,0.3736279635959201,0.0,288.04718676249183,0.7025377028147378
238,11,-1.186565926222506e-05,4.6568576497395835,2.143026722802056e-06,277.3990418517218,0.695817248280843
239,12,-8.802920268002493e-06,22.454611907630838,0.00011667215695945164,277.97066255097747,0.7541032600402832
240,01,-9.430198710966792e-06,24.63400003675235,0.00020755073460199501,278.42221806261614,0.7435347398327242
241,02,-1.079772392194216e-05,13.779260249546594,0.0025613292994953337,276.5846275064377,0.7323656735647293
242,03,-1.3397230129969535e-05,-0.9194605676794566,8.536538770121912e-08,280.0196965524407,0.7651577397008096
244,05,-3.422614240797327e-05,-20.88572949317194,0.0,286.46426943280625,0.6588638867203909
245,06,-3.759346314859108e-05,-24.964019442409946,0.0,287.621155009969,0.5561656050364175
246,07,-3.775679561435789e-05,-20.12216363230059,0.0,291.3305993268413,0.5384588477842269
247,08,-3.318467006672979e-05,-13.657699137697938,0.0,290.35377914166196,0.7109437208688386
248,09,-2.59650643648355e-05,-3.5717024329291456,0.0,290.39740791795515,0.6188350537194147
249,10,-2.1588807777500546e-05,5.981483147405809,0.0,284.0889761727855,0.6639337637296286
250,11,-1.3179962080519347e-05,12.654008286878799,2.0961513784196646e-05,280.36134305237664,0.7561134220971003
251,12,-1.3700721242369786e-05,27.986750325848984,0.0004829321933049028,278.27631423343126,0.7595967111074798
252,01,-6.553396535759588e-06,18.42038040095504,7.689163249026063e-06,277.79516857783,0.7846040913571595
253,02,-1.2230161100386137e-05,18.65321454909752,3.605513052008618e-05,278.9918639561445,0.6892225647411128
254,03,-1.4517082142339604e-05,-0.5979741453765541,2.188550656841647e-05,279.74647602704783,0.8120778655595677
255,04,-2.355722367422762e-05,-12.813957029554578,8.329312006632488e-07,282.30091152648924,0.7118717977735731
256,05,-3.550879427684679e-05,-19.147158501081563,0.0,286.87483983849967,0.6232741373944026
258,07,-3.168135436499142e-05,-21.668345875401656,0.0,288.20182105771954,0.7779165895933747
259,08,-3.0941285219664524e-05,-19.063545700565466,0.0,290.2980615874259,0.5950934829711911
261,10,-2.1893689024856883e-05,11.235235126454343,0.0,284.6498967747843,0.7329834721472954
263,12,-1.1904006665214989e-05,20.81303864280127,0.0006958496250132079,278.4327853809069,0.7176606500276956
264,01,-6.723928980547147e-06,14.384707934964087,0.00041049615926640003,275.96743091123847,0.6732578391208444
267,04,-2.4765318735565716e-05,-15.737299090576174,6.594268480936686e-06,281.0073699052598,0.7354721421559652
268,05,-3.372209000100225e-05,-25.790908090242777,0.0,286.25971681492297,0.5665124677432481
269,06,-3.303585196628976e-05,-31.827683939954966,0.0,287.6171802242279,0.6896868352678089
271,08,-3.349079792080317e-05,-13.273838911159066,0.0,291.26248715078697,0.6550026206560032
272,09,-2.8629883362433853e-05,-3.361749937269423,0.0,286.7026010084364,0.7758285717010498
273,10,-1.872843477780094e-05,15.499699002173642,0.0,287.358400129749,0.7502056204683036
275,12,-9.904081011676856e-06,14.487402564920403,0.00022924734956474715,276.8109058604907,0.6670834625408213
276,01,-6.60295483731882e-06,23.604068570044735,0.00012535062912971744,277.7092359037091,0.7452024029147241
277,02,-1.6342577849974034e-05,27.257544948032923,5.277034782228017e-06,280.01173835877006,0.6965534969057356
278,03,-1.718439095667989e-05,-2.8514695644583754,1.5001514906524331e-06,280.1865670277176,0.6759721070566486
279,04,-2.4829810814864887e-05,-14.182246478949653,0.0,282.0968799079047,0.6064626646253799
280,05,-3.0134792006426703e-05,-17.31557953963741,0.0,285.91615550937445,0.6915594408178842
281,06,-3.5836119472898846e-05,-20.466573669433593,0.0,289.008934870402,0.6739444850497776
282,07,-3.594073215623134e-05,-17.96138944137737,0.0,290.12367375199517,0.6706292401795746
283,08,-3.0240783373966385e-05,-12.41071590333344,0.0,291.52933090636554,0.6742144519846925
284,09,-2.726855740998468e-05,-6.606480073716904,0.0,288.12181282060413,0.6465029381222195
285,10,-2.2813934475604865e-05,5.003235001430717,0.0,283.04481736857923,0.7211124756105485
286,11,-9.433203981300014e-06,10.082439758300783,0.0,281.24613218036234,0.7533690906524658
287,12,-9.155090198257839e-06,-0.601292420089886,1.2510566301243278e-09,276.11271182759606,0.773043066619545
289,02,-9.213011075579354e-06,1.6289639434814458,0.000368756529830751,275.1990847414562,0.44601174649738135
290,03,-1.4304734281419465e-05,-4.024482163624097,0.0,280.07939777218405,0.4610075515008742
291,04,-2.383696288773839e-05,-17.2942943037245,1.5020370483398438e-08,282.52701496353154,0.5701265349917942
292,05,-3.0977665722578726e-05,-19.48317038226384,0.0,285.87503277128485,0.6365701963773339
293,06,-3.491794925367785e-05,-29.63445593295627,0.0,290.1924542755127,0.6205100622389051
294,07,-3.637924248004731e-05,-25.786057973554062,0.0,291.4632059519777,0.5639495347135811
295,08,-3.1032737283929096e-05,-31.771135562691633,0.0,291.8428295599825,0.5673176327366982
296,09,-2.437035215904568e-05,-12.497950702243381,0.0,287.9652745859782,0.5334368985493979
297,10,-2.1305207502659715e-05,-2.352458050143333,1.9682761161558088e-06,281.3235289662679,0.6066881419356149
298,11,-8.746191556262298e-06,13.336127873399521,0.0,281.18456970901485,0.747657346555922
299,12,-8.986315398414586e-06,16.75842543636855,1.2960655714875909e-05,277.70850726802377,0.7093791133921633
300,01,-8.992702947169514e-06,20.66453995308825,0.0007110370653931812,277.01399096031605,0.837607708305441
302,03,-1.5225630396960167e-05,1.0669384965794064,0.00020815543461871405,278.8729907035828,0.6286395969185776
304,05,-2.847669872224737e-05,-31.81054322043798,0.0,284.7821008097331,0.6642094037045716
305,06,-3.421590459786078e-05,-30.121984181382924,0.0,288.26498307020404,0.6948014066060384
306,07,-3.5823426863228845e-05,-21.040274605699764,0.0,289.52838083738925,0.6308969455431865
307,08,-3.442271008691844e-05,-10.630728795861687,0.0,291.53894050384855,0.7090089703221474
308,09,-3.09724094837697e-05,1.3779368174235027,0.0,288.3683370303683,0.5963927018059625
309,10,-1.9737982986943505e-05,10.8786054316695,0.0,284.57554275028684,0.6458563955163442
310,11,-1.219442167142309e-05,8.63346869269477,3.3279392454359266e-07,280.0218678001404,0.8075169110616047
312,01,-1.0532949036563073e-05,27.835473567839585,0.0002284056717349637,278.5624613469442,0.6568636556645875
313,02,-1.0796667724878803e-05,1.9850640389578682,0.00020228017086074463,275.683474075272,0.6938661958603632
314,03,-1.2645556585016247e-05,2.2825399281491516,0.002058747031355417,279.0753041903793,0.8004193943803029
315,04,-2.402455134354872e-05,-12.38321820203993,0.0,282.71948648647725,0.5803865731981066
317,06,-3.715115132452208e-05,-30.632264646063906,0.0,288.991852593655,0.5993636985354953
318,07,-3.409394384040644e-05,-23.561669685609886,0.0,290.1906704429708,0.6965740315427063
319,08,-3.320200081173924e-05,-14.21000237282374,0.0,289.1398493754069,0.5909341664057907
321,10,-1.7187334372416657e-05,10.538457600583316,0.0,286.6108520703879,0.5593414502297677
322,11,-1.4535249143672345e-05,9.326381112670902,0.0005737135661972894,280.7140452206929,0.7317150510576037
323,12,-9.12172876785682e-06,14.485518746324761,0.0003240881030277539,277.6781497156286,0.7231649466483824
324,01,-6.5253165958961526e-06,7.280853728591756,0.00014880976241122009,274.90674294572244,0.6964808228195354
325,02,-8.8568046297561e-06,4.634872235616048,0.00010614823585464838,275.99080734402787,0.8162552454812186
326,03,-1.3873502668170125e-05,-4.782673361173239,0.0004253186384836833,276.79120616527274,0.7258663519992624
327,04,-2.37631702343909e-05,-18.782449027506512,0.0,281.3412661899143,0.6540204958173964
328,05,-3.370682173148433e-05,-13.439136345319852,0.0,286.611448016423,0.6765318221635718
329,06,-3.4785863751151034e-05,-27.11431088460287,0.0,288.7861003506131,0.5200850902981229
330,07,-3.3670624993676266e-05,-35.11209074615151,0.0,294.31578268137275,0.43903611341086773
331,08,-3.203818718891423e-05,-14.970106861073484,0.0,289.42563545177825,0.7095366280258342
332,09,-2.4569920312832332e-05,-1.9050392035590278,0.0,290.8846295525445,0.581430229356554
333,10,-2.0357669840078775e-05,8.929626497002058,0.0,286.9078280718404,0.7225601808281356
334,11,-1.6638314112929544e-05,21.698549422539603,6.023910310533312e-08,282.7481851179335,0.6935433432685004
335,12,-1.1844671387852061e-05,21.158474252352146,1.2561005930746755e-06,280.0480408410102,0.8296075471447361
336,01,-1.3167410284109127e-05,32.71415653975292,7.495572490076866e-08,280.3280024761898,0.7592779756771619
337,02,-9.635896793779033e-06,12.227102448962983,0.00012729246417681375,279.13144602752857,0.8024723008473714
339,04,-2.5420359923575438e-05,-23.728481532796227,0.0,285.1133049407959,0.4152809864044189
340,05,-3.1186685044343005e-05,-23.42358186127037,0.0,286.3991220269972,0.6321231530302314
342,07,-4.0491175616739144e-05,-14.380545316962786,0.0,289.65608735082475,0.6446249584074942
343,08,-3.430768915528969e-05,-11.902402343421853,0.0,290.0370085491878,0.646553179505051
344,09,-2.677926907070085e-05,-2.246240928141275,0.0,287.3048455885146,0.7133160124460857
346,11,-1.4172945336880124e-05,15.984315191311307,8.570086956024171e-06,280.5269208690644,0.7046124215443929
347,12,-9.103623443880553e-06,18.67049515623687,1.9495038576023557e-06,277.3368185319388,0.6842597386760096
348,01,-9.98381483742544e-06,30.50790186531313,3.1635838170205394e-06,279.4891412764929,0.7874816801830005
349,02,-9.733829621899499e-06,11.488472740085646,9.416011558181937e-06,278.2568273897719,0.617157705548166
351,04,-2.446588194630345e-05,-15.287676639472116,0.0,281.5612035566542,0.6687994009229871
352,05,-3.326288808405293e-05,-18.37616691179173,0.0,287.85736066133234,0.5134422774776336
354,07,-3.577182100015043e-05,-18.878891244211506,0.0,290.6381676658713,0.656665866605697
355,08,-3.3834556450724496e-05,-9.036356891591062,0.0,290.2695800380912,0.6873497964182208
356,09,-2.5189189388381943e-05,-2.5223080678304033,0.0,286.9092003065321,0.6436648470984564
358,11,-1.2143508331428165e-05,12.723418456013999,0.00035360905991660223,280.38257168964805,0.825160391023424
361,02,-6.55127283612057e-06,7.2258432279314295,5.497220584324428e-05,276.2893881261462,0.8361105517886935
362,03,-1.4006747319585248e-05,0.15545269151913163,4.5311066412156626e-07,279.1052625570399,0.7025409626294208
363,04,-2.2896213735516033e-05,-13.763160278998479,7.51813252766927e-09,284.289430710517,0.48498084653218587
364,05,-3.152253704363203e-05,-24.89160391596312,0.0,286.32759907055924,0.5892127600639097
365,06,-3.4585202314802804e-05,-32.20444840494791,0.0,288.15789018961584,0.6027756735907661
367,08,-3.326769469126164e-05,-18.63527480389995,0.0,291.493365414199,0.5826293396078129
369,10,-1.8213049179844e-05,4.716025361748153,0.0,284.11453383484707,0.7351699196600144
370,11,-1.3997967538165946e-05,28.005924584282763,7.164478302001954e-09,282.6301770416684,0.7561563105689154
371,12,-8.896478755051119e-06,9.686923075029926,0.0033527605789963914,275.9152564712032,0.773688859754993
372,01,-6.091251291421628e-06,2.9262350808420488,0.002126177963390145,273.08482904479325,0.8002005400298742
373,02,-7.65345504045659e-06,5.717629487900508,0.0021790685525962285,274.59004296811423,0.840362766038804
374,03,-1.4227020407356234e-05,-0.1344084672825314,1.3550689143519247e-05,278.93887998355336,0.7215320573622181
375,04,-2.4690822054900404e-05,-20.66956467929416,2.4727185567220055e-07,281.97344993078445,0.5461734185960557
376,05,-2.827942739082006e-05,-27.387183430333288,0.0,283.07650033011487,0.6631700312706732
377,06,-3.182083758476639e-05,-35.711798379855686,0.0,288.5699565473768,0.5540890511406792
378,07,-3.4407490462771055e-05,-31.11366353779454,0.0,291.94731353169107,0.5566342890339513
379,08,-3.27152816781925e-05,-15.088779016966459,0.0,289.71709932881015,0.6841084087740991
380,09,-2.3803562745282155e-05,-1.7829848341200085,0.0,286.8539448320178,0.723202462302314
381,10,-1.8914465963579488e-05,8.677334267236855,0.0,284.0074488248518,0.6923922203228039
383,12,-7.738160395268594e-06,4.967533013128466,0.006288984498670025,272.7350027047024,0.8155857144017373
384,01,-4.432973011169315e-06,15.641597058367989,0.000611914046349064,276.640032220861,0.7540054655997985
385,02,-7.274441715534998e-06,7.353929252261208,0.00014321758775483995,277.5559378022239,0.8188976639793034
386,03,-1.235675504704564e-05,-6.3443144091534345,0.00019613219461133403,278.86510410210394,0.5508660727059971
387,04,-2.5035789431644346e-05,-14.869033695136176,0.0,285.153135196601,0.48454507878621417
388,05,-3.0008848766624646e-05,-32.62149781881353,0.0,286.410771462061,0.5843146355331587
389,06,-3.4230032604055946e-05,-25.01744469502767,0.0,288.6127736097548,0.6491867294311522
391,08,-3.274760770019843e-05,-10.64563058373236,0.0,289.6281859905284,0.7099633308328608
392,09,-2.5484862159343414e-05,2.648160398695204,0.0,288.68825934821234,0.6202911757998997
393,10,-1.916051529891168e-05,8.726722329416583,1.6692376905871977e-07,284.83637540882887,0.5575945420624107
394,11,-8.12447487300637e-06,7.208228931681314,0.0,280.86535165697734,0.701429992167155
395,12,-1.2744765838047034e-05,29.389911852764826,8.855871231325211e-05,279.54841704272206,0.7914767973705006
396,01,-9.557997748420493e-06,23.492998173539362,3.76804490243235e-05,278.0025916491273,0.6659661495249759
397,02,-6.941694202459045e-06,2.77444112036694,0.0013561625960229456,273.9540438470512,0.6845141228862192
398,03,-1.1845709033173812e-05,-9.130659757880753,5.560450656439668e-06,280.5903991654509,0.5974054069108861
399,04,-2.412122515035865e-05,-15.116672309705946,0.0,281.0076457704756,0.7068757977379695
400,05,-3.2719707248821014e-05,-19.41600187732328,0.0,286.39187647731336,0.6124644136736471
401,06,-3.633841799156573e-05,-15.284035491265191,0.0,287.4815220364041,0.687191437657674
402,07,-3.9630504535585143e-05,-18.105863085346844,0.0,289.83332058683004,0.5855628573920137
403,08,-3.664081436780238e-05,-14.530181596981583,0.0,291.1731117379793,0.5989026939638199
404,09,-2.780254297756781e-05,-4.337274759928387,0.0,287.3234092200385,0.6738562953525119
405,10,-1.749340033099435e-05,6.576196681525118,1.6571373067876343e-08,283.75088245457476,0.7348696861267091
407,12,-8.270612005098982e-06,23.135962751162953,0.0004308112231633996,278.1779153431308,0.7871684615842758
408,01,-7.079607454118081e-06,9.77005108642578,0.0024007742763847433,275.1825925199447,0.7646267884367255
412,05,-2.7662325821888435e-05,-23.158452428017892,0.0,283.8569099442677,0.7251711857703425
413,06,-3.319209287441886e-05,-26.815010833062065,0.0,287.4700203450521,0.6919906041463215
414,07,-3.405638901301333e-05,-27.630988150319745,0.0,291.3996042135915,0.6092420989415978
419,12,-9.44601224512954e-06,28.97793200421077,5.1136837210706475e-05,279.21073650786695,0.7417389381162581
420,01,-8.580053124215514e-06,22.96357862870411,1.0653635506988855e-05,278.7270791265426,0.7983653154680804
422,03,-1.6731313326227373e-05,-1.3453218475669946,6.519722682173533e-08,281.1189634679159,0.5223563803395918
425,06,-3.645346474101341e-05,-28.120134918891054,0.0,288.60506283637153,0.5881563861846926
426,07,-3.570791800838603e-05,-18.498887496784167,0.0,292.2635286937426,0.6470219174046671
427,08,-3.5946427165531874e-05,-15.756697428713563,0.0,289.2081022578413,0.6329949576265069
428,09,-2.0748739615697153e-05,-9.244409510294595,0.0,289.19143939514163,0.5887444709353976
429,10,-1.6616273676728237e-05,8.951883064844276,0.0,286.6383070147115,0.7446583362292218
430,11,-1.0089955154782932e-05,6.784489759657117,3.112157185872396e-08,281.4275366665734,0.7732809034559462
433,02,-8.153189459681882e-06,8.31590086110433,9.767446773392813e-05,276.6668339920044,0.6187316334588188
434,03,-1.5915630637317265e-05,-1.6360386480515998,2.4049384619600027e-06,279.08244967077115,0.6124300711847119
435,04,-2.4346638547669703e-05,-22.934988667466907,9.625487857394749e-09,281.46281248359685,0.5820095488230386
436,05,-3.070366395367009e-05,-25.76910455847299,0.0,284.7904129192393,0.6242730488520797
437,06,-3.477750818122634e-05,-31.860220404391814,0.0,288.02580254245345,0.5883308154635959
438,07,-3.7615658574522775e-05,-25.170489753641114,0.0,290.8353158631684,0.5755130044670517
439,08,-3.326061218056918e-05,-12.586229408838417,0.0,291.25167575270126,0.6391717044871341
440,09,-2.5603061031688413e-05,-1.6679924726698132,0.0,286.66352415195047,0.6096027513292099
441,10,-1.3186316454061119e-05,-1.463842040031187,0.0,283.4427843608241,0.6930619200019426
442,11,-1.4898132296588707e-05,27.46974549831814,4.5776367187500004e-09,283.10383579525416,0.7604801555633546
443,12,-8.385574634596725e-06,33.275967709449034,0.0,282.58162065858744,0.8201382914307299
444,01,-9.004527324929857e-06,20.359526514525058,9.698816525038853e-05,278.0475291836237,0.7548654516896893
445,02,-1.2519085415486441e-05,14.879537966322628,1.52496250196435e-05,277.78108298799367,0.6743794851193482
446,03,-1.4810545610421827e-05,-5.396197126162949,3.62938924502301e-05,278.4155945600284,0.7097408081382832
447,04,-2.7581765115751797e-05,-20.820068422105575,1.3241238064236113e-07,281.36615560573995,0.636205225669013
448,05,-3.16294027814815e-05,-19.310568396455505,0.0,286.8687926589802,0.6191458486331407
449,06,-3.356170396635004e-05,-23.02242342732747,0.0,289.0600437771266,0.7205961045159235
450,07,-3.758493633006676e-05,-22.269790681900524,0.0,290.91323088844877,0.6224200283583774
453,10,-1.526362983537594e-05,-3.798430909843855,0.0,283.3498556886078,0.6597179581426803
454,11,-1.1750765303218536e-05,10.89123139716254,3.956906927956475e-05,279.20990362701417,0.707203536605835
456,01,-6.416161365773257e-06,12.223324068787278,0.00022398640519829207,275.05028467830533,0.6294768250988375
458,03,-1.5800369091061108e-05,2.527072602630943,0.0,281.2226937955631,0.6677468735889723
459,04,-2.5679135762624757e-05,-26.331729773288306,0.0,281.41495227517026,0.5841366430070666
460,05,-2.9667726341906155e-05,-25.198657173730993,0.0,287.2392350808421,0.6373602849898801
462,07,-3.888270218750779e-05,-23.176640851420746,0.0,290.7070247267856,0.7181722790707824
463,08,-3.333480648354688e-05,-12.395997953681537,0.0,290.3243722688408,0.6615275659868795
464,09,-2.5415033401845397e-05,-5.530321179199219,0.0,287.1538292568631,0.6659469718509251
465,10,-2.0550294828412475e-05,15.281469091599986,0.0,286.4926618480888,0.7391711337592011
466,11,-1.2597567349661808e-05,15.910226154920792,3.65040037367079e-07,280.83419648060266,0.7324336131201851
467,12,-7.748080553331723e-06,20.40142875687794,0.0006995919622400755,278.2219712722122,0.8281377038853143
468,01,-8.493993727101315e-06,23.796599253992884,1.641540501707344e-05,278.53154294832297,0.773939332449308
470,03,-1.3339704251535219e-05,-6.768148279333628,0.00012620726580260901,277.2524915700113,0.7746929998910554
471,04,-2.4140652476206825e-05,-8.481860700141059,0.0,284.2523615995619,0.6661409033033583
472,05,-3.631899526441482e-05,-17.44638056798135,0.0,288.52215093042514,0.5143529167175294
473,06,-3.447691067930363e-05,-33.33076165534125,0.0,289.49784020724826,0.6253157601250542
474,07,-3.4126774513620195e-05,-44.31138712696363,0.0,292.90806091046085,0.37328913009807624
475,08,-3.324744642680256e-05,-25.59706884437479,0.0,291.3618514305854,0.6070490633236465
476,09,-2.7110998255941223e-05,-4.088550005425346,0.0,288.21334796922474,0.6058865221235487
477,10,-1.717439320385384e-05,2.0582064438686585,1.104806956424508e-05,285.3938754693308,0.639095217099754
481,02,-8.232899953890454e-06,13.675333238874163,6.108944188980828e-05,279.191337246032,0.5672636126563663
482,03,-1.7898125718357898e-05,7.876527682396675,0.0,280.7588669757638,0.721235720644715
483,04,-2.786484313502215e-05,-15.88577495863173,0.0,283.32113693033864,0.4812803420596652
486,07,-3.625940142692049e-05,-31.74150496025496,0.0,291.26846290670414,0.5832159745411206
487,08,-3.404563471354698e-05,-17.337182702177312,0.0,291.4738801791283,0.5233138246843891
488,09,-2.6543087166161665e-05,-4.24653964674208,0.0,287.9392709560819,0.6424437209659153
489,10,-1.8569231195137014e-05,10.235854191605762,0.0,284.78358039642666,0.7636217814209639
490,11,-1.0039879183467646e-05,10.335369747924807,0.0,279.8074893178728,0.7561230901506213
491,12,-8.260583359534854e-06,25.078029959073632,0.0,279.25270498681834,0.7474534945334158
492,01,-6.012859741277161e-06,22.106840989635838,1.4043623401272683e-08,279.3999776622403,0.7904847107343776
493,02,-1.5386156723984276e-05,31.748662168305497,1.7729275528041798e-05,280.04609204145413,0.7392679562185004
495,04,-2.7043378228700023e-05,-24.0670989525689,0.0,283.457096534729,0.3913077477349175
496,05,-2.995519203009721e-05,-45.04488896819084,0.0,285.6595867329259,0.46418218013804446
498,07,-3.552329937512147e-05,-24.55973527871409,0.0,289.7865116117744,0.6232217548739526
500,09,-2.4679065476549213e-05,-6.537764871215822,0.0,288.42726283230246,0.5480422061920166
501,10,-1.848353834580477e-05,14.114419966174706,0.0,284.57053201831286,0.7742676958063597
502,11,-1.0186800306089735e-05,15.631692754109702,0.0,282.13784168768984,0.7008724307590062
503,12,-6.893300624729055e-06,15.732371215492165,1.2867758350987586e-06,278.8222056623889,0.8102792325583837
504,01,-7.860778656987515e-06,14.34612370152627,3.849816578690723e-05,276.7231909807677,0.8221443897780552
505,02,-9.005972841740524e-06,9.622026147751583,0.0020311918883096605,276.8945384240831,0.7260083712169102
506,03,-1.5948935392546162e-05,-0.9029574194467195,8.298632919147451e-08,279.32064444773675,0.6499336244726693
507,04,-2.588563685021654e-05,-27.98602328389486,1.457011964586046e-05,279.4237252683427,0.5903446748521592
508,05,-3.230829694098981e-05,-22.4746828918457,0.0,283.8163767559092,0.6661243219273064
509,06,-3.7502937650666964e-05,-26.38411481492784,0.0,290.2330343007406,0.6145602842542861
