,month,MER,MSSHF,RH,t2m,z
0,01,-7.186377549426466e-06,5.464709561255669,62.6901256937955,271.0374221375988,-12972.653
1,02,-7.399999772068052e-06,2.729709174746558,52.295623941567676,272.4365299592699,-11655.9795
2,03,-1.408509512223264e-05,7.08405715679866,62.090667984242096,277.5071083010602,-8937.914
3,04,-2.191347909663616e-05,-15.59233038906521,62.41300571294825,280.35185083779226,-3366.8704
4,05,-2.839083756912113e-05,-16.16055940262989,64.02205650719006,284.1894770028719,2644.758
6,07,-3.0671342559486147e-05,-22.637875941122733,53.00265082314577,288.5937503051758,12646.225
7,08,-2.8487004876296853e-05,-12.56110269165039,50.14281140049425,288.49456290886997,11244.11
8,09,-2.3132900744369383e-05,-4.023202255249023,42.3501046719922,287.08609388970274,7537.206
10,11,-1.1569333000928361e-05,13.890767045423724,49.679388139549886,279.5115746341281,-3812.3457
11,12,-1.207531024335357e-05,24.691616260159407,64.98245628347064,278.9589235103156,-8580.852
12,01,-5.795284385228985e-06,8.867661568262244,49.01821534482766,273.9435328466764,-12871.56
14,03,-1.4070489600584629e-05,-6.186828353717764,55.02083505403355,277.7412255432786,-10377.137
15,04,-2.282624180893941e-05,-17.872287172783746,48.97103869282801,280.6358343542311,-4106.932
16,05,-2.9285246377967465e-05,-30.998830406271004,47.47244699586335,284.48860593045146,1807.4344
17,06,-3.014735746900341e-05,-26.066622504679362,62.37913317463399,287.3835177541096,9130.475
19,08,-3.1051088017916934e-05,-11.540256553403795,47.008779259716306,289.8567247478526,12236.9375
20,09,-2.365392635981859e-05,-3.0327022542317708,42.946886476458445,288.5418778632271,7434.2466
21,10,-2.1172643707369163e-05,7.590982919672484,58.4636376896443,282.9430969840429,570.8175
22,11,-1.4279194747299093e-05,14.235161112806532,54.54851769668525,278.42969395684133,-5525.427
24,01,-7.860688640385075e-06,20.899533713063885,47.875411116570554,276.2877688055551,-12673.684
25,02,-8.991757432514056e-06,2.888394768487839,50.11619150138895,274.87796189149225,-11516.91
26,03,-1.2076194787720939e-05,11.89821663673975,73.37905685201383,280.6608627738133,-10383.404
27,04,-2.2320882245185202e-05,-19.334173597547743,50.02077896680037,280.8875384987725,-2978.1377
28,05,-3.0310256707952082e-05,-17.47440350473055,59.34436809112436,285.6955955049248,2649.5032
29,06,-3.0904296795920855e-05,-15.787571440294057,51.69619375912348,286.96279334038627,8257.882
30,07,-3.173775886429094e-05,-20.80200322239373,49.75860673643311,289.0546993070213,13473.312
31,08,-2.8741253340065727e-05,-19.03508228654759,42.77699926753197,289.5996995383643,12532.024
32,09,-2.269007780640903e-05,-3.5648343312581385,46.85175361700852,288.2523063490126,7833.6436
34,11,-1.4328458308167076e-05,19.586548003133142,54.57233108670976,280.54755887637674,-5273.288
35,12,-7.687594037497059e-06,8.885675470167591,67.75924336626196,273.28184220705754,-10012.07
36,01,-5.276928763964617e-06,11.574925520045783,58.01885871766587,274.71989871035333,-12723.209
37,02,-7.864293709969517e-06,5.468580898829869,51.56958197040644,276.0330576188678,-11867.601
38,03,-1.6001877676116956e-05,1.792558938959594,55.95160838729334,278.2745939710473,-9465.763
41,06,-3.17826830204164e-05,-27.949367026435006,48.16991035015053,288.8242188401964,7321.5444
42,07,-3.416977696542745e-05,-21.999847670688425,39.2781192299025,291.04000476303924,12004.098
43,08,-3.1963929242763654e-05,-15.790871219429917,46.55304641459066,290.1174927072832,11975.631
44,09,-2.1331834113273846e-05,-6.238656323920356,43.43915766518911,288.8515710662842,8201.105
45,10,-1.6551261839878706e-05,3.491510892150223,54.79260846710333,284.4179603883477,1888.8921
46,11,-1.519573135911843e-05,20.401449884033198,56.70156626680825,281.542423581526,-5348.4346
47,12,-1.0313162028783104e-05,17.753608460457098,55.75187243828721,277.1484120603172,-9690.477
48,01,-1.1369238679367056e-05,31.70380508160335,51.86229076744793,279.3915269172832,-12083.328
49,02,-1.1685804688698098e-05,2.732715975443522,46.129101684696614,274.1075286789849,-13610.838
50,03,-1.3839232150540515e-05,-0.5926843497983868,57.115805566785156,278.44128489291285,-9369.501
51,04,-2.090864053300013e-05,-10.60586452026367,65.75529212030038,281.01254923197433,-2998.5583
52,05,-2.6606813441591635e-05,-11.409518621957432,66.050863289825,283.5180301421791,2303.2837
53,06,-3.6603149109497395e-05,-25.008415187242296,46.266101067479454,288.4321055046929,7739.947
54,07,-3.282222612492611e-05,-33.091220865229126,44.1499227373741,291.918114544284,12329.456
55,08,-2.6941880611302234e-05,-27.08358682743196,31.77761535606461,290.7689338021227,13211.625
56,09,-2.725831751290065e-05,0.9693071214463977,44.86737590899468,287.3565667371962,8115.952
57,10,-2.1395454446465794e-05,12.186390243366201,47.91972020449689,284.1974871086613,2101.8286
58,11,-9.367185011372688e-06,10.117007967122396,41.05919099200301,280.0425614195929,-5476.4346
59,12,-8.522425015388596e-06,21.808005747805364,57.410435429080856,277.4857788941578,-10081.636
60,01,-1.1848107099418698e-05,28.771229348787696,56.9102486772409,276.7842754120365,-11778.941
61,02,-9.682757584759485e-06,6.4267875001403105,47.08914505602986,275.46569391803087,-11538.211
62,03,-1.3818876191033916e-05,-6.2181760956138685,56.610379949503034,277.09370695126444,-10248.755
64,05,-2.301351515928619e-05,-21.276121071107926,61.30564291210714,282.87292314492504,2645.5554
65,06,-3.0384449369921637e-05,-25.249517172580298,53.14751710217263,286.0332354305691,8231.608
66,07,-3.052118788760435e-05,-16.333257173927887,51.58020934386151,288.32212674803367,12384.09
68,09,-2.2138291550658728e-05,-0.809648367987739,66.94727416271104,286.73494841105145,6726.2637
69,10,-1.5594664512004833e-05,12.420039781796033,52.5519555827328,284.94581760332665,1017.374
70,11,-1.2000811908506469e-05,17.20852971835666,62.11537896577253,281.5467750801086,-6400.0107
71,12,-7.343828446024142e-06,12.754345215500043,59.86620702467682,277.9717317575434,-9661.57
73,02,-7.646551471441942e-06,-7.170963860648018,49.17462651499538,272.6459450080508,-11593.801
74,03,-1.1304150707112197e-05,-2.56875498781922,68.34861116093205,276.80950123838204,-8743.514
76,05,-2.800802443084893e-05,-16.149492612120927,55.7763452255995,285.3065335752425,2168.814
77,06,-3.090711121482552e-05,-17.990251360066733,61.34983533646531,286.164952170478,7252.0396
79,08,-3.3271033724499884e-05,-4.3656862228557625,49.79625837316948,288.7357638382451,12356.783
81,10,-1.5745955748394817e-05,1.4800897167574978,41.847355274659336,283.8836659237441,1645.7664
83,12,-6.748697063030508e-06,22.216181771555252,62.92255071562849,278.89900289527316,-11262.232
85,02,-9.105866422227595e-06,-15.737989101954868,41.279925076501705,269.8368100568681,-13606.268
86,03,-1.09558865346488e-05,2.199697240357758,53.96111336709735,276.74076908246934,-9196.502
87,04,-1.9242588071877733e-05,-14.953707265557181,61.57429541588492,278.83615111126363,-2424.997
88,05,-3.1224375424332516e-05,-18.680161248648037,54.14751819698144,285.4117867415233,2831.711
90,07,-3.000731417455182e-05,-30.125119514383297,48.19723509739805,289.44563059620185,12604.477
91,08,-3.1366839325049225e-05,-20.726613564768147,49.22354232249208,288.36188031465264,12011.438
92,09,-2.1116000810717296e-05,-5.870355172729491,52.886519872754164,284.9466449978299,8311.698
95,12,-1.128779906788603e-05,28.043287035542146,58.52688881322774,278.653770938135,-10475.075
96,01,-8.849628261046861e-06,-8.473066081057311,52.03738375666833,271.0571230804279,-12938.758
97,02,-5.771432554432804e-06,6.824847212655203,67.52644709656069,275.3062230299087,-12020.746
101,06,-2.8837502824555686e-05,-20.989433822292757,61.5306473079814,286.23068305765787,8522.863
102,07,-3.379324687933062e-05,-20.07741719498173,55.40260847481861,289.3334297852875,11802.178
104,09,-2.5696148892024614e-05,-3.969099077690972,51.22118268649578,287.79776992187493,8147.7476
105,10,-1.9746457593286597e-05,13.28605210072507,59.41998880579267,284.1081416557065,2130.2847
106,11,-1.2423982501220758e-05,8.69252590874566,58.77474638277293,280.28694883850955,-4741.456
107,12,-5.659096497726741e-06,10.619382738339004,50.16868590621025,277.7222096857871,-9642.471
108,01,-9.400724827868036e-06,23.76198229324177,64.8158600401199,279.10735159379686,-12875.8
109,02,-1.553154618433063e-05,17.196350676788683,61.10995617006565,277.7702740127738,-12421.9795
110,03,-1.4791143874625109e-05,4.141464673442225,71.63935923557511,278.11941827511527,-8922.043
111,04,-2.4692344382775542e-05,-22.74501348402235,55.09817502149212,281.1784597961426,-3383.311
113,06,-2.7714982728361462e-05,-28.63852083367242,47.29024293223089,287.1965049299452,8699.873
114,07,-3.385038605679304e-05,-9.511822006717805,59.07058047961163,288.8184828294324,13066.182
116,09,-2.5435363158006416e-05,2.907980506727431,49.177534459747214,287.1028169921874,8931.424
118,11,-1.0307503538792339e-05,7.8851572241889105,46.36847800110711,279.7681574443817,-5196.904
119,12,-7.866494279115095e-06,20.208327730240367,52.71666673100892,280.1574802909768,-9371.982
121,02,-1.1993180484209699e-05,15.243881237211681,52.799659086113884,278.5967229493005,-10371.712
122,03,-1.7582771425163286e-05,5.919001820882161,61.97907953674307,280.92673047006264,-7808.8257
123,04,-2.3728384267512105e-05,-15.711892689005532,62.36782957411343,279.7644985144721,-3047.6958
124,05,-3.2913617601255e-05,-32.404015432706444,43.15242019264416,286.4839753660796,3833.7456
125,06,-3.3498540398290464e-05,-35.047065074327264,55.710710440916486,288.0712565836589,9255.651
127,08,-3.0036708770112647e-05,-17.0266568734774,43.458151734339296,290.0662455388552,12123.342
128,09,-2.1827326350689368e-05,-6.781363076782227,44.02462579022247,288.6776379201254,8520.781
132,01,-9.708490018202875e-06,23.531725362798216,54.619796854420386,278.84542206019734,-12812.577
133,02,-1.709957590030951e-05,31.83555304718018,59.52337883048256,280.50749825822743,-9868.582
136,05,-3.125298669270236e-05,-34.3688931694441,36.06377147361027,286.42458363949356,2860.6636
137,06,-3.068480971400681e-05,-23.63770078192817,52.16888050745726,287.6530416948106,8627.845
138,07,-3.559518055198981e-05,-33.07448882301904,37.832517702871755,289.3471467754405,12609.84
140,09,-2.7407515947157255e-05,-3.6402964202880854,48.108384553693405,286.55917945963546,8110.9585
141,10,-1.8407037761653066e-05,10.48773665069252,49.92561818830045,285.16074951352357,2800.1494
142,11,-1.0645134954231454e-05,8.876481322224937,54.38112868225972,279.7035436231401,-2539.0862
143,12,-1.0178729378000547e-05,19.264495642221096,49.02194799312469,277.58139236323046,-7573.9697
144,01,-9.804670876438911e-06,24.167181801416536,38.86062395377826,276.4995654494993,-11681.371
145,02,-6.996622216688376e-06,0.507544446309408,46.996895068120395,272.81969927006674,-12255.079
146,03,-1.2629808311264428e-05,-0.5304674036169569,53.76618897918476,280.96131813873785,-8241.075
147,04,-2.5889148811054637e-05,-18.50936585184733,50.20018549894757,281.06129239251874,-2402.852
148,05,-2.5811937759284265e-05,-33.066711107479634,47.67298183366304,282.56432028493566,3504.4038
149,06,-2.987989489524302e-05,-20.686577268473304,57.62339900992447,285.44453116149896,9140.051
150,07,-3.606362330103894e-05,-12.26554677852508,46.37869990175771,291.0611541531471,12287.277
151,08,-2.9805839779475068e-05,-22.79464663072811,38.70661156831249,290.6213046195738,12746.704
154,11,-1.4646135411648073e-05,14.444811823866104,60.08639300202131,279.0964361319648,-4152.415
155,12,-7.654158530845394e-06,17.942148733159545,42.031411531264894,277.4903090515137,-9236.482
156,01,-5.988280283046514e-06,9.900324605634134,41.55076964045469,276.29669176196023,-12465.54
159,04,-2.3724830210206465e-05,-12.979907084147134,60.15185276207658,281.38050007290315,-4295.8853
160,05,-3.502280750303383e-05,-18.415903687507882,37.98684394011575,287.68378568587764,3295.1836
162,07,-3.3542465003026134e-05,-26.574038988010855,46.61348771423679,290.8302553724063,11222.896
163,08,-3.290884278264643e-05,-13.404264240552024,52.83446418771308,290.5360282891386,11883.191
164,09,-2.5466491539959356e-05,-1.4094354346381297,48.6797681992597,287.5794175764296,7670.0503
165,10,-1.9484351597922247e-05,1.9587082073252686,58.379234332862715,281.5607008762565,1752.7537
166,11,-1.321692710625939e-05,23.694389510769323,50.96693710040848,281.2424108364529,-4710.08
167,12,-8.425528942156701e-06,11.411874493342573,45.69198678764476,277.1291988499139,-8409.764
168,01,-9.715480358609446e-06,34.39173987899288,57.42208674485646,278.0689588641915,-11292.279
169,02,-8.449411843078754e-06,-1.1622854381742926,41.2482318814184,276.05196190389,-11619.559
170,03,-1.4966802825774622e-05,-6.011914413616221,42.24266758934657,278.6799079442178,-9071.354
171,04,-2.191761210872048e-05,-4.539731902737087,59.59964808656376,283.3900037384034,-4837.156
172,05,-3.0932743489659034e-05,-26.541132331437964,51.168041845343446,286.5305111710743,1847.6613
173,06,-3.281592492067931e-05,-24.277929318237305,46.836056776909025,288.3121968231201,7399.534
174,07,-3.3366269429406925e-05,-23.52127023184171,53.23872095220833,288.9670793329055,12337.1875
175,08,-3.234485571499712e-05,-11.285276480397874,49.79429166342623,288.38119730434624,12390.291
177,10,-1.798888249350155e-05,2.3637267239478326,43.9463890340828,282.4125413159196,1876.7454
178,11,-1.1587640056374466e-05,-1.8295716874864363,52.225245416957804,275.9691254242791,-4266.338
180,01,-8.814763398506955e-06,28.086010490499522,59.814965074129006,278.4522831625169,-12261.394
182,03,-1.5868986940443404e-05,12.424105568506382,56.25959003628518,280.1386115247255,-8432.232
183,04,-2.4481364455176743e-05,-15.54007357143826,53.21672202842236,281.15531175240415,-3684.4438
184,05,-2.8615912740195944e-05,-19.306992470361852,50.8592781971834,284.95634343137016,2308.9424
185,06,-3.390126228795352e-05,-22.424498955281575,49.86442946763436,287.7325351216634,9034.175
186,07,-3.466171150601792e-05,-32.442688338413035,36.16844127948567,293.29159473148474,12602.504
188,09,-2.649383951805552e-05,-2.2674784339057075,50.77799905458556,286.7490272650824,9027.061
189,10,-1.8016295581522476e-05,4.47270425086893,52.33998963107474,282.91257732530823,2844.4521
190,11,-8.92097842036795e-06,12.752254605102538,55.27824593100681,283.18030227940875,-3328.2734
191,12,-1.093666692604627e-05,22.757288210632986,53.902280609893545,279.09193974574924,-9208.846
193,02,-1.271823695051786e-05,20.178666164579848,60.9734689490412,279.69789509668806,-11439.357
195,04,-2.3056703787511248e-05,-15.611610607231992,48.9374839578549,281.70371436835387,-3883.2168
197,06,-3.44918315846169e-05,-24.446217814466692,49.08188772321145,287.09207231580945,8552.967
198,07,-3.591561413959817e-05,-25.92438248894804,39.340810654867084,292.21608878154143,11811.48
199,08,-3.331847033315239e-05,-31.29434137422295,33.68999910253863,292.1374796096639,12247.9375
200,09,-2.6222378082234683e-05,-4.395296908230251,54.09243484116659,287.4659033938938,7595.7207
201,10,-1.4566836962311297e-05,5.514771194293934,41.310020164710224,286.1660483907064,2415.1072
202,11,-1.3042386322538529e-05,9.068964893934462,58.53600206141338,280.4485377359602,-4014.191
203,12,-8.991161045966975e-06,-5.598886509064706,48.51484771922968,272.8523069154063,-10541.763
204,01,-7.460320452180465e-06,-0.4728464959257379,45.67560021059616,273.0739127290787,-12490.307
205,02,-7.544903639281147e-06,5.38362545916678,55.18347650017959,273.61455346710375,-11448.965
206,03,-1.2827322511164368e-05,-10.990242480862525,51.72073062135199,275.89573825737733,-8949.059
207,04,-2.0502408365953464e-05,-21.604367342122394,58.54018084150156,281.5059792378743,-5074.0894
208,05,-2.4253428110207234e-05,-26.022296560964275,51.92535755428705,283.0404211406093,2934.0576
209,06,-2.8253365109311642e-05,-38.732165323215064,41.61192797080808,287.7120379621718,9065.631
210,07,-3.142641031134248e-05,-27.054918192217425,49.82263012584947,288.9736008786437,13343.283
211,08,-2.9903093116464793e-05,-15.358725825155936,42.33743624172287,290.26938906532206,12941.359
212,09,-2.534073391895315e-05,-7.00570699428982,43.673043699496326,286.062809048801,7104.2095
213,10,-1.7171301486478214e-05,8.106230379494288,51.02844809201841,284.35446074524754,1797.5625
214,11,-1.4551765714713837e-05,14.46901237657335,58.72207561985916,279.4499412578582,-3627.165
215,12,-8.836182103413613e-06,1.1414017176474303,51.832999992789766,274.0792455669526,-9224.229
216,01,-3.583592048936e-06,-1.2817189340899076,35.36421269791357,272.25964624536164,-12648.148
218,03,-1.2413017713795421e-05,-3.0697627356744577,49.8996438915832,280.40703176859375,-8771.529
219,04,-2.201332183204714e-05,-17.60772253417969,50.15108422283994,280.5644874141693,-3983.3496
220,05,-3.085946982284968e-05,-22.07697987414944,55.658551038389554,285.1017764521773,2090.5408
221,06,-3.476727682935032e-05,-20.254541469319665,56.16686724849277,288.2355316602919,7863.937
223,08,-3.064838395117496e-05,-15.397676236060358,39.11490551742816,293.2227237929478,12487.036
224,09,-2.7053925191669103e-05,-10.968042353990342,40.873450344501606,287.54944601949063,7822.9736
225,10,-2.0736059433235615e-05,1.8364669255082322,46.07108195983722,283.2611740620521,1973.4851
227,12,-9.893875752236308e-06,16.98351939342868,60.12797338394067,278.3321768117105,-10206.121
228,01,-1.1099072907757458e-05,24.386054642872143,54.87726956107148,277.9622745796942,-12690.654
230,03,-1.582076560769428e-05,4.910139277304372,64.38913835901599,280.3343201620861,-8186.4204
232,05,-3.182257207745645e-05,-20.036693252071256,51.31070372274871,286.9770894601474,3915.1025
234,07,-3.6390916169732936e-05,-13.917790471887077,46.5719772114318,288.9995175761561,13497.998
235,08,-3.4686337675251e-05,-19.754633603331865,40.27667498864153,289.45330056729875,13857.82
236,09,-2.4247977624205914e-05,0.3736279635959201,55.41774919654528,288.04718676249183,8441.948
237,10,-2.3367591303340108e-05,14.50471792602539,57.49670259841796,283.2419490077521,3272.9358
238,11,-1.186565926222506e-05,4.6568576497395835,50.09492808050447,277.3990418517218,-5511.8633
239,12,-8.802920268002493e-06,22.454611907630838,51.308709990082264,277.97066255097747,-9007.609
240,01,-9.430198710966792e-06,24.63400003675235,61.44896206574927,278.42221806261614,-11329.357
241,02,-1.079772392194216e-05,13.779260249546594,59.85849182345754,276.5846275064377,-11146.12
242,03,-1.3397230129969535e-05,-0.9194605676794566,60.6708199271861,280.0196965524407,-9445.902
243,04,-2.54553507465769e-05,-17.42901027967665,53.24983413987689,282.47727725253634,-2200.2883
246,07,-3.775679561435789e-05,-20.12216363230059,34.70881050790896,291.3305993268413,13202.197
248,09,-2.59650643648355e-05,-3.5717024329291456,50.26974016195536,290.39740791795515,8171.4297
249,10,-2.1588807777500546e-05,5.981483147405809,48.24640764357326,284.0889761727855,2227.581
251,12,-1.3700721242369786e-05,27.986750325848984,63.54783165261822,278.27631423343126,-8017.597
252,01,-6.553396535759588e-06,18.42038040095504,45.80448549491872,277.79516857783,-10153.711
253,02,-1.2230161100386137e-05,18.65321454909752,54.35344561065067,278.9918639561445,-12772.37
254,03,-1.4517082142339604e-05,-0.5979741453765541,58.83941007500695,279.74647602704783,-9412.447
256,05,-3.550879427684679e-05,-19.147158501081563,47.704144963514416,286.87483983849967,2978.0813
257,06,-3.750390542944741e-05,-27.016546727159287,42.780413097916714,288.429064964803,8840.281
258,07,-3.168135436499142e-05,-21.668345875401656,51.88578506780696,288.20182105771954,12880.84
260,09,-2.4486756719630248e-05,-2.020394458007812,56.817002186003,288.9522197736953,8253.549
261,10,-2.1893689024856883e-05,11.235235126454343,57.40779917159772,284.6498967747843,1802.6104
262,11,-1.5146696185204038e-05,20.892512133110895,68.07071139411661,281.02643124508324,-5158.435
263,12,-1.1904006665214989e-05,20.81303864280127,63.79751548051194,278.4327853809069,-11309.965
264,01,-6.723928980547147e-06,14.384707934964087,53.25762820807451,275.96743091123847,-12893.445
265,02,-9.421481274265325e-06,7.153048214503697,61.79020408172125,277.52430097507295,-12664.244
266,03,-1.3063552253355424e-05,-6.242824222359606,58.59238742218351,277.80964705756395,-9002.633
267,04,-2.4765318735565716e-05,-15.737299090576174,60.65160554169682,281.0073699052598,-2354.7463
268,05,-3.372209000100225e-05,-25.790908090242777,45.58359570831253,286.25971681492297,3771.5557
269,06,-3.303585196628976e-05,-31.827683939954966,48.06642211600013,287.6171802242279,8398.684
270,07,-3.6646507612448495e-05,-24.41304970722813,43.035889669943884,291.0954466385379,13042.42
271,08,-3.349079792080317e-05,-13.273838911159066,49.470468634774605,291.26248715078697,13215.464
273,10,-1.872843477780094e-05,15.499699002173642,52.0420637966638,287.358400129749,2277.1226
274,11,-1.4045017091525046e-05,9.019137569173179,50.75557469189433,281.0378544276344,-4194.718
275,12,-9.904081011676856e-06,14.487402564920403,52.82181985401466,276.8109058604907,-9407.53
277,02,-1.6342577849974034e-05,27.257544948032923,61.67323920420096,280.01173835877006,-10145.061
278,03,-1.718439095667989e-05,-2.8514695644583754,52.573686629964456,280.1865670277176,-8652.143
279,04,-2.4829810814864887e-05,-14.182246478949653,49.20558492463959,282.0968799079047,-1681.6261
280,05,-3.0134792006426703e-05,-17.31557953963741,52.31226475243542,285.91615550937445,2682.108
281,06,-3.5836119472898846e-05,-20.466573669433593,50.7506326838851,289.008934870402,8137.6396
283,08,-3.0240783373966385e-05,-12.41071590333344,52.640142950275894,291.52933090636554,12628.6
284,09,-2.726855740998468e-05,-6.606480073716904,41.46046437310777,288.12181282060413,8752.064
285,10,-2.2813934475604865e-05,5.003235001430717,55.25826176021304,283.04481736857923,693.49805
287,12,-9.155090198257839e-06,-0.601292420089886,52.83887711868107,276.11271182759606,-11264.673
289,02,-9.213011075579354e-06,1.6289639434814458,40.65915042115535,275.1990847414562,-12337.875
290,03,-1.4304734281419465e-05,-4.024482163624097,45.80751552796749,280.07939777218405,-9017.5625
291,04,-2.383696288773839e-05,-17.2942943037245,47.44735419490735,282.52701496353154,-2993.31
292,05,-3.0977665722578726e-05,-19.48317038226384,57.695412786129985,285.87503277128485,4003.3567
293,06,-3.491794925367785e-05,-29.63445593295627,48.58540389312637,290.1924542755127,8117.085
294,07,-3.637924248004731e-05,-25.786057973554062,44.12265574810709,291.4632059519777,13292.9
295,08,-3.1032737283929096e-05,-31.771135562691633,39.36124998163152,291.8428295599825,13177.363
296,09,-2.437035215904568e-05,-12.497950702243381,40.21523504180775,287.9652745859782,9018.24
297,10,-2.1305207502659715e-05,-2.352458050143333,49.86598729915773,281.3235289662679,2345.3037
298,11,-8.746191556262298e-06,13.336127873399521,55.471923015075255,281.18456970901485,-2948.2927
299,12,-8.986315398414586e-06,16.75842543636855,56.42778465677845,277.70850726802377,-8547.262
300,01,-8.992702947169514e-06,20.66453995308825,64.87525535803712,277.01399096031605,-12525.186
301,02,-1.1818901434843997e-05,12.780648606925178,58.06078212638148,277.98929517294346,-12010.855
302,03,-1.5225630396960167e-05,1.0669384965794064,50.376974003080406,278.8729907035828,-6880.869
303,04,-2.4217375733618005e-05,-11.611916856553819,59.49211039767795,283.0342345699735,-3925.4011
304,05,-2.847669872224737e-05,-31.81054322043798,50.857990436966695,284.7821008097331,3097.3296
305,06,-3.421590459786078e-05,-30.121984181382924,54.56608841220009,288.26498307020404,8707.447
306,07,-3.5823426863228845e-05,-21.040274605699764,48.61712288511441,289.52838083738925,12320.219
307,08,-3.442271008691844e-05,-10.630728795861687,53.4802156332962,291.53894050384855,11896.355
311,12,-6.509792311736683e-06,12.651209838210898,41.13814304297201,277.18444233658494,-8463.628
312,01,-1.0532949036563073e-05,27.835473567839585,50.62756816835045,278.5624613469442,-10813.917
314,03,-1.2645556585016247e-05,2.2825399281491516,62.992716266741034,279.0753041903793,-9740.123
315,04,-2.402455134354872e-05,-12.38321820203993,55.9102142579476,282.71948648647725,-2339.6704
317,06,-3.715115132452208e-05,-30.632264646063906,50.84424858076307,288.991852593655,8368.98
318,07,-3.409394384040644e-05,-23.561669685609886,47.80977541725482,290.1906704429708,13395.586
319,08,-3.320200081173924e-05,-14.21000237282374,41.28222914207624,289.1398493754069,12911.04
320,09,-2.545146969718593e-05,-6.704652192857532,39.75358392157654,289.0389223130968,9690.889
321,10,-1.7187334372416657e-05,10.538457600583316,41.694871458662455,286.6108520703879,3591.2349
322,11,-1.4535249143672345e-05,9.326381112670902,61.63253474075529,280.7140452206929,-3187.0288
323,12,-9.12172876785682e-06,14.485518746324761,56.37181309181387,277.6781497156286,-10070.567
324,01,-6.5253165958961526e-06,7.280853728591756,43.42763289413273,274.90674294572244,-11459.153
326,03,-1.3873502668170125e-05,-4.782673361173239,59.930227692120816,276.79120616527274,-8557.496
327,04,-2.37631702343909e-05,-18.782449027506512,53.65862876264652,281.3412661899143,-2572.5288
328,05,-3.370682173148433e-05,-13.439136345319852,55.415879218805216,286.611448016423,3740.595
329,06,-3.4785863751151034e-05,-27.11431088460287,44.96967633606062,288.7861003506131,10117.55
330,07,-3.3670624993676266e-05,-35.11209074615151,34.7803111832411,294.31578268137275,13016.677
331,08,-3.203818718891423e-05,-14.970106861073484,56.166526000266416,289.42563545177825,12952.514
332,09,-2.4569920312832332e-05,-1.9050392035590278,48.50952039943403,290.8846295525445,8853.975
333,10,-2.0357669840078775e-05,8.929626497002058,49.91160704086961,286.9078280718404,2278.7798
335,12,-1.1844671387852061e-05,21.158474252352146,51.61357204472506,280.0480408410102,-9051.563
336,01,-1.3167410284109127e-05,32.71415653975292,54.798027210791915,280.3280024761898,-10268.338
337,02,-9.635896793779033e-06,12.227102448962983,62.05461917357218,279.13144602752857,-12515.963
338,03,-1.969343553138324e-05,2.858439688077537,50.951221448258686,280.9515473870718,-7244.127
339,04,-2.5420359923575438e-05,-23.728481532796227,35.425640993569964,285.1133049407959,-3767.781
340,05,-3.1186685044343005e-05,-23.42358186127037,55.67473245647261,286.3991220269972,3266.793
341,06,-3.458860908376663e-05,-19.802041976589628,51.81401281598541,289.6702567504883,8798.682
342,07,-4.0491175616739144e-05,-14.380545316962786,51.51913973191349,289.65608735082475,12026.719
343,08,-3.430768915528969e-05,-11.902402343421853,46.669440629773256,290.0370085491878,12798.67
344,09,-2.677926907070085e-05,-2.246240928141275,48.58724766878287,287.3048455885146,9160.845
345,10,-1.4836711174446523e-05,-1.5530790907336818,46.4751422240952,283.5498818838469,3338.1528
346,11,-1.4172945336880124e-05,15.984315191311307,55.0159122577058,280.5269208690644,-4729.6494
347,12,-9.103623443880553e-06,18.67049515623687,44.72693699303237,277.3368185319388,-9023.81
348,01,-9.98381483742544e-06,30.50790186531313,59.32570013750177,279.4891412764929,-11603.271
349,02,-9.733829621899499e-06,11.488472740085646,43.235250111784055,278.2568273897719,-11735.051
351,04,-2.446588194630345e-05,-15.287676639472116,50.48518859204715,281.5612035566542,-1596.8383
352,05,-3.326288808405293e-05,-18.37616691179173,46.32872357566895,287.85736066133234,2256.1904
354,07,-3.577182100015043e-05,-18.878891244211506,53.425692884929724,290.6381676658713,12890.953
355,08,-3.3834556450724496e-05,-9.036356891591062,49.02626591384924,290.2695800380912,12014.359
356,09,-2.5189189388381943e-05,-2.5223080678304033,46.95382839618127,286.9092003065321,8337.154
357,10,-1.8222273044254205e-05,6.518695762716314,54.30898137165141,283.49328779224686,3318.439
359,12,-6.623100362498576e-06,8.910789440196046,51.189781416840454,276.00092939651654,-7680.5254
361,02,-6.55127283612057e-06,7.2258432279314295,62.426701213981424,276.2893881261462,-10665.107
363,04,-2.2896213735516033e-05,-13.763160278998479,44.90089633327524,284.289430710517,-2795.6116
364,05,-3.152253704363203e-05,-24.89160391596312,50.72287625494953,286.32759907055924,2987.101
365,06,-3.4585202314802804e-05,-32.20444840494791,47.13420631794532,288.15789018961584,8065.5557
366,07,-3.995988693131167e-05,-23.939954596078525,46.67216465320125,290.62653678746375,11947.023
367,08,-3.326769469126164e-05,-18.63527480389995,42.41847231385144,291.493365414199,12315.195
368,09,-2.396435872586961e-05,-8.675344586181641,43.626415080409586,288.24405131666396,8985.27
370,11,-1.3997967538165946e-05,28.005924584282763,63.3120259418408,282.6301770416684,-3944.4639
371,12,-8.896478755051119e-06,9.686923075029926,62.37685010996686,275.9152564712032,-10703.615
372,01,-6.091251291421628e-06,2.9262350808420488,60.36061479552843,273.08482904479325,-11944.9
373,02,-7.65345504045659e-06,5.717629487900508,61.53230691539674,274.59004296811423,-12810.502
374,03,-1.4227020407356234e-05,-0.1344084672825314,56.345688745778084,278.93887998355336,-8781.84
375,04,-2.4690822054900404e-05,-20.66956467929416,50.227940069592,281.97344993078445,-3109.0493
376,05,-2.827942739082006e-05,-27.387183430333288,51.416537502500645,283.07650033011487,3454.467
377,06,-3.182083758476639e-05,-35.711798379855686,43.71565713060168,288.5699565473768,9492.914
379,08,-3.27152816781925e-05,-15.088779016966459,50.057286181364006,289.71709932881015,13861.779
381,10,-1.8914465963579488e-05,8.677334267236855,54.52403665949838,284.0074488248518,1835.7502
382,11,-1.1904203317903414e-05,4.708053307088217,64.34552551558414,279.1010974715339,-3220.5254
384,01,-4.432973011169315e-06,15.641597058367989,49.85520389962581,276.640032220861,-12074.936
385,02,-7.274441715534998e-06,7.353929252261208,64.81677477946593,277.5559378022239,-11315.822
386,03,-1.235675504704564e-05,-6.3443144091534345,43.386579177287324,278.86510410210394,-8746.582
387,04,-2.5035789431644346e-05,-14.869033695136176,49.48712501599656,285.153135196601,-3759.7085
388,05,-3.0008848766624646e-05,-32.62149781881353,48.67582858574712,286.410771462061,3027.1997
389,06,-3.4230032604055946e-05,-25.01744469502767,49.43961729888122,288.6127736097548,8531.184
390,07,-3.7348723895911946e-05,-18.427609645064162,51.34294977803511,288.60765880658556,13310.974
391,08,-3.274760770019843e-05,-10.64563058373236,50.85391145080519,289.6281859905284,12565.501
392,09,-2.5484862159343414e-05,2.648160398695204,48.54894579696125,288.68825934821234,8130.534
393,10,-1.916051529891168e-05,8.726722329416583,41.10612051369683,284.83637540882887,2847.214
394,11,-8.12447487300637e-06,7.208228931681314,45.10324230610001,280.86535165697734,-4200.1157
396,01,-9.557997748420493e-06,23.492998173539362,55.985124487241116,278.0025916491273,-11714.397
397,02,-6.941694202459045e-06,2.77444112036694,54.92825397600388,273.9540438470512,-12284.602
398,03,-1.1845709033173812e-05,-9.130659757880753,42.53471919810516,280.5903991654509,-8177.916
399,04,-2.412122515035865e-05,-15.116672309705946,65.52592149374486,281.0076457704756,-2438.021
400,05,-3.2719707248821014e-05,-19.41600187732328,54.71462800888861,286.39187647731336,4474.261
403,08,-3.664081436780238e-05,-14.530181596981583,48.63167088847007,291.1731117379793,13376.145
404,09,-2.780254297756781e-05,-4.337274759928387,47.643611919113,287.3234092200385,9634.905
405,10,-1.749340033099435e-05,6.576196681525118,62.883388684188155,283.75088245457476,2498.5278
406,11,-9.782895505729057e-06,13.286790387301977,48.36725960095062,280.2187192969428,-3575.22
408,01,-7.079607454118081e-06,9.77005108642578,59.36599973937003,275.1825925199447,-12076.846
409,02,-9.82560560788399e-06,1.2790957768758144,54.799641565576906,274.82777969859893,-11171.211
411,04,-2.0434202846445263e-05,-16.983018215264217,45.651346360141694,280.441605447091,-2512.7588
412,05,-2.7662325821888435e-05,-23.158452428017892,56.92952051083376,283.8569099442677,4345.4604
413,06,-3.319209287441886e-05,-26.815010833062065,45.349666944320994,287.4700203450521,9320.711
414,07,-3.405638901301333e-05,-27.630988150319745,40.32137145659744,291.3996042135915,13373.705
415,08,-3.2683108437937644e-05,-17.84199171037572,39.46305893081491,290.9021847701535,12739.393
416,09,-2.475842662511746e-05,-8.054260448540582,49.65095689521101,287.60815346442337,8752.35
417,10,-1.765674730958508e-05,13.677036990258001,51.31546706972713,285.3490841153053,3223.1858
418,11,-1.2026654228591521e-05,13.685960133870443,60.59634180396663,280.35682493527725,-2602.2812
419,12,-9.44601224512954e-06,28.97793200421077,55.46996279250422,279.21073650786695,-8288.27
420,01,-8.580053124215514e-06,22.96357862870411,63.49304372530727,278.7270791265426,-12779.9375
421,02,-1.1990748406116751e-05,26.598223410470148,61.15281964255657,279.40804705011277,-11460.234
422,03,-1.6731313326227373e-05,-1.3453218475669946,47.843510205716214,281.1189634679159,-8991.26
423,04,-2.3883861623916246e-05,-16.521862002224392,58.86005653639768,284.4238784166124,-3011.7952
424,05,-3.2321809314922687e-05,-17.350711201329386,63.11191008513332,286.0054483229113,4474.5303
425,06,-3.645346474101341e-05,-28.120134918891054,43.231891095406475,288.60506283637153,9460.205
426,07,-3.570791800838603e-05,-18.498887496784167,52.862582088247414,292.2635286937426,13119.785
427,08,-3.5946427165531874e-05,-15.756697428713563,51.75170243226714,289.2081022578413,13201.384
428,09,-2.0748739615697153e-05,-9.244409510294595,35.08465283191469,289.19143939514163,8536.215
429,10,-1.6616273676728237e-05,8.951883064844276,46.06859467966968,286.6383070147115,2414.0845
430,11,-1.0089955154782932e-05,6.784489759657117,59.376273723493675,281.4275366665734,-4694.9004
431,12,-1.0581146033268115e-05,22.95546643394552,54.273882943514856,278.36750006714686,-8220.688
432,01,-9.2527426375611e-06,26.340960131573418,62.63006211892765,277.32805558928624,-10122.536
433,02,-8.153189459681882e-06,8.31590086110433,48.93550452213628,276.6668339920044,-9972.768
434,03,-1.5915630637317265e-05,-1.6360386480515998,44.90566300547765,279.08244967077115,-7004.8247
435,04,-2.4346638547669703e-05,-22.934988667466907,50.17846367060873,281.46281248359685,-2680.9526
437,06,-3.477750818122634e-05,-31.860220404391814,46.7203716229452,288.02580254245345,9418.241
438,07,-3.7615658574522775e-05,-25.170489753641114,45.05531850020347,290.8353158631684,12452.868
439,08,-3.326061218056918e-05,-12.586229408838417,52.3345120203854,291.25167575270126,13604.627
440,09,-2.5603061031688413e-05,-1.6679924726698132,46.654843129608366,286.66352415195047,9856.357
441,10,-1.3186316454061119e-05,-1.463842040031187,51.45971762442205,283.4427843608241,2645.083
442,11,-1.4898132296588707e-05,27.46974549831814,55.57987919455502,283.10383579525416,-2227.8574
443,12,-8.385574634596725e-06,33.275967709449034,59.292129598577816,282.58162065858744,-8064.291
444,01,-9.004527324929857e-06,20.359526514525058,60.00615774854665,278.0475291836237,-12800.924
445,02,-1.2519085415486441e-05,14.879537966322628,54.698993667597065,277.78108298799367,-10571.028
446,03,-1.4810545610421827e-05,-5.396197126162949,59.004922374092125,278.4155945600284,-7745.0317
447,04,-2.7581765115751797e-05,-20.820068422105575,57.557788026644126,281.36615560573995,-3188.2534
451,08,-3.3272750999810424e-05,-17.014684508621052,43.397001161080546,290.91866476046647,14560.193
452,09,-2.4645985519115736e-05,-7.889081433783638,37.34792189491059,290.7287192874484,9788.91
453,10,-1.526362983537594e-05,-3.798430909843855,48.34944315867911,283.3498556886078,1849.1416
454,11,-1.1750765303218536e-05,10.89123139716254,54.5964946256227,279.20990362701417,-3725.7043
456,01,-6.416161365773257e-06,12.223324068787278,48.97643718384928,275.05028467830533,-10681.943
457,02,-8.18821650381367e-06,12.903916228158135,62.959067062718525,277.86915778559734,-10745.146
458,03,-1.5800369091061108e-05,2.527072602630943,59.88884960889175,281.2226937955631,-7219.337
459,04,-2.5679135762624757e-05,-26.331729773288306,46.84454056873057,281.41495227517026,-3054.388
460,05,-2.9667726341906155e-05,-25.198657173730993,56.839670298081565,287.2392350808421,3496.1372
461,06,-3.566179110415154e-05,-31.36642959594727,52.944568701901716,290.51245804307734,8320.294
462,07,-3.888270218750779e-05,-23.176640851420746,56.14024401203919,290.7070247267856,13511.509
463,08,-3.333480648354688e-05,-12.395997953681537,44.035043613662005,290.3243722688408,13527.805
464,09,-2.5415033401845397e-05,-5.530321179199219,52.86381167994076,287.1538292568631,8986.757
465,10,-2.0550294828412475e-05,15.281469091599986,50.30405073937036,286.4926618480888,3303.3213
466,11,-1.2597567349661808e-05,15.910226154920792,53.90823562632401,280.83419648060266,-2981.086
468,01,-8.493993727101315e-06,23.796599253992884,55.116003269850566,278.53154294832297,-10267.445
469,02,-1.1806723732206594e-05,-2.6082788761683875,46.30087924139698,274.0743940366564,-10479.754
471,04,-2.4140652476206825e-05,-8.481860700141059,60.03202422682047,284.2523615995619,-2847.1963
473,06,-3.447691067930363e-05,-33.33076165534125,39.74884000571834,289.49784020724826,9061.566
474,07,-3.4126774513620195e-05,-44.31138712696363,36.16823902212164,292.90806091046085,15152.714
475,08,-3.324744642680256e-05,-25.59706884437479,43.61733073811633,291.3618514305854,13809.763
477,10,-1.717439320385384e-05,2.0582064438686585,44.893768001867876,285.3938754693308,2830.167
478,11,-1.049799736220949e-05,11.533768935139973,58.11769115721252,280.0686911998748,-3912.629
479,12,-7.425197422547768e-06,21.47761040308142,53.53903508252609,279.4785891970973,-8661.885
480,01,-8.170035396257738e-06,18.813249751593478,61.34680531404607,276.9462481465493,-11583.737
483,04,-2.786484313502215e-05,-15.88577495863173,41.53150874974462,283.32113693033864,-3460.745
484,05,-2.8741963674400066e-05,-37.081440074305384,54.09692304540707,284.36448736465616,2937.2173
486,07,-3.625940142692049e-05,-31.74150496025496,48.734570516079984,291.26846290670414,13108.131
487,08,-3.404563471354698e-05,-17.337182702177312,41.57153246440298,291.4738801791283,13346.271
490,11,-1.0039879183467646e-05,10.335369747924807,64.20363267016013,279.8074893178728,-3490.7861
491,12,-8.260583359534854e-06,25.078029959073632,56.60606037604423,279.25270498681834,-8639.807
493,02,-1.5386156723984276e-05,31.748662168305497,64.97568837541958,280.04609204145413,-9755.511
494,03,-1.9840231885472768e-05,-1.8349693298339842,46.56073982853019,279.7202150045004,-5176.208
496,05,-2.995519203009721e-05,-45.04488896819084,46.51938461271666,285.6595867329259,3420.071
497,06,-3.546342912159163e-05,-30.903872137790252,54.092656515480414,289.81179647657615,9668.191
500,09,-2.4679065476549213e-05,-6.537764871215822,41.4254565234277,288.42726283230246,9991.848
501,10,-1.848353834580477e-05,14.114419966174706,59.132486595437086,284.57053201831286,3897.0322
502,11,-1.0186800306089735e-05,15.631692754109702,47.969248177954896,282.13784168768984,-2112.0596
506,03,-1.5948935392546162e-05,-0.9029574194467195,53.47545231677126,279.32064444773675,-5783.9434
508,05,-3.230829694098981e-05,-22.4746828918457,60.26473778712485,283.8163767559092,3622.5051
509,06,-3.7502937650666964e-05,-26.38411481492784,47.88007799596918,290.2330343007406,10261.339
510,07,-3.6336240956178925e-05,-19.074829963273896,48.14752719921964,290.67390889748197,15038.969
513,10,-1.864643046111826e-05,14.62936670381279,46.729617401201246,285.1771994281072,4177.246
514,11,-1.0072340758698473e-05,9.36498726196289,49.88987413275507,281.017371949217,-3005.3928
