,month,MER,MSSHF,RH,tp,UW
0,01,-7.186377549426466e-06,5.464709561255669,62.6901256937955,61.434043169021606,8.566814722819995
2,03,-1.408509512223264e-05,7.08405715679866,62.090667984242096,107.00708317756653,13.765281541639759
3,04,-2.191347909663616e-05,-15.59233038906521,62.41300571294825,65.13916850090027,5.253018767907886
4,05,-2.839083756912113e-05,-16.16055940262989,64.02205650719006,98.91896796226501,9.909492792170534
6,07,-3.0671342559486147e-05,-22.637875941122733,53.00265082314577,36.31914162635803,13.328552245519495
7,08,-2.8487004876296853e-05,-12.56110269165039,50.14281140049425,84.36125612258911,9.79633006227145
8,09,-2.3132900744369383e-05,-4.023202255249023,42.3501046719922,43.01969242095947,12.264388197920056
10,11,-1.1569333000928361e-05,13.890767045423724,49.679388139549886,76.8632504940033,15.572536984846325
12,01,-5.795284385228985e-06,8.867661568262244,49.01821534482766,58.65590763092041,5.114125808059528
13,02,-7.359469057738698e-06,6.865867059466484,53.581606617508264,60.54261493682861,7.856037982940672
14,03,-1.4070489600584629e-05,-6.186828353717764,55.02083505403355,70.78502440452576,7.28385072402544
15,04,-2.282624180893941e-05,-17.872287172783746,48.97103869282801,41.5899133682251,0.1369029037899443
16,05,-2.9285246377967465e-05,-30.998830406271004,47.47244699586335,23.549720764160156,-4.025603452805551
17,06,-3.014735746900341e-05,-26.066622504679362,62.37913317463399,87.7898542881012,6.837710131094192
18,07,-3.1905643976779664e-05,-14.025872309859079,48.67037434149174,142.42091464996338,7.28260863685608
19,08,-3.1051088017916934e-05,-11.540256553403795,47.008779259716306,67.59736728668213,13.212725781204876
20,09,-2.365392635981859e-05,-3.0327022542317708,42.946886476458445,42.64728355407715,12.575276836034986
21,10,-2.1172643707369163e-05,7.590982919672484,58.4636376896443,107.7690110206604,13.979145259652089
23,12,-7.873070872231058e-06,26.063403682913826,61.380955716897084,73.57332229614258,13.964713369225944
27,04,-2.2320882245185202e-05,-19.334173597547743,50.02077896680037,35.788278102874756,2.920826218308343
28,05,-3.0310256707952082e-05,-17.47440350473055,59.34436809112436,102.75372743606567,4.588270763663836
29,06,-3.0904296795920855e-05,-15.787571440294057,51.69619375912348,69.78700375556946,11.143315948295594
31,08,-2.8741253340065727e-05,-19.03508228654759,42.77699926753197,37.25814604759216,7.685691989857664
32,09,-2.269007780640903e-05,-3.5648343312581385,46.85175361700852,61.64737391471863,8.593244362915888
33,10,-2.174942796122078e-05,9.781940688922843,60.93410625634399,150.74281787872314,16.650438065046906
34,11,-1.4328458308167076e-05,19.586548003133142,54.57233108670976,79.1025390625,17.251836509937714
35,12,-7.687594037497059e-06,8.885675470167591,67.75924336626196,63.80108118057251,9.12891215738686
36,01,-5.276928763964617e-06,11.574925520045783,58.01885871766587,43.573694705963135,10.828720034978724
37,02,-7.864293709969517e-06,5.468580898829869,51.56958197040644,18.835744380950928,2.3612015480768114
39,04,-2.3437909088230905e-05,-21.874123499891493,46.11000325809585,35.43097186088562,4.110112059911092
40,05,-2.9170486620455693e-05,-20.4214844770534,47.92201473479629,53.242250204086304,9.468134508666173
41,06,-3.17826830204164e-05,-27.949367026435006,48.16991035015053,93.72558498382568,8.309710549185011
42,07,-3.416977696542745e-05,-21.999847670688425,39.2781192299025,32.713236570358276,2.935726840890864
43,08,-3.1963929242763654e-05,-15.790871219429917,46.55304641459066,88.86780834197998,12.161826806775984
45,10,-1.6551261839878706e-05,3.491510892150223,54.79260846710333,104.26913022994995,6.952388475377072
47,12,-1.0313162028783104e-05,17.753608460457098,55.75187243828721,83.42955470085144,13.39048569564409
49,02,-1.1685804688698098e-05,2.732715975443522,46.129101684696614,42.88707685470581,-0.6980405422619412
50,03,-1.3839232150540515e-05,-0.5926843497983868,57.115805566785156,81.02017283439636,13.265807060569843
51,04,-2.090864053300013e-05,-10.60586452026367,65.75529212030038,105.42021083831787,9.872940920575457
52,05,-2.6606813441591635e-05,-11.409518621957432,66.050863289825,118.89742398262024,6.826091371003018
53,06,-3.6603149109497395e-05,-25.008415187242296,46.266101067479454,40.00491166114807,7.4451282612482705
54,07,-3.282222612492611e-05,-33.091220865229126,44.1499227373741,22.25583553314209,7.109862047544089
55,08,-2.6941880611302234e-05,-27.08358682743196,31.77761535606461,31.294189929962158,0.022965281558293076
56,09,-2.725831751290065e-05,0.9693071214463977,44.86737590899468,117.23978233337402,17.08183361146715
58,11,-9.367185011372688e-06,10.117007967122396,41.05919099200301,59.34060025215149,7.654566838243273
59,12,-8.522425015388596e-06,21.808005747805364,57.410435429080856,63.89762902259827,13.30256360898992
60,01,-1.1848107099418698e-05,28.771229348787696,56.9102486772409,127.76513147354126,17.3053938906885
61,02,-9.682757584759485e-06,6.4267875001403105,47.08914505602986,61.24871587753296,1.374231495539348
62,03,-1.3818876191033916e-05,-6.2181760956138685,56.610379949503034,62.89697480201721,1.7070786961791335
63,04,-2.3066575134180317e-05,-21.124448284233942,53.13685258980724,21.789991855621338,2.0456456870185007
64,05,-2.301351515928619e-05,-21.276121071107926,61.30564291210714,106.87018704414368,-3.17149069710188
65,06,-3.0384449369921637e-05,-25.249517172580298,53.14751710217263,54.762237310409546,7.471991460397509
66,07,-3.052118788760435e-05,-16.333257173927887,51.58020934386151,95.44521999359131,9.1474737645221
69,10,-1.5594664512004833e-05,12.420039781796033,52.5519555827328,95.18328905105591,15.485334654428625
70,11,-1.2000811908506469e-05,17.20852971835666,62.11537896577253,78.44082713127136,10.336642698266768
72,01,-6.201572312694294e-06,7.789162023728894,59.71689801232405,62.144726276397705,3.3671332889679944
73,02,-7.646551471441942e-06,-7.170963860648018,49.17462651499538,9.736912250518799,5.9333629534131
74,03,-1.1304150707112197e-05,-2.56875498781922,68.34861116093205,66.12149095535278,5.728958231320945
75,04,-2.3272295822324753e-05,-10.486857863362628,59.37646033687326,78.5594162940979,12.875126613341438
77,06,-3.090711121482552e-05,-17.990251360066733,61.34983533646531,126.5044174194336,9.56488656516605
78,07,-3.447742918110781e-05,-15.274860501197074,50.75858460182529,100.84526371955872,13.101680323898153
79,08,-3.3271033724499884e-05,-4.3656862228557625,49.79625837316948,104.17502427101135,15.87532358626909
81,10,-1.5745955748394817e-05,1.4800897167574978,41.847355274659336,36.53095197677612,3.9228212014475177
82,11,-1.5779393952086846e-05,2.730464919026692,53.6031213278585,73.80068945884705,8.510707509316338
84,01,-1.0488508364736625e-05,25.802121266682942,67.17732922877546,118.28075385093689,14.171719384019092
85,02,-9.105866422227595e-06,-15.737989101954868,41.279925076501705,5.396147966384888,-5.740575921649026
86,03,-1.09558865346488e-05,2.199697240357758,53.96111336709735,80.05486178398132,11.289218418552027
87,04,-1.9242588071877733e-05,-14.953707265557181,61.57429541588492,64.68825125694275,5.863026918029785
88,05,-3.1224375424332516e-05,-18.680161248648037,54.14751819698144,49.02557110786438,12.02608065945615
90,07,-3.000731417455182e-05,-30.125119514383297,48.19723509739805,53.75952363014221,12.281629657273651
91,08,-3.1366839325049225e-05,-20.726613564768147,49.22354232249208,85.93903732299805,13.797753053542104
93,10,-1.7202233669146365e-05,6.4104873591597356,48.62927366667281,94.80732774734497,15.84836222144096
94,11,-1.2770530823662637e-05,20.62896745435927,57.76803370095226,84.64354729652405,15.672534009382458
96,01,-8.849628261046861e-06,-8.473066081057311,52.03738375666833,40.21212434768677,3.380256105915193
97,02,-5.771432554432804e-06,6.824847212655203,67.52644709656069,35.931448459625244,7.183116704645611
98,03,-1.3287096029671374e-05,-5.803373095440609,55.151999684815046,77.72802114486694,8.146193476933306
99,04,-2.2575659647211267e-05,-11.442104777696397,52.015024873095086,33.60578918457031,4.7397296148724015
100,05,-2.791426425801057e-05,-28.103053294192083,60.924986691195485,69.35014915466309,5.088691424010902
101,06,-2.8837502824555686e-05,-20.989433822292757,61.5306473079814,96.28858280181885,12.883800532786049
102,07,-3.379324687933062e-05,-20.07741719498173,55.40260847481861,134.5398542881012,8.933421974059073
103,08,-3.0242934917310693e-05,-13.572054321945357,50.633880177582476,87.18918299674988,13.210910544979956
104,09,-2.5696148892024614e-05,-3.969099077690972,51.22118268649578,66.9906599521637,18.18680549267663
105,10,-1.9746457593286597e-05,13.28605210072507,59.41998880579267,102.30783081054688,8.569977047376735
106,11,-1.2423982501220758e-05,8.69252590874566,58.77474638277293,110.22080183029175,6.046647794045342
107,12,-5.659096497726741e-06,10.619382738339004,50.16868590621025,47.003796100616455,10.722129596197476
108,01,-9.400724827868036e-06,23.76198229324177,64.8158600401199,138.66146302223206,14.951265936513103
109,02,-1.553154618433063e-05,17.196350676788683,61.10995617006565,87.70584869384766,13.528206202342595
111,04,-2.4692344382775542e-05,-22.74501348402235,55.09817502149212,27.742077589035034,6.067272683482699
114,07,-3.385038605679304e-05,-9.511822006717805,59.07058047961163,151.79068851470947,15.473679856002972
115,08,-3.211179117533902e-05,-13.866469908683532,47.473473327189375,72.62528491020203,13.94590260669749
116,09,-2.5435363158006416e-05,2.907980506727431,49.177534459747214,99.14269590377808,11.980116043281555
117,10,-1.6347254436593455e-05,7.273599919801116,47.520342997120274,79.42021083831787,9.869671590989638
118,11,-1.0307503538792339e-05,7.8851572241889105,46.36847800110711,43.99460577964783,9.089208542802597
119,12,-7.866494279115095e-06,20.208327730240367,52.71666673100892,61.15853786468506,12.202970729561263
121,02,-1.1993180484209699e-05,15.243881237211681,52.799659086113884,59.8443021774292,16.366795333748772
122,03,-1.7582771425163286e-05,5.919001820882161,61.97907953674307,101.1904981136322,17.954782301687423
124,05,-3.2913617601255e-05,-32.404015432706444,43.15242019264416,14.875389337539673,6.0320307345851765
125,06,-3.3498540398290464e-05,-35.047065074327264,55.710710440916486,67.16671657562256,4.440140065659417
126,07,-3.3625666249610085e-05,-27.510599928661055,42.19065745926929,59.59615159034729,6.757328301583567
127,08,-3.0036708770112647e-05,-17.0266568734774,43.458151734339296,58.18086361885071,11.918716067467969
128,09,-2.1827326350689368e-05,-6.781363076782227,44.02462579022247,52.75948238372803,2.8825163167741565
129,10,-1.9913688146604526e-05,14.103063629806684,48.60193847477949,78.90591788291931,14.940329161633727
132,01,-9.708490018202875e-06,23.531725362798216,54.619796854420386,62.73529887199402,17.500156613913916
134,03,-1.7018775953137494e-05,2.372058311872584,47.98838851665681,25.981262683868408,13.333049105408369
136,05,-3.125298669270236e-05,-34.3688931694441,36.06377147361027,35.43364858627319,5.1684694324001175
137,06,-3.068480971400681e-05,-23.63770078192817,52.16888050745726,81.75433492660522,7.454946297454835
138,07,-3.559518055198981e-05,-33.07448882301904,37.832517702871755,43.237606048583984,11.827403479811963
139,08,-2.897321149455781e-05,-28.290339532667595,47.590817581110095,43.99504566192627,9.989635868913387
140,09,-2.7407515947157255e-05,-3.6402964202880854,48.108384553693405,93.28326845169067,12.827943298954434
141,10,-1.8407037761653066e-05,10.48773665069252,49.92561818830045,70.05437111854553,8.42830417339776
142,11,-1.0645134954231454e-05,8.876481322224937,54.38112868225972,88.05533337593079,5.109709851434498
143,12,-1.0178729378000547e-05,19.264495642221096,49.02194799312469,71.35911726951599,5.829736719623688
144,01,-9.804670876438911e-06,24.167181801416536,38.86062395377826,65.73154544830322,8.86982310034639
146,03,-1.2629808311264428e-05,-0.5304674036169569,53.76618897918476,29.050020217895508,5.395416858201385
147,04,-2.5889148811054637e-05,-18.50936585184733,50.20018549894757,46.967238903045654,5.61995390847524
148,05,-2.5811937759284265e-05,-33.066711107479634,47.67298183366304,35.415016651153564,0.8872901309023614
149,06,-2.987989489524302e-05,-20.686577268473304,57.62339900992447,100.81910800933838,14.718036211374072
150,07,-3.606362330103894e-05,-12.26554677852508,46.37869990175771,86.47331523895264,6.619193799377769
151,08,-2.9805839779475068e-05,-22.79464663072811,38.70661156831249,22.764347553253174,11.01385874016054
152,09,-2.1833397036001162e-05,-8.548686426798504,39.4321560544822,69.85359048843384,9.955680732430352
153,10,-2.004618059737534e-05,2.17344532234438,45.307421456006274,48.3614456653595,4.971583007299772
154,11,-1.4646135411648073e-05,14.444811823866104,60.08639300202131,121.3805501461029,11.738773440445796
155,12,-7.654158530845394e-06,17.942148733159545,42.031411531264894,44.35604405403137,8.257994727001396
156,01,-5.988280283046514e-06,9.900324605634134,41.55076964045469,40.05626130104065,3.217538565153716
157,02,-7.568776633878318e-06,10.513905402874128,42.596786469010105,32.84419345855713,11.67841455961644
158,03,-1.6743815379482177e-05,3.675611719931326,56.535387553599556,89.10991644859314,12.80877443896058
159,04,-2.3724830210206465e-05,-12.979907084147134,60.15185276207658,57.617363929748535,11.795587993537051
160,05,-3.502280750303383e-05,-18.415903687507882,37.98684394011575,48.60550785064697,3.870598782180457
162,07,-3.3542465003026134e-05,-26.574038988010855,46.61348771423679,62.71932125091553,10.104954804943455
163,08,-3.290884278264643e-05,-13.404264240552024,52.83446418771308,128.27770042419434,17.78341034901527
164,09,-2.5466491539959356e-05,-1.4094354346381297,48.6797681992597,66.03445959091187,9.088945560031467
165,10,-1.9484351597922247e-05,1.9587082073252686,58.379234332862715,99.88054394721985,6.554792054104549
166,11,-1.321692710625939e-05,23.694389510769323,50.96693710040848,114.02044343948364,20.914857090568542
167,12,-8.425528942156701e-06,11.411874493342573,45.69198678764476,59.72125196456909,8.596278399949433
168,01,-9.715480358609446e-06,34.39173987899288,57.42208674485646,79.51586604118347,24.59790798663068
169,02,-8.449411843078754e-06,-1.1622854381742926,41.2482318814184,24.723291158676147,2.4115948096456985
171,04,-2.191761210872048e-05,-4.539731902737087,59.59964808656376,50.1136200428009,3.7300693186442064
172,05,-3.0932743489659034e-05,-26.541132331437964,51.168041845343446,72.61612272262573,3.497821047116352
173,06,-3.281592492067931e-05,-24.277929318237305,46.836056776909025,49.03701114654541,9.25905919657813
174,07,-3.3366269429406925e-05,-23.52127023184171,53.23872095220833,138.4921417236328,13.991837543220932
175,08,-3.234485571499712e-05,-11.285276480397874,49.79429166342623,65.69953942298889,14.445863279670796
176,09,-2.2725771390226628e-05,-2.4448908416748045,57.50485973500145,149.34324550628662,4.56495947757297
177,10,-1.798888249350155e-05,2.3637267239478326,43.9463890340828,80.44077348709106,3.003415204591649
178,11,-1.1587640056374466e-05,-1.8295716874864363,52.225245416957804,62.847052574157715,2.3298814604229396
179,12,-9.250304196792702e-06,31.236705364924607,64.63241229699248,142.54706811904907,20.999137792648806
180,01,-8.814763398506955e-06,28.086010490499522,59.814965074129006,85.40289497375488,17.509481018681676
181,02,-9.681430163471391e-06,-2.9269207930791947,54.97462990093799,36.50040102005005,6.761308108556839
182,03,-1.5868986940443404e-05,12.424105568506382,56.25959003628518,94.18527913093567,25.385559077929432
185,06,-3.390126228795352e-05,-22.424498955281575,49.86442946763436,51.52622365951538,12.548458471997579
186,07,-3.466171150601792e-05,-32.442688338413035,36.16844127948567,21.875284671783447,4.388184303857946
187,08,-3.527003988845888e-05,-15.806742182249662,41.714041907468136,89.98871898651123,12.279929775791784
188,09,-2.649383951805552e-05,-2.2674784339057075,50.77799905458556,147.07339644432068,9.422944353548688
189,10,-1.8016295581522476e-05,4.47270425086893,52.33998963107474,97.18963932991028,9.331117238485684
190,11,-8.92097842036795e-06,12.752254605102538,55.27824593100681,50.59832048416138,10.65475141023
191,12,-1.093666692604627e-05,22.757288210632986,53.902280609893545,112.21855115890503,16.48587201194353
192,01,-1.2804497735976505e-05,25.385474410518523,57.77612080058489,129.8851613998413,14.218067233526579
194,03,-2.219248033328259e-05,-0.5256330294045062,56.57506640008187,94.79378461837769,14.015041863861907
196,05,-3.3250014936618425e-05,-29.631465932538433,52.844916530618114,94.81036853790283,9.018692946013585
197,06,-3.44918315846169e-05,-24.446217814466692,49.08188772321145,64.76006937026978,4.274826041094461
198,07,-3.591561413959817e-05,-25.92438248894804,39.340810654867084,45.93726992607117,7.295851527121759
199,08,-3.331847033315239e-05,-31.29434137422295,33.68999910253863,22.496978521347046,0.6543888631225918
202,11,-1.3042386322538529e-05,9.068964893934462,58.53600206141338,32.25963592529297,6.407606474367777
203,12,-8.991161045966975e-06,-5.598886509064706,48.51484771922968,40.51283264160156,2.4333651795746185
204,01,-7.460320452180465e-06,-0.4728464959257379,45.67560021059616,16.127771615982056,1.658294647544943
205,02,-7.544903639281147e-06,5.38362545916678,55.18347650017959,60.068604469299316,4.37647370480943
206,03,-1.2827322511164368e-05,-10.990242480862525,51.72073062135199,22.461695432662964,1.0527366366232593
207,04,-2.0502408365953464e-05,-21.604367342122394,58.54018084150156,11.859672546386719,4.561729153993395
209,06,-2.8253365109311642e-05,-38.732165323215064,41.61192797080808,28.135314464569092,9.433004859309726
210,07,-3.142641031134248e-05,-27.054918192217425,49.82263012584947,59.759037256240845,10.088768128179733
211,08,-2.9903093116464793e-05,-15.358725825155936,42.33743624172287,98.74433755874634,2.895004055515413
214,11,-1.4551765714713837e-05,14.46901237657335,58.72207561985916,130.48207330703735,12.736440114508735
215,12,-8.836182103413613e-06,1.1414017176474303,51.832999992789766,45.02203106880188,4.368369198132585
216,01,-3.583592048936e-06,-1.2817189340899076,35.36421269791357,8.55794882774353,-1.286656943434028
217,02,-9.97768289436776e-06,28.48145621345157,61.04910012837534,84.60573077201843,22.079497913224362
218,03,-1.2413017713795421e-05,-3.0697627356744577,49.8996438915832,28.955554485321045,12.954594367386195
220,05,-3.085946982284968e-05,-22.07697987414944,55.658551038389554,78.28123354911804,8.545581844842562
222,07,-3.376502295814329e-05,-20.43258258581674,48.29218798171063,69.49712204933167,6.435511002550844
224,09,-2.7053925191669103e-05,-10.968042353990342,40.873450344501606,29.832056999206543,12.051192799843681
225,10,-2.0736059433235615e-05,1.8364669255082322,46.07108195983722,81.02550506591797,11.233670121797948
226,11,-1.1372840429430654e-05,5.54297788119846,52.451002673839106,56.97358417510986,4.724241298357645
227,12,-9.893875752236308e-06,16.98351939342868,60.12797338394067,77.3915023803711,7.438668075274396
229,02,-7.893391973560764e-06,12.879144769577753,54.623768248409036,20.71983242034912,14.813645704178581
231,04,-2.2395207648413717e-05,-10.670934447903104,67.35853829729425,131.57473421096802,7.908418326038785
232,05,-3.182257207745645e-05,-20.036693252071256,51.31070372274871,44.95067262649536,3.9262605809857765
233,06,-3.4082233544055876e-05,-13.138249787733287,60.09514157660935,136.99862432479858,13.012940218522813
235,08,-3.4686337675251e-05,-19.754633603331865,40.27667498864153,67.5933165550232,14.429789518274287
236,09,-2.4247977624205914e-05,0.3736279635959201,55.41774919654528,154.75264143943787,3.919208845329285
237,10,-2.3367591303340108e-05,14.50471792602539,57.49670259841796,178.64887976646423,15.000559230353243
239,12,-8.802920268002493e-06,22.454611907630838,51.308709990082264,78.07752561569214,12.782658350072886
240,01,-9.430198710966792e-06,24.63400003675235,61.44896206574927,91.57960391044617,16.481189683155343
241,02,-1.079772392194216e-05,13.779260249546594,59.85849182345754,56.13470458984375,13.373481011186328
242,03,-1.3397230129969535e-05,-0.9194605676794566,60.6708199271861,87.33539247512817,9.409900608575471
243,04,-2.54553507465769e-05,-17.42901027967665,53.24983413987689,65.29687428474426,5.066782274542914
244,05,-3.422614240797327e-05,-20.88572949317194,50.723297991629586,63.86414575576782,8.779698450191047
245,06,-3.759346314859108e-05,-24.964019442409946,49.104056137108806,86.7335524559021,9.589524438858033
246,07,-3.775679561435789e-05,-20.12216363230059,34.70881050790896,54.39849805831909,6.7905215421697145
248,09,-2.59650643648355e-05,-3.5717024329291456,50.26974016195536,83.68352055549622,5.929397126367357
253,02,-1.2230161100386137e-05,18.65321454909752,54.35344561065067,98.67708921432495,19.062788032948287
254,03,-1.4517082142339604e-05,-0.5979741453765541,58.83941007500695,60.096646308898926,9.49542429823516
256,05,-3.550879427684679e-05,-19.147158501081563,47.704144963514416,97.27209305763245,6.9489958812139365
260,09,-2.4486756719630248e-05,-2.020394458007812,56.817002186003,85.14948225021362,7.933719080649483
262,11,-1.5146696185204038e-05,20.892512133110895,68.07071139411661,131.4802393913269,12.342221737946403
263,12,-1.1904006665214989e-05,20.81303864280127,63.79751548051194,86.34993147850037,12.820332980145691
264,01,-6.723928980547147e-06,14.384707934964087,53.25762820807451,85.52192997932434,6.1000643886237995
265,02,-9.421481274265325e-06,7.153048214503697,61.79020408172125,83.6603274345398,11.07230871765954
266,03,-1.3063552253355424e-05,-6.242824222359606,58.59238742218351,86.2628161907196,13.09184503670149
267,04,-2.4765318735565716e-05,-15.737299090576174,60.65160554169682,95.43563151359558,10.400624713431462
268,05,-3.372209000100225e-05,-25.790908090242777,45.58359570831253,47.3751916885376,7.128588644150765
270,07,-3.6646507612448495e-05,-24.41304970722813,43.035889669943884,87.7753267288208,8.167003860658214
271,08,-3.349079792080317e-05,-13.273838911159066,49.470468634774605,107.7295401096344,10.676284386645083
272,09,-2.8629883362433853e-05,-3.361749937269423,60.89090815499625,144.1834967136383,7.402657788870068
273,10,-1.872843477780094e-05,15.499699002173642,52.0420637966638,73.23751926422119,14.544020690487276
274,11,-1.4045017091525046e-05,9.019137569173179,50.75557469189433,85.68967199325562,7.708632052760654
275,12,-9.904081011676856e-06,14.487402564920403,52.82181985401466,73.46089029312134,5.938569107137702
276,01,-6.60295483731882e-06,23.604068570044735,51.65779350411636,67.26308727264404,13.556759391107867
277,02,-1.6342577849974034e-05,27.257544948032923,61.67323920420096,111.30836725234985,20.7849390369824
278,03,-1.718439095667989e-05,-2.8514695644583754,52.573686629964456,40.98473596572876,12.162814038861184
279,04,-2.4829810814864887e-05,-14.182246478949653,49.20558492463959,60.53001356124878,2.687068967501322
280,05,-3.0134792006426703e-05,-17.31557953963741,52.31226475243542,64.66420650482178,4.80779668205015
281,06,-3.5836119472898846e-05,-20.466573669433593,50.7506326838851,77.7912917137146,14.10018485385047
282,07,-3.594073215623134e-05,-17.96138944137737,48.60045512300026,94.12360286712646,8.125416749031315
283,08,-3.0240783373966385e-05,-12.41071590333344,52.640142950275894,146.93423414230347,0.3693177606316022
285,10,-2.2813934475604865e-05,5.003235001430717,55.25826176021304,87.43804001808167,15.801558265091272
286,11,-9.433203981300014e-06,10.082439758300783,57.335292302331666,88.66095638275146,8.362891557502746
287,12,-9.155090198257839e-06,-0.601292420089886,52.83887711868107,93.86429786682129,3.7487439302218855
288,01,-7.996820467572737e-06,16.024269751435966,52.92226850532075,73.5739049911499,7.2308413329791
291,04,-2.383696288773839e-05,-17.2942943037245,47.44735419490735,51.56433296203613,1.776840329636468
293,06,-3.491794925367785e-05,-29.63445593295627,48.58540389312637,47.240581035614014,15.360014124997457
295,08,-3.1032737283929096e-05,-31.771135562691633,39.36124998163152,22.521544456481934,10.79600291262391
296,09,-2.437035215904568e-05,-12.497950702243381,40.21523504180775,46.90879726409912,8.71134063267178
297,10,-2.1305207502659715e-05,-2.352458050143333,49.86598729915773,74.57617855072021,5.868036298526231
298,11,-8.746191556262298e-06,13.336127873399521,55.471923015075255,56.468339920043945,9.657236481560602
299,12,-8.986315398414586e-06,16.75842543636855,56.42778465677845,90.1946873664856,8.24986906863797
300,01,-8.992702947169514e-06,20.66453995308825,64.87525535803712,107.22431802749634,12.400445861242154
302,03,-1.5225630396960167e-05,1.0669384965794064,50.376974003080406,47.67586803436279,5.864473087290283
303,04,-2.4217375733618005e-05,-11.611916856553819,59.49211039767795,45.28127717971802,3.0342327328787904
305,06,-3.421590459786078e-05,-30.121984181382924,54.56608841220009,70.646568775177,13.141829840681288
307,08,-3.442271008691844e-05,-10.630728795861687,53.4802156332962,153.6393961906433,7.505057596555321
308,09,-3.09724094837697e-05,1.3779368174235027,41.60773183429904,68.27244329452515,12.613644289016724
310,11,-1.219442167142309e-05,8.63346869269477,52.650442458646836,66.66378116607666,7.877422987598844
311,12,-6.509792311736683e-06,12.651209838210898,41.13814304297201,54.07814908027649,9.412742538349605
313,02,-1.0796667724878803e-05,1.9850640389578682,54.967533898224424,50.05322074890137,-0.5147282207352782
314,03,-1.2645556585016247e-05,2.2825399281491516,62.992716266741034,63.6138596534729,6.881408927343225
316,05,-3.3327865934669755e-05,-23.83920729967343,52.369123788558014,76.4442777633667,12.497400639995453
317,06,-3.715115132452208e-05,-30.632264646063906,50.84424858076307,55.748387813568115,10.793446467632718
318,07,-3.409394384040644e-05,-23.561669685609886,47.80977541725482,109.44811034202576,6.903388320861324
319,08,-3.320200081173924e-05,-14.21000237282374,41.28222914207624,101.65014147758484,7.691539144146827
321,10,-1.7187334372416657e-05,10.538457600583316,41.694871458662455,58.746543884277344,6.321603889998569
323,12,-9.12172876785682e-06,14.485518746324761,56.37181309181387,50.890292167663574,6.250331046853014
324,01,-6.5253165958961526e-06,7.280853728591756,43.42763289413273,18.287110328674316,-1.198527814270348
325,02,-8.8568046297561e-06,4.634872235616048,55.29220876641359,57.903024673461914,2.863534123965672
326,03,-1.3873502668170125e-05,-4.782673361173239,59.930227692120816,63.244534492492676,8.711972299124605
327,04,-2.37631702343909e-05,-18.782449027506512,53.65862876264652,51.75546956062317,13.231339445326062
328,05,-3.370682173148433e-05,-13.439136345319852,55.415879218805216,97.34957218170166,11.327168507647768
329,06,-3.4785863751151034e-05,-27.11431088460287,44.96967633606062,34.651726484298706,6.44561336379581
330,07,-3.3670624993676266e-05,-35.11209074615151,34.7803111832411,25.724807262420654,5.194669483061761
331,08,-3.203818718891423e-05,-14.970106861073484,56.166526000266416,192.56933999061584,5.139944788245744
332,09,-2.4569920312832332e-05,-1.9050392035590278,48.50952039943403,31.076144695281982,7.6637080093383805
334,11,-1.6638314112929544e-05,21.698549422539603,51.20864173750348,79.28392601013184,16.657310976600645
336,01,-1.3167410284109127e-05,32.71415653975292,54.798027210791915,116.52486562728882,20.381366841223937
337,02,-9.635896793779033e-06,12.227102448962983,62.05461917357218,88.80820941925049,11.984527422791432
338,03,-1.969343553138324e-05,2.858439688077537,50.951221448258686,65.31020927429199,3.589432570611277
339,04,-2.5420359923575438e-05,-23.728481532796227,35.425640993569964,1.6051898002624512,3.3506547569486838
341,06,-3.458860908376663e-05,-19.802041976589628,51.81401281598541,100.40370607376099,5.424472069888645
342,07,-4.0491175616739144e-05,-14.380545316962786,51.51913973191349,166.44169425964355,13.94707431110259
343,08,-3.430768915528969e-05,-11.902402343421853,46.669440629773256,52.89487075805664,6.611389506945046
344,09,-2.677926907070085e-05,-2.246240928141275,48.58724766878287,74.65286588668823,8.22912563188341
345,10,-1.4836711174446523e-05,-1.5530790907336818,46.4751422240952,38.23624563217163,4.005545213678831
346,11,-1.4172945336880124e-05,15.984315191311307,55.0159122577058,63.65782594680786,10.173234992345176
347,12,-9.103623443880553e-06,18.67049515623687,44.72693699303237,75.82493901252747,6.526885977427164
348,01,-9.98381483742544e-06,30.50790186531313,59.32570013750177,98.90966415405273,20.154622732100943
349,02,-9.733829621899499e-06,11.488472740085646,43.235250111784055,39.91739559173584,12.265323426432992
350,03,-2.0140387961912898e-05,4.352542552004578,67.29393991330491,110.58221864700317,15.45844951196896
351,04,-2.446588194630345e-05,-15.287676639472116,50.48518859204715,37.05441331863403,7.088551215807597
352,05,-3.326288808405293e-05,-18.37616691179173,46.32872357566895,58.6919801235199,0.6533463385182041
353,06,-3.476253857051133e-05,-32.52892781643338,47.80475471985869,40.78405427932739,12.328733485349018
354,07,-3.577182100015043e-05,-18.878891244211506,53.425692884929724,105.99103903770447,7.46280018252711
356,09,-2.5189189388381943e-05,-2.5223080678304033,46.95382839618127,79.74637937545776,4.18150704068078
357,10,-1.8222273044254205e-05,6.518695762716314,54.30898137165141,92.71740341186523,13.949120030803067
358,11,-1.2143508331428165e-05,12.723418456013999,55.05112889809742,87.03951120376587,9.143233898650275
359,12,-6.623100362498576e-06,8.910789440196046,51.189781416840454,32.103607177734375,3.3564824344881106
363,04,-2.2896213735516033e-05,-13.763160278998479,44.90089633327524,23.97039556503296,-0.685411971897549
364,05,-3.152253704363203e-05,-24.89160391596312,50.72287625494953,51.12992525100708,12.152716374838224
365,06,-3.4585202314802804e-05,-32.20444840494791,47.13420631794532,75.43589448928833,8.964238966602748
366,07,-3.995988693131167e-05,-23.939954596078525,46.67216465320125,103.68392610549927,12.934066957371208
367,08,-3.326769469126164e-05,-18.63527480389995,42.41847231385144,46.274324893951416,12.439483702608335
368,09,-2.396435872586961e-05,-8.675344586181641,43.626415080409586,40.19728755950928,5.422410661633809
369,10,-1.8213049179844e-05,4.716025361748153,49.256211021474606,74.3879747390747,10.755346892162034
370,11,-1.3997967538165946e-05,28.005924584282763,63.3120259418408,119.02290868759155,16.328244664086235
371,12,-8.896478755051119e-06,9.686923075029926,62.37685010996686,98.37137460708618,7.806057778881443
372,01,-6.091251291421628e-06,2.9262350808420488,60.36061479552843,49.821874141693115,4.086005965673795
373,02,-7.65345504045659e-06,5.717629487900508,61.53230691539674,91.62952327728271,8.026179726691472
374,03,-1.4227020407356234e-05,-0.1344084672825314,56.345688745778084,56.222103118896484,6.929926506247573
375,04,-2.4690822054900404e-05,-20.66956467929416,50.227940069592,27.15949821472168,6.223680580245124
378,07,-3.4407490462771055e-05,-31.11366353779454,49.13440625845617,68.74052047729492,10.114219836901592
379,08,-3.27152816781925e-05,-15.088779016966459,50.057286181364006,146.2640986442566,11.199890485086746
380,09,-2.3803562745282155e-05,-1.7829848341200085,47.799041656389505,93.05310916900635,7.507118406274583
381,10,-1.8914465963579488e-05,8.677334267236855,54.52403665949838,76.19713640213013,6.946783918237173
383,12,-7.738160395268594e-06,4.967533013128466,56.59717789244652,51.991679430007935,9.098118736759309
384,01,-4.432973011169315e-06,15.641597058367989,49.85520389962581,71.90442681312561,7.8899931685950175
385,02,-7.274441715534998e-06,7.353929252261208,64.81677477946593,54.225329875946045,12.228949002470287
386,03,-1.235675504704564e-05,-6.3443144091534345,43.386579177287324,20.28888177871704,6.132339461931618
387,04,-2.5035789431644346e-05,-14.869033695136176,49.48712501599656,17.25916814804077,3.5041900164074367
388,05,-3.0008848766624646e-05,-32.62149781881353,48.67582858574712,34.52233028411865,12.94653068993681
389,06,-3.4230032604055946e-05,-25.01744469502767,49.43961729888122,94.74681329727173,9.191161323695713
391,08,-3.274760770019843e-05,-10.64563058373236,50.85391145080519,128.73549723625183,14.01876132214454
392,09,-2.5484862159343414e-05,2.648160398695204,48.54894579696125,68.3792371749878,15.945109005716112
393,10,-1.916051529891168e-05,8.726722329416583,41.10612051369683,69.30626606941223,11.441918302064302
394,11,-8.12447487300637e-06,7.208228931681314,45.10324230610001,17.076764583587646,5.92565191201104
395,12,-1.2744765838047034e-05,29.389911852764826,62.27082245179138,135.77323961257935,20.643361183248544
398,03,-1.1845709033173812e-05,-9.130659757880753,42.53471919810516,29.57355237007141,4.415157397813695
399,04,-2.412122515035865e-05,-15.116672309705946,65.52592149374486,93.77713108062744,9.397371100213794
400,05,-3.2719707248821014e-05,-19.41600187732328,54.71462800888861,68.41745948791504,6.590203753809776
401,06,-3.633841799156573e-05,-15.284035491265191,54.862410076340026,122.0042052268982,15.388559870190088
404,09,-2.780254297756781e-05,-4.337274759928387,47.643611919113,79.25185561180115,13.954834382735358
405,10,-1.749340033099435e-05,6.576196681525118,62.883388684188155,131.10860514640808,14.909538201732023
406,11,-9.782895505729057e-06,13.286790387301977,48.36725960095062,62.30052351951599,12.563796591271297
407,12,-8.270612005098982e-06,23.135962751162953,68.44660146777348,126.01667380332947,14.61453167242645
408,01,-7.079607454118081e-06,9.77005108642578,59.36599973937003,56.091444969177246,11.252236509794832
409,02,-9.82560560788399e-06,1.2790957768758144,54.799641565576906,42.50241231918335,-1.159094538597833
410,03,-1.6003138249269338e-05,-14.11737674147083,62.83003596656937,46.14034557342529,4.0497559374942576
411,04,-2.0434202846445263e-05,-16.983018215264217,45.651346360141694,31.149431228637695,11.989419890530904
412,05,-2.7662325821888435e-05,-23.158452428017892,56.92952051083376,89.41290044784546,2.4006520103946807
413,06,-3.319209287441886e-05,-26.815010833062065,45.349666944320994,63.59688186645508,8.969547468270196
414,07,-3.405638901301333e-05,-27.630988150319745,40.32137145659744,58.30738687515259,6.063395621740689
415,08,-3.2683108437937644e-05,-17.84199171037572,39.46305893081491,40.892261028289795,9.443083260218303
416,09,-2.475842662511746e-05,-8.054260448540582,49.65095689521101,81.32235813140869,9.695096008894179
417,10,-1.765674730958508e-05,13.677036990258001,51.31546706972713,135.23726177215576,9.855143433540098
420,01,-8.580053124215514e-06,22.96357862870411,63.49304372530727,90.50502729415894,12.436592943314585
421,02,-1.1990748406116751e-05,26.598223410470148,61.15281964255657,81.80759859085083,13.365070623874661
423,04,-2.3883861623916246e-05,-16.521862002224392,58.86005653639768,52.129727363586426,4.371208240678578
424,05,-3.2321809314922687e-05,-17.350711201329386,63.11191008513332,111.14941215515137,4.460978497023224
425,06,-3.645346474101341e-05,-28.120134918891054,43.231891095406475,53.205344676971436,8.551404417122734
427,08,-3.5946427165531874e-05,-15.756697428713563,51.75170243226714,126.34322667121887,11.565455817253357
428,09,-2.0748739615697153e-05,-9.244409510294595,35.08465283191469,25.215217113494873,4.304754424497816
429,10,-1.6616273676728237e-05,8.951883064844276,46.06859467966968,79.9614315032959,13.233899098078409
430,11,-1.0089955154782932e-05,6.784489759657117,59.376273723493675,64.11601209640503,5.4755702130211725
431,12,-1.0581146033268115e-05,22.95546643394552,54.273882943514856,89.71414184570312,14.305220015987274
432,01,-9.2527426375611e-06,26.340960131573418,62.63006211892765,107.20374536514282,18.644701262320243
433,02,-8.153189459681882e-06,8.31590086110433,48.93550452213628,54.84558963775635,2.498706819670541
434,03,-1.5915630637317265e-05,-1.6360386480515998,44.90566300547765,61.79024076461792,10.029118978069674
437,06,-3.477750818122634e-05,-31.860220404391814,46.7203716229452,35.5678129196167,14.235752619510228
438,07,-3.7615658574522775e-05,-25.170489753641114,45.05531850020347,95.02099466323853,17.498685590497907
439,08,-3.326061218056918e-05,-12.586229408838417,52.3345120203854,123.28978443145752,9.09200456961765
440,09,-2.5603061031688413e-05,-1.6679924726698132,46.654843129608366,98.359215259552,4.154875349871318
441,10,-1.3186316454061119e-05,-1.463842040031187,51.45971762442205,34.89073657989502,-0.8720540958937775
442,11,-1.4898132296588707e-05,27.46974549831814,55.57987919455502,119.42508697509766,19.895228572103715
444,01,-9.004527324929857e-06,20.359526514525058,60.00615774854665,107.9379734992981,14.172474664052327
445,02,-1.2519085415486441e-05,14.879537966322628,54.698993667597065,72.69394779205322,15.577092767211214
446,03,-1.4810545610421827e-05,-5.396197126162949,59.004922374092125,69.4955415725708,3.1354650305676195
447,04,-2.7581765115751797e-05,-20.820068422105575,57.557788026644126,67.43884038925171,10.033905906762017
448,05,-3.16294027814815e-05,-19.310568396455505,50.32535560724812,61.365638256073,2.073139207963021
449,06,-3.356170396635004e-05,-23.02242342732747,60.87640379265148,113.14722728729248,5.402156425751581
450,07,-3.758493633006676e-05,-22.269790681900524,47.74635748879372,56.59930372238159,14.40303122233319
452,09,-2.4645985519115736e-05,-7.889081433783638,37.34792189491059,28.704333305358887,7.136507175445558
453,10,-1.526362983537594e-05,-3.798430909843855,48.34944315867911,57.946226596832275,3.3976095040639245
455,12,-4.447676278540448e-06,15.633635981405934,42.93341399640295,19.911759853363037,10.629026270692066
456,01,-6.416161365773257e-06,12.223324068787278,48.97643718384928,56.35315418243408,3.00486104214576
457,02,-8.18821650381367e-06,12.903916228158135,62.959067062718525,67.99254751205444,8.4660046029545
458,03,-1.5800369091061108e-05,2.527072602630943,59.88884960889175,58.12478494644165,12.592574200394331
459,04,-2.5679135762624757e-05,-26.331729773288306,46.84454056873057,30.59126615524292,9.407489323573644
460,05,-2.9667726341906155e-05,-25.198657173730993,56.839670298081565,37.424317359924316,3.779986991472142
461,06,-3.566179110415154e-05,-31.36642959594727,52.944568701901716,63.719133377075195,13.948579157532585
462,07,-3.888270218750779e-05,-23.176640851420746,56.14024401203919,125.55045461654663,13.697072580809232
463,08,-3.333480648354688e-05,-12.395997953681537,44.035043613662005,75.39064645767212,13.987586888959333
464,09,-2.5415033401845397e-05,-5.530321179199219,52.86381167994076,131.7170844078064,8.872825825288562
465,10,-2.0550294828412475e-05,15.281469091599986,50.30405073937036,63.67462873458862,16.963595434599025
466,11,-1.2597567349661808e-05,15.910226154920792,53.90823562632401,71.56626224517822,13.279509921370614
467,12,-7.748080553331723e-06,20.40142875687794,63.311030514205655,122.76686382293701,11.00165480297868
468,01,-8.493993727101315e-06,23.796599253992884,55.116003269850566,94.42302966117859,17.663954543821273
469,02,-1.1806723732206594e-05,-2.6082788761683875,46.30087924139698,28.985047340393066,2.6303881119546424
470,03,-1.3339704251535219e-05,-6.768148279333628,63.03257818707726,81.36417293548584,5.418887780302315
471,04,-2.4140652476206825e-05,-8.481860700141059,60.03202422682047,102.50590419769287,9.565616241603427
472,05,-3.631899526441482e-05,-17.44638056798135,47.40056218499266,48.21310758590698,-1.2031118744265645
473,06,-3.447691067930363e-05,-33.33076165534125,39.74884000571834,26.889825344085693,5.857450155003866
474,07,-3.4126774513620195e-05,-44.31138712696363,36.16823902212164,19.791842460632324,3.485621720426826
475,08,-3.324744642680256e-05,-25.59706884437479,43.61733073811633,94.60595369338989,11.77572594638537
476,09,-2.7110998255941223e-05,-4.088550005425346,48.59134079140956,68.28795766830444,14.669336867396035
477,10,-1.717439320385384e-05,2.0582064438686585,44.893768001867876,34.76789951324463,9.415437937746768
478,11,-1.049799736220949e-05,11.533768935139973,58.11769115721252,34.97020101547241,2.182743043751187
479,12,-7.425197422547768e-06,21.47761040308142,53.53903508252609,89.45121669769287,13.274201738193474
480,01,-8.170035396257738e-06,18.813249751593478,61.34680531404607,48.710402965545654,7.291034113053352
481,02,-8.232899953890454e-06,13.675333238874163,51.283400613031226,53.84524393081665,10.586008830433798
482,03,-1.7898125718357898e-05,7.876527682396675,54.192069970153995,101.83904027938843,15.248105977909537
483,04,-2.786484313502215e-05,-15.88577495863173,41.53150874974462,32.68497180938721,-1.5698741665522258
484,05,-2.8741963674400066e-05,-37.081440074305384,54.09692304540707,39.454394817352295,7.031841904855544
485,06,-3.9525050331051005e-05,-23.208365014648436,47.86380608810849,106.98088932037354,8.609806874932184
486,07,-3.625940142692049e-05,-31.74150496025496,48.734570516079984,49.36154794692993,9.829136697256438
487,08,-3.404563471354698e-05,-17.337182702177312,41.57153246440298,76.33737087249756,12.387275987091884
489,10,-1.8569231195137014e-05,10.235854191605762,54.45598049366731,119.96327877044678,17.260129265016122
490,11,-1.0039879183467646e-05,10.335369747924807,64.20363267016013,74.31336832046509,4.349684637090895
491,12,-8.260583359534854e-06,25.078029959073632,56.60606037604423,84.95069599151611,14.065375561703918
493,02,-1.5386156723984276e-05,31.748662168305497,64.97568837541958,131.38312101364136,24.30691208471101
494,03,-1.9840231885472768e-05,-1.8349693298339842,46.56073982853019,49.32469892501831,8.99767588207286
495,04,-2.7043378228700023e-05,-24.0670989525689,35.17819720014996,24.384860515594482,5.183640297359891
496,05,-2.995519203009721e-05,-45.04488896819084,46.51938461271666,17.802208423614502,10.13006349647686
500,09,-2.4679065476549213e-05,-6.537764871215822,41.4254565234277,61.862966537475586,5.957221874258255
501,10,-1.848353834580477e-05,14.114419966174706,59.132486595437086,137.80672430992126,10.385557453668246
502,11,-1.0186800306089735e-05,15.631692754109702,47.969248177954896,45.380624771118164,12.617822023794385
503,12,-6.893300624729055e-06,15.732371215492165,60.65007041392917,109.63903760910034,7.658956028005128
504,01,-7.860778656987515e-06,14.34612370152627,66.80461903254064,90.61761569976807,10.133833827295609
505,02,-9.005972841740524e-06,9.622026147751583,54.51137783175566,60.75168180465698,11.546674844446638
508,05,-3.230829694098981e-05,-22.4746828918457,60.26473778712485,118.6035623550415,9.505540847839844
509,06,-3.7502937650666964e-05,-26.38411481492784,47.88007799596918,106.48373031616211,4.540895039600795
510,07,-3.6336240956178925e-05,-19.074829963273896,48.14752719921964,97.35786199569702,4.705716874132874
512,09,-2.3354238802332672e-05,-7.743464881388346,41.71682162190013,33.61188364028931,5.674252790345087
514,11,-1.0072340758698473e-05,9.36498726196289,49.88987413275507,67.49459075927734,6.842058276134069
