,month,MER,MSSHF,SD,t2m,VW
1,02,-7.399999772068052e-06,2.729709174746558,0.0088853447891417,272.4365299592699,-1.3059519413312277
2,03,-1.408509512223264e-05,7.08405715679866,0.00040960040271923105,277.5071083010602,3.9315372702485787
3,04,-2.191347909663616e-05,-15.59233038906521,3.557954761717054e-05,280.35185083779226,1.0740941146002878
4,05,-2.839083756912113e-05,-16.16055940262989,4.408267492889076e-05,284.1894770028719,8.630355046979844
5,06,-3.330413338050373e-05,-22.16353809509278,0.0,287.5916414632162,3.2090791480382284
6,07,-3.0671342559486147e-05,-22.637875941122733,0.0,288.5937503051758,-5.838931852156116
7,08,-2.8487004876296853e-05,-12.56110269165039,0.0,288.49456290886997,3.1812677038664456
8,09,-2.3132900744369383e-05,-4.023202255249023,0.0,287.08609388970274,-0.510687753507826
10,11,-1.1569333000928361e-05,13.890767045423724,8.024262719684175e-05,279.5115746341281,-4.489285752847461
11,12,-1.207531024335357e-05,24.691616260159407,0.00017524099221793556,278.9589235103156,-0.28389227742020834
13,02,-7.359469057738698e-06,6.865867059466484,0.00011199214540678879,277.9200598216879,-0.3616500237782795
14,03,-1.4070489600584629e-05,-6.186828353717764,6.114121534491099e-05,277.7412255432786,0.9811663906958793
15,04,-2.282624180893941e-05,-17.872287172783746,0.0,280.6358343542311,-9.524053100861446
16,05,-2.9285246377967465e-05,-30.998830406271004,0.0,284.48860593045146,-1.0137218133249581
17,06,-3.014735746900341e-05,-26.066622504679362,0.0,287.3835177541096,2.5734654588063557
18,07,-3.1905643976779664e-05,-14.025872309859079,0.0,288.3328994714881,-0.26483490488606115
19,08,-3.1051088017916934e-05,-11.540256553403795,0.0,289.8567247478526,-0.9145211367658391
20,09,-2.365392635981859e-05,-3.0327022542317708,0.0,288.5418778632271,1.5179921280543012
21,10,-2.1172643707369163e-05,7.590982919672484,0.0,282.9430969840429,0.00958403039747691
23,12,-7.873070872231058e-06,26.063403682913826,0.0016069860227646364,277.40736817940336,-9.22203131144534
24,01,-7.860688640385075e-06,20.899533713063885,0.0019344636983768915,276.2877688055551,-14.993898111712548
25,02,-8.991757432514056e-06,2.888394768487839,0.0005664595067501069,274.87796189149225,-5.97966216750372
27,04,-2.2320882245185202e-05,-19.334173597547743,1.5786700778537326e-06,280.8875384987725,-3.2069450362735323
28,05,-3.0310256707952082e-05,-17.47440350473055,9.34754648516255e-08,285.6955955049248,7.16871375371051
30,07,-3.173775886429094e-05,-20.80200322239373,0.0,289.0546993070213,-0.9555403572000489
31,08,-2.8741253340065727e-05,-19.03508228654759,0.0,289.5996995383643,-5.737638261405371
32,09,-2.269007780640903e-05,-3.5648343312581385,0.0,288.2523063490126,6.289416321606107
34,11,-1.4328458308167076e-05,19.586548003133142,2.2300614251030816e-06,280.54755887637674,-11.457353041140237
35,12,-7.687594037497059e-06,8.885675470167591,0.012596724167946844,273.28184220705754,-4.769642162630634
36,01,-5.276928763964617e-06,11.574925520045783,0.0001972472347239012,274.71989871035333,-4.891109149317589
37,02,-7.864293709969517e-06,5.468580898829869,2.739869412921724e-07,276.0330576188678,1.6552668325560431
38,03,-1.6001877676116956e-05,1.792558938959594,3.8041683935349995e-06,278.2745939710473,-1.5734310661233883
39,04,-2.3437909088230905e-05,-21.874123499891493,2.168152067396376e-08,280.3653982337103,-12.943029245885215
40,05,-2.9170486620455693e-05,-20.4214844770534,0.0,285.1203722468551,5.09572851915257
41,06,-3.17826830204164e-05,-27.949367026435006,0.0,288.8242188401964,1.782730908033583
42,07,-3.416977696542745e-05,-21.999847670688425,0.0,291.04000476303924,0.7331812882782313
44,09,-2.1331834113273846e-05,-6.238656323920356,0.0,288.8515710662842,5.005797420205011
45,10,-1.6551261839878706e-05,3.491510892150223,0.0,284.4179603883477,3.9553702151800993
46,11,-1.519573135911843e-05,20.401449884033198,5.0221549140082464e-08,281.542423581526,5.924383153004117
48,01,-1.1369238679367056e-05,31.70380508160335,0.00012911142713280135,279.3915269172832,-7.28827055961855
49,02,-1.1685804688698098e-05,2.732715975443522,0.00031034646715436665,274.1075286789849,-5.2380526352155785
50,03,-1.3839232150540515e-05,-0.5926843497983868,2.071826688704952e-05,278.44128489291285,-4.877558255903184
51,04,-2.090864053300013e-05,-10.60586452026367,1.1234845055474176e-05,281.01254923197433,7.622805477269491
52,05,-2.6606813441591635e-05,-11.409518621957432,0.0,283.5180301421791,8.684080295788345
53,06,-3.6603149109497395e-05,-25.008415187242296,0.0,288.4321055046929,0.1501536730660332
54,07,-3.282222612492611e-05,-33.091220865229126,0.0,291.918114544284,0.5349078274183373
55,08,-2.6941880611302234e-05,-27.08358682743196,0.0,290.7689338021227,-1.2125626575510984
56,09,-2.725831751290065e-05,0.9693071214463977,0.0,287.3565667371962,1.751585998386807
57,10,-2.1395454446465794e-05,12.186390243366201,0.0,284.1974871086613,-2.097481352693291
58,11,-9.367185011372688e-06,10.117007967122396,3.5537613762749565e-08,280.0425614195929,-6.614907704395718
60,01,-1.1848107099418698e-05,28.771229348787696,0.0017296655524161556,276.7842754120365,-1.8171058356992653
61,02,-9.682757584759485e-06,6.4267875001403105,8.748411584174497e-05,275.46569391803087,-7.605639194422754
62,03,-1.3818876191033916e-05,-6.2181760956138685,9.418372313181559e-05,277.09370695126444,-2.6351272446211946
64,05,-2.301351515928619e-05,-21.276121071107926,3.1990530670330086e-06,282.87292314492504,-0.677646871115572
65,06,-3.0384449369921637e-05,-25.249517172580298,0.0,286.0332354305691,-5.382480461120606
67,08,-2.8069958612225798e-05,-17.017802792784988,0.0,290.61531108601883,1.4394752741577808
68,09,-2.2138291550658728e-05,-0.809648367987739,0.0,286.73494841105145,-1.9586343215306596
69,10,-1.5594664512004833e-05,12.420039781796033,0.0,284.94581760332665,2.1388998153030228
70,11,-1.2000811908506469e-05,17.20852971835666,8.267998695373535e-07,281.5467750801086,9.75799302626716
71,12,-7.343828446024142e-06,12.754345215500043,1.1825137240912326e-05,277.9717317575434,0.8407210145560645
72,01,-6.201572312694294e-06,7.789162023728894,0.006257890532093664,270.81246475709895,-7.303112680189071
74,03,-1.1304150707112197e-05,-2.56875498781922,0.0002458149412626861,276.80950123838204,0.883263510611749
77,06,-3.090711121482552e-05,-17.990251360066733,0.0,286.164952170478,0.5723389233907065
78,07,-3.447742918110781e-05,-15.274860501197074,0.0,289.64287729209974,1.9624681110997348
79,08,-3.3271033724499884e-05,-4.3656862228557625,0.0,288.7357638382451,6.747224802570958
80,09,-2.244669017984254e-05,-3.3109654418945316,0.0,287.42453148261177,-4.491637453036838
82,11,-1.5779393952086846e-05,2.730464919026692,0.0001320727745691935,276.48227231207954,-4.4680131394492255
83,12,-6.748697063030508e-06,22.216181771555252,0.0009846030858255202,278.89900289527316,0.4556928207233385
84,01,-1.0488508364736625e-05,25.802121266682942,0.0024635101813142014,275.801350984922,-6.017850162034394
85,02,-9.105866422227595e-06,-15.737989101954868,0.0001222507996218545,269.8368100568681,-4.677185569944837
86,03,-1.09558865346488e-05,2.199697240357758,0.0001382134986180131,276.74076908246934,1.529696232846988
87,04,-1.9242588071877733e-05,-14.953707265557181,7.426198323567707e-06,278.83615111126363,5.869092054367065
88,05,-3.1224375424332516e-05,-18.680161248648037,0.0,285.4117867415233,8.900653361905007
89,06,-3.5890827366468634e-05,-24.274000357055662,0.0,288.4358594709608,-1.683861653221978
90,07,-3.000731417455182e-05,-30.125119514383297,0.0,289.44563059620185,-0.8332931163541726
91,08,-3.1366839325049225e-05,-20.726613564768147,0.0,288.36188031465264,5.28556109350471
93,10,-1.7202233669146365e-05,6.4104873591597356,0.0,284.73838183753725,1.2270836029257823
94,11,-1.2770530823662637e-05,20.62896745435927,4.2331218719482425e-08,281.3988308635288,2.6885640857060755
95,12,-1.128779906788603e-05,28.043287035542146,0.00037468132152352284,278.653770938135,-3.9448398696120077
96,01,-8.849628261046861e-06,-8.473066081057311,0.0005335850459273144,271.0571230804279,-10.992317990600421
97,02,-5.771432554432804e-06,6.824847212655203,0.00025317513942718504,275.3062230299087,-2.305479620888119
99,04,-2.2575659647211267e-05,-11.442104777696397,1.2648238076104058e-07,282.7985634870741,0.2727976148605345
100,05,-2.791426425801057e-05,-28.103053294192083,0.0,282.72152383422844,-5.130835388368177
101,06,-2.8837502824555686e-05,-20.989433822292757,0.0,286.23068305765787,3.1211598950915858
102,07,-3.379324687933062e-05,-20.07741719498173,0.0,289.3334297852875,-0.3532960533019038
103,08,-3.0242934917310693e-05,-13.572054321945357,0.0,288.99911613021357,-3.461253159225629
104,09,-2.5696148892024614e-05,-3.969099077690972,0.0,287.79776992187493,2.196264123302036
105,10,-1.9746457593286597e-05,13.28605210072507,0.0,284.1081416557065,13.057100941893877
106,11,-1.2423982501220758e-05,8.69252590874566,0.0,280.28694883850955,-4.4051263535393606
107,12,-5.659096497726741e-06,10.619382738339004,5.145294307380593e-05,277.7222096857871,-2.9305631152942615
108,01,-9.400724827868036e-06,23.76198229324177,0.0002939996052813786,279.10735159379686,5.527936221091978
112,05,-3.182606770285695e-05,-15.882362545546664,0.0,286.42319685117656,6.448995066488942
114,07,-3.385038605679304e-05,-9.511822006717805,0.0,288.8184828294324,6.8323721847123995
115,08,-3.211179117533902e-05,-13.866469908683532,0.0,289.36880185199044,2.628318884675221
116,09,-2.5435363158006416e-05,2.907980506727431,0.0,287.1028169921874,-2.148785310766432
117,10,-1.6347254436593455e-05,7.273599919801116,0.0,284.2524626317998,3.924836768201601
120,01,-5.490775168401608e-06,12.580168148245866,0.0,278.0433618807229,-0.17765723320745627
122,03,-1.7582771425163286e-05,5.919001820882161,1.3147951454244634e-06,280.92673047006264,0.9141703075901154
123,04,-2.3728384267512105e-05,-15.711892689005532,7.404155201382107e-06,279.7644985144721,5.176459208255344
124,05,-3.2913617601255e-05,-32.404015432706444,0.0,286.4839753660796,-1.0060280780382052
125,06,-3.3498540398290464e-05,-35.047065074327264,0.0,288.0712565836589,-0.8146940553241305
126,07,-3.3625666249610085e-05,-27.510599928661055,0.0,290.43235706386776,-5.965661229246407
127,08,-3.0036708770112647e-05,-17.0266568734774,0.0,290.0662455388552,-1.1468217086586903
129,10,-1.9913688146604526e-05,14.103063629806684,0.0,285.642628944643,-2.4773695379892984
131,12,-7.719866410816296e-06,20.033501539989185,2.718377369706349e-05,278.14191156752395,3.374046808632471
132,01,-9.708490018202875e-06,23.531725362798216,3.920951197224279e-06,278.84542206019734,2.2783597749689575
133,02,-1.709957590030951e-05,31.83555304718018,2.0835172562372115e-06,280.50749825822743,3.3738418606576466
134,03,-1.7018775953137494e-05,2.372058311872584,2.4298456407362414e-05,281.1010017314214,-3.703874424616497
136,05,-3.125298669270236e-05,-34.3688931694441,0.0,286.42458363949356,-0.4548254154984667
137,06,-3.068480971400681e-05,-23.63770078192817,0.0,287.6530416948106,3.9676137081358167
138,07,-3.559518055198981e-05,-33.07448882301904,0.0,289.3471467754405,-3.748802826481482
139,08,-2.897321149455781e-05,-28.290339532667595,0.0,291.14238770975095,0.09266292079802467
140,09,-2.7407515947157255e-05,-3.6402964202880854,0.0,286.55917945963546,-6.767911235004002
141,10,-1.8407037761653066e-05,10.48773665069252,0.0,285.16074951352357,7.068571275341894
142,11,-1.0645134954231454e-05,8.876481322224937,1.7197676499684652e-05,279.7035436231401,-4.461492165671455
143,12,-1.0178729378000547e-05,19.264495642221096,0.00010385854269868586,277.58139236323046,-4.244458656290527
144,01,-9.804670876438911e-06,24.167181801416536,7.464897248052782e-06,276.4995654494993,2.6246698665003616
145,02,-6.996622216688376e-06,0.507544446309408,0.002555922939663842,272.81969927006674,-1.0937606032008218
146,03,-1.2629808311264428e-05,-0.5304674036169569,0.0,280.96131813873785,3.679436902446132
147,04,-2.5889148811054637e-05,-18.50936585184733,1.8495678901672365e-06,281.06129239251874,-3.8804163361655335
148,05,-2.5811937759284265e-05,-33.066711107479634,0.0,282.56432028493566,-12.559387157317131
149,06,-2.987989489524302e-05,-20.686577268473304,0.0,285.44453116149896,2.312953067652385
150,07,-3.606362330103894e-05,-12.26554677852508,0.0,291.0611541531471,3.502324325315414
151,08,-2.9805839779475068e-05,-22.79464663072811,0.0,290.6213046195738,-1.1765128447214765
155,12,-7.654158530845394e-06,17.942148733159545,5.5359345610423755e-06,277.4903090515137,-8.3346434656779
156,01,-5.988280283046514e-06,9.900324605634134,0.0,276.29669176196023,-4.6902770765161
157,02,-7.568776633878318e-06,10.513905402874128,3.7069602944385046e-05,278.02707910182556,-4.960775098691043
159,04,-2.3724830210206465e-05,-12.979907084147134,2.5939941406250002e-08,281.38050007290315,-1.8858808835771346
160,05,-3.502280750303383e-05,-18.415903687507882,0.0,287.68378568587764,1.5834636519647416
162,07,-3.3542465003026134e-05,-26.574038988010855,0.0,290.8302553724063,2.7526454527044804
163,08,-3.290884278264643e-05,-13.404264240552024,0.0,290.5360282891386,9.420622178641697
164,09,-2.5466491539959356e-05,-1.4094354346381297,0.0,287.5794175764296,4.871189140446982
165,10,-1.9484351597922247e-05,1.9587082073252686,1.8078127214985508e-06,281.5607008762565,-2.175138033138808
166,11,-1.321692710625939e-05,23.694389510769323,0.0,281.2424108364529,-2.830467434925503
167,12,-8.425528942156701e-06,11.411874493342573,3.2269544498894803e-06,277.1291988499139,1.79938270771888
168,01,-9.715480358609446e-06,34.39173987899288,4.798289268247543e-07,278.0689588641915,-2.1686067230265627
170,03,-1.4966802825774622e-05,-6.011914413616221,0.00013486407008222353,278.6799079442178,-7.480420348013602
171,04,-2.191761210872048e-05,-4.539731902737087,0.0,283.3900037384034,4.336087137201097
172,05,-3.0932743489659034e-05,-26.541132331437964,0.0,286.5305111710743,4.809687152677967
174,07,-3.3366269429406925e-05,-23.52127023184171,0.0,288.9670793329055,0.3682552195723335
175,08,-3.234485571499712e-05,-11.285276480397874,0.0,288.38119730434624,-1.517910512739612
176,09,-2.2725771390226628e-05,-2.4448908416748045,0.0,286.37938309156635,2.567192783037821
177,10,-1.798888249350155e-05,2.3637267239478326,0.0,282.4125413159196,3.3335509971905783
178,11,-1.1587640056374466e-05,-1.8295716874864363,0.00015719194677140975,275.9691254242791,-1.362627434709337
179,12,-9.250304196792702e-06,31.236705364924607,0.00020338165888222312,278.55954070281985,-2.3895911745461094
181,02,-9.681430163471391e-06,-2.9269207930791947,0.0003871754450457437,274.71976377387267,-1.1560002459117344
182,03,-1.5868986940443404e-05,12.424105568506382,9.499826738911291e-08,280.1386115247255,-5.109838371625509
183,04,-2.4481364455176743e-05,-15.54007357143826,6.838602489895291e-06,281.15531175240415,1.072442509057787
184,05,-2.8615912740195944e-05,-19.306992470361852,0.0,284.95634343137016,3.848988206781366
187,08,-3.527003988845888e-05,-15.806742182249662,0.0,290.50995685306685,2.5525207887670045
190,11,-8.92097842036795e-06,12.752254605102538,0.0,283.18030227940875,-0.3912592182583275
192,01,-1.2804497735976505e-05,25.385474410518523,0.0009627563479126142,277.2651151844968,-4.624458262494815
193,02,-1.271823695051786e-05,20.178666164579848,5.487134059270224e-06,279.69789509668806,-0.782204506329128
194,03,-2.219248033328259e-05,-0.5256330294045062,0.00016835869896796444,278.52115150119414,-5.375294921936527
195,04,-2.3056703787511248e-05,-15.611610607231992,0.0,281.70371436835387,-8.217882198884753
197,06,-3.44918315846169e-05,-24.446217814466692,0.0,287.09207231580945,-4.784962304306031
199,08,-3.331847033315239e-05,-31.29434137422295,0.0,292.1374796096639,-6.406313635016001
200,09,-2.6222378082234683e-05,-4.395296908230251,0.0,287.4659033938938,0.612849772156609
201,10,-1.4566836962311297e-05,5.514771194293934,0.0,286.1660483907064,5.549859377050913
202,11,-1.3042386322538529e-05,9.068964893934462,2.0260943306816947e-07,280.4485377359602,-4.377470945951673
204,01,-7.460320452180465e-06,-0.4728464959257379,0.00023015245699113416,273.0739127290787,6.124564749543385
206,03,-1.2827322511164368e-05,-10.990242480862525,2.0419359207153323e-05,275.89573825737733,-7.0827326481316675
207,04,-2.0502408365953464e-05,-21.604367342122394,2.815988328721788e-08,281.5059792378743,0.9496918742709688
208,05,-2.4253428110207234e-05,-26.022296560964275,0.0,283.0404211406093,5.224901751507995
209,06,-2.8253365109311642e-05,-38.732165323215064,0.0,287.7120379621718,-2.092028507275052
210,07,-3.142641031134248e-05,-27.054918192217425,0.0,288.9736008786437,-3.1049256038050506
211,08,-2.9903093116464793e-05,-15.358725825155936,0.0,290.26938906532206,2.7272199784145563
212,09,-2.534073391895315e-05,-7.00570699428982,0.0,286.062809048801,-8.668936958101062
213,10,-1.7171301486478214e-05,8.106230379494288,0.0,284.35446074524754,1.0061798058786697
215,12,-8.836182103413613e-06,1.1414017176474303,0.00011574836187465217,274.0792455669526,-1.747326027634323
216,01,-3.583592048936e-06,-1.2817189340899076,0.00038023888808424755,272.25964624536164,-1.3202002071257561
217,02,-9.97768289436776e-06,28.48145621345157,6.829840796334402e-08,278.9320034816378,-0.7881853435834248
218,03,-1.2413017713795421e-05,-3.0697627356744577,0.0,280.40703176859375,-7.647408246809437
221,06,-3.476727682935032e-05,-20.254541469319665,0.0,288.2355316602919,4.90637015830146
222,07,-3.376502295814329e-05,-20.43258258581674,0.0,290.03099838158397,-0.6637979181966475
224,09,-2.7053925191669103e-05,-10.968042353990342,0.0,287.54944601949063,-1.7348625640445288
225,10,-2.0736059433235615e-05,1.8364669255082322,0.0,283.2611740620521,-9.586813698840396
226,11,-1.1372840429430654e-05,5.54297788119846,0.0,279.9875980561574,5.854934998512268
227,12,-9.893875752236308e-06,16.98351939342868,1.687051532089069e-05,278.3321768117105,-0.8512120128344458
229,02,-7.893391973560764e-06,12.879144769577753,3.740382904098147e-05,279.23413331127165,-3.037549276329223
230,03,-1.582076560769428e-05,4.910139277304372,1.3940626575100807e-05,280.3343201620861,-10.113063399243101
231,04,-2.2395207648413717e-05,-10.670934447903104,2.9785103268093537e-07,281.88296789105726,8.915542415809632
232,05,-3.182257207745645e-05,-20.036693252071256,0.0,286.9770894601474,-0.6871010359282137
233,06,-3.4082233544055876e-05,-13.138249787733287,0.0,288.37100996331105,6.3122358766767706
234,07,-3.6390916169732936e-05,-13.917790471887077,0.0,288.9995175761561,-1.1335652676243932
239,12,-8.802920268002493e-06,22.454611907630838,0.00011667215695945164,277.97066255097747,-3.2974561736609354
240,01,-9.430198710966792e-06,24.63400003675235,0.00020755073460199501,278.42221806261614,0.13767809711989554
241,02,-1.079772392194216e-05,13.779260249546594,0.0025613292994953337,276.5846275064377,-15.095687816460925
242,03,-1.3397230129969535e-05,-0.9194605676794566,8.536538770121912e-08,280.0196965524407,-1.3423963893972422
244,05,-3.422614240797327e-05,-20.88572949317194,0.0,286.46426943280625,2.5149216677758
245,06,-3.759346314859108e-05,-24.964019442409946,0.0,287.621155009969,2.4077966739866468
247,08,-3.318467006672979e-05,-13.657699137697938,0.0,290.35377914166196,1.798294270935879
248,09,-2.59650643648355e-05,-3.5717024329291456,0.0,290.39740791795515,7.428677170393202
249,10,-2.1588807777500546e-05,5.981483147405809,0.0,284.0889761727855,0.7620047189240815
250,11,-1.3179962080519347e-05,12.654008286878799,2.0961513784196646e-05,280.36134305237664,-5.3083783276663885
251,12,-1.3700721242369786e-05,27.986750325848984,0.0004829321933049028,278.27631423343126,-4.7865400395137
252,01,-6.553396535759588e-06,18.42038040095504,7.689163249026063e-06,277.79516857783,-7.92022200951525
253,02,-1.2230161100386137e-05,18.65321454909752,3.605513052008618e-05,278.9918639561445,-5.22298073832194
255,04,-2.355722367422762e-05,-12.813957029554578,8.329312006632488e-07,282.30091152648924,9.074070477824739
256,05,-3.550879427684679e-05,-19.147158501081563,0.0,286.87483983849967,4.448491038230157
257,06,-3.750390542944741e-05,-27.016546727159287,0.0,288.429064964803,1.1058663845909962
258,07,-3.168135436499142e-05,-21.668345875401656,0.0,288.20182105771954,-2.328411767098212
260,09,-2.4486756719630248e-05,-2.020394458007812,0.0,288.9522197736953,3.919733715248108
265,02,-9.421481274265325e-06,7.153048214503697,0.0006544472773869832,277.52430097507295,-5.243323249499004
267,04,-2.4765318735565716e-05,-15.737299090576174,6.594268480936686e-06,281.0073699052598,-0.14914724131690124
269,06,-3.303585196628976e-05,-31.827683939954966,0.0,287.6171802242279,-2.844979031266107
270,07,-3.6646507612448495e-05,-24.41304970722813,0.0,291.0954466385379,3.3910846430050428
271,08,-3.349079792080317e-05,-13.273838911159066,0.0,291.26248715078697,4.783530526397049
272,09,-2.8629883362433853e-05,-3.361749937269423,0.0,286.7026010084364,-5.33470389275021
274,11,-1.4045017091525046e-05,9.019137569173179,0.0,281.0378544276344,-9.810931996197173
275,12,-9.904081011676856e-06,14.487402564920403,0.00022924734956474715,276.8109058604907,-10.442604840391425
276,01,-6.60295483731882e-06,23.604068570044735,0.00012535062912971744,277.7092359037091,0.24362739111787537
279,04,-2.4829810814864887e-05,-14.182246478949653,0.0,282.0968799079047,-2.3918034127553303
281,06,-3.5836119472898846e-05,-20.466573669433593,0.0,289.008934870402,5.354612818103367
282,07,-3.594073215623134e-05,-17.96138944137737,0.0,290.12367375199517,2.8066557161474734
283,08,-3.0240783373966385e-05,-12.41071590333344,0.0,291.52933090636554,2.9107890031876105
284,09,-2.726855740998468e-05,-6.606480073716904,0.0,288.12181282060413,-4.940236078113981
285,10,-2.2813934475604865e-05,5.003235001430717,0.0,283.04481736857923,-1.6580593323451214
286,11,-9.433203981300014e-06,10.082439758300783,0.0,281.24613218036234,3.1934507407718233
287,12,-9.155090198257839e-06,-0.601292420089886,1.2510566301243278e-09,276.11271182759606,2.2550676486517793
288,01,-7.996820467572737e-06,16.024269751435966,0.00044667841542151673,276.0992543067932,-6.687711740042573
289,02,-9.213011075579354e-06,1.6289639434814458,0.000368756529830751,275.1990847414562,-1.30996356187548
290,03,-1.4304734281419465e-05,-4.024482163624097,0.0,280.07939777218405,-1.8552307312462917
291,04,-2.383696288773839e-05,-17.2942943037245,1.5020370483398438e-08,282.52701496353154,-3.901022283871968
292,05,-3.0977665722578726e-05,-19.48317038226384,0.0,285.87503277128485,7.087039322309597
294,07,-3.637924248004731e-05,-25.786057973554062,0.0,291.4632059519777,2.256303321858889
295,08,-3.1032737283929096e-05,-31.771135562691633,0.0,291.8428295599825,-0.9488135915366548
296,09,-2.437035215904568e-05,-12.497950702243381,0.0,287.9652745859782,-1.3662211480670508
297,10,-2.1305207502659715e-05,-2.352458050143333,1.9682761161558088e-06,281.3235289662679,-3.9558025068672755
298,11,-8.746191556262298e-06,13.336127873399521,0.0,281.18456970901485,6.3600499339209655
302,03,-1.5225630396960167e-05,1.0669384965794064,0.00020815543461871405,278.8729907035828,-1.138047160363966
303,04,-2.4217375733618005e-05,-11.611916856553819,0.0,283.0342345699735,2.7121691885206443
304,05,-2.847669872224737e-05,-31.81054322043798,0.0,284.7821008097331,-4.050122515422042
305,06,-3.421590459786078e-05,-30.121984181382924,0.0,288.26498307020404,-2.826415734630161
306,07,-3.5823426863228845e-05,-21.040274605699764,0.0,289.52838083738925,1.6926178633577083
307,08,-3.442271008691844e-05,-10.630728795861687,0.0,291.53894050384855,3.4108706453384894
308,09,-3.09724094837697e-05,1.3779368174235027,0.0,288.3683370303683,-2.9949600599924717
309,10,-1.9737982986943505e-05,10.8786054316695,0.0,284.57554275028684,8.574271400144022
310,11,-1.219442167142309e-05,8.63346869269477,3.3279392454359266e-07,280.0218678001404,-9.378043831952414
311,12,-6.509792311736683e-06,12.651209838210898,0.000107577202140644,277.18444233658494,-4.153789951550063
312,01,-1.0532949036563073e-05,27.835473567839585,0.0002284056717349637,278.5624613469442,-11.788157165014617
314,03,-1.2645556585016247e-05,2.2825399281491516,0.002058747031355417,279.0753041903793,-4.314629368566698
315,04,-2.402455134354872e-05,-12.38321820203993,0.0,282.71948648647725,2.4257510029686817
316,05,-3.3327865934669755e-05,-23.83920729967343,0.0,284.99818274778966,2.0688526762480377
317,06,-3.715115132452208e-05,-30.632264646063906,0.0,288.991852593655,-2.855177613343133
318,07,-3.409394384040644e-05,-23.561669685609886,0.0,290.1906704429708,-0.12447588444781559
319,08,-3.320200081173924e-05,-14.21000237282374,0.0,289.1398493754069,-2.113699344163299
320,09,-2.545146969718593e-05,-6.704652192857532,0.0,289.0389223130968,0.2588362180709841
321,10,-1.7187334372416657e-05,10.538457600583316,0.0,286.6108520703879,7.126440133228097
322,11,-1.4535249143672345e-05,9.326381112670902,0.0005737135661972894,280.7140452206929,-3.2043117451349894
323,12,-9.12172876785682e-06,14.485518746324761,0.0003240881030277539,277.6781497156286,-10.295047618948002
324,01,-6.5253165958961526e-06,7.280853728591756,0.00014880976241122009,274.90674294572244,-3.6792645613557546
325,02,-8.8568046297561e-06,4.634872235616048,0.00010614823585464838,275.99080734402787,-7.89652470570519
327,04,-2.37631702343909e-05,-18.782449027506512,0.0,281.3412661899143,-3.6884300680584374
329,06,-3.4785863751151034e-05,-27.11431088460287,0.0,288.7861003506131,-0.9218781734678478
330,07,-3.3670624993676266e-05,-35.11209074615151,0.0,294.31578268137275,3.439024755990633
332,09,-2.4569920312832332e-05,-1.9050392035590278,0.0,290.8846295525445,5.070309681532119
333,10,-2.0357669840078775e-05,8.929626497002058,0.0,286.9078280718404,4.390374926597842
334,11,-1.6638314112929544e-05,21.698549422539603,6.023910310533312e-08,282.7481851179335,1.2719425642437405
335,12,-1.1844671387852061e-05,21.158474252352146,1.2561005930746755e-06,280.0480408410102,2.7641417285755114
336,01,-1.3167410284109127e-05,32.71415653975292,7.495572490076866e-08,280.3280024761898,-6.19178593167951
338,03,-1.969343553138324e-05,2.858439688077537,8.514286369405767e-07,280.9515473870718,-0.07748771841808025
339,04,-2.5420359923575438e-05,-23.728481532796227,0.0,285.1133049407959,-3.46331045973036
340,05,-3.1186685044343005e-05,-23.42358186127037,0.0,286.3991220269972,3.6249730836191487
341,06,-3.458860908376663e-05,-19.802041976589628,0.0,289.6702567504883,4.854381080479092
342,07,-4.0491175616739144e-05,-14.380545316962786,0.0,289.65608735082475,4.963316324623683
343,08,-3.430768915528969e-05,-11.902402343421853,0.0,290.0370085491878,1.2682946735505136
344,09,-2.677926907070085e-05,-2.246240928141275,0.0,287.3048455885146,-5.713435930930243
345,10,-1.4836711174446523e-05,-1.5530790907336818,0.0,283.5498818838469,-5.4607639956935765
346,11,-1.4172945336880124e-05,15.984315191311307,8.570086956024171e-06,280.5269208690644,-11.158009668244258
347,12,-9.103623443880553e-06,18.67049515623687,1.9495038576023557e-06,277.3368185319388,-1.8565782344777098
348,01,-9.98381483742544e-06,30.50790186531313,3.1635838170205394e-06,279.4891412764929,0.586831203993931
349,02,-9.733829621899499e-06,11.488472740085646,9.416011558181937e-06,278.2568273897719,-1.961968575159709
350,03,-2.0140387961912898e-05,4.352542552004578,6.198341231192312e-05,278.8884844916969,-5.924768195429157
352,05,-3.326288808405293e-05,-18.37616691179173,0.0,287.85736066133234,3.5619684459522207
353,06,-3.476253857051133e-05,-32.52892781643338,0.0,288.7505925245497,2.4688790296554566
354,07,-3.577182100015043e-05,-18.878891244211506,0.0,290.6381676658713,3.024764808859876
355,08,-3.3834556450724496e-05,-9.036356891591062,0.0,290.2695800380912,4.132854468827607
356,09,-2.5189189388381943e-05,-2.5223080678304033,0.0,286.9092003065321,-0.056067406590780286
357,10,-1.8222273044254205e-05,6.518695762716314,1.0895472700877858e-09,283.49328779224686,3.4220286894357335
358,11,-1.2143508331428165e-05,12.723418456013999,0.00035360905991660223,280.38257168964805,-2.265666114022997
359,12,-6.623100362498576e-06,8.910789440196046,3.1098793911677535e-05,276.00092939651654,-4.5166699999737485
360,01,-6.219402897665034e-06,13.638463789416898,0.00026115813434764905,274.32254045474144,0.47961315901561447
361,02,-6.55127283612057e-06,7.2258432279314295,5.497220584324428e-05,276.2893881261462,-11.307820014227003
362,03,-1.4006747319585248e-05,0.15545269151913163,4.5311066412156626e-07,279.1052625570399,-7.658853321957333
363,04,-2.2896213735516033e-05,-13.763160278998479,7.51813252766927e-09,284.289430710517,6.029264274046157
364,05,-3.152253704363203e-05,-24.89160391596312,0.0,286.32759907055924,2.6680380577169442
365,06,-3.4585202314802804e-05,-32.20444840494791,0.0,288.15789018961584,-1.996933453241984
366,07,-3.995988693131167e-05,-23.939954596078525,0.0,290.62653678746375,5.637807804107666
368,09,-2.396435872586961e-05,-8.675344586181641,0.0,288.24405131666396,-3.429848154513041
369,10,-1.8213049179844e-05,4.716025361748153,0.0,284.11453383484707,-7.069426254600609
370,11,-1.3997967538165946e-05,28.005924584282763,7.164478302001954e-09,282.6301770416684,7.551464518504671
371,12,-8.896478755051119e-06,9.686923075029926,0.0033527605789963914,275.9152564712032,-0.943810666238108
373,02,-7.65345504045659e-06,5.717629487900508,0.0021790685525962285,274.59004296811423,1.1087709607850937
375,04,-2.4690822054900404e-05,-20.66956467929416,2.4727185567220055e-07,281.97344993078445,-3.325235909144084
377,06,-3.182083758476639e-05,-35.711798379855686,0.0,288.5699565473768,-0.32030451049804715
379,08,-3.27152816781925e-05,-15.088779016966459,0.0,289.71709932881015,1.433999930351012
380,09,-2.3803562745282155e-05,-1.7829848341200085,0.0,286.8539448320178,-1.4900869473775227
381,10,-1.8914465963579488e-05,8.677334267236855,0.0,284.0074488248518,-0.012806594397432208
382,11,-1.1904203317903414e-05,4.708053307088217,0.0002805316183302138,279.1010974715339,2.2457498138851597
383,12,-7.738160395268594e-06,4.967533013128466,0.006288984498670025,272.7350027047024,-7.298802586606754
384,01,-4.432973011169315e-06,15.641597058367989,0.000611914046349064,276.640032220861,-4.617686146418254
385,02,-7.274441715534998e-06,7.353929252261208,0.00014321758775483995,277.5559378022239,-1.8058714723359974
386,03,-1.235675504704564e-05,-6.3443144091534345,0.00019613219461133403,278.86510410210394,-2.7895524579530124
387,04,-2.5035789431644346e-05,-14.869033695136176,0.0,285.153135196601,-2.1548139828152126
389,06,-3.4230032604055946e-05,-25.01744469502767,0.0,288.6127736097548,4.910514154773288
391,08,-3.274760770019843e-05,-10.64563058373236,0.0,289.6281859905284,5.2939196082699675
392,09,-2.5484862159343414e-05,2.648160398695204,0.0,288.68825934821234,4.46301638607449
393,10,-1.916051529891168e-05,8.726722329416583,1.6692376905871977e-07,284.83637540882887,-0.8078829870531637
395,12,-1.2744765838047034e-05,29.389911852764826,8.855871231325211e-05,279.54841704272206,-4.9778297481126685
396,01,-9.557997748420493e-06,23.492998173539362,3.76804490243235e-05,278.0025916491273,-10.09431259042473
397,02,-6.941694202459045e-06,2.77444112036694,0.0013561625960229456,273.9540438470512,-14.6274180279655
398,03,-1.1845709033173812e-05,-9.130659757880753,5.560450656439668e-06,280.5903991654509,-4.95342670649867
399,04,-2.412122515035865e-05,-15.116672309705946,0.0,281.0076457704756,5.787491861258613
400,05,-3.2719707248821014e-05,-19.41600187732328,0.0,286.39187647731336,1.6779351170652654
404,09,-2.780254297756781e-05,-4.337274759928387,0.0,287.3234092200385,0.3496705691655474
405,10,-1.749340033099435e-05,6.576196681525118,1.6571373067876343e-08,283.75088245457476,4.1778068266017465
406,11,-9.782895505729057e-06,13.286790387301977,0.0,280.2187192969428,4.77137181845771
407,12,-8.270612005098982e-06,23.135962751162953,0.0004308112231633996,278.1779153431308,-2.9825643158984443
409,02,-9.82560560788399e-06,1.2790957768758144,0.0007189501410438901,274.82777969859893,-10.674283386707305
410,03,-1.6003138249269338e-05,-14.11737674147083,0.00018706004465779953,275.29698841222125,-0.8068198277258105
411,04,-2.0434202846445263e-05,-16.983018215264217,0.0,280.441605447091,4.8500732873916625
412,05,-2.7662325821888435e-05,-23.158452428017892,0.0,283.8569099442677,4.0431414947509765
413,06,-3.319209287441886e-05,-26.815010833062065,0.0,287.4700203450521,1.0148970746570165
414,07,-3.405638901301333e-05,-27.630988150319745,0.0,291.3996042135915,-0.11920491269839657
416,09,-2.475842662511746e-05,-8.054260448540582,0.0,287.60815346442337,-3.601356833860608
417,10,-1.765674730958508e-05,13.677036990258001,0.0,285.3490841153053,5.100314021879627
420,01,-8.580053124215514e-06,22.96357862870411,1.0653635506988855e-05,278.7270791265426,7.029194313151861
421,02,-1.1990748406116751e-05,26.598223410470148,1.0926482223329089e-06,279.40804705011277,10.60320344007583
422,03,-1.6731313326227373e-05,-1.3453218475669946,6.519722682173533e-08,281.1189634679159,0.42368475792997606
424,05,-3.2321809314922687e-05,-17.350711201329386,5.8457146408737335e-06,286.0054483229113,1.5631698267536778
425,06,-3.645346474101341e-05,-28.120134918891054,0.0,288.60506283637153,-2.088116592703925
426,07,-3.570791800838603e-05,-18.498887496784167,0.0,292.2635286937426,2.0653683370979885
427,08,-3.5946427165531874e-05,-15.756697428713563,0.0,289.2081022578413,3.428375722310877
429,10,-1.6616273676728237e-05,8.951883064844276,0.0,286.6383070147115,5.742346490121657
430,11,-1.0089955154782932e-05,6.784489759657117,3.112157185872396e-08,281.4275366665734,9.118718305354646
431,12,-1.0581146033268115e-05,22.95546643394552,0.0004054831791949528,278.36750006714686,-5.379404907780308
432,01,-9.2527426375611e-06,26.340960131573418,0.00016244323407450028,277.32805558928624,-3.8576281189046893
433,02,-8.153189459681882e-06,8.31590086110433,9.767446773392813e-05,276.6668339920044,-1.6321592513720196
434,03,-1.5915630637317265e-05,-1.6360386480515998,2.4049384619600027e-06,279.08244967077115,-2.835005319595337
435,04,-2.4346638547669703e-05,-22.934988667466907,9.625487857394749e-09,281.46281248359685,-5.030215973642137
438,07,-3.7615658574522775e-05,-25.170489753641114,0.0,290.8353158631684,4.414139295885639
439,08,-3.326061218056918e-05,-12.586229408838417,0.0,291.25167575270126,10.0172870392543
440,09,-2.5603061031688413e-05,-1.6679924726698132,0.0,286.66352415195047,-1.4644166116926407
441,10,-1.3186316454061119e-05,-1.463842040031187,0.0,283.4427843608241,0.10595317576008452
442,11,-1.4898132296588707e-05,27.46974549831814,4.5776367187500004e-09,283.10383579525416,-2.465322771920098
443,12,-8.385574634596725e-06,33.275967709449034,0.0,282.58162065858744,5.98071442790698
444,01,-9.004527324929857e-06,20.359526514525058,9.698816525038853e-05,278.0475291836237,-1.7895402638835296
445,02,-1.2519085415486441e-05,14.879537966322628,1.52496250196435e-05,277.78108298799367,-2.578204086939494
446,03,-1.4810545610421827e-05,-5.396197126162949,3.62938924502301e-05,278.4155945600284,-3.353224274830151
447,04,-2.7581765115751797e-05,-20.820068422105575,1.3241238064236113e-07,281.36615560573995,2.228406386099921
448,05,-3.16294027814815e-05,-19.310568396455505,0.0,286.8687926589802,0.9736174805138702
449,06,-3.356170396635004e-05,-23.02242342732747,0.0,289.0600437771266,2.423815758026971
450,07,-3.758493633006676e-05,-22.269790681900524,0.0,290.91323088844877,1.5464795664100233
451,08,-3.3272750999810424e-05,-17.014684508621052,0.0,290.91866476046647,-0.02936674651279236
452,09,-2.4645985519115736e-05,-7.889081433783638,0.0,290.7287192874484,3.5211581916385226
453,10,-1.526362983537594e-05,-3.798430909843855,0.0,283.3498556886078,-3.7648246855992142
454,11,-1.1750765303218536e-05,10.89123139716254,3.956906927956475e-05,279.20990362701417,-1.4600851942274309
455,12,-4.447676278540448e-06,15.633635981405934,3.86891185596425e-06,278.4459245055413,-3.213377143326626
456,01,-6.416161365773257e-06,12.223324068787278,0.00022398640519829207,275.05028467830533,-9.303821084730084
457,02,-8.18821650381367e-06,12.903916228158135,0.00023337035661651976,277.86915778559734,2.093567276659466
458,03,-1.5800369091061108e-05,2.527072602630943,0.0,281.2226937955631,-1.2213739956066179
459,04,-2.5679135762624757e-05,-26.331729773288306,0.0,281.41495227517026,-8.98779911174774
460,05,-2.9667726341906155e-05,-25.198657173730993,0.0,287.2392350808421,1.8179982192952142
462,07,-3.888270218750779e-05,-23.176640851420746,0.0,290.7070247267856,1.4669344500880088
463,08,-3.333480648354688e-05,-12.395997953681537,0.0,290.3243722688408,5.206549530685589
465,10,-2.0550294828412475e-05,15.281469091599986,0.0,286.4926618480888,-5.476527976702618
466,11,-1.2597567349661808e-05,15.910226154920792,3.65040037367079e-07,280.83419648060266,-5.144581027221679
467,12,-7.748080553331723e-06,20.40142875687794,0.0006995919622400755,278.2219712722122,-5.213931379113147
468,01,-8.493993727101315e-06,23.796599253992884,1.641540501707344e-05,278.53154294832297,-0.8613272718409056
469,02,-1.1806723732206594e-05,-2.6082788761683875,9.837871222268968e-05,274.0743940366564,-7.8224522454852154
470,03,-1.3339704251535219e-05,-6.768148279333628,0.00012620726580260901,277.2524915700113,2.6816236802583107
471,04,-2.4140652476206825e-05,-8.481860700141059,0.0,284.2523615995619,7.704519037034776
472,05,-3.631899526441482e-05,-17.44638056798135,0.0,288.52215093042514,2.19420731886997
473,06,-3.447691067930363e-05,-33.33076165534125,0.0,289.49784020724826,-2.731220611657037
478,11,-1.049799736220949e-05,11.533768935139973,4.4242540995279946e-07,280.0686911998748,7.461448430400424
479,12,-7.425197422547768e-06,21.47761040308142,5.2109628595331655e-05,279.4785891970973,-7.805834964444561
480,01,-8.170035396257738e-06,18.813249751593478,0.0003725200532585062,276.9462481465493,-13.357332215093798
481,02,-8.232899953890454e-06,13.675333238874163,6.108944188980828e-05,279.191337246032,0.13648359216962544
482,03,-1.7898125718357898e-05,7.876527682396675,0.0,280.7588669757638,-4.36647806013784
483,04,-2.786484313502215e-05,-15.88577495863173,0.0,283.32113693033864,4.106000278896755
484,05,-2.8741963674400066e-05,-37.081440074305384,0.0,284.36448736465616,-3.1204028086098297
485,06,-3.9525050331051005e-05,-23.208365014648436,0.0,290.2859401516385,11.051475863477918
487,08,-3.404563471354698e-05,-17.337182702177312,0.0,291.4738801791283,5.091376336723246
488,09,-2.6543087166161665e-05,-4.24653964674208,0.0,287.9392709560819,-1.7770658088896008
489,10,-1.8569231195137014e-05,10.235854191605762,0.0,284.78358039642666,6.308236840812109
490,11,-1.0039879183467646e-05,10.335369747924807,0.0,279.8074893178728,4.896114809354146
491,12,-8.260583359534854e-06,25.078029959073632,0.0,279.25270498681834,1.3985874090707433
492,01,-6.012859741277161e-06,22.106840989635838,1.4043623401272683e-08,279.3999776622403,0.20016098563901893
493,02,-1.5386156723984276e-05,31.748662168305497,1.7729275528041798e-05,280.04609204145413,-0.9163454450629221
494,03,-1.9840231885472768e-05,-1.8349693298339842,0.0,279.7202150045004,-1.952287807956819
496,05,-2.995519203009721e-05,-45.04488896819084,0.0,285.6595867329259,-5.563120721488871
497,06,-3.546342912159163e-05,-30.903872137790252,0.0,289.81179647657615,5.139373203955756
498,07,-3.552329937512147e-05,-24.55973527871409,0.0,289.7865116117744,-0.7900067844185773
499,08,-3.48960954878191e-05,-17.491402352609946,0.0,292.9717935617098,4.093506789135677
500,09,-2.4679065476549213e-05,-6.537764871215822,0.0,288.42726283230246,0.22758089597490075
501,10,-1.848353834580477e-05,14.114419966174706,0.0,284.57053201831286,4.539380098568496
502,11,-1.0186800306089735e-05,15.631692754109702,0.0,282.13784168768984,4.185152656957838
505,02,-9.005972841740524e-06,9.622026147751583,0.0020311918883096605,276.8945384240831,2.4646371848923816
506,03,-1.5948935392546162e-05,-0.9029574194467195,8.298632919147451e-08,279.32064444773675,-7.318563435933921
507,04,-2.588563685021654e-05,-27.98602328389486,1.457011964586046e-05,279.4237252683427,-6.421966052585177
508,05,-3.230829694098981e-05,-22.4746828918457,0.0,283.8163767559092,3.197428371347406
509,06,-3.7502937650666964e-05,-26.38411481492784,0.0,290.2330343007406,3.3414038293414645
510,07,-3.6336240956178925e-05,-19.074829963273896,0.0,290.67390889748197,2.9915820770673855
511,08,-3.444879628501263e-05,-12.903870650096605,0.0,289.92943471568117,-3.4263525877306535
513,10,-1.864643046111826e-05,14.62936670381279,0.0,285.1771994281072,1.9188417487605924
514,11,-1.0072340758698473e-05,9.36498726196289,2.1571267975701224e-05,281.017371949217,-4.3413511865403915
