,month,MER,MSSHF,RH,EA,ENSO
0,01,-7.186377549426466e-06,5.464709561255669,62.6901256937955,-0.98,0.47
1,02,-7.399999772068052e-06,2.729709174746558,52.295623941567676,1.28,0.26
2,03,-1.408509512223264e-05,7.08405715679866,62.090667984242096,-0.94,-0.08
4,05,-2.839083756912113e-05,-16.16055940262989,64.02205650719006,1.45,0.27
5,06,-3.330413338050373e-05,-22.16353809509278,52.028707694198026,0.15,-0.15
6,07,-3.0671342559486147e-05,-22.637875941122733,53.00265082314577,-0.59,-0.14
7,08,-2.8487004876296853e-05,-12.56110269165039,50.14281140049425,-0.92,0.44
8,09,-2.3132900744369383e-05,-4.023202255249023,42.3501046719922,-0.42,0.38
10,11,-1.1569333000928361e-05,13.890767045423724,49.679388139549886,0.62,0.52
11,12,-1.207531024335357e-05,24.691616260159407,64.98245628347064,0.94,0.65
12,01,-5.795284385228985e-06,8.867661568262244,49.01821534482766,-1.08,0.35
13,02,-7.359469057738698e-06,6.865867059466484,53.581606617508264,-0.13,0.19
14,03,-1.4070489600584629e-05,-6.186828353717764,55.02083505403355,0.18,0.41
15,04,-2.282624180893941e-05,-17.872287172783746,48.97103869282801,-1.99,0.59
16,05,-2.9285246377967465e-05,-30.998830406271004,47.47244699586335,-1.45,0.55
18,07,-3.1905643976779664e-05,-14.025872309859079,48.67037434149174,0.09,0.62
19,08,-3.1051088017916934e-05,-11.540256553403795,47.008779259716306,-0.68,0.15
20,09,-2.365392635981859e-05,-3.0327022542317708,42.946886476458445,0.9,0.2
21,10,-2.1172643707369163e-05,7.590982919672484,58.4636376896443,0.42,0.09
22,11,-1.4279194747299093e-05,14.235161112806532,54.54851769668525,-0.2,-0.03
24,01,-7.860688640385075e-06,20.899533713063885,47.875411116570554,-2.52,-0.33
25,02,-8.991757432514056e-06,2.888394768487839,50.11619150138895,-0.95,-0.24
26,03,-1.2076194787720939e-05,11.89821663673975,73.37905685201383,1.58,0.33
31,08,-2.8741253340065727e-05,-19.03508228654759,42.77699926753197,-1.48,-0.31
32,09,-2.269007780640903e-05,-3.5648343312581385,46.85175361700852,0.54,-0.01
33,10,-2.174942796122078e-05,9.781940688922843,60.93410625634399,0.16,-0.1
34,11,-1.4328458308167076e-05,19.586548003133142,54.57233108670976,0.01,-0.22
35,12,-7.687594037497059e-06,8.885675470167591,67.75924336626196,0.58,-0.16
37,02,-7.864293709969517e-06,5.468580898829869,51.56958197040644,-0.08,-0.47
38,03,-1.6001877676116956e-05,1.792558938959594,55.95160838729334,-0.47,-0.28
39,04,-2.3437909088230905e-05,-21.874123499891493,46.11000325809585,-0.97,-0.34
40,05,-2.9170486620455693e-05,-20.4214844770534,47.92201473479629,0.72,-0.03
41,06,-3.17826830204164e-05,-27.949367026435006,48.16991035015053,1.23,0.78
42,07,-3.416977696542745e-05,-21.999847670688425,39.2781192299025,-1.59,1.79
43,08,-3.1963929242763654e-05,-15.790871219429917,46.55304641459066,0.33,2.02
44,09,-2.1331834113273846e-05,-6.238656323920356,43.43915766518911,1.15,1.81
46,11,-1.519573135911843e-05,20.401449884033198,56.70156626680825,0.85,2.28
47,12,-1.0313162028783104e-05,17.753608460457098,55.75187243828721,-1.34,2.48
49,02,-1.1685804688698098e-05,2.732715975443522,46.129101684696614,-1.05,2.74
51,04,-2.090864053300013e-05,-10.60586452026367,65.75529212030038,1.31,2.79
52,05,-2.6606813441591635e-05,-11.409518621957432,66.050863289825,1.06,2.89
53,06,-3.6603149109497395e-05,-25.008415187242296,46.266101067479454,-0.92,2.02
54,07,-3.282222612492611e-05,-33.091220865229126,44.1499227373741,-1.72,0.75
56,09,-2.725831751290065e-05,0.9693071214463977,44.86737590899468,1.93,-0.41
57,10,-2.1395454446465794e-05,12.186390243366201,47.91972020449689,0.12,-0.43
58,11,-9.367185011372688e-06,10.117007967122396,41.05919099200301,0.04,-0.43
61,02,-9.682757584759485e-06,6.4267875001403105,47.08914505602986,-0.34,-0.52
62,03,-1.3818876191033916e-05,-6.2181760956138685,56.610379949503034,-0.9,-0.11
63,04,-2.3066575134180317e-05,-21.124448284233942,53.13685258980724,-0.4,0.09
67,08,-2.8069958612225798e-05,-17.017802792784988,42.472240740586344,-2.22,-0.15
68,09,-2.2138291550658728e-05,-0.809648367987739,66.94727416271104,-1.59,-0.11
69,10,-1.5594664512004833e-05,12.420039781796033,52.5519555827328,1.91,-0.15
70,11,-1.2000811908506469e-05,17.20852971835666,62.11537896577253,0.64,-0.58
71,12,-7.343828446024142e-06,12.754345215500043,59.86620702467682,-1.18,-0.31
72,01,-6.201572312694294e-06,7.789162023728894,59.71689801232405,-0.78,-0.25
73,02,-7.646551471441942e-06,-7.170963860648018,49.17462651499538,-0.14,-0.58
74,03,-1.1304150707112197e-05,-2.56875498781922,68.34861116093205,-0.56,-0.6
76,05,-2.800802443084893e-05,-16.149492612120927,55.7763452255995,-0.66,-1.22
77,06,-3.090711121482552e-05,-17.990251360066733,61.34983533646531,1.06,-0.57
78,07,-3.447742918110781e-05,-15.274860501197074,50.75858460182529,-0.23,-0.02
79,08,-3.3271033724499884e-05,-4.3656862228557625,49.79625837316948,0.63,-0.37
80,09,-2.244669017984254e-05,-3.3109654418945316,48.444472670045165,-0.18,-0.44
81,10,-1.5745955748394817e-05,1.4800897167574978,41.847355274659336,0.17,-0.04
82,11,-1.5779393952086846e-05,2.730464919026692,53.6031213278585,-0.17,0.0
83,12,-6.748697063030508e-06,22.216181771555252,62.92255071562849,0.12,-0.34
84,01,-1.0488508364736625e-05,25.802121266682942,67.17732922877546,-0.78,-0.36
85,02,-9.105866422227595e-06,-15.737989101954868,41.279925076501705,-0.59,-0.3
86,03,-1.09558865346488e-05,2.199697240357758,53.96111336709735,0.33,-0.39
87,04,-1.9242588071877733e-05,-14.953707265557181,61.57429541588492,0.1,-0.52
88,05,-3.1224375424332516e-05,-18.680161248648037,54.14751819698144,1.4,-0.18
90,07,-3.000731417455182e-05,-30.125119514383297,48.19723509739805,-0.71,0.56
91,08,-3.1366839325049225e-05,-20.726613564768147,49.22354232249208,-0.33,1.05
93,10,-1.7202233669146365e-05,6.4104873591597356,48.62927366667281,0.91,0.57
94,11,-1.2770530823662637e-05,20.62896745435927,57.76803370095226,0.72,0.65
96,01,-8.849628261046861e-06,-8.473066081057311,52.03738375666833,0.06,0.98
97,02,-5.771432554432804e-06,6.824847212655203,67.52644709656069,0.78,1.08
98,03,-1.3287096029671374e-05,-5.803373095440609,55.151999684815046,-1.53,1.47
99,04,-2.2575659647211267e-05,-11.442104777696397,52.015024873095086,0.76,1.66
100,05,-2.791426425801057e-05,-28.103053294192083,60.924986691195485,-0.9,1.91
101,06,-2.8837502824555686e-05,-20.989433822292757,61.5306473079814,0.95,2.02
103,08,-3.0242934917310693e-05,-13.572054321945357,50.633880177582476,-1.26,1.48
104,09,-2.5696148892024614e-05,-3.969099077690972,51.22118268649578,1.53,1.23
105,10,-1.9746457593286597e-05,13.28605210072507,59.41998880579267,1.01,1.13
106,11,-1.2423982501220758e-05,8.69252590874566,58.77474638277293,-0.54,0.85
107,12,-5.659096497726741e-06,10.619382738339004,50.16868590621025,0.95,0.75
108,01,-9.400724827868036e-06,23.76198229324177,64.8158600401199,0.99,0.59
109,02,-1.553154618433063e-05,17.196350676788683,61.10995617006565,-0.83,0.31
111,04,-2.4692344382775542e-05,-22.74501348402235,55.09817502149212,0.19,-0.01
112,05,-3.182606770285695e-05,-15.882362545546664,52.83810746537357,-0.01,-0.36
114,07,-3.385038605679304e-05,-9.511822006717805,59.07058047961163,1.25,-1.77
115,08,-3.211179117533902e-05,-13.866469908683532,47.473473327189375,0.77,-1.79
116,09,-2.5435363158006416e-05,2.907980506727431,49.177534459747214,0.42,-1.77
117,10,-1.6347254436593455e-05,7.273599919801116,47.520342997120274,-0.66,-1.54
119,12,-7.866494279115095e-06,20.208327730240367,52.71666673100892,-1.18,-1.49
120,01,-5.490775168401608e-06,12.580168148245866,46.32122026583841,0.7,-1.09
121,02,-1.1993180484209699e-05,15.243881237211681,52.799659086113884,0.22,-1.06
123,04,-2.3728384267512105e-05,-15.711892689005532,62.36782957411343,1.12,-1.09
124,05,-3.2913617601255e-05,-32.404015432706444,43.15242019264416,-0.26,-1.04
125,06,-3.3498540398290464e-05,-35.047065074327264,55.710710440916486,-0.87,-1.02
126,07,-3.3625666249610085e-05,-27.510599928661055,42.19065745926929,0.02,-1.12
127,08,-3.0036708770112647e-05,-17.0266568734774,43.458151734339296,-0.57,-0.73
129,10,-1.9913688146604526e-05,14.103063629806684,48.60193847477949,-0.35,-0.56
132,01,-9.708490018202875e-06,23.531725362798216,54.619796854420386,0.19,0.12
134,03,-1.7018775953137494e-05,2.372058311872584,47.98838851665681,1.31,0.61
135,04,-2.7999317039636173e-05,-19.276666238742408,46.732171709169286,-0.67,0.17
136,05,-3.125298669270236e-05,-34.3688931694441,36.06377147361027,-1.27,0.03
137,06,-3.068480971400681e-05,-23.63770078192817,52.16888050745726,0.57,0.04
138,07,-3.559518055198981e-05,-33.07448882301904,37.832517702871755,0.02,0.17
139,08,-2.897321149455781e-05,-28.290339532667595,47.590817581110095,-0.24,0.06
141,10,-1.8407037761653066e-05,10.48773665069252,49.92561818830045,0.18,-0.06
143,12,-1.0178729378000547e-05,19.264495642221096,49.02194799312469,-0.78,0.28
144,01,-9.804670876438911e-06,24.167181801416536,38.86062395377826,0.92,0.16
145,02,-6.996622216688376e-06,0.507544446309408,46.996895068120395,0.15,0.08
146,03,-1.2629808311264428e-05,-0.5304674036169569,53.76618897918476,0.7,0.21
147,04,-2.5889148811054637e-05,-18.50936585184733,50.20018549894757,-0.86,0.21
148,05,-2.5811937759284265e-05,-33.066711107479634,47.67298183366304,-2.66,0.35
150,07,-3.606362330103894e-05,-12.26554677852508,46.37869990175771,-0.86,0.88
151,08,-2.9805839779475068e-05,-22.79464663072811,38.70661156831249,0.05,0.42
152,09,-2.1833397036001162e-05,-8.548686426798504,39.4321560544822,0.48,0.62
154,11,-1.4646135411648073e-05,14.444811823866104,60.08639300202131,0.49,1.17
155,12,-7.654158530845394e-06,17.942148733159545,42.031411531264894,-1.3,1.29
156,01,-5.988280283046514e-06,9.900324605634134,41.55076964045469,-0.54,1.7
158,03,-1.6743815379482177e-05,3.675611719931326,56.535387553599556,-0.08,1.72
159,04,-2.3724830210206465e-05,-12.979907084147134,60.15185276207658,0.04,1.98
160,05,-3.502280750303383e-05,-18.415903687507882,37.98684394011575,0.53,1.69
161,06,-3.339920427913765e-05,-25.873405965508358,43.36981476617124,-0.31,1.58
162,07,-3.3542465003026134e-05,-26.574038988010855,46.61348771423679,-1.23,0.76
165,10,-1.9484351597922247e-05,1.9587082073252686,58.379234332862715,-2.36,0.81
166,11,-1.321692710625939e-05,23.694389510769323,50.96693710040848,1.0,0.73
168,01,-9.715480358609446e-06,34.39173987899288,57.42208674485646,0.63,0.83
169,02,-8.449411843078754e-06,-1.1622854381742926,41.2482318814184,-1.82,0.93
170,03,-1.4966802825774622e-05,-6.011914413616221,42.24266758934657,-0.03,0.78
171,04,-2.191761210872048e-05,-4.539731902737087,59.59964808656376,-1.08,0.98
172,05,-3.0932743489659034e-05,-26.541132331437964,51.168041845343446,-0.68,1.48
173,06,-3.281592492067931e-05,-24.277929318237305,46.836056776909025,-0.44,1.5
174,07,-3.3366269429406925e-05,-23.52127023184171,53.23872095220833,-1.41,0.91
175,08,-3.234485571499712e-05,-11.285276480397874,49.79429166342623,-0.81,0.62
176,09,-2.2725771390226628e-05,-2.4448908416748045,57.50485973500145,-0.46,0.64
177,10,-1.798888249350155e-05,2.3637267239478326,43.9463890340828,-1.13,0.95
178,11,-1.1587640056374466e-05,-1.8295716874864363,52.225245416957804,-0.77,0.7
179,12,-9.250304196792702e-06,31.236705364924607,64.63241229699248,0.43,0.26
180,01,-8.814763398506955e-06,28.086010490499522,59.814965074129006,0.0,0.02
181,02,-9.681430163471391e-06,-2.9269207930791947,54.97462990093799,0.83,-0.17
182,03,-1.5868986940443404e-05,12.424105568506382,56.25959003628518,0.7,-0.21
183,04,-2.4481364455176743e-05,-15.54007357143826,53.21672202842236,0.05,0.03
184,05,-2.8615912740195944e-05,-19.306992470361852,50.8592781971834,0.79,0.0
185,06,-3.390126228795352e-05,-22.424498955281575,49.86442946763436,0.74,0.25
186,07,-3.466171150601792e-05,-32.442688338413035,36.16844127948567,0.97,0.88
187,08,-3.527003988845888e-05,-15.806742182249662,41.714041907468136,0.75,0.84
190,11,-8.92097842036795e-06,12.752254605102538,55.27824593100681,0.76,0.99
191,12,-1.093666692604627e-05,22.757288210632986,53.902280609893545,0.97,0.87
192,01,-1.2804497735976505e-05,25.385474410518523,57.77612080058489,0.09,0.77
193,02,-1.271823695051786e-05,20.178666164579848,60.9734689490412,1.03,0.48
195,04,-2.3056703787511248e-05,-15.611610607231992,48.9374839578549,-1.71,0.18
197,06,-3.44918315846169e-05,-24.446217814466692,49.08188772321145,-1.84,-0.0
198,07,-3.591561413959817e-05,-25.92438248894804,39.340810654867084,-0.8,-0.25
199,08,-3.331847033315239e-05,-31.29434137422295,33.68999910253863,-2.09,-0.65
200,09,-2.6222378082234683e-05,-4.395296908230251,54.09243484116659,-0.37,-0.86
201,10,-1.4566836962311297e-05,5.514771194293934,41.310020164710224,0.53,-0.65
202,11,-1.3042386322538529e-05,9.068964893934462,58.53600206141338,-1.35,-0.67
204,01,-7.460320452180465e-06,-0.4728464959257379,45.67560021059616,-0.53,-0.83
205,02,-7.544903639281147e-06,5.38362545916678,55.18347650017959,-1.12,-0.81
208,05,-2.4253428110207234e-05,-26.022296560964275,51.92535755428705,-0.38,-0.83
209,06,-2.8253365109311642e-05,-38.732165323215064,41.61192797080808,-0.53,-0.9
210,07,-3.142641031134248e-05,-27.054918192217425,49.82263012584947,0.39,-0.76
211,08,-2.9903093116464793e-05,-15.358725825155936,42.33743624172287,-0.08,-0.6
212,09,-2.534073391895315e-05,-7.00570699428982,43.673043699496326,-0.95,-0.26
213,10,-1.7171301486478214e-05,8.106230379494288,51.02844809201841,0.49,-0.31
216,01,-3.583592048936e-06,-1.2817189340899076,35.36421269791357,-0.13,-0.66
218,03,-1.2413017713795421e-05,-3.0697627356744577,49.8996438915832,0.27,-0.29
219,04,-2.201332183204714e-05,-17.60772253417969,50.15108422283994,-1.91,0.17
220,05,-3.085946982284968e-05,-22.07697987414944,55.658551038389554,0.61,0.68
221,06,-3.476727682935032e-05,-20.254541469319665,56.16686724849277,-0.75,2.25
222,07,-3.376502295814329e-05,-20.43258258581674,48.29218798171063,-0.41,2.11
225,10,-2.0736059433235615e-05,1.8364669255082322,46.07108195983722,-1.5,2.01
226,11,-1.1372840429430654e-05,5.54297788119846,52.451002673839106,0.92,2.06
227,12,-9.893875752236308e-06,16.98351939342868,60.12797338394067,1.74,2.03
229,02,-7.893391973560764e-06,12.879144769577753,54.623768248409036,1.33,2.43
230,03,-1.582076560769428e-05,4.910139277304372,64.38913835901599,0.49,2.27
231,04,-2.2395207648413717e-05,-10.670934447903104,67.35853829729425,2.39,2.55
232,05,-3.182257207745645e-05,-20.036693252071256,51.31070372274871,-1.25,2.26
233,06,-3.4082233544055876e-05,-13.138249787733287,60.09514157660935,-0.03,0.37
234,07,-3.6390916169732936e-05,-13.917790471887077,46.5719772114318,1.04,-1.42
235,08,-3.4686337675251e-05,-19.754633603331865,40.27667498864153,1.31,-1.74
236,09,-2.4247977624205914e-05,0.3736279635959201,55.41774919654528,0.17,-1.31
237,10,-2.3367591303340108e-05,14.50471792602539,57.49670259841796,0.71,-1.21
239,12,-8.802920268002493e-06,22.454611907630838,51.308709990082264,0.67,-1.25
240,01,-9.430198710966792e-06,24.63400003675235,61.44896206574927,-0.27,-1.26
243,04,-2.54553507465769e-05,-17.42901027967665,53.24983413987689,1.01,-1.17
244,05,-3.422614240797327e-05,-20.88572949317194,50.723297991629586,0.41,-1.36
245,06,-3.759346314859108e-05,-24.964019442409946,49.104056137108806,0.13,-1.26
246,07,-3.775679561435789e-05,-20.12216363230059,34.70881050790896,0.48,-1.19
248,09,-2.59650643648355e-05,-3.5717024329291456,50.26974016195536,1.07,-1.17
249,10,-2.1588807777500546e-05,5.981483147405809,48.24640764357326,-0.16,-1.31
250,11,-1.3179962080519347e-05,12.654008286878799,52.50058610761298,-1.02,-1.33
251,12,-1.3700721242369786e-05,27.986750325848984,63.54783165261822,0.46,-1.43
253,02,-1.2230161100386137e-05,18.65321454909752,54.35344561065067,0.41,-1.27
257,06,-3.750390542944741e-05,-27.016546727159287,42.780413097916714,1.41,-1.14
258,07,-3.168135436499142e-05,-21.668345875401656,51.88578506780696,-0.27,-0.58
260,09,-2.4486756719630248e-05,-2.020394458007812,56.817002186003,-0.14,-0.36
261,10,-2.1893689024856883e-05,11.235235126454343,57.40779917159772,1.22,-0.55
262,11,-1.5146696185204038e-05,20.892512133110895,68.07071139411661,0.64,-0.91
263,12,-1.1904006665214989e-05,20.81303864280127,63.79751548051194,1.63,-0.8
264,01,-6.723928980547147e-06,14.384707934964087,53.25762820807451,1.53,-0.82
265,02,-9.421481274265325e-06,7.153048214503697,61.79020408172125,-0.39,-0.87
266,03,-1.3063552253355424e-05,-6.242824222359606,58.59238742218351,1.23,-0.79
269,06,-3.303585196628976e-05,-31.827683939954966,48.06642211600013,-0.14,-0.71
272,09,-2.8629883362433853e-05,-3.361749937269423,60.89090815499625,-0.98,-0.07
274,11,-1.4045017091525046e-05,9.019137569173179,50.75557469189433,-0.62,-0.32
275,12,-9.904081011676856e-06,14.487402564920403,52.82181985401466,-0.89,0.02
276,01,-6.60295483731882e-06,23.604068570044735,51.65779350411636,1.68,0.07
277,02,-1.6342577849974034e-05,27.257544948032923,61.67323920420096,1.43,-0.26
278,03,-1.718439095667989e-05,-2.8514695644583754,52.573686629964456,0.63,-0.2
279,04,-2.4829810814864887e-05,-14.182246478949653,49.20558492463959,-0.19,-0.36
281,06,-3.5836119472898846e-05,-20.466573669433593,50.7506326838851,1.65,0.4
282,07,-3.594073215623134e-05,-17.96138944137737,48.60045512300026,0.67,0.42
283,08,-3.0240783373966385e-05,-12.41071590333344,52.640142950275894,-0.39,0.97
285,10,-2.2813934475604865e-05,5.003235001430717,55.25826176021304,0.7,0.79
286,11,-9.433203981300014e-06,10.082439758300783,57.335292302331666,0.67,0.76
289,02,-9.213011075579354e-06,1.6289639434814458,40.65915042115535,-0.09,0.62
290,03,-1.4304734281419465e-05,-4.024482163624097,45.80751552796749,0.96,0.53
291,04,-2.383696288773839e-05,-17.2942943037245,47.44735419490735,-0.54,-0.08
292,05,-3.0977665722578726e-05,-19.48317038226384,57.695412786129985,1.73,-0.57
293,06,-3.491794925367785e-05,-29.63445593295627,48.58540389312637,1.31,-0.07
294,07,-3.637924248004731e-05,-25.786057973554062,44.12265574810709,1.26,0.01
297,10,-2.1305207502659715e-05,-2.352458050143333,49.86598729915773,-1.89,0.26
299,12,-8.986315398414586e-06,16.75842543636855,56.42778465677845,-0.49,0.1
300,01,-8.992702947169514e-06,20.66453995308825,64.87525535803712,-0.45,0.16
301,02,-1.1818901434843997e-05,12.780648606925178,58.06078212638148,0.32,-0.04
302,03,-1.5225630396960167e-05,1.0669384965794064,50.376974003080406,1.21,-0.44
303,04,-2.4217375733618005e-05,-11.611916856553819,59.49211039767795,-0.34,-0.23
304,05,-2.847669872224737e-05,-31.81054322043798,50.857990436966695,-1.18,-0.44
305,06,-3.421590459786078e-05,-30.121984181382924,54.56608841220009,0.67,-0.34
306,07,-3.5823426863228845e-05,-21.040274605699764,48.61712288511441,-0.23,0.43
307,08,-3.442271008691844e-05,-10.630728795861687,53.4802156332962,0.05,0.74
308,09,-3.09724094837697e-05,1.3779368174235027,41.60773183429904,0.09,0.54
309,10,-1.9737982986943505e-05,10.8786054316695,45.96995730125903,-0.6,0.34
310,11,-1.219442167142309e-05,8.63346869269477,52.650442458646836,-1.45,0.51
311,12,-6.509792311736683e-06,12.651209838210898,41.13814304297201,-1.19,0.51
312,01,-1.0532949036563073e-05,27.835473567839585,50.62756816835045,-1.77,0.08
313,02,-1.0796667724878803e-05,1.9850640389578682,54.967533898224424,-1.96,0.61
314,03,-1.2645556585016247e-05,2.2825399281491516,62.992716266741034,0.95,0.82
315,04,-2.402455134354872e-05,-12.38321820203993,55.9102142579476,1.54,0.13
316,05,-3.3327865934669755e-05,-23.83920729967343,52.369123788558014,1.03,0.18
317,06,-3.715115132452208e-05,-30.632264646063906,50.84424858076307,-1.6,0.2
318,07,-3.409394384040644e-05,-23.561669685609886,47.80977541725482,0.92,-0.02
319,08,-3.320200081173924e-05,-14.21000237282374,41.28222914207624,0.56,-0.01
320,09,-2.545146969718593e-05,-6.704652192857532,39.75358392157654,1.44,-0.05
321,10,-1.7187334372416657e-05,10.538457600583316,41.694871458662455,0.57,-0.71
322,11,-1.4535249143672345e-05,9.326381112670902,61.63253474075529,-0.36,-0.75
323,12,-9.12172876785682e-06,14.485518746324761,56.37181309181387,-1.22,-0.73
324,01,-6.5253165958961526e-06,7.280853728591756,43.42763289413273,-1.03,-0.68
325,02,-8.8568046297561e-06,4.634872235616048,55.29220876641359,-0.59,-0.5
326,03,-1.3873502668170125e-05,-4.782673361173239,59.930227692120816,-0.68,-0.61
327,04,-2.37631702343909e-05,-18.782449027506512,53.65862876264652,1.07,-0.84
328,05,-3.370682173148433e-05,-13.439136345319852,55.415879218805216,1.15,-0.43
330,07,-3.3670624993676266e-05,-35.11209074615151,34.7803111832411,0.83,0.11
331,08,-3.203818718891423e-05,-14.970106861073484,56.166526000266416,-0.52,0.56
332,09,-2.4569920312832332e-05,-1.9050392035590278,48.50952039943403,1.82,0.63
333,10,-2.0357669840078775e-05,8.929626497002058,49.91160704086961,0.66,0.68
334,11,-1.6638314112929544e-05,21.698549422539603,51.20864173750348,1.68,0.9
335,12,-1.1844671387852061e-05,21.158474252352146,51.61357204472506,1.0,0.59
336,01,-1.3167410284109127e-05,32.71415653975292,54.798027210791915,1.51,0.62
337,02,-9.635896793779033e-06,12.227102448962983,62.05461917357218,1.68,0.39
338,03,-1.969343553138324e-05,2.858439688077537,50.951221448258686,0.21,-0.22
341,06,-3.458860908376663e-05,-19.802041976589628,51.81401281598541,0.55,-0.86
342,07,-4.0491175616739144e-05,-14.380545316962786,51.51913973191349,-0.03,-0.77
343,08,-3.430768915528969e-05,-11.902402343421853,46.669440629773256,0.07,-0.93
344,09,-2.677926907070085e-05,-2.246240928141275,48.58724766878287,-0.52,-1.1
346,11,-1.4172945336880124e-05,15.984315191311307,55.0159122577058,-2.07,-1.13
347,12,-9.103623443880553e-06,18.67049515623687,44.72693699303237,-0.12,-1.22
349,02,-9.733829621899499e-06,11.488472740085646,43.235250111784055,0.47,-1.27
350,03,-2.0140387961912898e-05,4.352542552004578,67.29393991330491,0.16,-1.54
351,04,-2.446588194630345e-05,-15.287676639472116,50.48518859204715,0.88,-1.13
353,06,-3.476253857051133e-05,-32.52892781643338,47.80475471985869,0.85,-0.86
355,08,-3.3834556450724496e-05,-9.036356891591062,49.02626591384924,-0.08,-1.08
356,09,-2.5189189388381943e-05,-2.5223080678304033,46.95382839618127,-0.3,-1.07
357,10,-1.8222273044254205e-05,6.518695762716314,54.30898137165141,0.08,-1.12
359,12,-6.623100362498576e-06,8.910789440196046,51.189781416840454,-1.44,-1.05
360,01,-6.219402897665034e-06,13.638463789416898,56.756673166043,1.13,-1.01
361,02,-6.55127283612057e-06,7.2258432279314295,62.426701213981424,-0.72,-0.85
362,03,-1.4006747319585248e-05,0.15545269151913163,60.10794240493287,-1.34,-0.94
363,04,-2.2896213735516033e-05,-13.763160278998479,44.90089633327524,0.26,-0.81
364,05,-3.152253704363203e-05,-24.89160391596312,50.72287625494953,1.12,-0.72
365,06,-3.4585202314802804e-05,-32.20444840494791,47.13420631794532,-1.05,-0.06
366,07,-3.995988693131167e-05,-23.939954596078525,46.67216465320125,0.33,0.49
367,08,-3.326769469126164e-05,-18.63527480389995,42.41847231385144,1.85,0.52
368,09,-2.396435872586961e-05,-8.675344586181641,43.626415080409586,0.59,0.39
369,10,-1.8213049179844e-05,4.716025361748153,49.256211021474606,0.96,0.56
370,11,-1.3997967538165946e-05,28.005924584282763,63.3120259418408,1.48,1.05
371,12,-8.896478755051119e-06,9.686923075029926,62.37685010996686,0.93,0.96
372,01,-6.091251291421628e-06,2.9262350808420488,60.36061479552843,0.38,0.93
374,03,-1.4227020407356234e-05,-0.1344084672825314,56.345688745778084,1.23,1.31
375,04,-2.4690822054900404e-05,-20.66956467929416,50.227940069592,0.09,0.49
376,05,-2.827942739082006e-05,-27.387183430333288,51.416537502500645,-1.39,-0.17
377,06,-3.182083758476639e-05,-35.711798379855686,43.71565713060168,0.34,-1.33
378,07,-3.4407490462771055e-05,-31.11366353779454,49.13440625845617,1.8,-2.43
380,09,-2.3803562745282155e-05,-1.7829848341200085,47.799041656389505,0.55,-2.28
381,10,-1.8914465963579488e-05,8.677334267236855,54.52403665949838,-0.78,-2.18
382,11,-1.1904203317903414e-05,4.708053307088217,64.34552551558414,0.24,-2.04
383,12,-7.738160395268594e-06,4.967533013128466,56.59717789244652,-0.49,-1.91
384,01,-4.432973011169315e-06,15.641597058367989,49.85520389962581,-1.31,-1.83
385,02,-7.274441715534998e-06,7.353929252261208,64.81677477946593,0.41,-1.63
386,03,-1.235675504704564e-05,-6.3443144091534345,43.386579177287324,-0.77,-1.79
387,04,-2.5035789431644346e-05,-14.869033695136176,49.48712501599656,-0.59,-1.74
388,05,-3.0008848766624646e-05,-32.62149781881353,48.67582858574712,-0.67,-1.29
389,06,-3.4230032604055946e-05,-25.01744469502767,49.43961729888122,-0.22,-1.08
391,08,-3.274760770019843e-05,-10.64563058373236,50.85391145080519,1.04,-0.88
392,09,-2.5484862159343414e-05,2.648160398695204,48.54894579696125,1.77,-1.16
393,10,-1.916051529891168e-05,8.726722329416583,41.10612051369683,-0.28,-1.37
394,11,-8.12447487300637e-06,7.208228931681314,45.10324230610001,-0.09,-1.21
395,12,-1.2744765838047034e-05,29.389911852764826,62.27082245179138,0.11,-1.24
396,01,-9.557997748420493e-06,23.492998173539362,55.985124487241116,-1.76,-1.08
397,02,-6.941694202459045e-06,2.77444112036694,54.92825397600388,-1.73,-0.67
398,03,-1.1845709033173812e-05,-9.130659757880753,42.53471919810516,-0.64,-0.59
399,04,-2.412122515035865e-05,-15.116672309705946,65.52592149374486,-0.28,-0.43
400,05,-3.2719707248821014e-05,-19.41600187732328,54.71462800888861,0.52,-0.35
401,06,-3.633841799156573e-05,-15.284035491265191,54.862410076340026,-0.11,-0.28
402,07,-3.9630504535585143e-05,-18.105863085346844,55.33667580591222,1.02,0.3
403,08,-3.664081436780238e-05,-14.530181596981583,48.63167088847007,1.36,-0.06
404,09,-2.780254297756781e-05,-4.337274759928387,47.643611919113,0.38,-0.32
405,10,-1.749340033099435e-05,6.576196681525118,62.883388684188155,-0.32,-0.22
406,11,-9.782895505729057e-06,13.286790387301977,48.36725960095062,1.15,-0.07
407,12,-8.270612005098982e-06,23.135962751162953,68.44660146777348,0.68,-0.07
408,01,-7.079607454118081e-06,9.77005108642578,59.36599973937003,0.88,-0.05
411,04,-2.0434202846445263e-05,-16.983018215264217,45.651346360141694,1.31,-0.37
412,05,-2.7662325821888435e-05,-23.158452428017892,56.92952051083376,0.14,-0.71
413,06,-3.319209287441886e-05,-26.815010833062065,45.349666944320994,0.66,-1.18
414,07,-3.405638901301333e-05,-27.630988150319745,40.32137145659744,0.63,-0.85
415,08,-3.2683108437937644e-05,-17.84199171037572,39.46305893081491,0.34,-0.5
416,09,-2.475842662511746e-05,-8.054260448540582,49.65095689521101,-0.57,-0.38
417,10,-1.765674730958508e-05,13.677036990258001,51.31546706972713,1.39,-0.16
418,11,-1.2026654228591521e-05,13.685960133870443,60.59634180396663,0.09,-0.18
419,12,-9.44601224512954e-06,28.97793200421077,55.46996279250422,1.2,-0.35
420,01,-8.580053124215514e-06,22.96357862870411,63.49304372530727,1.37,-0.51
421,02,-1.1990748406116751e-05,26.598223410470148,61.15281964255657,2.23,-0.43
422,03,-1.6731313326227373e-05,-1.3453218475669946,47.843510205716214,0.92,-0.08
423,04,-2.3883861623916246e-05,-16.521862002224392,58.86005653639768,0.52,-0.16
424,05,-3.2321809314922687e-05,-17.350711201329386,63.11191008513332,0.38,-0.18
426,07,-3.570791800838603e-05,-18.498887496784167,52.862582088247414,0.58,0.32
427,08,-3.5946427165531874e-05,-15.756697428713563,51.75170243226714,0.75,0.16
428,09,-2.0748739615697153e-05,-9.244409510294595,35.08465283191469,0.2,-0.15
429,10,-1.6616273676728237e-05,8.951883064844276,46.06859467966968,1.02,0.07
430,11,-1.0089955154782932e-05,6.784489759657117,59.376273723493675,0.43,0.34
431,12,-1.0581146033268115e-05,22.95546643394552,54.273882943514856,-0.59,0.34
432,01,-9.2527426375611e-06,26.340960131573418,62.63006211892765,1.11,0.23
434,03,-1.5915630637317265e-05,-1.6360386480515998,44.90566300547765,1.2,0.13
436,05,-3.070366395367009e-05,-25.76910455847299,53.73915812349191,0.71,0.96
437,06,-3.477750818122634e-05,-31.860220404391814,46.7203716229452,1.06,1.85
438,07,-3.7615658574522775e-05,-25.170489753641114,45.05531850020347,0.22,1.73
439,08,-3.326061218056918e-05,-12.586229408838417,52.3345120203854,1.08,1.92
441,10,-1.3186316454061119e-05,-1.463842040031187,51.45971762442205,0.22,2.11
443,12,-8.385574634596725e-06,33.275967709449034,59.292129598577816,3.14,1.9
444,01,-9.004527324929857e-06,20.359526514525058,60.00615774854665,1.01,1.94
445,02,-1.2519085415486441e-05,14.879537966322628,54.698993667597065,1.85,1.81
446,03,-1.4810545610421827e-05,-5.396197126162949,59.004922374092125,0.71,1.31
447,04,-2.7581765115751797e-05,-20.820068422105575,57.557788026644126,0.97,1.33
448,05,-3.16294027814815e-05,-19.310568396455505,50.32535560724812,0.22,1.26
449,06,-3.356170396635004e-05,-23.02242342732747,60.87640379265148,0.41,0.36
451,08,-3.3272750999810424e-05,-17.014684508621052,43.397001161080546,2.08,-0.28
452,09,-2.4645985519115736e-05,-7.889081433783638,37.34792189491059,3.48,-0.34
453,10,-1.526362983537594e-05,-3.798430909843855,48.34944315867911,0.42,-0.6
454,11,-1.1750765303218536e-05,10.89123139716254,54.5964946256227,-0.45,-0.51
455,12,-4.447676278540448e-06,15.633635981405934,42.93341399640295,0.87,-0.34
459,04,-2.5679135762624757e-05,-26.331729773288306,46.84454056873057,-0.62,-0.21
460,05,-2.9667726341906155e-05,-25.198657173730993,56.839670298081565,0.54,0.17
461,06,-3.566179110415154e-05,-31.36642959594727,52.944568701901716,2.03,-0.29
462,07,-3.888270218750779e-05,-23.176640851420746,56.14024401203919,1.83,-0.7
463,08,-3.333480648354688e-05,-12.395997953681537,44.035043613662005,2.02,-0.77
464,09,-2.5415033401845397e-05,-5.530321179199219,52.86381167994076,1.58,-0.8
465,10,-2.0550294828412475e-05,15.281469091599986,50.30405073937036,0.62,-0.63
466,11,-1.2597567349661808e-05,15.910226154920792,53.90823562632401,0.12,-0.63
468,01,-8.493993727101315e-06,23.796599253992884,55.116003269850566,0.55,-0.77
470,03,-1.3339704251535219e-05,-6.768148279333628,63.03257818707726,-0.62,-0.79
471,04,-2.4140652476206825e-05,-8.481860700141059,60.03202422682047,1.13,-1.29
473,06,-3.447691067930363e-05,-33.33076165534125,39.74884000571834,-0.54,-0.51
475,08,-3.324744642680256e-05,-25.59706884437479,43.61733073811633,1.82,0.36
476,09,-2.7110998255941223e-05,-4.088550005425346,48.59134079140956,0.15,0.52
479,12,-7.425197422547768e-06,21.47761040308142,53.53903508252609,1.44,0.13
480,01,-8.170035396257738e-06,18.813249751593478,61.34680531404607,-1.67,0.08
481,02,-8.232899953890454e-06,13.675333238874163,51.283400613031226,-0.12,0.52
482,03,-1.7898125718357898e-05,7.876527682396675,54.192069970153995,0.94,0.77
483,04,-2.786484313502215e-05,-15.88577495863173,41.53150874974462,-0.96,0.33
484,05,-2.8741963674400066e-05,-37.081440074305384,54.09692304540707,-0.64,0.26
487,08,-3.404563471354698e-05,-17.337182702177312,41.57153246440298,1.93,0.3
488,09,-2.6543087166161665e-05,-4.24653964674208,45.73786681658825,2.19,0.15
490,11,-1.0039879183467646e-05,10.335369747924807,64.20363267016013,0.07,0.45
491,12,-8.260583359534854e-06,25.078029959073632,56.60606037604423,0.81,0.41
493,02,-1.5386156723984276e-05,31.748662168305497,64.97568837541958,1.38,0.3
494,03,-1.9840231885472768e-05,-1.8349693298339842,46.56073982853019,-0.11,0.15
496,05,-2.995519203009721e-05,-45.04488896819084,46.51938461271666,0.06,-0.24
497,06,-3.546342912159163e-05,-30.903872137790252,54.092656515480414,-0.08,-0.73
498,07,-3.552329937512147e-05,-24.55973527871409,49.31133174363516,0.46,-1.0
499,08,-3.48960954878191e-05,-17.491402352609946,46.845165995435046,1.57,-0.99
500,09,-2.4679065476549213e-05,-6.537764871215822,41.4254565234277,1.95,-1.19
502,11,-1.0186800306089735e-05,15.631692754109702,47.969248177954896,0.05,-1.15
503,12,-6.893300624729055e-06,15.732371215492165,60.65007041392917,-0.8,-1.16
504,01,-7.860778656987515e-06,14.34612370152627,66.80461903254064,-0.04,-1.2
505,02,-9.005972841740524e-06,9.622026147751583,54.51137783175566,1.22,-0.95
506,03,-1.5948935392546162e-05,-0.9029574194467195,53.47545231677126,-0.18,-0.79
507,04,-2.588563685021654e-05,-27.98602328389486,47.86236142485672,0.31,-0.96
508,05,-3.230829694098981e-05,-22.4746828918457,60.26473778712485,0.8,-1.06
509,06,-3.7502937650666964e-05,-26.38411481492784,47.88007799596918,1.02,-1.11
510,07,-3.6336240956178925e-05,-19.074829963273896,48.14752719921964,2.16,-1.53
512,09,-2.3354238802332672e-05,-7.743464881388346,41.71682162190013,1.7,-1.41
513,10,-1.864643046111826e-05,14.62936670381279,46.729617401201246,0.86,-1.47
514,11,-1.0072340758698473e-05,9.36498726196289,49.88987413275507,-0.91,-1.4
