,month,MER,MSSHF,RH,SCA,sst
1,02,-7.399999772068052e-06,2.729709174746558,52.295623941567676,0.19,-252.22986
2,03,-1.408509512223264e-05,7.08405715679866,62.090667984242096,0.75,-260.53854
5,06,-3.330413338050373e-05,-22.16353809509278,52.028707694198026,0.19,57.20832
6,07,-3.0671342559486147e-05,-22.637875941122733,53.00265082314577,-1.45,208.84656
7,08,-2.8487004876296853e-05,-12.56110269165039,50.14281140049425,0.38,300.37964
8,09,-2.3132900744369383e-05,-4.023202255249023,42.3501046719922,-1.41,270.90286
9,10,-1.6345863611966567e-05,2.642213581372333,56.92965585534547,1.26,152.34299
11,12,-1.207531024335357e-05,24.691616260159407,64.98245628347064,0.35,-111.867386
13,02,-7.359469057738698e-06,6.865867059466484,53.581606617508264,0.82,-260.85107
14,03,-1.4070489600584629e-05,-6.186828353717764,55.02083505403355,1.27,-266.91058
16,05,-2.9285246377967465e-05,-30.998830406271004,47.47244699586335,0.68,-112.411354
17,06,-3.014735746900341e-05,-26.066622504679362,62.37913317463399,0.32,52.634903
18,07,-3.1905643976779664e-05,-14.025872309859079,48.67037434149174,0.63,211.24356
19,08,-3.1051088017916934e-05,-11.540256553403795,47.008779259716306,-1.35,298.4673
21,10,-2.1172643707369163e-05,7.590982919672484,58.4636376896443,-1.17,139.33658
22,11,-1.4279194747299093e-05,14.235161112806532,54.54851769668525,-0.4,3.4864655
23,12,-7.873070872231058e-06,26.063403682913826,61.380955716897084,-1.51,-120.93493
24,01,-7.860688640385075e-06,20.899533713063885,47.875411116570554,-0.75,-213.5163
25,02,-8.991757432514056e-06,2.888394768487839,50.11619150138895,0.59,-258.17285
26,03,-1.2076194787720939e-05,11.89821663673975,73.37905685201383,-0.87,-264.25403
27,04,-2.2320882245185202e-05,-19.334173597547743,50.02077896680037,-1.34,-210.73941
28,05,-3.0310256707952082e-05,-17.47440350473055,59.34436809112436,1.42,-100.55655
29,06,-3.0904296795920855e-05,-15.787571440294057,51.69619375912348,-1.07,58.59224
31,08,-2.8741253340065727e-05,-19.03508228654759,42.77699926753197,-0.05,307.4229
32,09,-2.269007780640903e-05,-3.5648343312581385,46.85175361700852,-0.06,276.63046
34,11,-1.4328458308167076e-05,19.586548003133142,54.57233108670976,-0.69,14.451752
35,12,-7.687594037497059e-06,8.885675470167591,67.75924336626196,-0.47,-114.46741
36,01,-5.276928763964617e-06,11.574925520045783,58.01885871766587,-0.77,-211.77704
38,03,-1.6001877676116956e-05,1.792558938959594,55.95160838729334,0.72,-258.2975
39,04,-2.3437909088230905e-05,-21.874123499891493,46.11000325809585,-1.57,-213.73123
40,05,-2.9170486620455693e-05,-20.4214844770534,47.92201473479629,-0.86,-101.15191
41,06,-3.17826830204164e-05,-27.949367026435006,48.16991035015053,-0.95,47.358482
43,08,-3.1963929242763654e-05,-15.790871219429917,46.55304641459066,-0.5,286.40326
44,09,-2.1331834113273846e-05,-6.238656323920356,43.43915766518911,-0.3,260.56183
45,10,-1.6551261839878706e-05,3.491510892150223,54.79260846710333,1.47,143.65935
46,11,-1.519573135911843e-05,20.401449884033198,56.70156626680825,0.21,7.842593
47,12,-1.0313162028783104e-05,17.753608460457098,55.75187243828721,-0.28,-126.405945
49,02,-1.1685804688698098e-05,2.732715975443522,46.129101684696614,0.47,-267.86932
50,03,-1.3839232150540515e-05,-0.5926843497983868,57.115805566785156,-0.52,-274.14963
51,04,-2.090864053300013e-05,-10.60586452026367,65.75529212030038,1.24,-225.56624
52,05,-2.6606813441591635e-05,-11.409518621957432,66.050863289825,1.48,-107.505936
53,06,-3.6603149109497395e-05,-25.008415187242296,46.266101067479454,-0.55,37.92242
54,07,-3.282222612492611e-05,-33.091220865229126,44.1499227373741,0.74,191.11409
55,08,-2.6941880611302234e-05,-27.08358682743196,31.77761535606461,-0.44,292.089
56,09,-2.725831751290065e-05,0.9693071214463977,44.86737590899468,0.06,269.85336
58,11,-9.367185011372688e-06,10.117007967122396,41.05919099200301,-1.83,13.493301
59,12,-8.522425015388596e-06,21.808005747805364,57.410435429080856,-1.87,-119.186615
62,03,-1.3818876191033916e-05,-6.2181760956138685,56.610379949503034,1.46,-271.88245
63,04,-2.3066575134180317e-05,-21.124448284233942,53.13685258980724,1.51,-224.89044
64,05,-2.301351515928619e-05,-21.276121071107926,61.30564291210714,0.98,-104.19243
65,06,-3.0384449369921637e-05,-25.249517172580298,53.14751710217263,0.03,54.587456
66,07,-3.052118788760435e-05,-16.333257173927887,51.58020934386151,-0.72,216.52318
67,08,-2.8069958612225798e-05,-17.017802792784988,42.472240740586344,1.24,307.5296
68,09,-2.2138291550658728e-05,-0.809648367987739,66.94727416271104,-0.38,272.46396
70,11,-1.2000811908506469e-05,17.20852971835666,62.11537896577253,1.13,6.986189
71,12,-7.343828446024142e-06,12.754345215500043,59.86620702467682,2.84,-117.38252
72,01,-6.201572312694294e-06,7.789162023728894,59.71689801232405,0.41,-218.79028
73,02,-7.646551471441942e-06,-7.170963860648018,49.17462651499538,-0.2,-266.95807
75,04,-2.3272295822324753e-05,-10.486857863362628,59.37646033687326,-0.88,-220.90436
76,05,-2.800802443084893e-05,-16.149492612120927,55.7763452255995,1.28,-110.9292
77,06,-3.090711121482552e-05,-17.990251360066733,61.34983533646531,0.11,46.441315
78,07,-3.447742918110781e-05,-15.274860501197074,50.75858460182529,0.15,198.32935
79,08,-3.3271033724499884e-05,-4.3656862228557625,49.79625837316948,0.25,291.37387
82,11,-1.5779393952086846e-05,2.730464919026692,53.6031213278585,0.06,13.617164
83,12,-6.748697063030508e-06,22.216181771555252,62.92255071562849,0.06,-119.17851
85,02,-9.105866422227595e-06,-15.737989101954868,41.279925076501705,0.94,-265.54004
86,03,-1.09558865346488e-05,2.199697240357758,53.96111336709735,1.15,-273.51154
90,07,-3.000731417455182e-05,-30.125119514383297,48.19723509739805,-1.95,195.09534
91,08,-3.1366839325049225e-05,-20.726613564768147,49.22354232249208,0.55,296.59268
94,11,-1.2770530823662637e-05,20.62896745435927,57.76803370095226,0.15,8.774697
95,12,-1.128779906788603e-05,28.043287035542146,58.52688881322774,0.49,-120.90277
96,01,-8.849628261046861e-06,-8.473066081057311,52.03738375666833,0.18,-217.2984
97,02,-5.771432554432804e-06,6.824847212655203,67.52644709656069,-0.52,-267.06378
98,03,-1.3287096029671374e-05,-5.803373095440609,55.151999684815046,1.03,-273.7844
99,04,-2.2575659647211267e-05,-11.442104777696397,52.015024873095086,0.66,-229.14401
100,05,-2.791426425801057e-05,-28.103053294192083,60.924986691195485,-1.4,-117.17105
101,06,-2.8837502824555686e-05,-20.989433822292757,61.5306473079814,0.32,35.993332
102,07,-3.379324687933062e-05,-20.07741719498173,55.40260847481861,-0.97,189.22952
103,08,-3.0242934917310693e-05,-13.572054321945357,50.633880177582476,-1.65,277.29932
104,09,-2.5696148892024614e-05,-3.969099077690972,51.22118268649578,-1.01,253.85886
105,10,-1.9746457593286597e-05,13.28605210072507,59.41998880579267,1.4,142.07108
106,11,-1.2423982501220758e-05,8.69252590874566,58.77474638277293,0.36,5.8022494
108,01,-9.400724827868036e-06,23.76198229324177,64.8158600401199,0.72,-213.03107
109,02,-1.553154618433063e-05,17.196350676788683,61.10995617006565,0.6,-266.65732
110,03,-1.4791143874625109e-05,4.141464673442225,71.63935923557511,0.49,-269.48718
111,04,-2.4692344382775542e-05,-22.74501348402235,55.09817502149212,-0.96,-214.66971
113,06,-2.7714982728361462e-05,-28.63852083367242,47.29024293223089,1.93,55.61129
116,09,-2.5435363158006416e-05,2.907980506727431,49.177534459747214,-1.08,266.0759
118,11,-1.0307503538792339e-05,7.8851572241889105,46.36847800110711,-1.75,9.075396
119,12,-7.866494279115095e-06,20.208327730240367,52.71666673100892,-1.98,-116.25726
120,01,-5.490775168401608e-06,12.580168148245866,46.32122026583841,-0.31,-207.8729
121,02,-1.1993180484209699e-05,15.243881237211681,52.799659086113884,-1.14,-251.08003
122,03,-1.7582771425163286e-05,5.919001820882161,61.97907953674307,-0.62,-257.86932
123,04,-2.3728384267512105e-05,-15.711892689005532,62.36782957411343,1.96,-202.82315
124,05,-3.2913617601255e-05,-32.404015432706444,43.15242019264416,-1.85,-90.98897
126,07,-3.3625666249610085e-05,-27.510599928661055,42.19065745926929,0.2,222.47275
127,08,-3.0036708770112647e-05,-17.0266568734774,43.458151734339296,0.21,317.20615
128,09,-2.1827326350689368e-05,-6.781363076782227,44.02462579022247,0.59,285.23724
129,10,-1.9913688146604526e-05,14.103063629806684,48.60193847477949,-0.65,159.0278
130,11,-1.311930024130561e-05,7.912713109334308,43.72629240063826,0.89,20.772484
131,12,-7.719866410816296e-06,20.033501539989185,45.286219627095804,-1.58,-107.265594
132,01,-9.708490018202875e-06,23.531725362798216,54.619796854420386,0.16,-198.7802
135,04,-2.7999317039636173e-05,-19.276666238742408,46.732171709169286,-0.72,-203.16711
136,05,-3.125298669270236e-05,-34.3688931694441,36.06377147361027,0.74,-92.21695
137,06,-3.068480971400681e-05,-23.63770078192817,52.16888050745726,0.03,63.694977
138,07,-3.559518055198981e-05,-33.07448882301904,37.832517702871755,-0.79,225.9165
139,08,-2.897321149455781e-05,-28.290339532667595,47.590817581110095,-0.15,317.8998
141,10,-1.8407037761653066e-05,10.48773665069252,49.92561818830045,1.22,177.81204
143,12,-1.0178729378000547e-05,19.264495642221096,49.02194799312469,-0.15,-95.24594
144,01,-9.804670876438911e-06,24.167181801416536,38.86062395377826,0.0,-188.29535
145,02,-6.996622216688376e-06,0.507544446309408,46.996895068120395,1.72,-241.6419
146,03,-1.2629808311264428e-05,-0.5304674036169569,53.76618897918476,0.92,-247.06071
147,04,-2.5889148811054637e-05,-18.50936585184733,50.20018549894757,-0.86,-197.41455
148,05,-2.5811937759284265e-05,-33.066711107479634,47.67298183366304,-1.53,-97.24032
149,06,-2.987989489524302e-05,-20.686577268473304,57.62339900992447,-0.71,65.5536
151,08,-2.9805839779475068e-05,-22.79464663072811,38.70661156831249,-0.28,306.43024
152,09,-2.1833397036001162e-05,-8.548686426798504,39.4321560544822,-1.37,275.7827
153,10,-2.004618059737534e-05,2.17344532234438,45.307421456006274,0.18,165.01416
154,11,-1.4646135411648073e-05,14.444811823866104,60.08639300202131,0.02,26.175278
155,12,-7.654158530845394e-06,17.942148733159545,42.031411531264894,0.01,-104.622574
156,01,-5.988280283046514e-06,9.900324605634134,41.55076964045469,-0.02,-201.14676
157,02,-7.568776633878318e-06,10.513905402874128,42.596786469010105,-0.03,-250.924
158,03,-1.6743815379482177e-05,3.675611719931326,56.535387553599556,0.41,-253.72388
159,04,-2.3724830210206465e-05,-12.979907084147134,60.15185276207658,0.32,-207.62717
161,06,-3.339920427913765e-05,-25.873405965508358,43.36981476617124,2.34,59.82915
162,07,-3.3542465003026134e-05,-26.574038988010855,46.61348771423679,-1.03,200.18976
163,08,-3.290884278264643e-05,-13.404264240552024,52.83446418771308,-1.24,290.70578
164,09,-2.5466491539959356e-05,-1.4094354346381297,48.6797681992597,1.59,267.26404
165,10,-1.9484351597922247e-05,1.9587082073252686,58.379234332862715,-0.08,146.50885
166,11,-1.321692710625939e-05,23.694389510769323,50.96693710040848,-0.73,7.4369793
167,12,-8.425528942156701e-06,11.411874493342573,45.69198678764476,-0.18,-115.59826
168,01,-9.715480358609446e-06,34.39173987899288,57.42208674485646,-1.29,-202.50323
169,02,-8.449411843078754e-06,-1.1622854381742926,41.2482318814184,0.06,-250.72075
170,03,-1.4966802825774622e-05,-6.011914413616221,42.24266758934657,-0.1,-258.13947
171,04,-2.191761210872048e-05,-4.539731902737087,59.59964808656376,0.59,-212.81726
172,05,-3.0932743489659034e-05,-26.541132331437964,51.168041845343446,1.49,-100.4822
173,06,-3.281592492067931e-05,-24.277929318237305,46.836056776909025,-0.48,54.54123
174,07,-3.3366269429406925e-05,-23.52127023184171,53.23872095220833,-0.18,201.34389
175,08,-3.234485571499712e-05,-11.285276480397874,49.79429166342623,-0.63,293.77292
176,09,-2.2725771390226628e-05,-2.4448908416748045,57.50485973500145,1.18,265.55255
177,10,-1.798888249350155e-05,2.3637267239478326,43.9463890340828,0.76,149.58658
178,11,-1.1587640056374466e-05,-1.8295716874864363,52.225245416957804,1.9,11.538925
180,01,-8.814763398506955e-06,28.086010490499522,59.814965074129006,-0.24,-207.3103
181,02,-9.681430163471391e-06,-2.9269207930791947,54.97462990093799,1.25,-251.5246
182,03,-1.5868986940443404e-05,12.424105568506382,56.25959003628518,-0.72,-255.36963
183,04,-2.4481364455176743e-05,-15.54007357143826,53.21672202842236,0.4,-203.52516
184,05,-2.8615912740195944e-05,-19.306992470361852,50.8592781971834,0.52,-93.53193
186,07,-3.466171150601792e-05,-32.442688338413035,36.16844127948567,0.6,229.71674
187,08,-3.527003988845888e-05,-15.806742182249662,41.714041907468136,0.5,325.623
188,09,-2.649383951805552e-05,-2.2674784339057075,50.77799905458556,-0.02,293.55963
189,10,-1.8016295581522476e-05,4.47270425086893,52.33998963107474,-1.33,179.6479
190,11,-8.92097842036795e-06,12.752254605102538,55.27824593100681,-0.53,30.471762
191,12,-1.093666692604627e-05,22.757288210632986,53.902280609893545,1.35,-98.71916
192,01,-1.2804497735976505e-05,25.385474410518523,57.77612080058489,-0.09,-200.36382
193,02,-1.271823695051786e-05,20.178666164579848,60.9734689490412,-2.08,-252.34296
195,04,-2.3056703787511248e-05,-15.611610607231992,48.9374839578549,-0.98,-210.74808
196,05,-3.3250014936618425e-05,-29.631465932538433,52.844916530618114,-0.35,-97.06673
197,06,-3.44918315846169e-05,-24.446217814466692,49.08188772321145,1.69,60.12351
198,07,-3.591561413959817e-05,-25.92438248894804,39.340810654867084,-0.36,217.35538
199,08,-3.331847033315239e-05,-31.29434137422295,33.68999910253863,0.06,318.0298
200,09,-2.6222378082234683e-05,-4.395296908230251,54.09243484116659,0.22,279.5737
205,02,-7.544903639281147e-06,5.38362545916678,55.18347650017959,-0.22,-256.645
206,03,-1.2827322511164368e-05,-10.990242480862525,51.72073062135199,2.15,-261.40805
207,04,-2.0502408365953464e-05,-21.604367342122394,58.54018084150156,1.24,-209.38171
208,05,-2.4253428110207234e-05,-26.022296560964275,51.92535755428705,0.36,-96.27786
211,08,-2.9903093116464793e-05,-15.358725825155936,42.33743624172287,2.93,317.84818
212,09,-2.534073391895315e-05,-7.00570699428982,43.673043699496326,1.03,284.66888
213,10,-1.7171301486478214e-05,8.106230379494288,51.02844809201841,0.4,159.60092
214,11,-1.4551765714713837e-05,14.46901237657335,58.72207561985916,0.01,15.555674
215,12,-8.836182103413613e-06,1.1414017176474303,51.832999992789766,-0.19,-108.53772
216,01,-3.583592048936e-06,-1.2817189340899076,35.36421269791357,0.07,-198.40135
217,02,-9.97768289436776e-06,28.48145621345157,61.04910012837534,-0.87,-243.86154
218,03,-1.2413017713795421e-05,-3.0697627356744577,49.8996438915832,-1.33,-250.69241
222,07,-3.376502295814329e-05,-20.43258258581674,48.29218798171063,2.61,226.5188
223,08,-3.064838395117496e-05,-15.397676236060358,39.11490551742816,1.18,311.1944
224,09,-2.7053925191669103e-05,-10.968042353990342,40.873450344501606,-1.42,277.2145
225,10,-2.0736059433235615e-05,1.8364669255082322,46.07108195983722,-2.17,156.78069
226,11,-1.1372840429430654e-05,5.54297788119846,52.451002673839106,1.42,10.935662
227,12,-9.893875752236308e-06,16.98351939342868,60.12797338394067,0.61,-122.49347
228,01,-1.1099072907757458e-05,24.386054642872143,54.87726956107148,0.59,-212.0678
229,02,-7.893391973560764e-06,12.879144769577753,54.623768248409036,-0.56,-260.71912
230,03,-1.582076560769428e-05,4.910139277304372,64.38913835901599,-0.05,-262.04166
231,04,-2.2395207648413717e-05,-10.670934447903104,67.35853829729425,0.54,-205.71417
232,05,-3.182257207745645e-05,-20.036693252071256,51.31070372274871,0.25,-86.68131
233,06,-3.4082233544055876e-05,-13.138249787733287,60.09514157660935,-1.02,75.74025
236,09,-2.4247977624205914e-05,0.3736279635959201,55.41774919654528,1.41,288.13092
237,10,-2.3367591303340108e-05,14.50471792602539,57.49670259841796,-0.49,174.79764
238,11,-1.186565926222506e-05,4.6568576497395835,50.09492808050447,-0.37,30.113647
239,12,-8.802920268002493e-06,22.454611907630838,51.308709990082264,-0.95,-102.83018
242,03,-1.3397230129969535e-05,-0.9194605676794566,60.6708199271861,1.68,-250.19989
243,04,-2.54553507465769e-05,-17.42901027967665,53.24983413987689,-0.25,-201.457
244,05,-3.422614240797327e-05,-20.88572949317194,50.723297991629586,-1.28,-85.96329
246,07,-3.775679561435789e-05,-20.12216363230059,34.70881050790896,-0.01,228.43402
247,08,-3.318467006672979e-05,-13.657699137697938,45.50563225292391,-0.39,323.93835
248,09,-2.59650643648355e-05,-3.5717024329291456,50.26974016195536,1.24,295.85602
249,10,-2.1588807777500546e-05,5.981483147405809,48.24640764357326,0.81,178.4501
250,11,-1.3179962080519347e-05,12.654008286878799,52.50058610761298,-0.39,28.312096
251,12,-1.3700721242369786e-05,27.986750325848984,63.54783165261822,-0.34,-102.39908
252,01,-6.553396535759588e-06,18.42038040095504,45.80448549491872,-1.02,-194.512
253,02,-1.2230161100386137e-05,18.65321454909752,54.35344561065067,-1.16,-250.75888
254,03,-1.4517082142339604e-05,-0.5979741453765541,58.83941007500695,-0.92,-253.89162
256,05,-3.550879427684679e-05,-19.147158501081563,47.704144963514416,0.27,-79.5114
257,06,-3.750390542944741e-05,-27.016546727159287,42.780413097916714,-1.14,78.69346
259,08,-3.0941285219664524e-05,-19.063545700565466,39.65101154342005,-0.11,327.9161
260,09,-2.4486756719630248e-05,-2.020394458007812,56.817002186003,1.42,294.90247
261,10,-2.1893689024856883e-05,11.235235126454343,57.40779917159772,1.07,172.29865
263,12,-1.1904006665214989e-05,20.81303864280127,63.79751548051194,0.94,-107.880165
264,01,-6.723928980547147e-06,14.384707934964087,53.25762820807451,1.45,-204.42966
265,02,-9.421481274265325e-06,7.153048214503697,61.79020408172125,-0.07,-251.37137
266,03,-1.3063552253355424e-05,-6.242824222359606,58.59238742218351,-0.53,-257.85126
267,04,-2.4765318735565716e-05,-15.737299090576174,60.65160554169682,-0.52,-208.17963
268,05,-3.372209000100225e-05,-25.790908090242777,45.58359570831253,-0.73,-92.52582
269,06,-3.303585196628976e-05,-31.827683939954966,48.06642211600013,-0.58,73.85455
270,07,-3.6646507612448495e-05,-24.41304970722813,43.035889669943884,0.57,236.52457
271,08,-3.349079792080317e-05,-13.273838911159066,49.470468634774605,-0.55,324.46878
272,09,-2.8629883362433853e-05,-3.361749937269423,60.89090815499625,0.45,291.83167
275,12,-9.904081011676856e-06,14.487402564920403,52.82181985401466,0.68,-100.65148
276,01,-6.60295483731882e-06,23.604068570044735,51.65779350411636,-0.7,-202.95068
277,02,-1.6342577849974034e-05,27.257544948032923,61.67323920420096,-1.61,-246.50119
278,03,-1.718439095667989e-05,-2.8514695644583754,52.573686629964456,-0.39,-254.19185
279,04,-2.4829810814864887e-05,-14.182246478949653,49.20558492463959,0.94,-200.65234
280,05,-3.0134792006426703e-05,-17.31557953963741,52.31226475243542,1.3,-82.014595
281,06,-3.5836119472898846e-05,-20.466573669433593,50.7506326838851,-0.43,69.155
282,07,-3.594073215623134e-05,-17.96138944137737,48.60045512300026,0.2,221.66077
283,08,-3.0240783373966385e-05,-12.41071590333344,52.640142950275894,1.22,313.84515
284,09,-2.726855740998468e-05,-6.606480073716904,41.46046437310777,0.88,287.62247
285,10,-2.2813934475604865e-05,5.003235001430717,55.25826176021304,0.06,170.49194
286,11,-9.433203981300014e-06,10.082439758300783,57.335292302331666,0.8,17.98091
287,12,-9.155090198257839e-06,-0.601292420089886,52.83887711868107,0.96,-114.69812
288,01,-7.996820467572737e-06,16.024269751435966,52.92226850532075,-0.51,-215.08447
289,02,-9.213011075579354e-06,1.6289639434814458,40.65915042115535,1.55,-260.0532
291,04,-2.383696288773839e-05,-17.2942943037245,47.44735419490735,0.9,-212.85226
292,05,-3.0977665722578726e-05,-19.48317038226384,57.695412786129985,-0.67,-87.0805
293,06,-3.491794925367785e-05,-29.63445593295627,48.58540389312637,-0.77,71.816696
294,07,-3.637924248004731e-05,-25.786057973554062,44.12265574810709,1.01,232.07716
295,08,-3.1032737283929096e-05,-31.771135562691633,39.36124998163152,-1.31,325.65778
296,09,-2.437035215904568e-05,-12.497950702243381,40.21523504180775,-0.13,301.789
297,10,-2.1305207502659715e-05,-2.352458050143333,49.86598729915773,-0.62,179.61566
298,11,-8.746191556262298e-06,13.336127873399521,55.471923015075255,1.51,32.89896
299,12,-8.986315398414586e-06,16.75842543636855,56.42778465677845,-0.94,-104.736435
300,01,-8.992702947169514e-06,20.66453995308825,64.87525535803712,-0.25,-195.70224
301,02,-1.1818901434843997e-05,12.780648606925178,58.06078212638148,-0.14,-250.06009
302,03,-1.5225630396960167e-05,1.0669384965794064,50.376974003080406,1.12,-250.6522
304,05,-2.847669872224737e-05,-31.81054322043798,50.857990436966695,-1.53,-81.04041
305,06,-3.421590459786078e-05,-30.121984181382924,54.56608841220009,-1.26,79.301315
309,10,-1.9737982986943505e-05,10.8786054316695,45.96995730125903,0.55,180.99939
310,11,-1.219442167142309e-05,8.63346869269477,52.650442458646836,-0.97,37.35357
313,02,-1.0796667724878803e-05,1.9850640389578682,54.967533898224424,0.74,-242.75513
314,03,-1.2645556585016247e-05,2.2825399281491516,62.992716266741034,-0.69,-255.89323
315,04,-2.402455134354872e-05,-12.38321820203993,55.9102142579476,0.17,-200.09952
316,05,-3.3327865934669755e-05,-23.83920729967343,52.369123788558014,-1.49,-81.482735
317,06,-3.715115132452208e-05,-30.632264646063906,50.84424858076307,-0.44,83.04373
318,07,-3.409394384040644e-05,-23.561669685609886,47.80977541725482,0.68,246.34508
319,08,-3.320200081173924e-05,-14.21000237282374,41.28222914207624,0.0,336.04175
320,09,-2.545146969718593e-05,-6.704652192857532,39.75358392157654,-0.5,311.28247
321,10,-1.7187334372416657e-05,10.538457600583316,41.694871458662455,0.48,189.98993
322,11,-1.4535249143672345e-05,9.326381112670902,61.63253474075529,0.49,42.86869
323,12,-9.12172876785682e-06,14.485518746324761,56.37181309181387,0.94,-101.479965
324,01,-6.5253165958961526e-06,7.280853728591756,43.42763289413273,2.11,-201.63696
326,03,-1.3873502668170125e-05,-4.782673361173239,59.930227692120816,-0.66,-259.19495
328,05,-3.370682173148433e-05,-13.439136345319852,55.415879218805216,0.13,-88.36389
329,06,-3.4785863751151034e-05,-27.11431088460287,44.96967633606062,-0.11,73.94699
330,07,-3.3670624993676266e-05,-35.11209074615151,34.7803111832411,-0.66,235.23788
331,08,-3.203818718891423e-05,-14.970106861073484,56.166526000266416,1.89,336.14514
332,09,-2.4569920312832332e-05,-1.9050392035590278,48.50952039943403,0.45,301.35162
333,10,-2.0357669840078775e-05,8.929626497002058,49.91160704086961,1.22,182.82841
336,01,-1.3167410284109127e-05,32.71415653975292,54.798027210791915,-2.33,-193.46725
337,02,-9.635896793779033e-06,12.227102448962983,62.05461917357218,0.54,-244.79291
338,03,-1.969343553138324e-05,2.858439688077537,50.951221448258686,0.53,-249.83185
339,04,-2.5420359923575438e-05,-23.728481532796227,35.425640993569964,-1.32,-204.60556
341,06,-3.458860908376663e-05,-19.802041976589628,51.81401281598541,1.05,69.762634
342,07,-4.0491175616739144e-05,-14.380545316962786,51.51913973191349,-0.2,223.651
344,09,-2.677926907070085e-05,-2.246240928141275,48.58724766878287,-0.53,299.86768
345,10,-1.4836711174446523e-05,-1.5530790907336818,46.4751422240952,-0.16,183.81656
346,11,-1.4172945336880124e-05,15.984315191311307,55.0159122577058,-0.81,36.048706
347,12,-9.103623443880553e-06,18.67049515623687,44.72693699303237,0.43,-96.19993
348,01,-9.98381483742544e-06,30.50790186531313,59.32570013750177,0.46,-193.59833
349,02,-9.733829621899499e-06,11.488472740085646,43.235250111784055,-0.21,-242.78264
350,03,-2.0140387961912898e-05,4.352542552004578,67.29393991330491,-1.76,-249.11258
351,04,-2.446588194630345e-05,-15.287676639472116,50.48518859204715,0.18,-196.32132
352,05,-3.326288808405293e-05,-18.37616691179173,46.32872357566895,0.53,-81.86784
353,06,-3.476253857051133e-05,-32.52892781643338,47.80475471985869,-0.15,81.4594
354,07,-3.577182100015043e-05,-18.878891244211506,53.425692884929724,1.33,247.8115
357,10,-1.8222273044254205e-05,6.518695762716314,54.30898137165141,-0.97,178.28342
359,12,-6.623100362498576e-06,8.910789440196046,51.189781416840454,0.38,-96.75104
360,01,-6.219402897665034e-06,13.638463789416898,56.756673166043,0.06,-197.46353
361,02,-6.55127283612057e-06,7.2258432279314295,62.426701213981424,0.53,-248.41376
364,05,-3.152253704363203e-05,-24.89160391596312,50.72287625494953,0.38,-84.95442
365,06,-3.4585202314802804e-05,-32.20444840494791,47.13420631794532,0.27,80.43545
366,07,-3.995988693131167e-05,-23.939954596078525,46.67216465320125,-1.13,238.17136
367,08,-3.326769469126164e-05,-18.63527480389995,42.41847231385144,-0.21,326.60382
368,09,-2.396435872586961e-05,-8.675344586181641,43.626415080409586,-0.8,284.32108
369,10,-1.8213049179844e-05,4.716025361748153,49.256211021474606,-0.74,172.11755
370,11,-1.3997967538165946e-05,28.005924584282763,63.3120259418408,0.82,22.009178
372,01,-6.091251291421628e-06,2.9262350808420488,60.36061479552843,1.23,-204.07498
373,02,-7.65345504045659e-06,5.717629487900508,61.53230691539674,1.04,-254.68384
374,03,-1.4227020407356234e-05,-0.1344084672825314,56.345688745778084,-0.4,-260.75296
375,04,-2.4690822054900404e-05,-20.66956467929416,50.227940069592,-0.33,-209.3287
376,05,-2.827942739082006e-05,-27.387183430333288,51.416537502500645,0.47,-92.12021
377,06,-3.182083758476639e-05,-35.711798379855686,43.71565713060168,-0.55,76.730545
378,07,-3.4407490462771055e-05,-31.11366353779454,49.13440625845617,0.79,250.6567
379,08,-3.27152816781925e-05,-15.088779016966459,50.057286181364006,-0.3,345.239
380,09,-2.3803562745282155e-05,-1.7829848341200085,47.799041656389505,0.5,307.20667
381,10,-1.8914465963579488e-05,8.677334267236855,54.52403665949838,0.33,174.5119
383,12,-7.738160395268594e-06,4.967533013128466,56.59717789244652,0.6,-94.76178
385,02,-7.274441715534998e-06,7.353929252261208,64.81677477946593,0.3,-247.65114
387,04,-2.5035789431644346e-05,-14.869033695136176,49.48712501599656,-0.4,-207.72989
389,06,-3.4230032604055946e-05,-25.01744469502767,49.43961729888122,-0.57,76.78218
390,07,-3.7348723895911946e-05,-18.427609645064162,51.34294977803511,2.48,242.80817
393,10,-1.916051529891168e-05,8.726722329416583,41.10612051369683,-0.27,175.83463
394,11,-8.12447487300637e-06,7.208228931681314,45.10324230610001,0.62,32.186268
395,12,-1.2744765838047034e-05,29.389911852764826,62.27082245179138,0.53,-97.26136
396,01,-9.557997748420493e-06,23.492998173539362,55.985124487241116,0.57,-192.10635
398,03,-1.1845709033173812e-05,-9.130659757880753,42.53471919810516,-0.47,-253.58527
399,04,-2.412122515035865e-05,-15.116672309705946,65.52592149374486,-0.93,-197.81767
400,05,-3.2719707248821014e-05,-19.41600187732328,54.71462800888861,-0.58,-68.63451
402,07,-3.9630504535585143e-05,-18.105863085346844,55.33667580591222,-0.56,247.06006
403,08,-3.664081436780238e-05,-14.530181596981583,48.63167088847007,0.85,341.8874
404,09,-2.780254297756781e-05,-4.337274759928387,47.643611919113,-0.93,308.71887
405,10,-1.749340033099435e-05,6.576196681525118,62.883388684188155,-0.28,185.10597
406,11,-9.782895505729057e-06,13.286790387301977,48.36725960095062,0.68,36.251892
408,01,-7.079607454118081e-06,9.77005108642578,59.36599973937003,0.08,-201.80545
409,02,-9.82560560788399e-06,1.2790957768758144,54.799641565576906,1.0,-257.35233
410,03,-1.6003138249269338e-05,-14.11737674147083,62.83003596656937,-0.57,-261.9298
411,04,-2.0434202846445263e-05,-16.983018215264217,45.651346360141694,-1.1,-208.21198
412,05,-2.7662325821888435e-05,-23.158452428017892,56.92952051083376,0.48,-79.0392
413,06,-3.319209287441886e-05,-26.815010833062065,45.349666944320994,0.3,87.15889
414,07,-3.405638901301333e-05,-27.630988150319745,40.32137145659744,-0.03,257.80594
415,08,-3.2683108437937644e-05,-17.84199171037572,39.46305893081491,-0.82,347.25665
416,09,-2.475842662511746e-05,-8.054260448540582,49.65095689521101,0.38,306.47464
417,10,-1.765674730958508e-05,13.677036990258001,51.31546706972713,0.67,178.57077
418,11,-1.2026654228591521e-05,13.685960133870443,60.59634180396663,-0.7,32.924835
419,12,-9.44601224512954e-06,28.97793200421077,55.46996279250422,-0.73,-101.34091
420,01,-8.580053124215514e-06,22.96357862870411,63.49304372530727,1.75,-199.01947
422,03,-1.6731313326227373e-05,-1.3453218475669946,47.843510205716214,-0.47,-257.01614
423,04,-2.3883861623916246e-05,-16.521862002224392,58.86005653639768,-0.66,-200.99377
424,05,-3.2321809314922687e-05,-17.350711201329386,63.11191008513332,-0.49,-80.614365
427,08,-3.5946427165531874e-05,-15.756697428713563,51.75170243226714,-0.59,351.15527
428,09,-2.0748739615697153e-05,-9.244409510294595,35.08465283191469,1.14,318.1593
429,10,-1.6616273676728237e-05,8.951883064844276,46.06859467966968,1.11,184.31366
430,11,-1.0089955154782932e-05,6.784489759657117,59.376273723493675,1.77,30.895864
432,01,-9.2527426375611e-06,26.340960131573418,62.63006211892765,-0.18,-198.14644
438,07,-3.7615658574522775e-05,-25.170489753641114,45.05531850020347,-1.11,244.55182
439,08,-3.326061218056918e-05,-12.586229408838417,52.3345120203854,0.87,340.90152
440,09,-2.5603061031688413e-05,-1.6679924726698132,46.654843129608366,1.09,305.25058
441,10,-1.3186316454061119e-05,-1.463842040031187,51.45971762442205,0.62,181.64755
442,11,-1.4898132296588707e-05,27.46974549831814,55.57987919455502,-0.4,36.753693
443,12,-8.385574634596725e-06,33.275967709449034,59.292129598577816,0.08,-95.41758
444,01,-9.004527324929857e-06,20.359526514525058,60.00615774854665,-0.68,-199.11818
445,02,-1.2519085415486441e-05,14.879537966322628,54.698993667597065,-0.54,-252.33778
447,04,-2.7581765115751797e-05,-20.820068422105575,57.557788026644126,-0.11,-202.34462
448,05,-3.16294027814815e-05,-19.310568396455505,50.32535560724812,1.05,-75.37986
449,06,-3.356170396635004e-05,-23.02242342732747,60.87640379265148,-0.95,90.38297
450,07,-3.758493633006676e-05,-22.269790681900524,47.74635748879372,-0.7,255.41461
452,09,-2.4645985519115736e-05,-7.889081433783638,37.34792189491059,-0.99,308.34827
453,10,-1.526362983537594e-05,-3.798430909843855,48.34944315867911,1.05,180.08517
455,12,-4.447676278540448e-06,15.633635981405934,42.93341399640295,-1.18,-96.63406
456,01,-6.416161365773257e-06,12.223324068787278,48.97643718384928,0.17,-193.14581
457,02,-8.18821650381367e-06,12.903916228158135,62.959067062718525,0.67,-247.125
458,03,-1.5800369091061108e-05,2.527072602630943,59.88884960889175,-1.02,-253.29446
459,04,-2.5679135762624757e-05,-26.331729773288306,46.84454056873057,-1.45,-200.97469
461,06,-3.566179110415154e-05,-31.36642959594727,52.944568701901716,-1.43,73.62766
462,07,-3.888270218750779e-05,-23.176640851420746,56.14024401203919,0.03,245.99391
463,08,-3.333480648354688e-05,-12.395997953681537,44.035043613662005,-1.57,339.11325
464,09,-2.5415033401845397e-05,-5.530321179199219,52.86381167994076,0.46,307.0076
465,10,-2.0550294828412475e-05,15.281469091599986,50.30405073937036,0.3,189.98666
466,11,-1.2597567349661808e-05,15.910226154920792,53.90823562632401,-0.08,48.57113
467,12,-7.748080553331723e-06,20.40142875687794,63.311030514205655,-0.48,-79.33344
468,01,-8.493993727101315e-06,23.796599253992884,55.116003269850566,0.44,-177.77737
471,04,-2.4140652476206825e-05,-8.481860700141059,60.03202422682047,0.32,-191.97845
472,05,-3.631899526441482e-05,-17.44638056798135,47.40056218499266,1.69,-70.00845
473,06,-3.447691067930363e-05,-33.33076165534125,39.74884000571834,-0.77,81.33432
474,07,-3.4126774513620195e-05,-44.31138712696363,36.16823902212164,2.27,239.14212
475,08,-3.324744642680256e-05,-25.59706884437479,43.61733073811633,-1.05,334.79785
477,10,-1.717439320385384e-05,2.0582064438686585,44.893768001867876,-1.11,194.97733
478,11,-1.049799736220949e-05,11.533768935139973,58.11769115721252,1.89,48.695305
479,12,-7.425197422547768e-06,21.47761040308142,53.53903508252609,1.35,-92.29088
480,01,-8.170035396257738e-06,18.813249751593478,61.34680531404607,-0.09,-191.24559
481,02,-8.232899953890454e-06,13.675333238874163,51.283400613031226,-0.4,-241.23512
482,03,-1.7898125718357898e-05,7.876527682396675,54.192069970153995,-0.93,-245.33435
483,04,-2.786484313502215e-05,-15.88577495863173,41.53150874974462,2.09,-196.582
484,05,-2.8741963674400066e-05,-37.081440074305384,54.09692304540707,-0.11,-79.61638
485,06,-3.9525050331051005e-05,-23.208365014648436,47.86380608810849,-0.16,85.88197
486,07,-3.625940142692049e-05,-31.74150496025496,48.734570516079984,-0.69,250.31224
489,10,-1.8569231195137014e-05,10.235854191605762,54.45598049366731,0.16,196.9129
490,11,-1.0039879183467646e-05,10.335369747924807,64.20363267016013,1.45,51.764526
492,01,-6.012859741277161e-06,22.106840989635838,48.67357203781476,-0.55,-182.96411
493,02,-1.5386156723984276e-05,31.748662168305497,64.97568837541958,-2.69,-231.87422
494,03,-1.9840231885472768e-05,-1.8349693298339842,46.56073982853019,-0.88,-233.17372
495,04,-2.7043378228700023e-05,-24.0670989525689,35.17819720014996,-1.52,-182.58788
496,05,-2.995519203009721e-05,-45.04488896819084,46.51938461271666,-2.37,-71.78563
497,06,-3.546342912159163e-05,-30.903872137790252,54.092656515480414,0.58,96.72456
498,07,-3.552329937512147e-05,-24.55973527871409,49.31133174363516,-2.29,257.8711
499,08,-3.48960954878191e-05,-17.491402352609946,46.845165995435046,-1.56,356.25162
500,09,-2.4679065476549213e-05,-6.537764871215822,41.4254565234277,-0.47,328.22174
502,11,-1.0186800306089735e-05,15.631692754109702,47.969248177954896,-0.11,65.2073
503,12,-6.893300624729055e-06,15.732371215492165,60.65007041392917,2.33,-73.89064
504,01,-7.860778656987515e-06,14.34612370152627,66.80461903254064,0.31,-178.18082
505,02,-9.005972841740524e-06,9.622026147751583,54.51137783175566,0.31,-227.4293
506,03,-1.5948935392546162e-05,-0.9029574194467195,53.47545231677126,-0.93,-233.88116
507,04,-2.588563685021654e-05,-27.98602328389486,47.86236142485672,-1.16,-180.57553
508,05,-3.230829694098981e-05,-22.4746828918457,60.26473778712485,-1.06,-63.881546
509,06,-3.7502937650666964e-05,-26.38411481492784,47.88007799596918,-0.11,96.634285
510,07,-3.6336240956178925e-05,-19.074829963273896,48.14752719921964,1.48,263.30698
512,09,-2.3354238802332672e-05,-7.743464881388346,41.71682162190013,-0.14,323.75555
513,10,-1.864643046111826e-05,14.62936670381279,46.729617401201246,-0.18,199.3693
514,11,-1.0072340758698473e-05,9.36498726196289,49.88987413275507,-0.77,54.816353
