,month,MER,MSSHF,RH,tp,sst
0,01,-7.186377549426466e-06,5.464709561255669,62.6901256937955,61.434043169021606,-207.4467
1,02,-7.399999772068052e-06,2.729709174746558,52.295623941567676,62.58125376701355,-251.90623
2,03,-1.408509512223264e-05,7.08405715679866,62.090667984242096,107.00708317756653,-259.92163
3,04,-2.191347909663616e-05,-15.59233038906521,62.41300571294825,65.13916850090027,-212.61101
4,05,-2.839083756912113e-05,-16.16055940262989,64.02205650719006,98.91896796226501,-107.785385
5,06,-3.330413338050373e-05,-22.16353809509278,52.028707694198026,77.33350610733032,57.70633
6,07,-3.0671342559486147e-05,-22.637875941122733,53.00265082314577,36.31914162635803,209.12521
7,08,-2.8487004876296853e-05,-12.56110269165039,50.14281140049425,84.36125612258911,300.71277
8,09,-2.3132900744369383e-05,-4.023202255249023,42.3501046719922,43.01969242095947,271.35098
9,10,-1.6345863611966567e-05,2.642213581372333,56.92965585534547,56.921231508255005,152.73962
11,12,-1.207531024335357e-05,24.691616260159407,64.98245628347064,131.76934385299683,-111.50778
13,02,-7.359469057738698e-06,6.865867059466484,53.581606617508264,60.54261493682861,-260.431
14,03,-1.4070489600584629e-05,-6.186828353717764,55.02083505403355,70.78502440452576,-266.24765
15,04,-2.282624180893941e-05,-17.872287172783746,48.97103869282801,41.5899133682251,-219.81158
16,05,-2.9285246377967465e-05,-30.998830406271004,47.47244699586335,23.549720764160156,-111.517204
17,06,-3.014735746900341e-05,-26.066622504679362,62.37913317463399,87.7898542881012,53.205906
18,07,-3.1905643976779664e-05,-14.025872309859079,48.67037434149174,142.42091464996338,211.60303
19,08,-3.1051088017916934e-05,-11.540256553403795,47.008779259716306,67.59736728668213,298.65405
20,09,-2.365392635981859e-05,-3.0327022542317708,42.946886476458445,42.64728355407715,263.1392
21,10,-2.1172643707369163e-05,7.590982919672484,58.4636376896443,107.7690110206604,139.53043
22,11,-1.4279194747299093e-05,14.235161112806532,54.54851769668525,72.95901393890381,3.7170382
23,12,-7.873070872231058e-06,26.063403682913826,61.380955716897084,73.57332229614258,-120.77399
24,01,-7.860688640385075e-06,20.899533713063885,47.875411116570554,93.3958797454834,-213.47084
25,02,-8.991757432514056e-06,2.888394768487839,50.11619150138895,42.9824595451355,-257.9449
26,03,-1.2076194787720939e-05,11.89821663673975,73.37905685201383,133.0828936100006,-263.69354
27,04,-2.2320882245185202e-05,-19.334173597547743,50.02077896680037,35.788278102874756,-209.9744
28,05,-3.0310256707952082e-05,-17.47440350473055,59.34436809112436,102.75372743606567,-99.763596
30,07,-3.173775886429094e-05,-20.80200322239373,49.75860673643311,54.99441409111023,213.40735
31,08,-2.8741253340065727e-05,-19.03508228654759,42.77699926753197,37.25814604759216,307.63153
32,09,-2.269007780640903e-05,-3.5648343312581385,46.85175361700852,61.64737391471863,276.87158
33,10,-2.174942796122078e-05,9.781940688922843,60.93410625634399,150.74281787872314,160.25787
34,11,-1.4328458308167076e-05,19.586548003133142,54.57233108670976,79.1025390625,14.672546
36,01,-5.276928763964617e-06,11.574925520045783,58.01885871766587,43.573694705963135,-211.47961
39,04,-2.3437909088230905e-05,-21.874123499891493,46.11000325809585,35.43097186088562,-212.68733
40,05,-2.9170486620455693e-05,-20.4214844770534,47.92201473479629,53.242250204086304,-100.15277
41,06,-3.17826830204164e-05,-27.949367026435006,48.16991035015053,93.72558498382568,47.995605
42,07,-3.416977696542745e-05,-21.999847670688425,39.2781192299025,32.713236570358276,192.76614
43,08,-3.1963929242763654e-05,-15.790871219429917,46.55304641459066,88.86780834197998,286.92117
44,09,-2.1331834113273846e-05,-6.238656323920356,43.43915766518911,59.11188769340515,261.24216
46,11,-1.519573135911843e-05,20.401449884033198,56.70156626680825,70.76487922668457,8.719176
47,12,-1.0313162028783104e-05,17.753608460457098,55.75187243828721,83.42955470085144,-125.5074
48,01,-1.1369238679367056e-05,31.70380508160335,51.86229076744793,104.55150389671326,-217.11966
49,02,-1.1685804688698098e-05,2.732715975443522,46.129101684696614,42.88707685470581,-266.8443
50,03,-1.3839232150540515e-05,-0.5926843497983868,57.115805566785156,81.02017283439636,-272.9782
51,04,-2.090864053300013e-05,-10.60586452026367,65.75529212030038,105.42021083831787,-224.29407
52,05,-2.6606813441591635e-05,-11.409518621957432,66.050863289825,118.89742398262024,-106.384735
53,06,-3.6603149109497395e-05,-25.008415187242296,46.266101067479454,40.00491166114807,38.7839
54,07,-3.282222612492611e-05,-33.091220865229126,44.1499227373741,22.25583553314209,191.70116
55,08,-2.6941880611302234e-05,-27.08358682743196,31.77761535606461,31.294189929962158,292.60947
57,10,-2.1395454446465794e-05,12.186390243366201,47.91972020449689,59.156498670578,153.3277
58,11,-9.367185011372688e-06,10.117007967122396,41.05919099200301,59.34060025215149,13.78211
59,12,-8.522425015388596e-06,21.808005747805364,57.410435429080856,63.89762902259827,-118.89026
61,02,-9.682757584759485e-06,6.4267875001403105,47.08914505602986,61.24871587753296,-266.73825
62,03,-1.3818876191033916e-05,-6.2181760956138685,56.610379949503034,62.89697480201721,-271.13055
63,04,-2.3066575134180317e-05,-21.124448284233942,53.13685258980724,21.789991855621338,-223.9064
65,06,-3.0384449369921637e-05,-25.249517172580298,53.14751710217263,54.762237310409546,54.97615
66,07,-3.052118788760435e-05,-16.333257173927887,51.58020934386151,95.44521999359131,216.77452
67,08,-2.8069958612225798e-05,-17.017802792784988,42.472240740586344,27.303098917007446,307.71448
68,09,-2.2138291550658728e-05,-0.809648367987739,66.94727416271104,147.5589587688446,272.6864
69,10,-1.5594664512004833e-05,12.420039781796033,52.5519555827328,95.18328905105591,150.31226
70,11,-1.2000811908506469e-05,17.20852971835666,62.11537896577253,78.44082713127136,6.990225
71,12,-7.343828446024142e-06,12.754345215500043,59.86620702467682,57.75411510467529,-117.44925
72,01,-6.201572312694294e-06,7.789162023728894,59.71689801232405,62.144726276397705,-218.78111
73,02,-7.646551471441942e-06,-7.170963860648018,49.17462651499538,9.736912250518799,-266.81955
74,03,-1.1304150707112197e-05,-2.56875498781922,68.34861116093205,66.12149095535278,-269.0558
75,04,-2.3272295822324753e-05,-10.486857863362628,59.37646033687326,78.5594162940979,-220.26305
76,05,-2.800802443084893e-05,-16.149492612120927,55.7763452255995,63.01261830329895,-110.31743
77,06,-3.090711121482552e-05,-17.990251360066733,61.34983533646531,126.5044174194336,46.752235
78,07,-3.447742918110781e-05,-15.274860501197074,50.75858460182529,100.84526371955872,198.49466
79,08,-3.3271033724499884e-05,-4.3656862228557625,49.79625837316948,104.17502427101135,291.4801
82,11,-1.5779393952086846e-05,2.730464919026692,53.6031213278585,73.80068945884705,13.589886
84,01,-1.0488508364736625e-05,25.802121266682942,67.17732922877546,118.28075385093689,-213.14983
85,02,-9.105866422227595e-06,-15.737989101954868,41.279925076501705,5.396147966384888,-265.29346
86,03,-1.09558865346488e-05,2.199697240357758,53.96111336709735,80.05486178398132,-272.98492
87,04,-1.9242588071877733e-05,-14.953707265557181,61.57429541588492,64.68825125694275,-218.20757
88,05,-3.1224375424332516e-05,-18.680161248648037,54.14751819698144,49.02557110786438,-105.01935
89,06,-3.5890827366468634e-05,-24.274000357055662,43.53411597645681,56.932453870773315,46.417976
90,07,-3.000731417455182e-05,-30.125119514383297,48.19723509739805,53.75952363014221,195.3273
91,08,-3.1366839325049225e-05,-20.726613564768147,49.22354232249208,85.93903732299805,296.82666
92,09,-2.1116000810717296e-05,-5.870355172729491,52.886519872754164,48.16365933418274,270.219
93,10,-1.7202233669146365e-05,6.4104873591597356,48.62927366667281,94.80732774734497,144.16489
94,11,-1.2770530823662637e-05,20.62896745435927,57.76803370095226,84.64354729652405,9.209864
95,12,-1.128779906788603e-05,28.043287035542146,58.52688881322774,125.43024492263794,-120.44635
96,01,-8.849628261046861e-06,-8.473066081057311,52.03738375666833,40.21212434768677,-216.81451
97,02,-5.771432554432804e-06,6.824847212655203,67.52644709656069,35.931448459625244,-266.47308
98,03,-1.3287096029671374e-05,-5.803373095440609,55.151999684815046,77.72802114486694,-272.86688
100,05,-2.791426425801057e-05,-28.103053294192083,60.924986691195485,69.35014915466309,-116.02359
101,06,-2.8837502824555686e-05,-20.989433822292757,61.5306473079814,96.28858280181885,36.952656
102,07,-3.379324687933062e-05,-20.07741719498173,55.40260847481861,134.5398542881012,189.99167
103,08,-3.0242934917310693e-05,-13.572054321945357,50.633880177582476,87.18918299674988,278.09552
104,09,-2.5696148892024614e-05,-3.969099077690972,51.22118268649578,66.9906599521637,254.62543
108,01,-9.400724827868036e-06,23.76198229324177,64.8158600401199,138.66146302223206,-212.53885
109,02,-1.553154618433063e-05,17.196350676788683,61.10995617006565,87.70584869384766,-266.07413
111,04,-2.4692344382775542e-05,-22.74501348402235,55.09817502149212,27.742077589035034,-213.82037
112,05,-3.182606770285695e-05,-15.882362545546664,52.83810746537357,71.89129495620728,-100.97297
113,06,-2.7714982728361462e-05,-28.63852083367242,47.29024293223089,31.23433208465576,55.895893
115,08,-3.211179117533902e-05,-13.866469908683532,47.473473327189375,72.62528491020203,301.12344
116,09,-2.5435363158006416e-05,2.907980506727431,49.177534459747214,99.14269590377808,266.0528
117,10,-1.6347254436593455e-05,7.273599919801116,47.520342997120274,79.42021083831787,153.38458
118,11,-1.0307503538792339e-05,7.8851572241889105,46.36847800110711,43.99460577964783,9.004398
120,01,-5.490775168401608e-06,12.580168148245866,46.32122026583841,24.550368309020996,-208.06364
121,02,-1.1993180484209699e-05,15.243881237211681,52.799659086113884,59.8443021774292,-250.89696
125,06,-3.3498540398290464e-05,-35.047065074327264,55.710710440916486,67.16671657562256,63.94838
126,07,-3.3625666249610085e-05,-27.510599928661055,42.19065745926929,59.59615159034729,222.66318
127,08,-3.0036708770112647e-05,-17.0266568734774,43.458151734339296,58.18086361885071,317.3709
128,09,-2.1827326350689368e-05,-6.781363076782227,44.02462579022247,52.75948238372803,285.33957
129,10,-1.9913688146604526e-05,14.103063629806684,48.60193847477949,78.90591788291931,159.21109
130,11,-1.311930024130561e-05,7.912713109334308,43.72629240063826,36.57659721374512,20.93594
131,12,-7.719866410816296e-06,20.033501539989185,45.286219627095804,99.99442100524902,-107.132484
132,01,-9.708490018202875e-06,23.531725362798216,54.619796854420386,62.73529887199402,-198.62253
133,02,-1.709957590030951e-05,31.83555304718018,59.52337883048256,96.37451434135437,-247.64809
134,03,-1.7018775953137494e-05,2.372058311872584,47.98838851665681,25.981262683868408,-247.13495
136,05,-3.125298669270236e-05,-34.3688931694441,36.06377147361027,35.43364858627319,-91.45807
137,06,-3.068480971400681e-05,-23.63770078192817,52.16888050745726,81.75433492660522,64.23297
138,07,-3.559518055198981e-05,-33.07448882301904,37.832517702871755,43.237606048583984,226.30469
139,08,-2.897321149455781e-05,-28.290339532667595,47.590817581110095,43.99504566192627,318.22015
140,09,-2.7407515947157255e-05,-3.6402964202880854,48.108384553693405,93.28326845169067,295.56116
141,10,-1.8407037761653066e-05,10.48773665069252,49.92561818830045,70.05437111854553,178.14513
142,11,-1.0645134954231454e-05,8.876481322224937,54.38112868225972,88.05533337593079,37.944992
143,12,-1.0178729378000547e-05,19.264495642221096,49.02194799312469,71.35911726951599,-95.04411
145,02,-6.996622216688376e-06,0.507544446309408,46.996895068120395,29.07620143890381,-241.28787
146,03,-1.2629808311264428e-05,-0.5304674036169569,53.76618897918476,29.050020217895508,-246.43398
147,04,-2.5889148811054637e-05,-18.50936585184733,50.20018549894757,46.967238903045654,-196.46524
148,05,-2.5811937759284265e-05,-33.066711107479634,47.67298183366304,35.415016651153564,-96.22565
149,06,-2.987989489524302e-05,-20.686577268473304,57.62339900992447,100.81910800933838,66.45213
150,07,-3.606362330103894e-05,-12.26554677852508,46.37869990175771,86.47331523895264,218.71716
152,09,-2.1833397036001162e-05,-8.548686426798504,39.4321560544822,69.85359048843384,276.15054
154,11,-1.4646135411648073e-05,14.444811823866104,60.08639300202131,121.3805501461029,26.660841
156,01,-5.988280283046514e-06,9.900324605634134,41.55076964045469,40.05626130104065,-200.58473
157,02,-7.568776633878318e-06,10.513905402874128,42.596786469010105,32.84419345855713,-250.248
158,03,-1.6743815379482177e-05,3.675611719931326,56.535387553599556,89.10991644859314,-252.88316
159,04,-2.3724830210206465e-05,-12.979907084147134,60.15185276207658,57.617363929748535,-206.54219
164,09,-2.5466491539959356e-05,-1.4094354346381297,48.6797681992597,66.03445959091187,267.39978
165,10,-1.9484351597922247e-05,1.9587082073252686,58.379234332862715,99.88054394721985,146.69049
166,11,-1.321692710625939e-05,23.694389510769323,50.96693710040848,114.02044343948364,7.70744
167,12,-8.425528942156701e-06,11.411874493342573,45.69198678764476,59.72125196456909,-115.39026
168,01,-9.715480358609446e-06,34.39173987899288,57.42208674485646,79.51586604118347,-202.25366
170,03,-1.4966802825774622e-05,-6.011914413616221,42.24266758934657,13.214776277542114,-257.35785
172,05,-3.0932743489659034e-05,-26.541132331437964,51.168041845343446,72.61612272262573,-99.41986
173,06,-3.281592492067931e-05,-24.277929318237305,46.836056776909025,49.03701114654541,55.257988
174,07,-3.3366269429406925e-05,-23.52127023184171,53.23872095220833,138.4921417236328,201.81471
175,08,-3.234485571499712e-05,-11.285276480397874,49.79429166342623,65.69953942298889,294.11475
176,09,-2.2725771390226628e-05,-2.4448908416748045,57.50485973500145,149.34324550628662,265.91473
177,10,-1.798888249350155e-05,2.3637267239478326,43.9463890340828,80.44077348709106,149.97876
179,12,-9.250304196792702e-06,31.236705364924607,64.63241229699248,142.54706811904907,-116.22951
180,01,-8.814763398506955e-06,28.086010490499522,59.814965074129006,85.40289497375488,-207.08722
181,02,-9.681430163471391e-06,-2.9269207930791947,54.97462990093799,36.50040102005005,-251.17482
183,04,-2.4481364455176743e-05,-15.54007357143826,53.21672202842236,85.7735435962677,-202.6807
184,05,-2.8615912740195944e-05,-19.306992470361852,50.8592781971834,59.618553161621094,-92.71098
186,07,-3.466171150601792e-05,-32.442688338413035,36.16844127948567,21.875284671783447,229.9396
187,08,-3.527003988845888e-05,-15.806742182249662,41.714041907468136,89.98871898651123,325.86664
188,09,-2.649383951805552e-05,-2.2674784339057075,50.77799905458556,147.07339644432068,293.94357
189,10,-1.8016295581522476e-05,4.47270425086893,52.33998963107474,97.18963932991028,180.15909
191,12,-1.093666692604627e-05,22.757288210632986,53.902280609893545,112.21855115890503,-98.320366
192,01,-1.2804497735976505e-05,25.385474410518523,57.77612080058489,129.8851613998413,-199.97528
193,02,-1.271823695051786e-05,20.178666164579848,60.9734689490412,78.17547941207886,-251.82437
194,03,-2.219248033328259e-05,-0.5256330294045062,56.57506640008187,94.79378461837769,-256.41534
195,04,-2.3056703787511248e-05,-15.611610607231992,48.9374839578549,42.51542043685913,-209.91946
196,05,-3.3250014936618425e-05,-29.631465932538433,52.844916530618114,94.81036853790283,-96.377365
197,06,-3.44918315846169e-05,-24.446217814466692,49.08188772321145,64.76006937026978,60.661873
198,07,-3.591561413959817e-05,-25.92438248894804,39.340810654867084,45.93726992607117,217.74939
199,08,-3.331847033315239e-05,-31.29434137422295,33.68999910253863,22.496978521347046,318.1866
200,09,-2.6222378082234683e-05,-4.395296908230251,54.09243484116659,112.6880235671997,279.68912
201,10,-1.4566836962311297e-05,5.514771194293934,41.310020164710224,18.715614557266235,164.96857
202,11,-1.3042386322538529e-05,9.068964893934462,58.53600206141338,32.25963592529297,25.144058
203,12,-8.991161045966975e-06,-5.598886509064706,48.51484771922968,40.51283264160156,-103.66409
204,01,-7.460320452180465e-06,-0.4728464959257379,45.67560021059616,16.127771615982056,-203.53787
205,02,-7.544903639281147e-06,5.38362545916678,55.18347650017959,60.068604469299316,-256.3509
206,03,-1.2827322511164368e-05,-10.990242480862525,51.72073062135199,22.461695432662964,-260.80408
208,05,-2.4253428110207234e-05,-26.022296560964275,51.92535755428705,57.326932191848755,-95.55066
209,06,-2.8253365109311642e-05,-38.732165323215064,41.61192797080808,28.135314464569092,60.65521
210,07,-3.142641031134248e-05,-27.054918192217425,49.82263012584947,59.759037256240845,213.96077
212,09,-2.534073391895315e-05,-7.00570699428982,43.673043699496326,48.277573585510254,284.8959
213,10,-1.7171301486478214e-05,8.106230379494288,51.02844809201841,73.76016211509705,159.83514
215,12,-8.836182103413613e-06,1.1414017176474303,51.832999992789766,45.02203106880188,-108.45999
216,01,-3.583592048936e-06,-1.2817189340899076,35.36421269791357,8.55794882774353,-198.29324
219,04,-2.201332183204714e-05,-17.60772253417969,50.15108422283994,28.14702796936035,-200.66814
220,05,-3.085946982284968e-05,-22.07697987414944,55.658551038389554,78.28123354911804,-87.09416
221,06,-3.476727682935032e-05,-20.254541469319665,56.16686724849277,112.482257604599,64.23413
222,07,-3.376502295814329e-05,-20.43258258581674,48.29218798171063,69.49712204933167,227.31454
224,09,-2.7053925191669103e-05,-10.968042353990342,40.873450344501606,29.832056999206543,278.2038
226,11,-1.1372840429430654e-05,5.54297788119846,52.451002673839106,56.97358417510986,12.075881
227,12,-9.893875752236308e-06,16.98351939342868,60.12797338394067,77.3915023803711,-121.40301
228,01,-1.1099072907757458e-05,24.386054642872143,54.87726956107148,88.08339476585388,-211.00006
229,02,-7.893391973560764e-06,12.879144769577753,54.623768248409036,20.71983242034912,-259.57785
230,03,-1.582076560769428e-05,4.910139277304372,64.38913835901599,89.45151329040527,-260.73645
232,05,-3.182257207745645e-05,-20.036693252071256,51.31070372274871,44.95067262649536,-85.51072
233,06,-3.4082233544055876e-05,-13.138249787733287,60.09514157660935,136.99862432479858,76.35399
235,08,-3.4686337675251e-05,-19.754633603331865,40.27667498864153,67.5933165550232,328.69293
236,09,-2.4247977624205914e-05,0.3736279635959201,55.41774919654528,154.75264143943787,288.45023
237,10,-2.3367591303340108e-05,14.50471792602539,57.49670259841796,178.64887976646423,175.03722
238,11,-1.186565926222506e-05,4.6568576497395835,50.09492808050447,92.01937747001648,30.3675
239,12,-8.802920268002493e-06,22.454611907630838,51.308709990082264,78.07752561569214,-102.75737
241,02,-1.079772392194216e-05,13.779260249546594,59.85849182345754,56.13470458984375,-243.93307
242,03,-1.3397230129969535e-05,-0.9194605676794566,60.6708199271861,87.33539247512817,-249.54556
243,04,-2.54553507465769e-05,-17.42901027967665,53.24983413987689,65.29687428474426,-200.7041
244,05,-3.422614240797327e-05,-20.88572949317194,50.723297991629586,63.86414575576782,-85.30242
245,06,-3.759346314859108e-05,-24.964019442409946,49.104056137108806,86.7335524559021,73.86327
247,08,-3.318467006672979e-05,-13.657699137697938,45.50563225292391,99.36693954467773,323.96716
248,09,-2.59650643648355e-05,-3.5717024329291456,50.26974016195536,83.68352055549622,295.87384
250,11,-1.3179962080519347e-05,12.654008286878799,52.50058610761298,52.17728924751282,28.267334
251,12,-1.3700721242369786e-05,27.986750325848984,63.54783165261822,142.15608167648315,-102.560745
252,01,-6.553396535759588e-06,18.42038040095504,45.80448549491872,47.351823568344116,-194.62848
253,02,-1.2230161100386137e-05,18.65321454909752,54.35344561065067,98.67708921432495,-250.60895
254,03,-1.4517082142339604e-05,-0.5979741453765541,58.83941007500695,60.096646308898926,-253.31297
255,04,-2.355722367422762e-05,-12.813957029554578,60.681698268123455,76.35283160209656,-201.22493
256,05,-3.550879427684679e-05,-19.147158501081563,47.704144963514416,97.27209305763245,-78.83406
257,06,-3.750390542944741e-05,-27.016546727159287,42.780413097916714,55.01609134674072,79.02766
258,07,-3.168135436499142e-05,-21.668345875401656,51.88578506780696,102.94842576980591,236.58061
259,08,-3.0941285219664524e-05,-19.063545700565466,39.65101154342005,51.30303931236267,328.05444
261,10,-2.1893689024856883e-05,11.235235126454343,57.40779917159772,130.40920996665955,172.45139
262,11,-1.5146696185204038e-05,20.892512133110895,68.07071139411661,131.4802393913269,25.49786
263,12,-1.1904006665214989e-05,20.81303864280127,63.79751548051194,86.34993147850037,-107.81006
264,01,-6.723928980547147e-06,14.384707934964087,53.25762820807451,85.52192997932434,-204.36557
265,02,-9.421481274265325e-06,7.153048214503697,61.79020408172125,83.6603274345398,-251.00517
266,03,-1.3063552253355424e-05,-6.242824222359606,58.59238742218351,86.2628161907196,-257.0728
267,04,-2.4765318735565716e-05,-15.737299090576174,60.65160554169682,95.43563151359558,-207.28214
268,05,-3.372209000100225e-05,-25.790908090242777,45.58359570831253,47.3751916885376,-91.78569
269,06,-3.303585196628976e-05,-31.827683939954966,48.06642211600013,56.74857974052429,74.35047
271,08,-3.349079792080317e-05,-13.273838911159066,49.470468634774605,107.7295401096344,324.61304
272,09,-2.8629883362433853e-05,-3.361749937269423,60.89090815499625,144.1834967136383,292.02692
273,10,-1.872843477780094e-05,15.499699002173642,52.0420637966638,73.23751926422119,175.40259
274,11,-1.4045017091525046e-05,9.019137569173179,50.75557469189433,85.68967199325562,32.827324
277,02,-1.6342577849974034e-05,27.257544948032923,61.67323920420096,111.30836725234985,-246.165
278,03,-1.718439095667989e-05,-2.8514695644583754,52.573686629964456,40.98473596572876,-253.62837
280,05,-3.0134792006426703e-05,-17.31557953963741,52.31226475243542,64.66420650482178,-81.2721
283,08,-3.0240783373966385e-05,-12.41071590333344,52.640142950275894,146.93423414230347,314.19788
284,09,-2.726855740998468e-05,-6.606480073716904,41.46046437310777,57.52717709541321,288.0099
285,10,-2.2813934475604865e-05,5.003235001430717,55.25826176021304,87.43804001808167,170.97842
287,12,-9.155090198257839e-06,-0.601292420089886,52.83887711868107,93.86429786682129,-114.214935
288,01,-7.996820467572737e-06,16.024269751435966,52.92226850532075,73.5739049911499,-214.68361
289,02,-9.213011075579354e-06,1.6289639434814458,40.65915042115535,23.336631298065186,-259.54736
290,03,-1.4304734281419465e-05,-4.024482163624097,45.80751552796749,22.1645565032959,-263.10352
291,04,-2.383696288773839e-05,-17.2942943037245,47.44735419490735,51.56433296203613,-212.01584
292,05,-3.0977665722578726e-05,-19.48317038226384,57.695412786129985,85.30281352996826,-86.4305
295,08,-3.1032737283929096e-05,-31.771135562691633,39.36124998163152,22.521544456481934,325.9038
297,10,-2.1305207502659715e-05,-2.352458050143333,49.86598729915773,74.57617855072021,180.12085
298,11,-8.746191556262298e-06,13.336127873399521,55.471923015075255,56.468339920043945,33.350838
300,01,-8.992702947169514e-06,20.66453995308825,64.87525535803712,107.22431802749634,-195.34412
302,03,-1.5225630396960167e-05,1.0669384965794064,50.376974003080406,47.67586803436279,-249.92664
303,04,-2.4217375733618005e-05,-11.611916856553819,59.49211039767795,45.28127717971802,-196.71466
304,05,-2.847669872224737e-05,-31.81054322043798,50.857990436966695,37.014437675476074,-80.32506
305,06,-3.421590459786078e-05,-30.121984181382924,54.56608841220009,70.646568775177,79.829254
306,07,-3.5823426863228845e-05,-21.040274605699764,48.61712288511441,104.08150887489319,239.89583
307,08,-3.442271008691844e-05,-10.630728795861687,53.4802156332962,153.6393961906433,330.12976
309,10,-1.9737982986943505e-05,10.8786054316695,45.96995730125903,55.872933864593506,181.44437
311,12,-6.509792311736683e-06,12.651209838210898,41.13814304297201,54.07814908027649,-96.22972
312,01,-1.0532949036563073e-05,27.835473567839585,50.62756816835045,53.984177112579346,-192.85541
314,03,-1.2645556585016247e-05,2.2825399281491516,62.992716266741034,63.6138596534729,-255.12047
315,04,-2.402455134354872e-05,-12.38321820203993,55.9102142579476,77.4074821472168,-199.13602
316,05,-3.3327865934669755e-05,-23.83920729967343,52.369123788558014,76.4442777633667,-80.478836
317,06,-3.715115132452208e-05,-30.632264646063906,50.84424858076307,55.748387813568115,83.79546
318,07,-3.409394384040644e-05,-23.561669685609886,47.80977541725482,109.44811034202576,246.84462
319,08,-3.320200081173924e-05,-14.21000237282374,41.28222914207624,101.65014147758484,336.50644
320,09,-2.545146969718593e-05,-6.704652192857532,39.75358392157654,79.9967360496521,311.6103
321,10,-1.7187334372416657e-05,10.538457600583316,41.694871458662455,58.746543884277344,190.33008
322,11,-1.4535249143672345e-05,9.326381112670902,61.63253474075529,66.79116821289062,43.053616
323,12,-9.12172876785682e-06,14.485518746324761,56.37181309181387,50.890292167663574,-101.41911
324,01,-6.5253165958961526e-06,7.280853728591756,43.42763289413273,18.287110328674316,-201.47801
325,02,-8.8568046297561e-06,4.634872235616048,55.29220876641359,57.903024673461914,-254.77896
326,03,-1.3873502668170125e-05,-4.782673361173239,59.930227692120816,63.244534492492676,-258.62024
327,04,-2.37631702343909e-05,-18.782449027506512,53.65862876264652,51.75546956062317,-204.63998
328,05,-3.370682173148433e-05,-13.439136345319852,55.415879218805216,97.34957218170166,-87.53938
329,06,-3.4785863751151034e-05,-27.11431088460287,44.96967633606062,34.651726484298706,74.54256
330,07,-3.3670624993676266e-05,-35.11209074615151,34.7803111832411,25.724807262420654,235.59874
332,09,-2.4569920312832332e-05,-1.9050392035590278,48.50952039943403,31.076144695281982,301.8695
333,10,-2.0357669840078775e-05,8.929626497002058,49.91160704086961,104.8823778629303,183.38391
334,11,-1.6638314112929544e-05,21.698549422539603,51.20864173750348,79.28392601013184,41.87725
335,12,-1.1844671387852061e-05,21.158474252352146,51.61357204472506,99.22530603408813,-96.69313
336,01,-1.3167410284109127e-05,32.71415653975292,54.798027210791915,116.52486562728882,-193.00165
337,02,-9.635896793779033e-06,12.227102448962983,62.05461917357218,88.80820941925049,-244.2685
338,03,-1.969343553138324e-05,2.858439688077537,50.951221448258686,65.31020927429199,-249.15474
339,04,-2.5420359923575438e-05,-23.728481532796227,35.425640993569964,1.6051898002624512,-203.73264
341,06,-3.458860908376663e-05,-19.802041976589628,51.81401281598541,100.40370607376099,70.31946
342,07,-4.0491175616739144e-05,-14.380545316962786,51.51913973191349,166.44169425964355,223.95041
343,08,-3.430768915528969e-05,-11.902402343421853,46.669440629773256,52.89487075805664,321.09515
345,10,-1.4836711174446523e-05,-1.5530790907336818,46.4751422240952,38.23624563217163,183.84341
346,11,-1.4172945336880124e-05,15.984315191311307,55.0159122577058,63.65782594680786,36.00347
348,01,-9.98381483742544e-06,30.50790186531313,59.32570013750177,98.90966415405273,-193.69951
349,02,-9.733829621899499e-06,11.488472740085646,43.235250111784055,39.91739559173584,-242.68893
350,03,-2.0140387961912898e-05,4.352542552004578,67.29393991330491,110.58221864700317,-248.67038
351,04,-2.446588194630345e-05,-15.287676639472116,50.48518859204715,37.05441331863403,-195.57416
353,06,-3.476253857051133e-05,-32.52892781643338,47.80475471985869,40.78405427932739,82.05255
355,08,-3.3834556450724496e-05,-9.036356891591062,49.02626591384924,114.81742095947266,332.0854
356,09,-2.5189189388381943e-05,-2.5223080678304033,46.95382839618127,79.74637937545776,299.69122
357,10,-1.8222273044254205e-05,6.518695762716314,54.30898137165141,92.71740341186523,178.69278
358,11,-1.2143508331428165e-05,12.723418456013999,55.05112889809742,87.03951120376587,33.665977
359,12,-6.623100362498576e-06,8.910789440196046,51.189781416840454,32.103607177734375,-96.66439
360,01,-6.219402897665034e-06,13.638463789416898,56.756673166043,59.60752511024475,-197.39117
361,02,-6.55127283612057e-06,7.2258432279314295,62.426701213981424,62.01654672622681,-248.13864
362,03,-1.4006747319585248e-05,0.15545269151913163,60.10794240493287,55.8788948059082,-251.6673
365,06,-3.4585202314802804e-05,-32.20444840494791,47.13420631794532,75.43589448928833,81.14411
366,07,-3.995988693131167e-05,-23.939954596078525,46.67216465320125,103.68392610549927,238.67038
368,09,-2.396435872586961e-05,-8.675344586181641,43.626415080409586,40.19728755950928,284.77347
369,10,-1.8213049179844e-05,4.716025361748153,49.256211021474606,74.3879747390747,172.63689
370,11,-1.3997967538165946e-05,28.005924584282763,63.3120259418408,119.02290868759155,22.52139
371,12,-8.896478755051119e-06,9.686923075029926,62.37685010996686,98.37137460708618,-108.17163
372,01,-6.091251291421628e-06,2.9262350808420488,60.36061479552843,49.821874141693115,-203.63138
373,02,-7.65345504045659e-06,5.717629487900508,61.53230691539674,91.62952327728271,-254.09052
374,03,-1.4227020407356234e-05,-0.1344084672825314,56.345688745778084,56.222103118896484,-259.9349
375,04,-2.4690822054900404e-05,-20.66956467929416,50.227940069592,27.15949821472168,-208.33556
377,06,-3.182083758476639e-05,-35.711798379855686,43.71565713060168,33.73767280578613,77.14964
378,07,-3.4407490462771055e-05,-31.11366353779454,49.13440625845617,68.74052047729492,250.74696
381,10,-1.8914465963579488e-05,8.677334267236855,54.52403665949838,76.19713640213013,174.4839
382,11,-1.1904203317903414e-05,4.708053307088217,64.34552551558414,80.79510045051575,28.55626
383,12,-7.738160395268594e-06,4.967533013128466,56.59717789244652,51.991679430007935,-94.931076
384,01,-4.432973011169315e-06,15.641597058367989,49.85520389962581,71.90442681312561,-195.44594
385,02,-7.274441715534998e-06,7.353929252261208,64.81677477946593,54.225329875946045,-247.5234
386,03,-1.235675504704564e-05,-6.3443144091534345,43.386579177287324,20.28888177871704,-257.04694
387,04,-2.5035789431644346e-05,-14.869033695136176,49.48712501599656,17.25916814804077,-206.92227
388,05,-3.0008848766624646e-05,-32.62149781881353,48.67582858574712,34.52233028411865,-85.094864
389,06,-3.4230032604055946e-05,-25.01744469502767,49.43961729888122,94.74681329727173,77.29344
390,07,-3.7348723895911946e-05,-18.427609645064162,51.34294977803511,163.95448088645935,243.18289
391,08,-3.274760770019843e-05,-10.64563058373236,50.85391145080519,128.73549723625183,333.2172
392,09,-2.5484862159343414e-05,2.648160398695204,48.54894579696125,68.3792371749878,299.8374
394,11,-8.12447487300637e-06,7.208228931681314,45.10324230610001,17.076764583587646,32.276733
395,12,-1.2744765838047034e-05,29.389911852764826,62.27082245179138,135.77323961257935,-97.27638
396,01,-9.557997748420493e-06,23.492998173539362,55.985124487241116,90.29691076278687,-192.05338
397,02,-6.941694202459045e-06,2.77444112036694,54.92825397600388,25.181623220443726,-249.3121
399,04,-2.412122515035865e-05,-15.116672309705946,65.52592149374486,93.77713108062744,-196.89685
400,05,-3.2719707248821014e-05,-19.41600187732328,54.71462800888861,68.41745948791504,-67.75634
401,06,-3.633841799156573e-05,-15.284035491265191,54.862410076340026,122.0042052268982,83.29678
402,07,-3.9630504535585143e-05,-18.105863085346844,55.33667580591222,133.29841899871826,247.64703
403,08,-3.664081436780238e-05,-14.530181596981583,48.63167088847007,90.66671252250671,342.472
404,09,-2.780254297756781e-05,-4.337274759928387,47.643611919113,79.25185561180115,309.22107
405,10,-1.749340033099435e-05,6.576196681525118,62.883388684188155,131.10860514640808,185.55139
406,11,-9.782895505729057e-06,13.286790387301977,48.36725960095062,62.30052351951599,36.643826
407,12,-8.270612005098982e-06,23.135962751162953,68.44660146777348,126.01667380332947,-99.22256
409,02,-9.82560560788399e-06,1.2790957768758144,54.799641565576906,42.50241231918335,-256.9015
410,03,-1.6003138249269338e-05,-14.11737674147083,62.83003596656937,46.14034557342529,-261.14056
411,04,-2.0434202846445263e-05,-16.983018215264217,45.651346360141694,31.149431228637695,-207.27895
412,05,-2.7662325821888435e-05,-23.158452428017892,56.92952051083376,89.41290044784546,-78.396385
413,06,-3.319209287441886e-05,-26.815010833062065,45.349666944320994,63.59688186645508,87.52383
414,07,-3.405638901301333e-05,-27.630988150319745,40.32137145659744,58.30738687515259,258.00787
416,09,-2.475842662511746e-05,-8.054260448540582,49.65095689521101,81.32235813140869,306.8767
417,10,-1.765674730958508e-05,13.677036990258001,51.31546706972713,135.23726177215576,178.96312
418,11,-1.2026654228591521e-05,13.685960133870443,60.59634180396663,95.3849720954895,33.302734
420,01,-8.580053124215514e-06,22.96357862870411,63.49304372530727,90.50502729415894,-198.81992
421,02,-1.1990748406116751e-05,26.598223410470148,61.15281964255657,81.80759859085083,-248.9177
423,04,-2.3883861623916246e-05,-16.521862002224392,58.86005653639768,52.129727363586426,-200.08737
424,05,-3.2321809314922687e-05,-17.350711201329386,63.11191008513332,111.14941215515137,-79.75734
425,06,-3.645346474101341e-05,-28.120134918891054,43.231891095406475,53.205344676971436,88.545555
426,07,-3.570791800838603e-05,-18.498887496784167,52.862582088247414,91.65657234191895,255.31201
427,08,-3.5946427165531874e-05,-15.756697428713563,51.75170243226714,126.34322667121887,351.6397
428,09,-2.0748739615697153e-05,-9.244409510294595,35.08465283191469,25.215217113494873,318.6172
429,10,-1.6616273676728237e-05,8.951883064844276,46.06859467966968,79.9614315032959,184.86598
431,12,-1.0581146033268115e-05,22.95546643394552,54.273882943514856,89.71414184570312,-100.83259
432,01,-9.2527426375611e-06,26.340960131573418,62.63006211892765,107.20374536514282,-197.7718
433,02,-8.153189459681882e-06,8.31590086110433,48.93550452213628,54.84558963775635,-247.91592
435,04,-2.4346638547669703e-05,-22.934988667466907,50.17846367060873,27.186142444610596,-199.99257
438,07,-3.7615658574522775e-05,-25.170489753641114,45.05531850020347,95.02099466323853,245.32547
439,08,-3.326061218056918e-05,-12.586229408838417,52.3345120203854,123.28978443145752,341.76306
441,10,-1.3186316454061119e-05,-1.463842040031187,51.45971762442205,34.89073657989502,182.6893
442,11,-1.4898132296588707e-05,27.46974549831814,55.57987919455502,119.42508697509766,37.765766
443,12,-8.385574634596725e-06,33.275967709449034,59.292129598577816,54.18260717391968,-94.49944
446,03,-1.4810545610421827e-05,-5.396197126162949,59.004922374092125,69.4955415725708,-256.2215
447,04,-2.7581765115751797e-05,-20.820068422105575,57.557788026644126,67.43884038925171,-201.19147
449,06,-3.356170396635004e-05,-23.02242342732747,60.87640379265148,113.14722728729248,91.06342
450,07,-3.758493633006676e-05,-22.269790681900524,47.74635748879372,56.59930372238159,255.83318
451,08,-3.3272750999810424e-05,-17.014684508621052,43.397001161080546,57.580533027648926,346.2644
452,09,-2.4645985519115736e-05,-7.889081433783638,37.34792189491059,28.704333305358887,308.64203
453,10,-1.526362983537594e-05,-3.798430909843855,48.34944315867911,57.946226596832275,180.43066
454,11,-1.1750765303218536e-05,10.89123139716254,54.5964946256227,75.84917688369751,33.1573
455,12,-4.447676278540448e-06,15.633635981405934,42.93341399640295,19.911759853363037,-96.35222
456,01,-6.416161365773257e-06,12.223324068787278,48.97643718384928,56.35315418243408,-192.83478
458,03,-1.5800369091061108e-05,2.527072602630943,59.88884960889175,58.12478494644165,-252.46547
459,04,-2.5679135762624757e-05,-26.331729773288306,46.84454056873057,30.59126615524292,-199.92308
460,05,-2.9667726341906155e-05,-25.198657173730993,56.839670298081565,37.424317359924316,-86.10692
461,06,-3.566179110415154e-05,-31.36642959594727,52.944568701901716,63.719133377075195,74.25624
462,07,-3.888270218750779e-05,-23.176640851420746,56.14024401203919,125.55045461654663,246.43555
463,08,-3.333480648354688e-05,-12.395997953681537,44.035043613662005,75.39064645767212,339.45612
464,09,-2.5415033401845397e-05,-5.530321179199219,52.86381167994076,131.7170844078064,307.29788
465,10,-2.0550294828412475e-05,15.281469091599986,50.30405073937036,63.67462873458862,190.28699
466,11,-1.2597567349661808e-05,15.910226154920792,53.90823562632401,71.56626224517822,48.75364
467,12,-7.748080553331723e-06,20.40142875687794,63.311030514205655,122.76686382293701,-79.29341
469,02,-1.1806723732206594e-05,-2.6082788761683875,46.30087924139698,28.985047340393066,-231.42896
470,03,-1.3339704251535219e-05,-6.768148279333628,63.03257818707726,81.36417293548584,-237.33827
472,05,-3.631899526441482e-05,-17.44638056798135,47.40056218499266,48.21310758590698,-69.34842
474,07,-3.4126774513620195e-05,-44.31138712696363,36.16823902212164,19.791842460632324,239.42564
476,09,-2.7110998255941223e-05,-4.088550005425346,48.59134079140956,68.28795766830444,312.35574
478,11,-1.049799736220949e-05,11.533768935139973,58.11769115721252,34.97020101547241,49.19925
479,12,-7.425197422547768e-06,21.47761040308142,53.53903508252609,89.45121669769287,-91.88431
482,03,-1.7898125718357898e-05,7.876527682396675,54.192069970153995,101.83904027938843,-244.4681
483,04,-2.786484313502215e-05,-15.88577495863173,41.53150874974462,32.68497180938721,-195.53963
484,05,-2.8741963674400066e-05,-37.081440074305384,54.09692304540707,39.454394817352295,-78.63506
487,08,-3.404563471354698e-05,-17.337182702177312,41.57153246440298,76.33737087249756,350.13025
488,09,-2.6543087166161665e-05,-4.24653964674208,45.73786681658825,112.17082786560059,317.47064
490,11,-1.0039879183467646e-05,10.335369747924807,64.20363267016013,74.31336832046509,52.235046
491,12,-8.260583359534854e-06,25.078029959073632,56.60606037604423,84.95069599151611,-88.76082
492,01,-6.012859741277161e-06,22.106840989635838,48.67357203781476,60.42203378677368,-182.62137
493,02,-1.5386156723984276e-05,31.748662168305497,64.97568837541958,131.38312101364136,-231.40085
494,03,-1.9840231885472768e-05,-1.8349693298339842,46.56073982853019,49.32469892501831,-232.4386
495,04,-2.7043378228700023e-05,-24.0670989525689,35.17819720014996,24.384860515594482,-181.62108
496,05,-2.995519203009721e-05,-45.04488896819084,46.51938461271666,17.802208423614502,-70.98167
497,06,-3.546342912159163e-05,-30.903872137790252,54.092656515480414,67.27775382995605,97.25192
498,07,-3.552329937512147e-05,-24.55973527871409,49.31133174363516,73.53353977203369,258.2582
499,08,-3.48960954878191e-05,-17.491402352609946,46.845165995435046,91.37486410140991,356.46912
500,09,-2.4679065476549213e-05,-6.537764871215822,41.4254565234277,61.862966537475586,328.31262
501,10,-1.848353834580477e-05,14.114419966174706,59.132486595437086,137.80672430992126,210.70636
503,12,-6.893300624729055e-06,15.732371215492165,60.65007041392917,109.63903760910034,-73.83182
504,01,-7.860778656987515e-06,14.34612370152627,66.80461903254064,90.61761569976807,-178.0216
507,04,-2.588563685021654e-05,-27.98602328389486,47.86236142485672,51.77638530731201,-179.77728
508,05,-3.230829694098981e-05,-22.4746828918457,60.26473778712485,118.6035623550415,-63.110195
510,07,-3.6336240956178925e-05,-19.074829963273896,48.14752719921964,97.35786199569702,263.58264
511,08,-3.444879628501263e-05,-12.903870650096605,45.419211714576655,99.27522611618042,349.84912
513,10,-1.864643046111826e-05,14.62936670381279,46.729617401201246,138.24248218536377,199.56628
514,11,-1.0072340758698473e-05,9.36498726196289,49.88987413275507,67.49459075927734,55.006935
