,month,MER,MSSHF,RH,t2m,SCA
0,01,-7.186377549426466e-06,5.464709561255669,62.6901256937955,271.0374221375988,0.53
1,02,-7.399999772068052e-06,2.729709174746558,52.295623941567676,272.4365299592699,0.19
2,03,-1.408509512223264e-05,7.08405715679866,62.090667984242096,277.5071083010602,0.75
5,06,-3.330413338050373e-05,-22.16353809509278,52.028707694198026,287.5916414632162,0.19
6,07,-3.0671342559486147e-05,-22.637875941122733,53.00265082314577,288.5937503051758,-1.45
8,09,-2.3132900744369383e-05,-4.023202255249023,42.3501046719922,287.08609388970274,-1.41
10,11,-1.1569333000928361e-05,13.890767045423724,49.679388139549886,279.5115746341281,-0.15
11,12,-1.207531024335357e-05,24.691616260159407,64.98245628347064,278.9589235103156,0.35
12,01,-5.795284385228985e-06,8.867661568262244,49.01821534482766,273.9435328466764,0.44
13,02,-7.359469057738698e-06,6.865867059466484,53.581606617508264,277.9200598216879,0.82
15,04,-2.282624180893941e-05,-17.872287172783746,48.97103869282801,280.6358343542311,0.62
16,05,-2.9285246377967465e-05,-30.998830406271004,47.47244699586335,284.48860593045146,0.68
18,07,-3.1905643976779664e-05,-14.025872309859079,48.67037434149174,288.3328994714881,0.63
19,08,-3.1051088017916934e-05,-11.540256553403795,47.008779259716306,289.8567247478526,-1.35
20,09,-2.365392635981859e-05,-3.0327022542317708,42.946886476458445,288.5418778632271,-0.14
21,10,-2.1172643707369163e-05,7.590982919672484,58.4636376896443,282.9430969840429,-1.17
23,12,-7.873070872231058e-06,26.063403682913826,61.380955716897084,277.40736817940336,-1.51
24,01,-7.860688640385075e-06,20.899533713063885,47.875411116570554,276.2877688055551,-0.75
25,02,-8.991757432514056e-06,2.888394768487839,50.11619150138895,274.87796189149225,0.59
26,03,-1.2076194787720939e-05,11.89821663673975,73.37905685201383,280.6608627738133,-0.87
27,04,-2.2320882245185202e-05,-19.334173597547743,50.02077896680037,280.8875384987725,-1.34
28,05,-3.0310256707952082e-05,-17.47440350473055,59.34436809112436,285.6955955049248,1.42
30,07,-3.173775886429094e-05,-20.80200322239373,49.75860673643311,289.0546993070213,0.7
31,08,-2.8741253340065727e-05,-19.03508228654759,42.77699926753197,289.5996995383643,-0.05
33,10,-2.174942796122078e-05,9.781940688922843,60.93410625634399,282.36856040909464,-1.35
34,11,-1.4328458308167076e-05,19.586548003133142,54.57233108670976,280.54755887637674,-0.69
35,12,-7.687594037497059e-06,8.885675470167591,67.75924336626196,273.28184220705754,-0.47
36,01,-5.276928763964617e-06,11.574925520045783,58.01885871766587,274.71989871035333,-0.77
37,02,-7.864293709969517e-06,5.468580898829869,51.56958197040644,276.0330576188678,0.73
38,03,-1.6001877676116956e-05,1.792558938959594,55.95160838729334,278.2745939710473,0.72
39,04,-2.3437909088230905e-05,-21.874123499891493,46.11000325809585,280.3653982337103,-1.57
40,05,-2.9170486620455693e-05,-20.4214844770534,47.92201473479629,285.1203722468551,-0.86
41,06,-3.17826830204164e-05,-27.949367026435006,48.16991035015053,288.8242188401964,-0.95
42,07,-3.416977696542745e-05,-21.999847670688425,39.2781192299025,291.04000476303924,0.39
43,08,-3.1963929242763654e-05,-15.790871219429917,46.55304641459066,290.1174927072832,-0.5
45,10,-1.6551261839878706e-05,3.491510892150223,54.79260846710333,284.4179603883477,1.47
47,12,-1.0313162028783104e-05,17.753608460457098,55.75187243828721,277.1484120603172,-0.28
50,03,-1.3839232150540515e-05,-0.5926843497983868,57.115805566785156,278.44128489291285,-0.52
51,04,-2.090864053300013e-05,-10.60586452026367,65.75529212030038,281.01254923197433,1.24
52,05,-2.6606813441591635e-05,-11.409518621957432,66.050863289825,283.5180301421791,1.48
54,07,-3.282222612492611e-05,-33.091220865229126,44.1499227373741,291.918114544284,0.74
55,08,-2.6941880611302234e-05,-27.08358682743196,31.77761535606461,290.7689338021227,-0.44
56,09,-2.725831751290065e-05,0.9693071214463977,44.86737590899468,287.3565667371962,0.06
57,10,-2.1395454446465794e-05,12.186390243366201,47.91972020449689,284.1974871086613,-1.87
59,12,-8.522425015388596e-06,21.808005747805364,57.410435429080856,277.4857788941578,-1.87
60,01,-1.1848107099418698e-05,28.771229348787696,56.9102486772409,276.7842754120365,-0.46
61,02,-9.682757584759485e-06,6.4267875001403105,47.08914505602986,275.46569391803087,1.31
62,03,-1.3818876191033916e-05,-6.2181760956138685,56.610379949503034,277.09370695126444,1.46
63,04,-2.3066575134180317e-05,-21.124448284233942,53.13685258980724,280.480126296997,1.51
64,05,-2.301351515928619e-05,-21.276121071107926,61.30564291210714,282.87292314492504,0.98
65,06,-3.0384449369921637e-05,-25.249517172580298,53.14751710217263,286.0332354305691,0.03
66,07,-3.052118788760435e-05,-16.333257173927887,51.58020934386151,288.32212674803367,-0.72
67,08,-2.8069958612225798e-05,-17.017802792784988,42.472240740586344,290.61531108601883,1.24
68,09,-2.2138291550658728e-05,-0.809648367987739,66.94727416271104,286.73494841105145,-0.38
69,10,-1.5594664512004833e-05,12.420039781796033,52.5519555827328,284.94581760332665,-0.3
70,11,-1.2000811908506469e-05,17.20852971835666,62.11537896577253,281.5467750801086,1.13
71,12,-7.343828446024142e-06,12.754345215500043,59.86620702467682,277.9717317575434,2.84
73,02,-7.646551471441942e-06,-7.170963860648018,49.17462651499538,272.6459450080508,-0.2
74,03,-1.1304150707112197e-05,-2.56875498781922,68.34861116093205,276.80950123838204,1.07
75,04,-2.3272295822324753e-05,-10.486857863362628,59.37646033687326,281.0197640380859,-0.88
76,05,-2.800802443084893e-05,-16.149492612120927,55.7763452255995,285.3065335752425,1.28
77,06,-3.090711121482552e-05,-17.990251360066733,61.34983533646531,286.164952170478,0.11
78,07,-3.447742918110781e-05,-15.274860501197074,50.75858460182529,289.64287729209974,0.15
80,09,-2.244669017984254e-05,-3.3109654418945316,48.444472670045165,287.42453148261177,-2.12
81,10,-1.5745955748394817e-05,1.4800897167574978,41.847355274659336,283.8836659237441,0.37
82,11,-1.5779393952086846e-05,2.730464919026692,53.6031213278585,276.48227231207954,0.06
83,12,-6.748697063030508e-06,22.216181771555252,62.92255071562849,278.89900289527316,0.06
84,01,-1.0488508364736625e-05,25.802121266682942,67.17732922877546,275.801350984922,0.16
85,02,-9.105866422227595e-06,-15.737989101954868,41.279925076501705,269.8368100568681,0.94
86,03,-1.09558865346488e-05,2.199697240357758,53.96111336709735,276.74076908246934,1.15
87,04,-1.9242588071877733e-05,-14.953707265557181,61.57429541588492,278.83615111126363,0.39
88,05,-3.1224375424332516e-05,-18.680161248648037,54.14751819698144,285.4117867415233,0.14
89,06,-3.5890827366468634e-05,-24.274000357055662,43.53411597645681,288.4358594709608,1.4
90,07,-3.000731417455182e-05,-30.125119514383297,48.19723509739805,289.44563059620185,-1.95
91,08,-3.1366839325049225e-05,-20.726613564768147,49.22354232249208,288.36188031465264,0.55
92,09,-2.1116000810717296e-05,-5.870355172729491,52.886519872754164,284.9466449978299,-2.04
94,11,-1.2770530823662637e-05,20.62896745435927,57.76803370095226,281.3988308635288,0.15
95,12,-1.128779906788603e-05,28.043287035542146,58.52688881322774,278.653770938135,0.49
97,02,-5.771432554432804e-06,6.824847212655203,67.52644709656069,275.3062230299087,-0.52
98,03,-1.3287096029671374e-05,-5.803373095440609,55.151999684815046,275.18381564716617,1.03
99,04,-2.2575659647211267e-05,-11.442104777696397,52.015024873095086,282.7985634870741,0.66
100,05,-2.791426425801057e-05,-28.103053294192083,60.924986691195485,282.72152383422844,-1.4
101,06,-2.8837502824555686e-05,-20.989433822292757,61.5306473079814,286.23068305765787,0.32
102,07,-3.379324687933062e-05,-20.07741719498173,55.40260847481861,289.3334297852875,-0.97
103,08,-3.0242934917310693e-05,-13.572054321945357,50.633880177582476,288.99911613021357,-1.65
104,09,-2.5696148892024614e-05,-3.969099077690972,51.22118268649578,287.79776992187493,-1.01
105,10,-1.9746457593286597e-05,13.28605210072507,59.41998880579267,284.1081416557065,1.4
106,11,-1.2423982501220758e-05,8.69252590874566,58.77474638277293,280.28694883850955,0.36
107,12,-5.659096497726741e-06,10.619382738339004,50.16868590621025,277.7222096857871,-1.38
108,01,-9.400724827868036e-06,23.76198229324177,64.8158600401199,279.10735159379686,0.72
109,02,-1.553154618433063e-05,17.196350676788683,61.10995617006565,277.7702740127738,0.6
110,03,-1.4791143874625109e-05,4.141464673442225,71.63935923557511,278.11941827511527,0.49
111,04,-2.4692344382775542e-05,-22.74501348402235,55.09817502149212,281.1784597961426,-0.96
113,06,-2.7714982728361462e-05,-28.63852083367242,47.29024293223089,287.1965049299452,1.93
114,07,-3.385038605679304e-05,-9.511822006717805,59.07058047961163,288.8184828294324,0.81
116,09,-2.5435363158006416e-05,2.907980506727431,49.177534459747214,287.1028169921874,-1.08
117,10,-1.6347254436593455e-05,7.273599919801116,47.520342997120274,284.2524626317998,0.1
122,03,-1.7582771425163286e-05,5.919001820882161,61.97907953674307,280.92673047006264,-0.62
124,05,-3.2913617601255e-05,-32.404015432706444,43.15242019264416,286.4839753660796,-1.85
125,06,-3.3498540398290464e-05,-35.047065074327264,55.710710440916486,288.0712565836589,0.78
126,07,-3.3625666249610085e-05,-27.510599928661055,42.19065745926929,290.43235706386776,0.2
127,08,-3.0036708770112647e-05,-17.0266568734774,43.458151734339296,290.0662455388552,0.21
128,09,-2.1827326350689368e-05,-6.781363076782227,44.02462579022247,288.6776379201254,0.59
129,10,-1.9913688146604526e-05,14.103063629806684,48.60193847477949,285.642628944643,-0.65
130,11,-1.311930024130561e-05,7.912713109334308,43.72629240063826,279.22501226437885,0.89
132,01,-9.708490018202875e-06,23.531725362798216,54.619796854420386,278.84542206019734,0.16
133,02,-1.709957590030951e-05,31.83555304718018,59.52337883048256,280.50749825822743,-1.68
134,03,-1.7018775953137494e-05,2.372058311872584,47.98838851665681,281.1010017314214,-1.97
135,04,-2.7999317039636173e-05,-19.276666238742408,46.732171709169286,281.5536805019803,-0.72
137,06,-3.068480971400681e-05,-23.63770078192817,52.16888050745726,287.6530416948106,0.03
139,08,-2.897321149455781e-05,-28.290339532667595,47.590817581110095,291.14238770975095,-0.15
141,10,-1.8407037761653066e-05,10.48773665069252,49.92561818830045,285.16074951352357,1.22
142,11,-1.0645134954231454e-05,8.876481322224937,54.38112868225972,279.7035436231401,-0.08
143,12,-1.0178729378000547e-05,19.264495642221096,49.02194799312469,277.58139236323046,-0.15
144,01,-9.804670876438911e-06,24.167181801416536,38.86062395377826,276.4995654494993,0.0
145,02,-6.996622216688376e-06,0.507544446309408,46.996895068120395,272.81969927006674,1.72
146,03,-1.2629808311264428e-05,-0.5304674036169569,53.76618897918476,280.96131813873785,0.92
148,05,-2.5811937759284265e-05,-33.066711107479634,47.67298183366304,282.56432028493566,-1.53
149,06,-2.987989489524302e-05,-20.686577268473304,57.62339900992447,285.44453116149896,-0.71
150,07,-3.606362330103894e-05,-12.26554677852508,46.37869990175771,291.0611541531471,-0.51
151,08,-2.9805839779475068e-05,-22.79464663072811,38.70661156831249,290.6213046195738,-0.28
152,09,-2.1833397036001162e-05,-8.548686426798504,39.4321560544822,288.29770074191623,-1.37
153,10,-2.004618059737534e-05,2.17344532234438,45.307421456006274,283.64651159085514,0.18
154,11,-1.4646135411648073e-05,14.444811823866104,60.08639300202131,279.0964361319648,0.02
155,12,-7.654158530845394e-06,17.942148733159545,42.031411531264894,277.4903090515137,0.01
156,01,-5.988280283046514e-06,9.900324605634134,41.55076964045469,276.29669176196023,-0.02
157,02,-7.568776633878318e-06,10.513905402874128,42.596786469010105,278.02707910182556,-0.03
158,03,-1.6743815379482177e-05,3.675611719931326,56.535387553599556,279.7299019205238,0.41
159,04,-2.3724830210206465e-05,-12.979907084147134,60.15185276207658,281.38050007290315,0.32
160,05,-3.502280750303383e-05,-18.415903687507882,37.98684394011575,287.68378568587764,-0.67
161,06,-3.339920427913765e-05,-25.873405965508358,43.36981476617124,289.51187445407453,2.34
162,07,-3.3542465003026134e-05,-26.574038988010855,46.61348771423679,290.8302553724063,-1.03
163,08,-3.290884278264643e-05,-13.404264240552024,52.83446418771308,290.5360282891386,-1.24
164,09,-2.5466491539959356e-05,-1.4094354346381297,48.6797681992597,287.5794175764296,1.59
165,10,-1.9484351597922247e-05,1.9587082073252686,58.379234332862715,281.5607008762565,-0.08
166,11,-1.321692710625939e-05,23.694389510769323,50.96693710040848,281.2424108364529,-0.73
167,12,-8.425528942156701e-06,11.411874493342573,45.69198678764476,277.1291988499139,-0.18
168,01,-9.715480358609446e-06,34.39173987899288,57.42208674485646,278.0689588641915,-1.29
169,02,-8.449411843078754e-06,-1.1622854381742926,41.2482318814184,276.05196190389,0.06
171,04,-2.191761210872048e-05,-4.539731902737087,59.59964808656376,283.3900037384034,0.59
172,05,-3.0932743489659034e-05,-26.541132331437964,51.168041845343446,286.5305111710743,1.49
173,06,-3.281592492067931e-05,-24.277929318237305,46.836056776909025,288.3121968231201,-0.48
174,07,-3.3366269429406925e-05,-23.52127023184171,53.23872095220833,288.9670793329055,-0.18
175,08,-3.234485571499712e-05,-11.285276480397874,49.79429166342623,288.38119730434624,-0.63
178,11,-1.1587640056374466e-05,-1.8295716874864363,52.225245416957804,275.9691254242791,1.9
179,12,-9.250304196792702e-06,31.236705364924607,64.63241229699248,278.55954070281985,-0.04
180,01,-8.814763398506955e-06,28.086010490499522,59.814965074129006,278.4522831625169,-0.24
181,02,-9.681430163471391e-06,-2.9269207930791947,54.97462990093799,274.71976377387267,1.25
182,03,-1.5868986940443404e-05,12.424105568506382,56.25959003628518,280.1386115247255,-0.72
184,05,-2.8615912740195944e-05,-19.306992470361852,50.8592781971834,284.95634343137016,0.52
186,07,-3.466171150601792e-05,-32.442688338413035,36.16844127948567,293.29159473148474,0.6
187,08,-3.527003988845888e-05,-15.806742182249662,41.714041907468136,290.50995685306685,0.5
188,09,-2.649383951805552e-05,-2.2674784339057075,50.77799905458556,286.7490272650824,-0.02
190,11,-8.92097842036795e-06,12.752254605102538,55.27824593100681,283.18030227940875,-0.53
191,12,-1.093666692604627e-05,22.757288210632986,53.902280609893545,279.09193974574924,1.35
192,01,-1.2804497735976505e-05,25.385474410518523,57.77612080058489,277.2651151844968,-0.09
193,02,-1.271823695051786e-05,20.178666164579848,60.9734689490412,279.69789509668806,-2.08
196,05,-3.3250014936618425e-05,-29.631465932538433,52.844916530618114,285.3548243562432,-0.35
197,06,-3.44918315846169e-05,-24.446217814466692,49.08188772321145,287.09207231580945,1.69
201,10,-1.4566836962311297e-05,5.514771194293934,41.310020164710224,286.1660483907064,0.69
205,02,-7.544903639281147e-06,5.38362545916678,55.18347650017959,273.61455346710375,-0.22
206,03,-1.2827322511164368e-05,-10.990242480862525,51.72073062135199,275.89573825737733,2.15
207,04,-2.0502408365953464e-05,-21.604367342122394,58.54018084150156,281.5059792378743,1.24
208,05,-2.4253428110207234e-05,-26.022296560964275,51.92535755428705,283.0404211406093,0.36
212,09,-2.534073391895315e-05,-7.00570699428982,43.673043699496326,286.062809048801,1.03
213,10,-1.7171301486478214e-05,8.106230379494288,51.02844809201841,284.35446074524754,0.4
214,11,-1.4551765714713837e-05,14.46901237657335,58.72207561985916,279.4499412578582,0.01
215,12,-8.836182103413613e-06,1.1414017176474303,51.832999992789766,274.0792455669526,-0.19
216,01,-3.583592048936e-06,-1.2817189340899076,35.36421269791357,272.25964624536164,0.07
217,02,-9.97768289436776e-06,28.48145621345157,61.04910012837534,278.9320034816378,-0.87
218,03,-1.2413017713795421e-05,-3.0697627356744577,49.8996438915832,280.40703176859375,-1.33
219,04,-2.201332183204714e-05,-17.60772253417969,50.15108422283994,280.5644874141693,-2.44
221,06,-3.476727682935032e-05,-20.254541469319665,56.16686724849277,288.2355316602919,1.64
223,08,-3.064838395117496e-05,-15.397676236060358,39.11490551742816,293.2227237929478,1.18
225,10,-2.0736059433235615e-05,1.8364669255082322,46.07108195983722,283.2611740620521,-2.17
226,11,-1.1372840429430654e-05,5.54297788119846,52.451002673839106,279.9875980561574,1.42
227,12,-9.893875752236308e-06,16.98351939342868,60.12797338394067,278.3321768117105,0.61
228,01,-1.1099072907757458e-05,24.386054642872143,54.87726956107148,277.9622745796942,0.59
229,02,-7.893391973560764e-06,12.879144769577753,54.623768248409036,279.23413331127165,-0.56
230,03,-1.582076560769428e-05,4.910139277304372,64.38913835901599,280.3343201620861,-0.05
231,04,-2.2395207648413717e-05,-10.670934447903104,67.35853829729425,281.88296789105726,0.54
232,05,-3.182257207745645e-05,-20.036693252071256,51.31070372274871,286.9770894601474,0.25
233,06,-3.4082233544055876e-05,-13.138249787733287,60.09514157660935,288.37100996331105,-1.02
234,07,-3.6390916169732936e-05,-13.917790471887077,46.5719772114318,288.9995175761561,-1.63
235,08,-3.4686337675251e-05,-19.754633603331865,40.27667498864153,289.45330056729875,-2.19
236,09,-2.4247977624205914e-05,0.3736279635959201,55.41774919654528,288.04718676249183,1.41
237,10,-2.3367591303340108e-05,14.50471792602539,57.49670259841796,283.2419490077521,-0.49
238,11,-1.186565926222506e-05,4.6568576497395835,50.09492808050447,277.3990418517218,-0.37
240,01,-9.430198710966792e-06,24.63400003675235,61.44896206574927,278.42221806261614,-0.01
242,03,-1.3397230129969535e-05,-0.9194605676794566,60.6708199271861,280.0196965524407,1.68
243,04,-2.54553507465769e-05,-17.42901027967665,53.24983413987689,282.47727725253634,-0.25
245,06,-3.759346314859108e-05,-24.964019442409946,49.104056137108806,287.621155009969,0.49
246,07,-3.775679561435789e-05,-20.12216363230059,34.70881050790896,291.3305993268413,-0.01
247,08,-3.318467006672979e-05,-13.657699137697938,45.50563225292391,290.35377914166196,-0.39
248,09,-2.59650643648355e-05,-3.5717024329291456,50.26974016195536,290.39740791795515,1.24
249,10,-2.1588807777500546e-05,5.981483147405809,48.24640764357326,284.0889761727855,0.81
250,11,-1.3179962080519347e-05,12.654008286878799,52.50058610761298,280.36134305237664,-0.39
251,12,-1.3700721242369786e-05,27.986750325848984,63.54783165261822,278.27631423343126,-0.34
252,01,-6.553396535759588e-06,18.42038040095504,45.80448549491872,277.79516857783,-1.02
255,04,-2.355722367422762e-05,-12.813957029554578,60.681698268123455,282.30091152648924,0.34
256,05,-3.550879427684679e-05,-19.147158501081563,47.704144963514416,286.87483983849967,0.27
257,06,-3.750390542944741e-05,-27.016546727159287,42.780413097916714,288.429064964803,-1.14
258,07,-3.168135436499142e-05,-21.668345875401656,51.88578506780696,288.20182105771954,1.46
259,08,-3.0941285219664524e-05,-19.063545700565466,39.65101154342005,290.2980615874259,-0.11
261,10,-2.1893689024856883e-05,11.235235126454343,57.40779917159772,284.6498967747843,1.07
262,11,-1.5146696185204038e-05,20.892512133110895,68.07071139411661,281.02643124508324,1.91
263,12,-1.1904006665214989e-05,20.81303864280127,63.79751548051194,278.4327853809069,0.94
264,01,-6.723928980547147e-06,14.384707934964087,53.25762820807451,275.96743091123847,1.45
266,03,-1.3063552253355424e-05,-6.242824222359606,58.59238742218351,277.80964705756395,-0.53
267,04,-2.4765318735565716e-05,-15.737299090576174,60.65160554169682,281.0073699052598,-0.52
268,05,-3.372209000100225e-05,-25.790908090242777,45.58359570831253,286.25971681492297,-0.73
269,06,-3.303585196628976e-05,-31.827683939954966,48.06642211600013,287.6171802242279,-0.58
270,07,-3.6646507612448495e-05,-24.41304970722813,43.035889669943884,291.0954466385379,0.57
272,09,-2.8629883362433853e-05,-3.361749937269423,60.89090815499625,286.7026010084364,0.45
275,12,-9.904081011676856e-06,14.487402564920403,52.82181985401466,276.8109058604907,0.68
276,01,-6.60295483731882e-06,23.604068570044735,51.65779350411636,277.7092359037091,-0.7
278,03,-1.718439095667989e-05,-2.8514695644583754,52.573686629964456,280.1865670277176,-0.39
280,05,-3.0134792006426703e-05,-17.31557953963741,52.31226475243542,285.91615550937445,1.3
281,06,-3.5836119472898846e-05,-20.466573669433593,50.7506326838851,289.008934870402,-0.43
283,08,-3.0240783373966385e-05,-12.41071590333344,52.640142950275894,291.52933090636554,1.22
284,09,-2.726855740998468e-05,-6.606480073716904,41.46046437310777,288.12181282060413,0.88
285,10,-2.2813934475604865e-05,5.003235001430717,55.25826176021304,283.04481736857923,0.06
286,11,-9.433203981300014e-06,10.082439758300783,57.335292302331666,281.24613218036234,0.8
287,12,-9.155090198257839e-06,-0.601292420089886,52.83887711868107,276.11271182759606,0.96
288,01,-7.996820467572737e-06,16.024269751435966,52.92226850532075,276.0992543067932,-0.51
289,02,-9.213011075579354e-06,1.6289639434814458,40.65915042115535,275.1990847414562,1.55
291,04,-2.383696288773839e-05,-17.2942943037245,47.44735419490735,282.52701496353154,0.9
292,05,-3.0977665722578726e-05,-19.48317038226384,57.695412786129985,285.87503277128485,-0.67
293,06,-3.491794925367785e-05,-29.63445593295627,48.58540389312637,290.1924542755127,-0.77
294,07,-3.637924248004731e-05,-25.786057973554062,44.12265574810709,291.4632059519777,1.01
295,08,-3.1032737283929096e-05,-31.771135562691633,39.36124998163152,291.8428295599825,-1.31
296,09,-2.437035215904568e-05,-12.497950702243381,40.21523504180775,287.9652745859782,-0.13
298,11,-8.746191556262298e-06,13.336127873399521,55.471923015075255,281.18456970901485,1.51
299,12,-8.986315398414586e-06,16.75842543636855,56.42778465677845,277.70850726802377,-0.94
300,01,-8.992702947169514e-06,20.66453995308825,64.87525535803712,277.01399096031605,-0.25
301,02,-1.1818901434843997e-05,12.780648606925178,58.06078212638148,277.98929517294346,-0.14
302,03,-1.5225630396960167e-05,1.0669384965794064,50.376974003080406,278.8729907035828,1.12
303,04,-2.4217375733618005e-05,-11.611916856553819,59.49211039767795,283.0342345699735,1.04
304,05,-2.847669872224737e-05,-31.81054322043798,50.857990436966695,284.7821008097331,-1.53
305,06,-3.421590459786078e-05,-30.121984181382924,54.56608841220009,288.26498307020404,-1.26
306,07,-3.5823426863228845e-05,-21.040274605699764,48.61712288511441,289.52838083738925,-0.5
308,09,-3.09724094837697e-05,1.3779368174235027,41.60773183429904,288.3683370303683,-0.21
309,10,-1.9737982986943505e-05,10.8786054316695,45.96995730125903,284.57554275028684,0.55
310,11,-1.219442167142309e-05,8.63346869269477,52.650442458646836,280.0218678001404,-0.97
311,12,-6.509792311736683e-06,12.651209838210898,41.13814304297201,277.18444233658494,0.13
313,02,-1.0796667724878803e-05,1.9850640389578682,54.967533898224424,275.683474075272,0.74
314,03,-1.2645556585016247e-05,2.2825399281491516,62.992716266741034,279.0753041903793,-0.69
315,04,-2.402455134354872e-05,-12.38321820203993,55.9102142579476,282.71948648647725,0.17
317,06,-3.715115132452208e-05,-30.632264646063906,50.84424858076307,288.991852593655,-0.44
318,07,-3.409394384040644e-05,-23.561669685609886,47.80977541725482,290.1906704429708,0.68
319,08,-3.320200081173924e-05,-14.21000237282374,41.28222914207624,289.1398493754069,0.0
320,09,-2.545146969718593e-05,-6.704652192857532,39.75358392157654,289.0389223130968,-0.5
321,10,-1.7187334372416657e-05,10.538457600583316,41.694871458662455,286.6108520703879,0.48
322,11,-1.4535249143672345e-05,9.326381112670902,61.63253474075529,280.7140452206929,0.49
323,12,-9.12172876785682e-06,14.485518746324761,56.37181309181387,277.6781497156286,0.94
324,01,-6.5253165958961526e-06,7.280853728591756,43.42763289413273,274.90674294572244,2.11
325,02,-8.8568046297561e-06,4.634872235616048,55.29220876641359,275.99080734402787,0.12
326,03,-1.3873502668170125e-05,-4.782673361173239,59.930227692120816,276.79120616527274,-0.66
327,04,-2.37631702343909e-05,-18.782449027506512,53.65862876264652,281.3412661899143,-0.11
328,05,-3.370682173148433e-05,-13.439136345319852,55.415879218805216,286.611448016423,0.13
329,06,-3.4785863751151034e-05,-27.11431088460287,44.96967633606062,288.7861003506131,-0.11
330,07,-3.3670624993676266e-05,-35.11209074615151,34.7803111832411,294.31578268137275,-0.66
331,08,-3.203818718891423e-05,-14.970106861073484,56.166526000266416,289.42563545177825,1.89
332,09,-2.4569920312832332e-05,-1.9050392035590278,48.50952039943403,290.8846295525445,0.45
333,10,-2.0357669840078775e-05,8.929626497002058,49.91160704086961,286.9078280718404,1.22
334,11,-1.6638314112929544e-05,21.698549422539603,51.20864173750348,282.7481851179335,-0.45
335,12,-1.1844671387852061e-05,21.158474252352146,51.61357204472506,280.0480408410102,-0.04
336,01,-1.3167410284109127e-05,32.71415653975292,54.798027210791915,280.3280024761898,-2.33
339,04,-2.5420359923575438e-05,-23.728481532796227,35.425640993569964,285.1133049407959,-1.32
340,05,-3.1186685044343005e-05,-23.42358186127037,55.67473245647261,286.3991220269972,0.42
342,07,-4.0491175616739144e-05,-14.380545316962786,51.51913973191349,289.65608735082475,-0.2
344,09,-2.677926907070085e-05,-2.246240928141275,48.58724766878287,287.3048455885146,-0.53
345,10,-1.4836711174446523e-05,-1.5530790907336818,46.4751422240952,283.5498818838469,-0.16
346,11,-1.4172945336880124e-05,15.984315191311307,55.0159122577058,280.5269208690644,-0.81
348,01,-9.98381483742544e-06,30.50790186531313,59.32570013750177,279.4891412764929,0.46
349,02,-9.733829621899499e-06,11.488472740085646,43.235250111784055,278.2568273897719,-0.21
350,03,-2.0140387961912898e-05,4.352542552004578,67.29393991330491,278.8884844916969,-1.76
352,05,-3.326288808405293e-05,-18.37616691179173,46.32872357566895,287.85736066133234,0.53
353,06,-3.476253857051133e-05,-32.52892781643338,47.80475471985869,288.7505925245497,-0.15
354,07,-3.577182100015043e-05,-18.878891244211506,53.425692884929724,290.6381676658713,1.33
355,08,-3.3834556450724496e-05,-9.036356891591062,49.02626591384924,290.2695800380912,-0.28
356,09,-2.5189189388381943e-05,-2.5223080678304033,46.95382839618127,286.9092003065321,1.16
357,10,-1.8222273044254205e-05,6.518695762716314,54.30898137165141,283.49328779224686,-0.97
358,11,-1.2143508331428165e-05,12.723418456013999,55.05112889809742,280.38257168964805,-0.71
359,12,-6.623100362498576e-06,8.910789440196046,51.189781416840454,276.00092939651654,0.38
362,03,-1.4006747319585248e-05,0.15545269151913163,60.10794240493287,279.1052625570399,-0.51
363,04,-2.2896213735516033e-05,-13.763160278998479,44.90089633327524,284.289430710517,-0.12
365,06,-3.4585202314802804e-05,-32.20444840494791,47.13420631794532,288.15789018961584,0.27
366,07,-3.995988693131167e-05,-23.939954596078525,46.67216465320125,290.62653678746375,-1.13
367,08,-3.326769469126164e-05,-18.63527480389995,42.41847231385144,291.493365414199,-0.21
368,09,-2.396435872586961e-05,-8.675344586181641,43.626415080409586,288.24405131666396,-0.8
369,10,-1.8213049179844e-05,4.716025361748153,49.256211021474606,284.11453383484707,-0.74
372,01,-6.091251291421628e-06,2.9262350808420488,60.36061479552843,273.08482904479325,1.23
373,02,-7.65345504045659e-06,5.717629487900508,61.53230691539674,274.59004296811423,1.04
374,03,-1.4227020407356234e-05,-0.1344084672825314,56.345688745778084,278.93887998355336,-0.4
375,04,-2.4690822054900404e-05,-20.66956467929416,50.227940069592,281.97344993078445,-0.33
376,05,-2.827942739082006e-05,-27.387183430333288,51.416537502500645,283.07650033011487,0.47
377,06,-3.182083758476639e-05,-35.711798379855686,43.71565713060168,288.5699565473768,-0.55
378,07,-3.4407490462771055e-05,-31.11366353779454,49.13440625845617,291.94731353169107,0.79
379,08,-3.27152816781925e-05,-15.088779016966459,50.057286181364006,289.71709932881015,-0.3
380,09,-2.3803562745282155e-05,-1.7829848341200085,47.799041656389505,286.8539448320178,0.5
381,10,-1.8914465963579488e-05,8.677334267236855,54.52403665949838,284.0074488248518,0.33
382,11,-1.1904203317903414e-05,4.708053307088217,64.34552551558414,279.1010974715339,-0.08
383,12,-7.738160395268594e-06,4.967533013128466,56.59717789244652,272.7350027047024,0.6
384,01,-4.432973011169315e-06,15.641597058367989,49.85520389962581,276.640032220861,-0.24
386,03,-1.235675504704564e-05,-6.3443144091534345,43.386579177287324,278.86510410210394,-0.98
388,05,-3.0008848766624646e-05,-32.62149781881353,48.67582858574712,286.410771462061,-1.08
389,06,-3.4230032604055946e-05,-25.01744469502767,49.43961729888122,288.6127736097548,-0.57
391,08,-3.274760770019843e-05,-10.64563058373236,50.85391145080519,289.6281859905284,0.24
392,09,-2.5484862159343414e-05,2.648160398695204,48.54894579696125,288.68825934821234,-0.61
393,10,-1.916051529891168e-05,8.726722329416583,41.10612051369683,284.83637540882887,-0.27
395,12,-1.2744765838047034e-05,29.389911852764826,62.27082245179138,279.54841704272206,0.53
397,02,-6.941694202459045e-06,2.77444112036694,54.92825397600388,273.9540438470512,0.34
399,04,-2.412122515035865e-05,-15.116672309705946,65.52592149374486,281.0076457704756,-0.93
400,05,-3.2719707248821014e-05,-19.41600187732328,54.71462800888861,286.39187647731336,-0.58
401,06,-3.633841799156573e-05,-15.284035491265191,54.862410076340026,287.4815220364041,-1.42
402,07,-3.9630504535585143e-05,-18.105863085346844,55.33667580591222,289.83332058683004,-0.56
403,08,-3.664081436780238e-05,-14.530181596981583,48.63167088847007,291.1731117379793,0.85
406,11,-9.782895505729057e-06,13.286790387301977,48.36725960095062,280.2187192969428,0.68
407,12,-8.270612005098982e-06,23.135962751162953,68.44660146777348,278.1779153431308,2.0
408,01,-7.079607454118081e-06,9.77005108642578,59.36599973937003,275.1825925199447,0.08
409,02,-9.82560560788399e-06,1.2790957768758144,54.799641565576906,274.82777969859893,1.0
411,04,-2.0434202846445263e-05,-16.983018215264217,45.651346360141694,280.441605447091,-1.1
412,05,-2.7662325821888435e-05,-23.158452428017892,56.92952051083376,283.8569099442677,0.48
413,06,-3.319209287441886e-05,-26.815010833062065,45.349666944320994,287.4700203450521,0.3
414,07,-3.405638901301333e-05,-27.630988150319745,40.32137145659744,291.3996042135915,-0.03
415,08,-3.2683108437937644e-05,-17.84199171037572,39.46305893081491,290.9021847701535,-0.82
416,09,-2.475842662511746e-05,-8.054260448540582,49.65095689521101,287.60815346442337,0.38
417,10,-1.765674730958508e-05,13.677036990258001,51.31546706972713,285.3490841153053,0.67
418,11,-1.2026654228591521e-05,13.685960133870443,60.59634180396663,280.35682493527725,-0.7
420,01,-8.580053124215514e-06,22.96357862870411,63.49304372530727,278.7270791265426,1.75
421,02,-1.1990748406116751e-05,26.598223410470148,61.15281964255657,279.40804705011277,1.1
422,03,-1.6731313326227373e-05,-1.3453218475669946,47.843510205716214,281.1189634679159,-0.47
424,05,-3.2321809314922687e-05,-17.350711201329386,63.11191008513332,286.0054483229113,-0.49
426,07,-3.570791800838603e-05,-18.498887496784167,52.862582088247414,292.2635286937426,1.56
427,08,-3.5946427165531874e-05,-15.756697428713563,51.75170243226714,289.2081022578413,-0.59
428,09,-2.0748739615697153e-05,-9.244409510294595,35.08465283191469,289.19143939514163,1.14
429,10,-1.6616273676728237e-05,8.951883064844276,46.06859467966968,286.6383070147115,1.11
431,12,-1.0581146033268115e-05,22.95546643394552,54.273882943514856,278.36750006714686,-0.4
432,01,-9.2527426375611e-06,26.340960131573418,62.63006211892765,277.32805558928624,-0.18
433,02,-8.153189459681882e-06,8.31590086110433,48.93550452213628,276.6668339920044,-0.37
434,03,-1.5915630637317265e-05,-1.6360386480515998,44.90566300547765,279.08244967077115,0.39
435,04,-2.4346638547669703e-05,-22.934988667466907,50.17846367060873,281.46281248359685,-1.49
437,06,-3.477750818122634e-05,-31.860220404391814,46.7203716229452,288.02580254245345,-1.52
438,07,-3.7615658574522775e-05,-25.170489753641114,45.05531850020347,290.8353158631684,-1.11
439,08,-3.326061218056918e-05,-12.586229408838417,52.3345120203854,291.25167575270126,0.87
440,09,-2.5603061031688413e-05,-1.6679924726698132,46.654843129608366,286.66352415195047,1.09
442,11,-1.4898132296588707e-05,27.46974549831814,55.57987919455502,283.10383579525416,-0.4
443,12,-8.385574634596725e-06,33.275967709449034,59.292129598577816,282.58162065858744,0.08
444,01,-9.004527324929857e-06,20.359526514525058,60.00615774854665,278.0475291836237,-0.68
445,02,-1.2519085415486441e-05,14.879537966322628,54.698993667597065,277.78108298799367,-0.54
446,03,-1.4810545610421827e-05,-5.396197126162949,59.004922374092125,278.4155945600284,-0.23
447,04,-2.7581765115751797e-05,-20.820068422105575,57.557788026644126,281.36615560573995,-0.11
448,05,-3.16294027814815e-05,-19.310568396455505,50.32535560724812,286.8687926589802,1.05
449,06,-3.356170396635004e-05,-23.02242342732747,60.87640379265148,289.0600437771266,-0.95
451,08,-3.3272750999810424e-05,-17.014684508621052,43.397001161080546,290.91866476046647,-0.44
452,09,-2.4645985519115736e-05,-7.889081433783638,37.34792189491059,290.7287192874484,-0.99
453,10,-1.526362983537594e-05,-3.798430909843855,48.34944315867911,283.3498556886078,1.05
454,11,-1.1750765303218536e-05,10.89123139716254,54.5964946256227,279.20990362701417,-0.06
456,01,-6.416161365773257e-06,12.223324068787278,48.97643718384928,275.05028467830533,0.17
457,02,-8.18821650381367e-06,12.903916228158135,62.959067062718525,277.86915778559734,0.67
458,03,-1.5800369091061108e-05,2.527072602630943,59.88884960889175,281.2226937955631,-1.02
459,04,-2.5679135762624757e-05,-26.331729773288306,46.84454056873057,281.41495227517026,-1.45
461,06,-3.566179110415154e-05,-31.36642959594727,52.944568701901716,290.51245804307734,-1.43
464,09,-2.5415033401845397e-05,-5.530321179199219,52.86381167994076,287.1538292568631,0.46
465,10,-2.0550294828412475e-05,15.281469091599986,50.30405073937036,286.4926618480888,0.3
466,11,-1.2597567349661808e-05,15.910226154920792,53.90823562632401,280.83419648060266,-0.08
467,12,-7.748080553331723e-06,20.40142875687794,63.311030514205655,278.2219712722122,-0.48
468,01,-8.493993727101315e-06,23.796599253992884,55.116003269850566,278.53154294832297,0.44
469,02,-1.1806723732206594e-05,-2.6082788761683875,46.30087924139698,274.0743940366564,0.43
471,04,-2.4140652476206825e-05,-8.481860700141059,60.03202422682047,284.2523615995619,0.32
472,05,-3.631899526441482e-05,-17.44638056798135,47.40056218499266,288.52215093042514,1.69
473,06,-3.447691067930363e-05,-33.33076165534125,39.74884000571834,289.49784020724826,-0.77
474,07,-3.4126774513620195e-05,-44.31138712696363,36.16823902212164,292.90806091046085,2.27
475,08,-3.324744642680256e-05,-25.59706884437479,43.61733073811633,291.3618514305854,-1.05
476,09,-2.7110998255941223e-05,-4.088550005425346,48.59134079140956,288.21334796922474,-0.74
477,10,-1.717439320385384e-05,2.0582064438686585,44.893768001867876,285.3938754693308,-1.11
478,11,-1.049799736220949e-05,11.533768935139973,58.11769115721252,280.0686911998748,1.89
480,01,-8.170035396257738e-06,18.813249751593478,61.34680531404607,276.9462481465493,-0.09
481,02,-8.232899953890454e-06,13.675333238874163,51.283400613031226,279.191337246032,-0.4
482,03,-1.7898125718357898e-05,7.876527682396675,54.192069970153995,280.7588669757638,-0.93
483,04,-2.786484313502215e-05,-15.88577495863173,41.53150874974462,283.32113693033864,2.09
484,05,-2.8741963674400066e-05,-37.081440074305384,54.09692304540707,284.36448736465616,-0.11
485,06,-3.9525050331051005e-05,-23.208365014648436,47.86380608810849,290.2859401516385,-0.16
486,07,-3.625940142692049e-05,-31.74150496025496,48.734570516079984,291.26846290670414,-0.69
487,08,-3.404563471354698e-05,-17.337182702177312,41.57153246440298,291.4738801791283,-2.09
488,09,-2.6543087166161665e-05,-4.24653964674208,45.73786681658825,287.9392709560819,-0.52
489,10,-1.8569231195137014e-05,10.235854191605762,54.45598049366731,284.78358039642666,0.16
490,11,-1.0039879183467646e-05,10.335369747924807,64.20363267016013,279.8074893178728,1.45
491,12,-8.260583359534854e-06,25.078029959073632,56.60606037604423,279.25270498681834,0.84
493,02,-1.5386156723984276e-05,31.748662168305497,64.97568837541958,280.04609204145413,-2.69
494,03,-1.9840231885472768e-05,-1.8349693298339842,46.56073982853019,279.7202150045004,-0.88
495,04,-2.7043378228700023e-05,-24.0670989525689,35.17819720014996,283.457096534729,-1.52
496,05,-2.995519203009721e-05,-45.04488896819084,46.51938461271666,285.6595867329259,-2.37
498,07,-3.552329937512147e-05,-24.55973527871409,49.31133174363516,289.7865116117744,-2.29
499,08,-3.48960954878191e-05,-17.491402352609946,46.845165995435046,292.9717935617098,-1.56
501,10,-1.848353834580477e-05,14.114419966174706,59.132486595437086,284.57053201831286,1.45
502,11,-1.0186800306089735e-05,15.631692754109702,47.969248177954896,282.13784168768984,-0.11
503,12,-6.893300624729055e-06,15.732371215492165,60.65007041392917,278.8222056623889,2.33
504,01,-7.860778656987515e-06,14.34612370152627,66.80461903254064,276.7231909807677,0.31
505,02,-9.005972841740524e-06,9.622026147751583,54.51137783175566,276.8945384240831,0.31
506,03,-1.5948935392546162e-05,-0.9029574194467195,53.47545231677126,279.32064444773675,-0.93
507,04,-2.588563685021654e-05,-27.98602328389486,47.86236142485672,279.4237252683427,-1.16
508,05,-3.230829694098981e-05,-22.4746828918457,60.26473778712485,283.8163767559092,-1.06
511,08,-3.444879628501263e-05,-12.903870650096605,45.419211714576655,289.92943471568117,-1.4
512,09,-2.3354238802332672e-05,-7.743464881388346,41.71682162190013,289.1970728213839,-0.14
514,11,-1.0072340758698473e-05,9.36498726196289,49.88987413275507,281.017371949217,-0.77
