,month,MER,MSSHF,RH,TCWV,z
0,01,-7.186377549426466e-06,5.464709561255669,62.6901256937955,8.14543241929367,-12990.805
1,02,-7.399999772068052e-06,2.729709174746558,52.295623941567676,8.97375713603837,-11711.697
2,03,-1.408509512223264e-05,7.08405715679866,62.090667984242096,11.168600756099146,-8960.596
3,04,-2.191347909663616e-05,-15.59233038906521,62.41300571294825,12.183705327253872,-3402.896
4,05,-2.839083756912113e-05,-16.16055940262989,64.02205650719006,17.216401719138187,2602.7305
5,06,-3.330413338050373e-05,-22.16353809509278,52.028707694198026,22.014874159757298,9065.596
6,07,-3.0671342559486147e-05,-22.637875941122733,53.00265082314577,23.12972981539721,12619.96
7,08,-2.8487004876296853e-05,-12.56110269165039,50.14281140049425,22.75220546986083,11219.794
9,10,-1.6345863611966567e-05,2.642213581372333,56.92965585534547,19.721688314687825,654.08716
10,11,-1.1569333000928361e-05,13.890767045423724,49.679388139549886,13.441472351654372,-3849.022
11,12,-1.207531024335357e-05,24.691616260159407,64.98245628347064,13.014830520187658,-8624.012
12,01,-5.795284385228985e-06,8.867661568262244,49.01821534482766,9.088685051160473,-12894.521
14,03,-1.4070489600584629e-05,-6.186828353717764,55.02083505403355,11.427750095593034,-10404.506
15,04,-2.282624180893941e-05,-17.872287172783746,48.97103869282801,11.357650041418605,-4140.0703
16,05,-2.9285246377967465e-05,-30.998830406271004,47.47244699586335,13.246584139289395,1758.1154
17,06,-3.014735746900341e-05,-26.066622504679362,62.37913317463399,21.07108883677324,9097.482
18,07,-3.1905643976779664e-05,-14.025872309859079,48.67037434149174,23.41994776180611,12640.91
19,08,-3.1051088017916934e-05,-11.540256553403795,47.008779259716306,25.701051704905364,12198.365
21,10,-2.1172643707369163e-05,7.590982919672484,58.4636376896443,16.11280749658359,525.6709
24,01,-7.860688640385075e-06,20.899533713063885,47.875411116570554,10.644810918326018,-12656.363
25,02,-8.991757432514056e-06,2.888394768487839,50.11619150138895,9.000017916314658,-11516.168
26,03,-1.2076194787720939e-05,11.89821663673975,73.37905685201383,15.744720834609,-10437.125
28,05,-3.0310256707952082e-05,-17.47440350473055,59.34436809112436,18.54690212902715,2612.314
30,07,-3.173775886429094e-05,-20.80200322239373,49.75860673643311,23.73428546353951,13450.959
31,08,-2.8741253340065727e-05,-19.03508228654759,42.77699926753197,24.403104924806982,12511.432
32,09,-2.269007780640903e-05,-3.5648343312581385,46.85175361700852,21.203304509778818,7791.0483
33,10,-2.174942796122078e-05,9.781940688922843,60.93410625634399,15.963218076816172,2094.1077
34,11,-1.4328458308167076e-05,19.586548003133142,54.57233108670976,14.317446869442199,-5295.0205
35,12,-7.687594037497059e-06,8.885675470167591,67.75924336626196,9.079969420325373,-10055.943
37,02,-7.864293709969517e-06,5.468580898829869,51.56958197040644,10.334659840992519,-11892.486
40,05,-2.9170486620455693e-05,-20.4214844770534,47.92201473479629,15.03766018853521,3249.8127
41,06,-3.17826830204164e-05,-27.949367026435006,48.16991035015053,22.511012832081317,7276.6323
42,07,-3.416977696542745e-05,-21.999847670688425,39.2781192299025,24.456834705301517,11994.118
43,08,-3.1963929242763654e-05,-15.790871219429917,46.55304641459066,24.45286580407748,11950.314
44,09,-2.1331834113273846e-05,-6.238656323920356,43.43915766518911,22.404552868395385,8164.121
45,10,-1.6551261839878706e-05,3.491510892150223,54.79260846710333,19.132922751236986,1840.1787
46,11,-1.519573135911843e-05,20.401449884033198,56.70156626680825,15.306237562237841,-5379.9995
47,12,-1.0313162028783104e-05,17.753608460457098,55.75187243828721,11.54048159815932,-9722.263
48,01,-1.1369238679367056e-05,31.70380508160335,51.86229076744793,12.54478739766921,-12108.732
49,02,-1.1685804688698098e-05,2.732715975443522,46.129101684696614,7.829569845487675,-13617.773
50,03,-1.3839232150540515e-05,-0.5926843497983868,57.115805566785156,11.947326620060911,-9392.558
51,04,-2.090864053300013e-05,-10.60586452026367,65.75529212030038,13.397991041318578,-3046.502
52,05,-2.6606813441591635e-05,-11.409518621957432,66.050863289825,16.563480364199606,2253.7563
53,06,-3.6603149109497395e-05,-25.008415187242296,46.266101067479454,20.88666345251666,7713.204
54,07,-3.282222612492611e-05,-33.091220865229126,44.1499227373741,27.130274066945557,12316.18
55,08,-2.6941880611302234e-05,-27.08358682743196,31.77761535606461,24.006322544676,13189.83
56,09,-2.725831751290065e-05,0.9693071214463977,44.86737590899468,21.1710378525734,8072.054
59,12,-8.522425015388596e-06,21.808005747805364,57.410435429080856,12.56604288422677,-10098.627
60,01,-1.1848107099418698e-05,28.771229348787696,56.9102486772409,10.191702869721642,-11791.752
61,02,-9.682757584759485e-06,6.4267875001403105,47.08914505602986,9.158349270805545,-11535.937
62,03,-1.3818876191033916e-05,-6.2181760956138685,56.610379949503034,9.797240060637074,-10254.689
63,04,-2.3066575134180317e-05,-21.124448284233942,53.13685258980724,10.647589474581345,-3482.0762
64,05,-2.301351515928619e-05,-21.276121071107926,61.30564291210714,17.356259771243217,2627.0962
65,06,-3.0384449369921637e-05,-25.249517172580298,53.14751710217263,19.618736166115596,8208.455
66,07,-3.052118788760435e-05,-16.333257173927887,51.58020934386151,22.990089238066826,12373.096
67,08,-2.8069958612225798e-05,-17.017802792784988,42.472240740586344,23.504970162709558,12334.54
68,09,-2.2138291550658728e-05,-0.809648367987739,66.94727416271104,22.38970984335343,6703.6367
70,11,-1.2000811908506469e-05,17.20852971835666,62.11537896577253,16.40034759771559,-6440.3213
71,12,-7.343828446024142e-06,12.754345215500043,59.86620702467682,13.293887527272263,-9663.898
72,01,-6.201572312694294e-06,7.789162023728894,59.71689801232405,8.008615290749457,-14575.551
73,02,-7.646551471441942e-06,-7.170963860648018,49.17462651499538,8.483470379527834,-11620.904
74,03,-1.1304150707112197e-05,-2.56875498781922,68.34861116093205,10.938059937977021,-8778.481
75,04,-2.3272295822324753e-05,-10.486857863362628,59.37646033687326,13.55916669224368,-3363.9036
77,06,-3.090711121482552e-05,-17.990251360066733,61.34983533646531,19.0323849847277,7222.0522
80,09,-2.244669017984254e-05,-3.3109654418945316,48.444472670045165,22.995913738518293,7759.4707
81,10,-1.5745955748394817e-05,1.4800897167574978,41.847355274659336,17.189858579468986,1613.6118
82,11,-1.5779393952086846e-05,2.730464919026692,53.6031213278585,10.760161425473955,-5217.25
83,12,-6.748697063030508e-06,22.216181771555252,62.92255071562849,14.085127126652706,-11293.588
84,01,-1.0488508364736625e-05,25.802121266682942,67.17732922877546,10.206371892220231,-12893.759
85,02,-9.105866422227595e-06,-15.737989101954868,41.279925076501705,5.607975746361981,-13614.408
86,03,-1.09558865346488e-05,2.199697240357758,53.96111336709735,10.942116465018639,-9224.479
89,06,-3.5890827366468634e-05,-24.274000357055662,43.53411597645681,20.289311543525592,7890.5723
90,07,-3.000731417455182e-05,-30.125119514383297,48.19723509739805,23.818925079271356,12580.217
92,09,-2.1116000810717296e-05,-5.870355172729491,52.886519872754164,18.77687866865794,8284.807
93,10,-1.7202233669146365e-05,6.4104873591597356,48.62927366667281,19.589035635976384,1626.8047
94,11,-1.2770530823662637e-05,20.62896745435927,57.76803370095226,15.246456928649215,-4948.2935
95,12,-1.128779906788603e-05,28.043287035542146,58.52688881322774,12.267536138803731,-10514.861
96,01,-8.849628261046861e-06,-8.473066081057311,52.03738375666833,8.603436328787955,-12968.584
97,02,-5.771432554432804e-06,6.824847212655203,67.52644709656069,10.734177145354804,-12054.925
98,03,-1.3287096029671374e-05,-5.803373095440609,55.151999684815046,8.999293845345896,-9372.395
99,04,-2.2575659647211267e-05,-11.442104777696397,52.015024873095086,14.52642838770946,-3843.182
100,05,-2.791426425801057e-05,-28.103053294192083,60.924986691195485,14.467633944537052,3033.603
101,06,-2.8837502824555686e-05,-20.989433822292757,61.5306473079814,21.273624211708704,8476.158
102,07,-3.379324687933062e-05,-20.07741719498173,55.40260847481861,24.62420682204411,11784.5
105,10,-1.9746457593286597e-05,13.28605210072507,59.41998880579267,18.012657082369252,2088.441
106,11,-1.2423982501220758e-05,8.69252590874566,58.77474638277293,14.093879046629535,-4783.7275
107,12,-5.659096497726741e-06,10.619382738339004,50.16868590621025,13.523867330752395,-9700.193
111,04,-2.4692344382775542e-05,-22.74501348402235,55.09817502149212,12.66216660157707,-3435.0444
112,05,-3.182606770285695e-05,-15.882362545546664,52.83810746537357,18.308951694468018,2596.9019
113,06,-2.7714982728361462e-05,-28.63852083367242,47.29024293223089,21.301890547300708,8684.17
114,07,-3.385038605679304e-05,-9.511822006717805,59.07058047961163,24.77475175948938,13032.893
115,08,-3.211179117533902e-05,-13.866469908683532,47.473473327189375,23.52457447757131,12551.729
116,09,-2.5435363158006416e-05,2.907980506727431,49.177534459747214,21.290678543053733,8893.257
117,10,-1.6347254436593455e-05,7.273599919801116,47.520342997120274,19.266358468080078,2147.4648
118,11,-1.0307503538792339e-05,7.8851572241889105,46.36847800110711,13.532653791407743,-5235.6494
119,12,-7.866494279115095e-06,20.208327730240367,52.71666673100892,14.357002457380297,-9386.687
120,01,-5.490775168401608e-06,12.580168148245866,46.32122026583841,11.883489435585597,-10973.521
122,03,-1.7582771425163286e-05,5.919001820882161,61.97907953674307,13.789131960060006,-7837.798
124,05,-3.2913617601255e-05,-32.404015432706444,43.15242019264416,15.407821862953968,3810.5974
125,06,-3.3498540398290464e-05,-35.047065074327264,55.710710440916486,18.088483912891817,9231.3545
127,08,-3.0036708770112647e-05,-17.0266568734774,43.458151734339296,23.732882308342127,12094.003
128,09,-2.1827326350689368e-05,-6.781363076782227,44.02462579022247,23.486319775686,8501.789
129,10,-1.9913688146604526e-05,14.103063629806684,48.60193847477949,19.272771393693905,2700.2827
130,11,-1.311930024130561e-05,7.912713109334308,43.72629240063826,12.214345464632247,-4546.0
131,12,-7.719866410816296e-06,20.033501539989185,45.286219627095804,12.302766914845797,-10389.21
132,01,-9.708490018202875e-06,23.531725362798216,54.619796854420386,13.03048595025206,-12850.61
133,02,-1.709957590030951e-05,31.83555304718018,59.52337883048256,12.68034689824212,-9932.451
134,03,-1.7018775953137494e-05,2.372058311872584,47.98838851665681,11.869843073837217,-6724.5703
135,04,-2.7999317039636173e-05,-19.276666238742408,46.732171709169286,12.065731884741782,-2490.0327
136,05,-3.125298669270236e-05,-34.3688931694441,36.06377147361027,14.324859504516404,2822.9006
138,07,-3.559518055198981e-05,-33.07448882301904,37.832517702871755,20.875357654766372,12576.424
139,08,-2.897321149455781e-05,-28.290339532667595,47.590817581110095,24.33309032836268,12546.018
141,10,-1.8407037761653066e-05,10.48773665069252,49.92561818830045,18.95590408874968,2743.09
143,12,-1.0178729378000547e-05,19.264495642221096,49.02194799312469,11.535513428002275,-7596.542
144,01,-9.804670876438911e-06,24.167181801416536,38.86062395377826,8.955749408001543,-11716.701
145,02,-6.996622216688376e-06,0.507544446309408,46.996895068120395,8.221342761926708,-12281.004
146,03,-1.2629808311264428e-05,-0.5304674036169569,53.76618897918476,14.275736472201602,-8278.675
147,04,-2.5889148811054637e-05,-18.50936585184733,50.20018549894757,10.986529590508672,-2441.5293
148,05,-2.5811937759284265e-05,-33.066711107479634,47.67298183366304,14.460797650952493,3476.7002
150,07,-3.606362330103894e-05,-12.26554677852508,46.37869990175771,25.921418963223378,12255.398
151,08,-2.9805839779475068e-05,-22.79464663072811,38.70661156831249,23.833731042867065,12712.646
152,09,-2.1833397036001162e-05,-8.548686426798504,39.4321560544822,20.83496838520235,7912.352
153,10,-2.004618059737534e-05,2.17344532234438,45.307421456006274,17.674736063961063,3332.3716
155,12,-7.654158530845394e-06,17.942148733159545,42.031411531264894,11.076515356142036,-9258.424
160,05,-3.502280750303383e-05,-18.415903687507882,37.98684394011575,17.11736192246663,3273.3657
163,08,-3.290884278264643e-05,-13.404264240552024,52.83446418771308,25.45110419567298,11837.645
164,09,-2.5466491539959356e-05,-1.4094354346381297,48.6797681992597,21.089136655476363,7644.769
165,10,-1.9484351597922247e-05,1.9587082073252686,58.379234332862715,14.223404862920445,1719.3477
166,11,-1.321692710625939e-05,23.694389510769323,50.96693710040848,14.199872933730813,-4757.726
168,01,-9.715480358609446e-06,34.39173987899288,57.42208674485646,12.073609010492602,-11328.504
171,04,-2.191761210872048e-05,-4.539731902737087,59.59964808656376,14.761491688218381,-4866.1406
172,05,-3.0932743489659034e-05,-26.541132331437964,51.168041845343446,18.49295009515106,1818.8092
173,06,-3.281592492067931e-05,-24.277929318237305,46.836056776909025,21.09136703202724,7357.8477
174,07,-3.3366269429406925e-05,-23.52127023184171,53.23872095220833,23.766084752114875,12309.022
176,09,-2.2725771390226628e-05,-2.4448908416748045,57.50485973500145,20.6290178585887,7273.139
177,10,-1.798888249350155e-05,2.3637267239478326,43.9463890340828,14.716569644813896,1842.2173
178,11,-1.1587640056374466e-05,-1.8295716874864363,52.225245416957804,11.321686016183431,-4301.0625
179,12,-9.250304196792702e-06,31.236705364924607,64.63241229699248,12.371003425172582,-9235.667
180,01,-8.814763398506955e-06,28.086010490499522,59.814965074129006,11.951160548843365,-12291.298
181,02,-9.681430163471391e-06,-2.9269207930791947,54.97462990093799,9.542274346257958,-12555.578
182,03,-1.5868986940443404e-05,12.424105568506382,56.25959003628518,13.046672808460013,-8473.982
183,04,-2.4481364455176743e-05,-15.54007357143826,53.21672202842236,12.108356564888691,-3718.9382
184,05,-2.8615912740195944e-05,-19.306992470361852,50.8592781971834,16.437750189096697,2261.0776
185,06,-3.390126228795352e-05,-22.424498955281575,49.86442946763436,21.024796435148186,9000.352
186,07,-3.466171150601792e-05,-32.442688338413035,36.16844127948567,25.164367288179292,12574.082
187,08,-3.527003988845888e-05,-15.806742182249662,41.714041907468136,23.171906867293902,12613.013
188,09,-2.649383951805552e-05,-2.2674784339057075,50.77799905458556,20.662340495669845,8984.572
189,10,-1.8016295581522476e-05,4.47270425086893,52.33998963107474,16.282121984560003,2807.0295
190,11,-8.92097842036795e-06,12.752254605102538,55.27824593100681,18.250592901670938,-3382.3394
191,12,-1.093666692604627e-05,22.757288210632986,53.902280609893545,13.035411139304921,-9248.395
192,01,-1.2804497735976505e-05,25.385474410518523,57.77612080058489,10.959147662439655,-11675.413
193,02,-1.271823695051786e-05,20.178666164579848,60.9734689490412,12.205283860994237,-11476.341
194,03,-2.219248033328259e-05,-0.5256330294045062,56.57506640008187,9.68667776564885,-7846.68
195,04,-2.3056703787511248e-05,-15.611610607231992,48.9374839578549,13.610398491528297,-3910.0742
196,05,-3.3250014936618425e-05,-29.631465932538433,52.844916530618114,14.887000348762799,2273.4453
197,06,-3.44918315846169e-05,-24.446217814466692,49.08188772321145,19.14153311720292,8530.339
198,07,-3.591561413959817e-05,-25.92438248894804,39.340810654867084,26.651675874188385,11789.558
199,08,-3.331847033315239e-05,-31.29434137422295,33.68999910253863,22.036511386484225,12228.421
200,09,-2.6222378082234683e-05,-4.395296908230251,54.09243484116659,21.198522507119172,7563.512
201,10,-1.4566836962311297e-05,5.514771194293934,41.310020164710224,19.556401405724145,2372.4575
202,11,-1.3042386322538529e-05,9.068964893934462,58.53600206141338,14.086958012714652,-4043.6243
203,12,-8.991161045966975e-06,-5.598886509064706,48.51484771922968,9.520831813155645,-10570.332
205,02,-7.544903639281147e-06,5.38362545916678,55.18347650017959,8.869372559355593,-11454.465
206,03,-1.2827322511164368e-05,-10.990242480862525,51.72073062135199,9.525472053571415,-8956.988
207,04,-2.0502408365953464e-05,-21.604367342122394,58.54018084150156,12.497388009622364,-5107.385
208,05,-2.4253428110207234e-05,-26.022296560964275,51.92535755428705,15.523370743020891,2901.0007
209,06,-2.8253365109311642e-05,-38.732165323215064,41.61192797080808,18.80213339232339,9031.792
210,07,-3.142641031134248e-05,-27.054918192217425,49.82263012584947,21.689672550591094,13320.1
211,08,-2.9903093116464793e-05,-15.358725825155936,42.33743624172287,22.9990404958584,12912.893
212,09,-2.534073391895315e-05,-7.00570699428982,43.673043699496326,17.80062923739222,7066.009
213,10,-1.7171301486478214e-05,8.106230379494288,51.02844809201841,18.058174803824834,1756.742
214,11,-1.4551765714713837e-05,14.46901237657335,58.72207561985916,13.013740698712404,-3647.2644
215,12,-8.836182103413613e-06,1.1414017176474303,51.832999992789766,9.593377716324662,-9247.33
216,01,-3.583592048936e-06,-1.2817189340899076,35.36421269791357,8.961908747665344,-12661.598
217,02,-9.97768289436776e-06,28.48145621345157,61.04910012837534,12.171147674492426,-12116.796
219,04,-2.201332183204714e-05,-17.60772253417969,50.15108422283994,11.840950494820543,-4013.54
220,05,-3.085946982284968e-05,-22.07697987414944,55.658551038389554,16.664446066212914,2061.6875
221,06,-3.476727682935032e-05,-20.254541469319665,56.16686724849277,20.78134989303483,7834.6113
222,07,-3.376502295814329e-05,-20.43258258581674,48.29218798171063,23.78260384443754,12175.014
223,08,-3.064838395117496e-05,-15.397676236060358,39.11490551742816,26.16295267547331,12455.742
226,11,-1.1372840429430654e-05,5.54297788119846,52.451002673839106,14.74272731684049,-5210.076
228,01,-1.1099072907757458e-05,24.386054642872143,54.87726956107148,11.066128452862465,-12724.297
229,02,-7.893391973560764e-06,12.879144769577753,54.623768248409036,12.837736519389209,-11529.388
231,04,-2.2395207648413717e-05,-10.670934447903104,67.35853829729425,14.318035180071991,-2446.9429
232,05,-3.182257207745645e-05,-20.036693252071256,51.31070372274871,18.25652126416596,3862.971
233,06,-3.4082233544055876e-05,-13.138249787733287,60.09514157660935,23.464375189109646,9729.195
234,07,-3.6390916169732936e-05,-13.917790471887077,46.5719772114318,22.643103410513174,13462.766
235,08,-3.4686337675251e-05,-19.754633603331865,40.27667498864153,21.998242530926582,13819.735
238,11,-1.186565926222506e-05,4.6568576497395835,50.09492808050447,11.023035687553882,-5552.132
239,12,-8.802920268002493e-06,22.454611907630838,51.308709990082264,12.303671738373337,-9046.258
240,01,-9.430198710966792e-06,24.63400003675235,61.44896206574927,12.195444267046069,-11351.246
241,02,-1.079772392194216e-05,13.779260249546594,59.85849182345754,10.259473174222878,-11160.086
242,03,-1.3397230129969535e-05,-0.9194605676794566,60.6708199271861,13.508820564555867,-9467.383
243,04,-2.54553507465769e-05,-17.42901027967665,53.24983413987689,13.930574816384583,-2246.8882
244,05,-3.422614240797327e-05,-20.88572949317194,50.723297991629586,17.992914966178198,3490.151
245,06,-3.759346314859108e-05,-24.964019442409946,49.104056137108806,19.179021763939325,8802.324
247,08,-3.318467006672979e-05,-13.657699137697938,45.50563225292391,23.8488504817614,11962.359
248,09,-2.59650643648355e-05,-3.5717024329291456,50.26974016195536,25.80820150032573,8135.065
249,10,-2.1588807777500546e-05,5.981483147405809,48.24640764357326,16.691097016297363,2183.0986
251,12,-1.3700721242369786e-05,27.986750325848984,63.54783165261822,11.135898228195407,-8057.4106
252,01,-6.553396535759588e-06,18.42038040095504,45.80448549491872,11.324720192924623,-10162.372
254,03,-1.4517082142339604e-05,-0.5979741453765541,58.83941007500695,13.146086779553404,-9416.366
255,04,-2.355722367422762e-05,-12.813957029554578,60.681698268123455,14.799168964303863,-2843.7986
257,06,-3.750390542944741e-05,-27.016546727159287,42.780413097916714,20.217285911058053,8809.225
258,07,-3.168135436499142e-05,-21.668345875401656,51.88578506780696,22.884604032078098,12862.774
259,08,-3.0941285219664524e-05,-19.063545700565466,39.65101154342005,23.377618400014857,13326.714
260,09,-2.4486756719630248e-05,-2.020394458007812,56.817002186003,25.28914702420103,8223.476
262,11,-1.5146696185204038e-05,20.892512133110895,68.07071139411661,14.33508744482597,-5194.0684
263,12,-1.1904006665214989e-05,20.81303864280127,63.79751548051194,12.55957897350352,-11349.705
264,01,-6.723928980547147e-06,14.384707934964087,53.25762820807451,10.276413458688285,-12921.86
265,02,-9.421481274265325e-06,7.153048214503697,61.79020408172125,11.304749446694343,-12674.682
266,03,-1.3063552253355424e-05,-6.242824222359606,58.59238742218351,11.94844622561111,-9061.526
267,04,-2.4765318735565716e-05,-15.737299090576174,60.65160554169682,12.39155946132872,-2396.0288
268,05,-3.372209000100225e-05,-25.790908090242777,45.58359570831253,16.882564342469298,3728.281
269,06,-3.303585196628976e-05,-31.827683939954966,48.06642211600013,18.788384712798067,8372.087
270,07,-3.6646507612448495e-05,-24.41304970722813,43.035889669943884,25.123447815056778,13020.605
271,08,-3.349079792080317e-05,-13.273838911159066,49.470468634774605,26.95539833592728,13178.205
272,09,-2.8629883362433853e-05,-3.361749937269423,60.89090815499625,20.705136747317844,8171.332
273,10,-1.872843477780094e-05,15.499699002173642,52.0420637966638,21.72099201665899,2227.5288
275,12,-9.904081011676856e-06,14.487402564920403,52.82181985401466,10.6310780278957,-9424.714
276,01,-6.60295483731882e-06,23.604068570044735,51.65779350411636,12.109373243094772,-11360.764
277,02,-1.6342577849974034e-05,27.257544948032923,61.67323920420096,11.585383370463337,-10192.451
278,03,-1.718439095667989e-05,-2.8514695644583754,52.573686629964456,11.607923356689431,-8686.664
279,04,-2.4829810814864887e-05,-14.182246478949653,49.20558492463959,12.332358963489533,-1717.2751
280,05,-3.0134792006426703e-05,-17.31557953963741,52.31226475243542,17.86483551645279,2642.2236
282,07,-3.594073215623134e-05,-17.96138944137737,48.60045512300026,25.717054898814485,13524.082
283,08,-3.0240783373966385e-05,-12.41071590333344,52.640142950275894,28.186662356700946,12605.523
284,09,-2.726855740998468e-05,-6.606480073716904,41.46046437310777,19.46754291381571,8724.163
285,10,-2.2813934475604865e-05,5.003235001430717,55.25826176021304,15.544581788047665,643.72253
286,11,-9.433203981300014e-06,10.082439758300783,57.335292302331666,14.819048055042161,-6322.9478
289,02,-9.213011075579354e-06,1.6289639434814458,40.65915042115535,7.618574587362154,-12367.395
290,03,-1.4304734281419465e-05,-4.024482163624097,45.80751552796749,10.201501829046073,-9041.025
293,06,-3.491794925367785e-05,-29.63445593295627,48.58540389312637,23.02299164098236,8073.3726
294,07,-3.637924248004731e-05,-25.786057973554062,44.12265574810709,25.262484286273676,13265.069
295,08,-3.1032737283929096e-05,-31.771135562691633,39.36124998163152,23.719839718063675,13148.279
296,09,-2.437035215904568e-05,-12.497950702243381,40.21523504180775,18.67727894531356,8987.868
297,10,-2.1305207502659715e-05,-2.352458050143333,49.86598729915773,12.834833942158248,2313.9941
298,11,-8.746191556262298e-06,13.336127873399521,55.471923015075255,15.444975968167515,-2992.9126
299,12,-8.986315398414586e-06,16.75842543636855,56.42778465677845,12.111972078078535,-8566.932
300,01,-8.992702947169514e-06,20.66453995308825,64.87525535803712,11.204803152650916,-12555.777
301,02,-1.1818901434843997e-05,12.780648606925178,58.06078212638148,11.609675477981567,-12032.434
302,03,-1.5225630396960167e-05,1.0669384965794064,50.376974003080406,10.998717471243236,-6921.001
304,05,-2.847669872224737e-05,-31.81054322043798,50.857990436966695,15.359272943048065,3062.249
305,06,-3.421590459786078e-05,-30.121984181382924,54.56608841220009,21.4024883570883,8666.6
306,07,-3.5823426863228845e-05,-21.040274605699764,48.61712288511441,23.3933894850977,12300.867
307,08,-3.442271008691844e-05,-10.630728795861687,53.4802156332962,26.830953647472523,11869.82
308,09,-3.09724094837697e-05,1.3779368174235027,41.60773183429904,20.335168852259056,9235.125
309,10,-1.9737982986943505e-05,10.8786054316695,45.96995730125903,17.218317307363275,2698.3257
310,11,-1.219442167142309e-05,8.63346869269477,52.650442458646836,13.982692417393787,-3176.6917
311,12,-6.509792311736683e-06,12.651209838210898,41.13814304297201,10.708026006760138,-8483.426
312,01,-1.0532949036563073e-05,27.835473567839585,50.62756816835045,11.058444803249454,-10817.766
313,02,-1.0796667724878803e-05,1.9850640389578682,54.967533898224424,8.97967280293788,-10953.799
314,03,-1.2645556585016247e-05,2.2825399281491516,62.992716266741034,13.200527901346966,-9789.52
315,04,-2.402455134354872e-05,-12.38321820203993,55.9102142579476,14.237437394865355,-2384.8853
316,05,-3.3327865934669755e-05,-23.83920729967343,52.369123788558014,16.13438991110812,2710.3882
317,06,-3.715115132452208e-05,-30.632264646063906,50.84424858076307,21.792493984187978,8337.738
318,07,-3.409394384040644e-05,-23.561669685609886,47.80977541725482,25.305337204162793,13367.803
320,09,-2.545146969718593e-05,-6.704652192857532,39.75358392157654,22.82103427496221,9658.629
322,11,-1.4535249143672345e-05,9.326381112670902,61.63253474075529,14.740219080596498,-3211.0615
324,01,-6.5253165958961526e-06,7.280853728591756,43.42763289413273,8.982065612998058,-11473.766
325,02,-8.8568046297561e-06,4.634872235616048,55.29220876641359,9.648650506130284,-11276.518
327,04,-2.37631702343909e-05,-18.782449027506512,53.65862876264652,12.557103431734772,-2612.351
328,05,-3.370682173148433e-05,-13.439136345319852,55.415879218805216,16.937964208655462,3690.0342
329,06,-3.4785863751151034e-05,-27.11431088460287,44.96967633606062,20.177302681291106,10097.3955
330,07,-3.3670624993676266e-05,-35.11209074615151,34.7803111832411,25.163574650856756,12991.639
331,08,-3.203818718891423e-05,-14.970106861073484,56.166526000266416,24.020286544034562,12921.693
332,09,-2.4569920312832332e-05,-1.9050392035590278,48.50952039943403,25.35001326700052,8809.446
333,10,-2.0357669840078775e-05,8.929626497002058,49.91160704086961,21.241959986229094,2226.523
334,11,-1.6638314112929544e-05,21.698549422539603,51.20864173750348,14.983468749819865,-3385.497
335,12,-1.1844671387852061e-05,21.158474252352146,51.61357204472506,13.297097678603667,-9099.539
336,01,-1.3167410284109127e-05,32.71415653975292,54.798027210791915,13.106980731325766,-10308.801
337,02,-9.635896793779033e-06,12.227102448962983,62.05461917357218,12.45363125636322,-12568.83
338,03,-1.969343553138324e-05,2.858439688077537,50.951221448258686,11.756546522871137,-7273.414
339,04,-2.5420359923575438e-05,-23.728481532796227,35.425640993569964,14.029402746246918,-3802.6484
343,08,-3.430768915528969e-05,-11.902402343421853,46.669440629773256,24.276185533899135,12784.104
345,10,-1.4836711174446523e-05,-1.5530790907336818,46.4751422240952,17.69225229575172,3308.4644
346,11,-1.4172945336880124e-05,15.984315191311307,55.0159122577058,14.289930684622128,-4740.1265
347,12,-9.103623443880553e-06,18.67049515623687,44.72693699303237,10.617689527364186,-9048.945
348,01,-9.98381483742544e-06,30.50790186531313,59.32570013750177,13.490079094302269,-11620.178
349,02,-9.733829621899499e-06,11.488472740085646,43.235250111784055,9.918647395893075,-11750.105
350,03,-2.0140387961912898e-05,4.352542552004578,67.29393991330491,11.024969367623331,-7478.8394
351,04,-2.446588194630345e-05,-15.287676639472116,50.48518859204715,11.81326274435123,-1637.2178
353,06,-3.476253857051133e-05,-32.52892781643338,47.80475471985869,20.658758763898746,8960.039
354,07,-3.577182100015043e-05,-18.878891244211506,53.425692884929724,25.707979306942672,12861.707
356,09,-2.5189189388381943e-05,-2.5223080678304033,46.95382839618127,19.755159920113613,8306.191
357,10,-1.8222273044254205e-05,6.518695762716314,54.30898137165141,16.76005811733328,3270.8953
358,11,-1.2143508331428165e-05,12.723418456013999,55.05112889809742,14.737761704242228,-3627.599
359,12,-6.623100362498576e-06,8.910789440196046,51.189781416840454,10.188280075834642,-7698.942
360,01,-6.219402897665034e-06,13.638463789416898,56.756673166043,8.690243806926153,-11209.105
361,02,-6.55127283612057e-06,7.2258432279314295,62.426701213981424,11.645883812596404,-10683.479
362,03,-1.4006747319585248e-05,0.15545269151913163,60.10794240493287,11.059879185275365,-7122.6484
364,05,-3.152253704363203e-05,-24.89160391596312,50.72287625494953,17.44448770763798,2951.0125
365,06,-3.4585202314802804e-05,-32.20444840494791,47.13420631794532,18.887264902786413,8032.617
366,07,-3.995988693131167e-05,-23.939954596078525,46.67216465320125,23.57777746359636,11906.102
367,08,-3.326769469126164e-05,-18.63527480389995,42.41847231385144,24.330370817279302,12277.025
368,09,-2.396435872586961e-05,-8.675344586181641,43.626415080409586,22.162491116016437,8950.005
369,10,-1.8213049179844e-05,4.716025361748153,49.256211021474606,17.60658678425256,1255.0266
370,11,-1.3997967538165946e-05,28.005924584282763,63.3120259418408,15.272984667379328,-4004.2275
371,12,-8.896478755051119e-06,9.686923075029926,62.37685010996686,10.664877343126522,-10746.937
373,02,-7.65345504045659e-06,5.717629487900508,61.53230691539674,9.55672571522707,-12869.153
374,03,-1.4227020407356234e-05,-0.1344084672825314,56.345688745778084,10.645667281794292,-8847.623
375,04,-2.4690822054900404e-05,-20.66956467929416,50.227940069592,11.397826892315017,-3161.6624
378,07,-3.4407490462771055e-05,-31.11366353779454,49.13440625845617,27.35150430944914,14101.266
381,10,-1.8914465963579488e-05,8.677334267236855,54.52403665949838,17.27257944951775,1786.3652
382,11,-1.1904203317903414e-05,4.708053307088217,64.34552551558414,13.104098462952505,-3265.7036
384,01,-4.432973011169315e-06,15.641597058367989,49.85520389962581,10.790953362373896,-12072.417
385,02,-7.274441715534998e-06,7.353929252261208,64.81677477946593,12.025972804131962,-11358.512
386,03,-1.235675504704564e-05,-6.3443144091534345,43.386579177287324,10.456544133351697,-8761.6875
387,04,-2.5035789431644346e-05,-14.869033695136176,49.48712501599656,15.158912003555566,-3792.8086
388,05,-3.0008848766624646e-05,-32.62149781881353,48.67582858574712,16.91407297216308,2994.357
390,07,-3.7348723895911946e-05,-18.427609645064162,51.34294977803511,22.20925140021052,13289.743
391,08,-3.274760770019843e-05,-10.64563058373236,50.85391145080519,25.6041415031533,12530.559
392,09,-2.5484862159343414e-05,2.648160398695204,48.54894579696125,22.98564577755134,8072.8545
393,10,-1.916051529891168e-05,8.726722329416583,41.10612051369683,18.000692696975126,2809.1
395,12,-1.2744765838047034e-05,29.389911852764826,62.27082245179138,12.64775550762171,-8271.146
396,01,-9.557997748420493e-06,23.492998173539362,55.985124487241116,11.476601598980604,-11721.293
397,02,-6.941694202459045e-06,2.77444112036694,54.92825397600388,10.29393062870804,-12280.959
398,03,-1.1845709033173812e-05,-9.130659757880753,42.53471919810516,12.56907799679105,-8208.31
399,04,-2.412122515035865e-05,-15.116672309705946,65.52592149374486,12.959454562992518,-2475.689
400,05,-3.2719707248821014e-05,-19.41600187732328,54.71462800888861,19.47343097171732,4436.1826
401,06,-3.633841799156573e-05,-15.284035491265191,54.862410076340026,20.928866900479797,9061.715
402,07,-3.9630504535585143e-05,-18.105863085346844,55.33667580591222,23.770940406066114,13769.245
403,08,-3.664081436780238e-05,-14.530181596981583,48.63167088847007,25.032045431551115,13334.648
404,09,-2.780254297756781e-05,-4.337274759928387,47.643611919113,20.29766017638975,9592.47
405,10,-1.749340033099435e-05,6.576196681525118,62.883388684188155,19.45141905994441,2461.4177
407,12,-8.270612005098982e-06,23.135962751162953,68.44660146777348,12.410677929641098,-9490.58
408,01,-7.079607454118081e-06,9.77005108642578,59.36599973937003,10.500852505586481,-12119.404
409,02,-9.82560560788399e-06,1.2790957768758144,54.799641565576906,8.859147338378996,-11200.89
410,03,-1.6003138249269338e-05,-14.11737674147083,62.83003596656937,8.8088545557581,-8779.324
411,04,-2.0434202846445263e-05,-16.983018215264217,45.651346360141694,11.91540409259134,-2561.271
413,06,-3.319209287441886e-05,-26.815010833062065,45.349666944320994,20.551190380279227,9290.279
415,08,-3.2683108437937644e-05,-17.84199171037572,39.46305893081491,23.693631909804957,12714.793
416,09,-2.475842662511746e-05,-8.054260448540582,49.65095689521101,21.14314986570544,8716.428
417,10,-1.765674730958508e-05,13.677036990258001,51.31546706972713,19.146578139390993,3170.8516
419,12,-9.44601224512954e-06,28.97793200421077,55.46996279250422,12.755031762801186,-8331.814
420,01,-8.580053124215514e-06,22.96357862870411,63.49304372530727,12.548642675956094,-12816.112
421,02,-1.1990748406116751e-05,26.598223410470148,61.15281964255657,11.46738722245466,-11515.234
422,03,-1.6731313326227373e-05,-1.3453218475669946,47.843510205716214,11.066952292218005,-9022.126
423,04,-2.3883861623916246e-05,-16.521862002224392,58.86005653639768,16.86577033540408,-3051.5737
424,05,-3.2321809314922687e-05,-17.350711201329386,63.11191008513332,17.91922860039819,4435.6514
425,06,-3.645346474101341e-05,-28.120134918891054,43.231891095406475,19.652886832084917,9420.727
427,08,-3.5946427165531874e-05,-15.756697428713563,51.75170243226714,22.186411076767474,13158.845
428,09,-2.0748739615697153e-05,-9.244409510294595,35.08465283191469,22.670960359727015,8510.874
430,11,-1.0089955154782932e-05,6.784489759657117,59.376273723493675,16.452237505469057,-4735.34
434,03,-1.5915630637317265e-05,-1.6360386480515998,44.90566300547765,10.268197295402967,-7044.3286
435,04,-2.4346638547669703e-05,-22.934988667466907,50.17846367060873,11.4696420110782,-2737.12
436,05,-3.070366395367009e-05,-25.76910455847299,53.73915812349191,15.192477716480534,3144.9082
437,06,-3.477750818122634e-05,-31.860220404391814,46.7203716229452,19.765049702053602,9383.747
440,09,-2.5603061031688413e-05,-1.6679924726698132,46.654843129608366,19.359477819336785,9815.235
441,10,-1.3186316454061119e-05,-1.463842040031187,51.45971762442205,17.587374542541404,2596.6624
442,11,-1.4898132296588707e-05,27.46974549831814,55.57987919455502,17.272885030308036,-2285.7866
443,12,-8.385574634596725e-06,33.275967709449034,59.292129598577816,16.484773507957822,-8128.196
444,01,-9.004527324929857e-06,20.359526514525058,60.00615774854665,12.302332713373247,-12852.616
446,03,-1.4810545610421827e-05,-5.396197126162949,59.004922374092125,10.437647663715065,-7801.5566
447,04,-2.7581765115751797e-05,-20.820068422105575,57.557788026644126,11.800390531207455,-3240.846
449,06,-3.356170396635004e-05,-23.02242342732747,60.87640379265148,25.228303343276185,9916.164
450,07,-3.758493633006676e-05,-22.269790681900524,47.74635748879372,25.57397250136893,14244.691
451,08,-3.3272750999810424e-05,-17.014684508621052,43.397001161080546,24.996205532712324,14521.159
452,09,-2.4645985519115736e-05,-7.889081433783638,37.34792189491059,24.11319072261387,9740.57
453,10,-1.526362983537594e-05,-3.798430909843855,48.34944315867911,17.225026653107776,1820.5605
454,11,-1.1750765303218536e-05,10.89123139716254,54.5964946256227,13.316576630128754,-3760.349
455,12,-4.447676278540448e-06,15.633635981405934,42.93341399640295,13.01997802054626,-8557.765
457,02,-8.18821650381367e-06,12.903916228158135,62.959067062718525,12.805091260918546,-10773.0205
459,04,-2.5679135762624757e-05,-26.331729773288306,46.84454056873057,11.854652500814861,-3086.475
460,05,-2.9667726341906155e-05,-25.198657173730993,56.839670298081565,20.08667393688617,3435.8884
462,07,-3.888270218750779e-05,-23.176640851420746,56.14024401203919,25.7952684127118,13467.639
463,08,-3.333480648354688e-05,-12.395997953681537,44.035043613662005,24.6443350070715,13486.984
464,09,-2.5415033401845397e-05,-5.530321179199219,52.86381167994076,21.336988494233296,8937.59
466,11,-1.2597567349661808e-05,15.910226154920792,53.90823562632401,13.703532370326256,-3005.404
467,12,-7.748080553331723e-06,20.40142875687794,63.311030514205655,12.457500854338369,-8120.7295
468,01,-8.493993727101315e-06,23.796599253992884,55.116003269850566,11.85726924298784,-10292.337
471,04,-2.4140652476206825e-05,-8.481860700141059,60.03202422682047,16.594467750182417,-2896.3098
472,05,-3.631899526441482e-05,-17.44638056798135,47.40056218499266,19.263493356326578,4287.953
473,06,-3.447691067930363e-05,-33.33076165534125,39.74884000571834,22.747421039063397,9027.288
474,07,-3.4126774513620195e-05,-44.31138712696363,36.16823902212164,24.748706597475596,15127.912
475,08,-3.324744642680256e-05,-25.59706884437479,43.61733073811633,25.458101015994625,13783.325
476,09,-2.7110998255941223e-05,-4.088550005425346,48.59134079140956,22.0211015687267,9794.867
477,10,-1.717439320385384e-05,2.0582064438686585,44.893768001867876,19.248132997887105,2789.2026
478,11,-1.049799736220949e-05,11.533768935139973,58.11769115721252,14.188456836369303,-3971.4585
481,02,-8.232899953890454e-06,13.675333238874163,51.283400613031226,11.63011999922565,-10571.6
482,03,-1.7898125718357898e-05,7.876527682396675,54.192069970153995,13.107204236979122,-8353.233
483,04,-2.786484313502215e-05,-15.88577495863173,41.53150874974462,12.17203074105051,-3509.4053
484,05,-2.8741963674400066e-05,-37.081440074305384,54.09692304540707,16.092180326128517,2879.1248
485,06,-3.9525050331051005e-05,-23.208365014648436,47.86380608810849,23.5430796470099,9546.465
486,07,-3.625940142692049e-05,-31.74150496025496,48.734570516079984,25.33940084237309,13072.51
487,08,-3.404563471354698e-05,-17.337182702177312,41.57153246440298,24.424641755612946,13306.17
489,10,-1.8569231195137014e-05,10.235854191605762,54.45598049366731,19.84700183868793,4045.3914
490,11,-1.0039879183467646e-05,10.335369747924807,64.20363267016013,13.91127883404626,-3530.649
491,12,-8.260583359534854e-06,25.078029959073632,56.60606037604423,13.37290997615809,-8695.619
492,01,-6.012859741277161e-06,22.106840989635838,48.67357203781476,13.501913585694883,-9705.097
493,02,-1.5386156723984276e-05,31.748662168305497,64.97568837541958,12.667990640856756,-9821.83
494,03,-1.9840231885472768e-05,-1.8349693298339842,46.56073982853019,10.753236534503198,-5229.601
495,04,-2.7043378228700023e-05,-24.0670989525689,35.17819720014996,11.874213944729169,-2519.6619
496,05,-2.995519203009721e-05,-45.04488896819084,46.51938461271666,15.459495272367233,3364.6953
497,06,-3.546342912159163e-05,-30.903872137790252,54.092656515480414,22.70657669124338,9631.455
498,07,-3.552329937512147e-05,-24.55973527871409,49.31133174363516,24.6124194765155,13871.853
499,08,-3.48960954878191e-05,-17.491402352609946,46.845165995435046,28.500981259279346,12749.108
500,09,-2.4679065476549213e-05,-6.537764871215822,41.4254565234277,21.540383629229332,9958.336
502,11,-1.0186800306089735e-05,15.631692754109702,47.969248177954896,17.017071428382398,-2151.3037
504,01,-7.860778656987515e-06,14.34612370152627,66.80461903254064,10.656338111351893,-11150.949
505,02,-9.005972841740524e-06,9.622026147751583,54.51137783175566,12.087850346680197,-10631.099
506,03,-1.5948935392546162e-05,-0.9029574194467195,53.47545231677126,10.827575914138107,-5829.471
508,05,-3.230829694098981e-05,-22.4746828918457,60.26473778712485,15.16792012552164,3562.4084
509,06,-3.7502937650666964e-05,-26.38411481492784,47.88007799596918,25.49175883189704,10233.762
512,09,-2.3354238802332672e-05,-7.743464881388346,41.71682162190013,23.398362704971102,9577.336
513,10,-1.864643046111826e-05,14.62936670381279,46.729617401201246,18.430376787841958,4117.298
514,11,-1.0072340758698473e-05,9.36498726196289,49.88987413275507,15.007591073438855,-3039.1992
