,month,MER,MSSHF,RH,tp,EA
1,02,-7.399999772068052e-06,2.729709174746558,52.295623941567676,62.58125376701355,1.28
2,03,-1.408509512223264e-05,7.08405715679866,62.090667984242096,107.00708317756653,-0.94
3,04,-2.191347909663616e-05,-15.59233038906521,62.41300571294825,65.13916850090027,-0.63
4,05,-2.839083756912113e-05,-16.16055940262989,64.02205650719006,98.91896796226501,1.45
5,06,-3.330413338050373e-05,-22.16353809509278,52.028707694198026,77.33350610733032,0.15
6,07,-3.0671342559486147e-05,-22.637875941122733,53.00265082314577,36.31914162635803,-0.59
8,09,-2.3132900744369383e-05,-4.023202255249023,42.3501046719922,43.01969242095947,-0.42
9,10,-1.6345863611966567e-05,2.642213581372333,56.92965585534547,56.921231508255005,-0.26
10,11,-1.1569333000928361e-05,13.890767045423724,49.679388139549886,76.8632504940033,0.62
12,01,-5.795284385228985e-06,8.867661568262244,49.01821534482766,58.65590763092041,-1.08
13,02,-7.359469057738698e-06,6.865867059466484,53.581606617508264,60.54261493682861,-0.13
14,03,-1.4070489600584629e-05,-6.186828353717764,55.02083505403355,70.78502440452576,0.18
15,04,-2.282624180893941e-05,-17.872287172783746,48.97103869282801,41.5899133682251,-1.99
16,05,-2.9285246377967465e-05,-30.998830406271004,47.47244699586335,23.549720764160156,-1.45
17,06,-3.014735746900341e-05,-26.066622504679362,62.37913317463399,87.7898542881012,0.38
18,07,-3.1905643976779664e-05,-14.025872309859079,48.67037434149174,142.42091464996338,0.09
19,08,-3.1051088017916934e-05,-11.540256553403795,47.008779259716306,67.59736728668213,-0.68
20,09,-2.365392635981859e-05,-3.0327022542317708,42.946886476458445,42.64728355407715,0.9
22,11,-1.4279194747299093e-05,14.235161112806532,54.54851769668525,72.95901393890381,-0.2
23,12,-7.873070872231058e-06,26.063403682913826,61.380955716897084,73.57332229614258,-1.29
24,01,-7.860688640385075e-06,20.899533713063885,47.875411116570554,93.3958797454834,-2.52
26,03,-1.2076194787720939e-05,11.89821663673975,73.37905685201383,133.0828936100006,1.58
27,04,-2.2320882245185202e-05,-19.334173597547743,50.02077896680037,35.788278102874756,-1.5
28,05,-3.0310256707952082e-05,-17.47440350473055,59.34436809112436,102.75372743606567,0.09
29,06,-3.0904296795920855e-05,-15.787571440294057,51.69619375912348,69.78700375556946,0.57
30,07,-3.173775886429094e-05,-20.80200322239373,49.75860673643311,54.99441409111023,0.83
31,08,-2.8741253340065727e-05,-19.03508228654759,42.77699926753197,37.25814604759216,-1.48
32,09,-2.269007780640903e-05,-3.5648343312581385,46.85175361700852,61.64737391471863,0.54
35,12,-7.687594037497059e-06,8.885675470167591,67.75924336626196,63.80108118057251,0.58
36,01,-5.276928763964617e-06,11.574925520045783,58.01885871766587,43.573694705963135,-0.23
37,02,-7.864293709969517e-06,5.468580898829869,51.56958197040644,18.835744380950928,-0.08
38,03,-1.6001877676116956e-05,1.792558938959594,55.95160838729334,72.00946402549744,-0.47
39,04,-2.3437909088230905e-05,-21.874123499891493,46.11000325809585,35.43097186088562,-0.97
40,05,-2.9170486620455693e-05,-20.4214844770534,47.92201473479629,53.242250204086304,0.72
41,06,-3.17826830204164e-05,-27.949367026435006,48.16991035015053,93.72558498382568,1.23
42,07,-3.416977696542745e-05,-21.999847670688425,39.2781192299025,32.713236570358276,-1.59
43,08,-3.1963929242763654e-05,-15.790871219429917,46.55304641459066,88.86780834197998,0.33
44,09,-2.1331834113273846e-05,-6.238656323920356,43.43915766518911,59.11188769340515,1.15
45,10,-1.6551261839878706e-05,3.491510892150223,54.79260846710333,104.26913022994995,0.74
47,12,-1.0313162028783104e-05,17.753608460457098,55.75187243828721,83.42955470085144,-1.34
49,02,-1.1685804688698098e-05,2.732715975443522,46.129101684696614,42.88707685470581,-1.05
50,03,-1.3839232150540515e-05,-0.5926843497983868,57.115805566785156,81.02017283439636,-0.36
51,04,-2.090864053300013e-05,-10.60586452026367,65.75529212030038,105.42021083831787,1.31
52,05,-2.6606813441591635e-05,-11.409518621957432,66.050863289825,118.89742398262024,1.06
53,06,-3.6603149109497395e-05,-25.008415187242296,46.266101067479454,40.00491166114807,-0.92
55,08,-2.6941880611302234e-05,-27.08358682743196,31.77761535606461,31.294189929962158,-0.54
56,09,-2.725831751290065e-05,0.9693071214463977,44.86737590899468,117.23978233337402,1.93
57,10,-2.1395454446465794e-05,12.186390243366201,47.91972020449689,59.156498670578,0.12
58,11,-9.367185011372688e-06,10.117007967122396,41.05919099200301,59.34060025215149,0.04
60,01,-1.1848107099418698e-05,28.771229348787696,56.9102486772409,127.76513147354126,-0.31
61,02,-9.682757584759485e-06,6.4267875001403105,47.08914505602986,61.24871587753296,-0.34
62,03,-1.3818876191033916e-05,-6.2181760956138685,56.610379949503034,62.89697480201721,-0.9
63,04,-2.3066575134180317e-05,-21.124448284233942,53.13685258980724,21.789991855621338,-0.4
65,06,-3.0384449369921637e-05,-25.249517172580298,53.14751710217263,54.762237310409546,-1.29
66,07,-3.052118788760435e-05,-16.333257173927887,51.58020934386151,95.44521999359131,-0.41
68,09,-2.2138291550658728e-05,-0.809648367987739,66.94727416271104,147.5589587688446,-1.59
70,11,-1.2000811908506469e-05,17.20852971835666,62.11537896577253,78.44082713127136,0.64
72,01,-6.201572312694294e-06,7.789162023728894,59.71689801232405,62.144726276397705,-0.78
73,02,-7.646551471441942e-06,-7.170963860648018,49.17462651499538,9.736912250518799,-0.14
75,04,-2.3272295822324753e-05,-10.486857863362628,59.37646033687326,78.5594162940979,0.3
76,05,-2.800802443084893e-05,-16.149492612120927,55.7763452255995,63.01261830329895,-0.66
78,07,-3.447742918110781e-05,-15.274860501197074,50.75858460182529,100.84526371955872,-0.23
79,08,-3.3271033724499884e-05,-4.3656862228557625,49.79625837316948,104.17502427101135,0.63
80,09,-2.244669017984254e-05,-3.3109654418945316,48.444472670045165,48.915464639663696,-0.18
82,11,-1.5779393952086846e-05,2.730464919026692,53.6031213278585,73.80068945884705,-0.17
85,02,-9.105866422227595e-06,-15.737989101954868,41.279925076501705,5.396147966384888,-0.59
88,05,-3.1224375424332516e-05,-18.680161248648037,54.14751819698144,49.02557110786438,1.4
89,06,-3.5890827366468634e-05,-24.274000357055662,43.53411597645681,56.932453870773315,0.86
90,07,-3.000731417455182e-05,-30.125119514383297,48.19723509739805,53.75952363014221,-0.71
91,08,-3.1366839325049225e-05,-20.726613564768147,49.22354232249208,85.93903732299805,-0.33
92,09,-2.1116000810717296e-05,-5.870355172729491,52.886519872754164,48.16365933418274,-1.34
94,11,-1.2770530823662637e-05,20.62896745435927,57.76803370095226,84.64354729652405,0.72
97,02,-5.771432554432804e-06,6.824847212655203,67.52644709656069,35.931448459625244,0.78
98,03,-1.3287096029671374e-05,-5.803373095440609,55.151999684815046,77.72802114486694,-1.53
100,05,-2.791426425801057e-05,-28.103053294192083,60.924986691195485,69.35014915466309,-0.9
101,06,-2.8837502824555686e-05,-20.989433822292757,61.5306473079814,96.28858280181885,0.95
102,07,-3.379324687933062e-05,-20.07741719498173,55.40260847481861,134.5398542881012,-2.42
103,08,-3.0242934917310693e-05,-13.572054321945357,50.633880177582476,87.18918299674988,-1.26
104,09,-2.5696148892024614e-05,-3.969099077690972,51.22118268649578,66.9906599521637,1.53
105,10,-1.9746457593286597e-05,13.28605210072507,59.41998880579267,102.30783081054688,1.01
106,11,-1.2423982501220758e-05,8.69252590874566,58.77474638277293,110.22080183029175,-0.54
107,12,-5.659096497726741e-06,10.619382738339004,50.16868590621025,47.003796100616455,0.95
108,01,-9.400724827868036e-06,23.76198229324177,64.8158600401199,138.66146302223206,0.99
109,02,-1.553154618433063e-05,17.196350676788683,61.10995617006565,87.70584869384766,-0.83
110,03,-1.4791143874625109e-05,4.141464673442225,71.63935923557511,114.518559217453,0.4
111,04,-2.4692344382775542e-05,-22.74501348402235,55.09817502149212,27.742077589035034,0.19
113,06,-2.7714982728361462e-05,-28.63852083367242,47.29024293223089,31.23433208465576,-1.71
115,08,-3.211179117533902e-05,-13.866469908683532,47.473473327189375,72.62528491020203,0.77
116,09,-2.5435363158006416e-05,2.907980506727431,49.177534459747214,99.14269590377808,0.42
117,10,-1.6347254436593455e-05,7.273599919801116,47.520342997120274,79.42021083831787,-0.66
121,02,-1.1993180484209699e-05,15.243881237211681,52.799659086113884,59.8443021774292,0.22
122,03,-1.7582771425163286e-05,5.919001820882161,61.97907953674307,101.1904981136322,-0.62
123,04,-2.3728384267512105e-05,-15.711892689005532,62.36782957411343,78.43897438049316,1.12
124,05,-3.2913617601255e-05,-32.404015432706444,43.15242019264416,14.875389337539673,-0.26
125,06,-3.3498540398290464e-05,-35.047065074327264,55.710710440916486,67.16671657562256,-0.87
126,07,-3.3625666249610085e-05,-27.510599928661055,42.19065745926929,59.59615159034729,0.02
127,08,-3.0036708770112647e-05,-17.0266568734774,43.458151734339296,58.18086361885071,-0.57
128,09,-2.1827326350689368e-05,-6.781363076782227,44.02462579022247,52.75948238372803,-0.57
129,10,-1.9913688146604526e-05,14.103063629806684,48.60193847477949,78.90591788291931,-0.35
130,11,-1.311930024130561e-05,7.912713109334308,43.72629240063826,36.57659721374512,-1.88
131,12,-7.719866410816296e-06,20.033501539989185,45.286219627095804,99.99442100524902,1.42
132,01,-9.708490018202875e-06,23.531725362798216,54.619796854420386,62.73529887199402,0.19
134,03,-1.7018775953137494e-05,2.372058311872584,47.98838851665681,25.981262683868408,1.31
135,04,-2.7999317039636173e-05,-19.276666238742408,46.732171709169286,64.46329927444458,-0.67
138,07,-3.559518055198981e-05,-33.07448882301904,37.832517702871755,43.237606048583984,0.02
139,08,-2.897321149455781e-05,-28.290339532667595,47.590817581110095,43.99504566192627,-0.24
140,09,-2.7407515947157255e-05,-3.6402964202880854,48.108384553693405,93.28326845169067,-1.44
142,11,-1.0645134954231454e-05,8.876481322224937,54.38112868225972,88.05533337593079,-0.15
144,01,-9.804670876438911e-06,24.167181801416536,38.86062395377826,65.73154544830322,0.92
145,02,-6.996622216688376e-06,0.507544446309408,46.996895068120395,29.07620143890381,0.15
146,03,-1.2629808311264428e-05,-0.5304674036169569,53.76618897918476,29.050020217895508,0.7
147,04,-2.5889148811054637e-05,-18.50936585184733,50.20018549894757,46.967238903045654,-0.86
148,05,-2.5811937759284265e-05,-33.066711107479634,47.67298183366304,35.415016651153564,-2.66
149,06,-2.987989489524302e-05,-20.686577268473304,57.62339900992447,100.81910800933838,-1.45
150,07,-3.606362330103894e-05,-12.26554677852508,46.37869990175771,86.47331523895264,-0.86
152,09,-2.1833397036001162e-05,-8.548686426798504,39.4321560544822,69.85359048843384,0.48
153,10,-2.004618059737534e-05,2.17344532234438,45.307421456006274,48.3614456653595,-1.63
154,11,-1.4646135411648073e-05,14.444811823866104,60.08639300202131,121.3805501461029,0.49
155,12,-7.654158530845394e-06,17.942148733159545,42.031411531264894,44.35604405403137,-1.3
156,01,-5.988280283046514e-06,9.900324605634134,41.55076964045469,40.05626130104065,-0.54
157,02,-7.568776633878318e-06,10.513905402874128,42.596786469010105,32.84419345855713,-0.19
158,03,-1.6743815379482177e-05,3.675611719931326,56.535387553599556,89.10991644859314,-0.08
159,04,-2.3724830210206465e-05,-12.979907084147134,60.15185276207658,57.617363929748535,0.04
160,05,-3.502280750303383e-05,-18.415903687507882,37.98684394011575,48.60550785064697,0.53
161,06,-3.339920427913765e-05,-25.873405965508358,43.36981476617124,52.09975528717041,-0.31
162,07,-3.3542465003026134e-05,-26.574038988010855,46.61348771423679,62.71932125091553,-1.23
163,08,-3.290884278264643e-05,-13.404264240552024,52.83446418771308,128.27770042419434,1.74
165,10,-1.9484351597922247e-05,1.9587082073252686,58.379234332862715,99.88054394721985,-2.36
166,11,-1.321692710625939e-05,23.694389510769323,50.96693710040848,114.02044343948364,1.0
167,12,-8.425528942156701e-06,11.411874493342573,45.69198678764476,59.72125196456909,-0.05
168,01,-9.715480358609446e-06,34.39173987899288,57.42208674485646,79.51586604118347,0.63
169,02,-8.449411843078754e-06,-1.1622854381742926,41.2482318814184,24.723291158676147,-1.82
170,03,-1.4966802825774622e-05,-6.011914413616221,42.24266758934657,13.214776277542114,-0.03
171,04,-2.191761210872048e-05,-4.539731902737087,59.59964808656376,50.1136200428009,-1.08
173,06,-3.281592492067931e-05,-24.277929318237305,46.836056776909025,49.03701114654541,-0.44
175,08,-3.234485571499712e-05,-11.285276480397874,49.79429166342623,65.69953942298889,-0.81
176,09,-2.2725771390226628e-05,-2.4448908416748045,57.50485973500145,149.34324550628662,-0.46
177,10,-1.798888249350155e-05,2.3637267239478326,43.9463890340828,80.44077348709106,-1.13
179,12,-9.250304196792702e-06,31.236705364924607,64.63241229699248,142.54706811904907,0.43
180,01,-8.814763398506955e-06,28.086010490499522,59.814965074129006,85.40289497375488,0.0
182,03,-1.5868986940443404e-05,12.424105568506382,56.25959003628518,94.18527913093567,0.7
183,04,-2.4481364455176743e-05,-15.54007357143826,53.21672202842236,85.7735435962677,0.05
184,05,-2.8615912740195944e-05,-19.306992470361852,50.8592781971834,59.618553161621094,0.79
186,07,-3.466171150601792e-05,-32.442688338413035,36.16844127948567,21.875284671783447,0.97
188,09,-2.649383951805552e-05,-2.2674784339057075,50.77799905458556,147.07339644432068,-0.79
189,10,-1.8016295581522476e-05,4.47270425086893,52.33998963107474,97.18963932991028,-0.9
190,11,-8.92097842036795e-06,12.752254605102538,55.27824593100681,50.59832048416138,0.76
191,12,-1.093666692604627e-05,22.757288210632986,53.902280609893545,112.21855115890503,0.97
192,01,-1.2804497735976505e-05,25.385474410518523,57.77612080058489,129.8851613998413,0.09
193,02,-1.271823695051786e-05,20.178666164579848,60.9734689490412,78.17547941207886,1.03
194,03,-2.219248033328259e-05,-0.5256330294045062,56.57506640008187,94.79378461837769,-2.46
195,04,-2.3056703787511248e-05,-15.611610607231992,48.9374839578549,42.51542043685913,-1.71
196,05,-3.3250014936618425e-05,-29.631465932538433,52.844916530618114,94.81036853790283,0.06
197,06,-3.44918315846169e-05,-24.446217814466692,49.08188772321145,64.76006937026978,-1.84
198,07,-3.591561413959817e-05,-25.92438248894804,39.340810654867084,45.93726992607117,-0.8
199,08,-3.331847033315239e-05,-31.29434137422295,33.68999910253863,22.496978521347046,-2.09
201,10,-1.4566836962311297e-05,5.514771194293934,41.310020164710224,18.715614557266235,0.53
203,12,-8.991161045966975e-06,-5.598886509064706,48.51484771922968,40.51283264160156,0.57
204,01,-7.460320452180465e-06,-0.4728464959257379,45.67560021059616,16.127771615982056,-0.53
205,02,-7.544903639281147e-06,5.38362545916678,55.18347650017959,60.068604469299316,-1.12
208,05,-2.4253428110207234e-05,-26.022296560964275,51.92535755428705,57.326932191848755,-0.38
209,06,-2.8253365109311642e-05,-38.732165323215064,41.61192797080808,28.135314464569092,-0.53
210,07,-3.142641031134248e-05,-27.054918192217425,49.82263012584947,59.759037256240845,0.39
211,08,-2.9903093116464793e-05,-15.358725825155936,42.33743624172287,98.74433755874634,-0.08
212,09,-2.534073391895315e-05,-7.00570699428982,43.673043699496326,48.277573585510254,-0.95
213,10,-1.7171301486478214e-05,8.106230379494288,51.02844809201841,73.76016211509705,0.49
215,12,-8.836182103413613e-06,1.1414017176474303,51.832999992789766,45.02203106880188,-1.52
217,02,-9.97768289436776e-06,28.48145621345157,61.04910012837534,84.60573077201843,1.06
219,04,-2.201332183204714e-05,-17.60772253417969,50.15108422283994,28.14702796936035,-1.91
220,05,-3.085946982284968e-05,-22.07697987414944,55.658551038389554,78.28123354911804,0.61
221,06,-3.476727682935032e-05,-20.254541469319665,56.16686724849277,112.482257604599,-0.75
222,07,-3.376502295814329e-05,-20.43258258581674,48.29218798171063,69.49712204933167,-0.41
223,08,-3.064838395117496e-05,-15.397676236060358,39.11490551742816,54.35530233383179,0.18
224,09,-2.7053925191669103e-05,-10.968042353990342,40.873450344501606,29.832056999206543,-0.81
225,10,-2.0736059433235615e-05,1.8364669255082322,46.07108195983722,81.02550506591797,-1.5
226,11,-1.1372840429430654e-05,5.54297788119846,52.451002673839106,56.97358417510986,0.92
227,12,-9.893875752236308e-06,16.98351939342868,60.12797338394067,77.3915023803711,1.74
228,01,-1.1099072907757458e-05,24.386054642872143,54.87726956107148,88.08339476585388,0.14
229,02,-7.893391973560764e-06,12.879144769577753,54.623768248409036,20.71983242034912,1.33
232,05,-3.182257207745645e-05,-20.036693252071256,51.31070372274871,44.95067262649536,-1.25
233,06,-3.4082233544055876e-05,-13.138249787733287,60.09514157660935,136.99862432479858,-0.03
235,08,-3.4686337675251e-05,-19.754633603331865,40.27667498864153,67.5933165550232,1.31
236,09,-2.4247977624205914e-05,0.3736279635959201,55.41774919654528,154.75264143943787,0.17
237,10,-2.3367591303340108e-05,14.50471792602539,57.49670259841796,178.64887976646423,0.71
238,11,-1.186565926222506e-05,4.6568576497395835,50.09492808050447,92.01937747001648,0.11
239,12,-8.802920268002493e-06,22.454611907630838,51.308709990082264,78.07752561569214,0.67
240,01,-9.430198710966792e-06,24.63400003675235,61.44896206574927,91.57960391044617,-0.27
241,02,-1.079772392194216e-05,13.779260249546594,59.85849182345754,56.13470458984375,-1.64
242,03,-1.3397230129969535e-05,-0.9194605676794566,60.6708199271861,87.33539247512817,-2.01
243,04,-2.54553507465769e-05,-17.42901027967665,53.24983413987689,65.29687428474426,1.01
244,05,-3.422614240797327e-05,-20.88572949317194,50.723297991629586,63.86414575576782,0.41
245,06,-3.759346314859108e-05,-24.964019442409946,49.104056137108806,86.7335524559021,0.13
246,07,-3.775679561435789e-05,-20.12216363230059,34.70881050790896,54.39849805831909,0.48
247,08,-3.318467006672979e-05,-13.657699137697938,45.50563225292391,99.36693954467773,-0.27
248,09,-2.59650643648355e-05,-3.5717024329291456,50.26974016195536,83.68352055549622,1.07
249,10,-2.1588807777500546e-05,5.981483147405809,48.24640764357326,65.74780321121216,-0.16
250,11,-1.3179962080519347e-05,12.654008286878799,52.50058610761298,52.17728924751282,-1.02
251,12,-1.3700721242369786e-05,27.986750325848984,63.54783165261822,142.15608167648315,0.46
254,03,-1.4517082142339604e-05,-0.5979741453765541,58.83941007500695,60.096646308898926,-0.68
255,04,-2.355722367422762e-05,-12.813957029554578,60.681698268123455,76.35283160209656,0.33
258,07,-3.168135436499142e-05,-21.668345875401656,51.88578506780696,102.94842576980591,-0.27
260,09,-2.4486756719630248e-05,-2.020394458007812,56.817002186003,85.14948225021362,-0.14
262,11,-1.5146696185204038e-05,20.892512133110895,68.07071139411661,131.4802393913269,0.64
263,12,-1.1904006665214989e-05,20.81303864280127,63.79751548051194,86.34993147850037,1.63
264,01,-6.723928980547147e-06,14.384707934964087,53.25762820807451,85.52192997932434,1.53
265,02,-9.421481274265325e-06,7.153048214503697,61.79020408172125,83.6603274345398,-0.39
267,04,-2.4765318735565716e-05,-15.737299090576174,60.65160554169682,95.43563151359558,0.65
269,06,-3.303585196628976e-05,-31.827683939954966,48.06642211600013,56.74857974052429,-0.14
270,07,-3.6646507612448495e-05,-24.41304970722813,43.035889669943884,87.7753267288208,0.67
271,08,-3.349079792080317e-05,-13.273838911159066,49.470468634774605,107.7295401096344,1.83
272,09,-2.8629883362433853e-05,-3.361749937269423,60.89090815499625,144.1834967136383,-0.98
273,10,-1.872843477780094e-05,15.499699002173642,52.0420637966638,73.23751926422119,1.16
274,11,-1.4045017091525046e-05,9.019137569173179,50.75557469189433,85.68967199325562,-0.62
275,12,-9.904081011676856e-06,14.487402564920403,52.82181985401466,73.46089029312134,-0.89
276,01,-6.60295483731882e-06,23.604068570044735,51.65779350411636,67.26308727264404,1.68
278,03,-1.718439095667989e-05,-2.8514695644583754,52.573686629964456,40.98473596572876,0.63
280,05,-3.0134792006426703e-05,-17.31557953963741,52.31226475243542,64.66420650482178,0.15
281,06,-3.5836119472898846e-05,-20.466573669433593,50.7506326838851,77.7912917137146,1.65
282,07,-3.594073215623134e-05,-17.96138944137737,48.60045512300026,94.12360286712646,0.67
283,08,-3.0240783373966385e-05,-12.41071590333344,52.640142950275894,146.93423414230347,-0.39
284,09,-2.726855740998468e-05,-6.606480073716904,41.46046437310777,57.52717709541321,-1.87
285,10,-2.2813934475604865e-05,5.003235001430717,55.25826176021304,87.43804001808167,0.7
286,11,-9.433203981300014e-06,10.082439758300783,57.335292302331666,88.66095638275146,0.67
287,12,-9.155090198257839e-06,-0.601292420089886,52.83887711868107,93.86429786682129,0.62
288,01,-7.996820467572737e-06,16.024269751435966,52.92226850532075,73.5739049911499,1.11
289,02,-9.213011075579354e-06,1.6289639434814458,40.65915042115535,23.336631298065186,-0.09
291,04,-2.383696288773839e-05,-17.2942943037245,47.44735419490735,51.56433296203613,-0.54
293,06,-3.491794925367785e-05,-29.63445593295627,48.58540389312637,47.240581035614014,1.31
295,08,-3.1032737283929096e-05,-31.771135562691633,39.36124998163152,22.521544456481934,-0.16
296,09,-2.437035215904568e-05,-12.497950702243381,40.21523504180775,46.90879726409912,0.75
297,10,-2.1305207502659715e-05,-2.352458050143333,49.86598729915773,74.57617855072021,-1.89
298,11,-8.746191556262298e-06,13.336127873399521,55.471923015075255,56.468339920043945,0.98
299,12,-8.986315398414586e-06,16.75842543636855,56.42778465677845,90.1946873664856,-0.49
301,02,-1.1818901434843997e-05,12.780648606925178,58.06078212638148,64.95090794563293,0.32
302,03,-1.5225630396960167e-05,1.0669384965794064,50.376974003080406,47.67586803436279,1.21
303,04,-2.4217375733618005e-05,-11.611916856553819,59.49211039767795,45.28127717971802,-0.34
304,05,-2.847669872224737e-05,-31.81054322043798,50.857990436966695,37.014437675476074,-1.18
306,07,-3.5823426863228845e-05,-21.040274605699764,48.61712288511441,104.08150887489319,-0.23
307,08,-3.442271008691844e-05,-10.630728795861687,53.4802156332962,153.6393961906433,0.05
308,09,-3.09724094837697e-05,1.3779368174235027,41.60773183429904,68.27244329452515,0.09
309,10,-1.9737982986943505e-05,10.8786054316695,45.96995730125903,55.872933864593506,-0.6
310,11,-1.219442167142309e-05,8.63346869269477,52.650442458646836,66.66378116607666,-1.45
311,12,-6.509792311736683e-06,12.651209838210898,41.13814304297201,54.07814908027649,-1.19
312,01,-1.0532949036563073e-05,27.835473567839585,50.62756816835045,53.984177112579346,-1.77
313,02,-1.0796667724878803e-05,1.9850640389578682,54.967533898224424,50.05322074890137,-1.96
314,03,-1.2645556585016247e-05,2.2825399281491516,62.992716266741034,63.6138596534729,0.95
315,04,-2.402455134354872e-05,-12.38321820203993,55.9102142579476,77.4074821472168,1.54
316,05,-3.3327865934669755e-05,-23.83920729967343,52.369123788558014,76.4442777633667,1.03
318,07,-3.409394384040644e-05,-23.561669685609886,47.80977541725482,109.44811034202576,0.92
319,08,-3.320200081173924e-05,-14.21000237282374,41.28222914207624,101.65014147758484,0.56
321,10,-1.7187334372416657e-05,10.538457600583316,41.694871458662455,58.746543884277344,0.57
323,12,-9.12172876785682e-06,14.485518746324761,56.37181309181387,50.890292167663574,-1.22
324,01,-6.5253165958961526e-06,7.280853728591756,43.42763289413273,18.287110328674316,-1.03
325,02,-8.8568046297561e-06,4.634872235616048,55.29220876641359,57.903024673461914,-0.59
326,03,-1.3873502668170125e-05,-4.782673361173239,59.930227692120816,63.244534492492676,-0.68
327,04,-2.37631702343909e-05,-18.782449027506512,53.65862876264652,51.75546956062317,1.07
328,05,-3.370682173148433e-05,-13.439136345319852,55.415879218805216,97.34957218170166,1.15
329,06,-3.4785863751151034e-05,-27.11431088460287,44.96967633606062,34.651726484298706,0.02
330,07,-3.3670624993676266e-05,-35.11209074615151,34.7803111832411,25.724807262420654,0.83
332,09,-2.4569920312832332e-05,-1.9050392035590278,48.50952039943403,31.076144695281982,1.82
333,10,-2.0357669840078775e-05,8.929626497002058,49.91160704086961,104.8823778629303,0.66
334,11,-1.6638314112929544e-05,21.698549422539603,51.20864173750348,79.28392601013184,1.68
335,12,-1.1844671387852061e-05,21.158474252352146,51.61357204472506,99.22530603408813,1.0
336,01,-1.3167410284109127e-05,32.71415653975292,54.798027210791915,116.52486562728882,1.51
337,02,-9.635896793779033e-06,12.227102448962983,62.05461917357218,88.80820941925049,1.68
338,03,-1.969343553138324e-05,2.858439688077537,50.951221448258686,65.31020927429199,0.21
340,05,-3.1186685044343005e-05,-23.42358186127037,55.67473245647261,116.55266427993774,1.01
341,06,-3.458860908376663e-05,-19.802041976589628,51.81401281598541,100.40370607376099,0.55
342,07,-4.0491175616739144e-05,-14.380545316962786,51.51913973191349,166.44169425964355,-0.03
343,08,-3.430768915528969e-05,-11.902402343421853,46.669440629773256,52.89487075805664,0.07
344,09,-2.677926907070085e-05,-2.246240928141275,48.58724766878287,74.65286588668823,-0.52
345,10,-1.4836711174446523e-05,-1.5530790907336818,46.4751422240952,38.23624563217163,-0.33
346,11,-1.4172945336880124e-05,15.984315191311307,55.0159122577058,63.65782594680786,-2.07
347,12,-9.103623443880553e-06,18.67049515623687,44.72693699303237,75.82493901252747,-0.12
348,01,-9.98381483742544e-06,30.50790186531313,59.32570013750177,98.90966415405273,-0.35
350,03,-2.0140387961912898e-05,4.352542552004578,67.29393991330491,110.58221864700317,0.16
351,04,-2.446588194630345e-05,-15.287676639472116,50.48518859204715,37.05441331863403,0.88
352,05,-3.326288808405293e-05,-18.37616691179173,46.32872357566895,58.6919801235199,-0.85
353,06,-3.476253857051133e-05,-32.52892781643338,47.80475471985869,40.78405427932739,0.85
354,07,-3.577182100015043e-05,-18.878891244211506,53.425692884929724,105.99103903770447,0.85
355,08,-3.3834556450724496e-05,-9.036356891591062,49.02626591384924,114.81742095947266,-0.08
356,09,-2.5189189388381943e-05,-2.5223080678304033,46.95382839618127,79.74637937545776,-0.3
357,10,-1.8222273044254205e-05,6.518695762716314,54.30898137165141,92.71740341186523,0.08
358,11,-1.2143508331428165e-05,12.723418456013999,55.05112889809742,87.03951120376587,-0.89
359,12,-6.623100362498576e-06,8.910789440196046,51.189781416840454,32.103607177734375,-1.44
360,01,-6.219402897665034e-06,13.638463789416898,56.756673166043,59.60752511024475,1.13
361,02,-6.55127283612057e-06,7.2258432279314295,62.426701213981424,62.01654672622681,-0.72
362,03,-1.4006747319585248e-05,0.15545269151913163,60.10794240493287,55.8788948059082,-1.34
365,06,-3.4585202314802804e-05,-32.20444840494791,47.13420631794532,75.43589448928833,-1.05
366,07,-3.995988693131167e-05,-23.939954596078525,46.67216465320125,103.68392610549927,0.33
367,08,-3.326769469126164e-05,-18.63527480389995,42.41847231385144,46.274324893951416,1.85
368,09,-2.396435872586961e-05,-8.675344586181641,43.626415080409586,40.19728755950928,0.59
369,10,-1.8213049179844e-05,4.716025361748153,49.256211021474606,74.3879747390747,0.96
370,11,-1.3997967538165946e-05,28.005924584282763,63.3120259418408,119.02290868759155,1.48
371,12,-8.896478755051119e-06,9.686923075029926,62.37685010996686,98.37137460708618,0.93
372,01,-6.091251291421628e-06,2.9262350808420488,60.36061479552843,49.821874141693115,0.38
373,02,-7.65345504045659e-06,5.717629487900508,61.53230691539674,91.62952327728271,1.25
374,03,-1.4227020407356234e-05,-0.1344084672825314,56.345688745778084,56.222103118896484,1.23
375,04,-2.4690822054900404e-05,-20.66956467929416,50.227940069592,27.15949821472168,0.09
376,05,-2.827942739082006e-05,-27.387183430333288,51.416537502500645,63.4017915725708,-1.39
377,06,-3.182083758476639e-05,-35.711798379855686,43.71565713060168,33.73767280578613,0.34
381,10,-1.8914465963579488e-05,8.677334267236855,54.52403665949838,76.19713640213013,-0.78
382,11,-1.1904203317903414e-05,4.708053307088217,64.34552551558414,80.79510045051575,0.24
383,12,-7.738160395268594e-06,4.967533013128466,56.59717789244652,51.991679430007935,-0.49
384,01,-4.432973011169315e-06,15.641597058367989,49.85520389962581,71.90442681312561,-1.31
385,02,-7.274441715534998e-06,7.353929252261208,64.81677477946593,54.225329875946045,0.41
386,03,-1.235675504704564e-05,-6.3443144091534345,43.386579177287324,20.28888177871704,-0.77
387,04,-2.5035789431644346e-05,-14.869033695136176,49.48712501599656,17.25916814804077,-0.59
388,05,-3.0008848766624646e-05,-32.62149781881353,48.67582858574712,34.52233028411865,-0.67
389,06,-3.4230032604055946e-05,-25.01744469502767,49.43961729888122,94.74681329727173,-0.22
390,07,-3.7348723895911946e-05,-18.427609645064162,51.34294977803511,163.95448088645935,0.41
391,08,-3.274760770019843e-05,-10.64563058373236,50.85391145080519,128.73549723625183,1.04
393,10,-1.916051529891168e-05,8.726722329416583,41.10612051369683,69.30626606941223,-0.28
394,11,-8.12447487300637e-06,7.208228931681314,45.10324230610001,17.076764583587646,-0.09
396,01,-9.557997748420493e-06,23.492998173539362,55.985124487241116,90.29691076278687,-1.76
398,03,-1.1845709033173812e-05,-9.130659757880753,42.53471919810516,29.57355237007141,-0.64
399,04,-2.412122515035865e-05,-15.116672309705946,65.52592149374486,93.77713108062744,-0.28
400,05,-3.2719707248821014e-05,-19.41600187732328,54.71462800888861,68.41745948791504,0.52
403,08,-3.664081436780238e-05,-14.530181596981583,48.63167088847007,90.66671252250671,1.36
404,09,-2.780254297756781e-05,-4.337274759928387,47.643611919113,79.25185561180115,0.38
406,11,-9.782895505729057e-06,13.286790387301977,48.36725960095062,62.30052351951599,1.15
407,12,-8.270612005098982e-06,23.135962751162953,68.44660146777348,126.01667380332947,0.68
408,01,-7.079607454118081e-06,9.77005108642578,59.36599973937003,56.091444969177246,0.88
409,02,-9.82560560788399e-06,1.2790957768758144,54.799641565576906,42.50241231918335,0.14
410,03,-1.6003138249269338e-05,-14.11737674147083,62.83003596656937,46.14034557342529,-0.24
411,04,-2.0434202846445263e-05,-16.983018215264217,45.651346360141694,31.149431228637695,1.31
412,05,-2.7662325821888435e-05,-23.158452428017892,56.92952051083376,89.41290044784546,0.14
414,07,-3.405638901301333e-05,-27.630988150319745,40.32137145659744,58.30738687515259,0.63
415,08,-3.2683108437937644e-05,-17.84199171037572,39.46305893081491,40.892261028289795,0.34
417,10,-1.765674730958508e-05,13.677036990258001,51.31546706972713,135.23726177215576,1.39
418,11,-1.2026654228591521e-05,13.685960133870443,60.59634180396663,95.3849720954895,0.09
419,12,-9.44601224512954e-06,28.97793200421077,55.46996279250422,74.25229167938232,1.2
420,01,-8.580053124215514e-06,22.96357862870411,63.49304372530727,90.50502729415894,1.37
422,03,-1.6731313326227373e-05,-1.3453218475669946,47.843510205716214,34.10970735549927,0.92
423,04,-2.3883861623916246e-05,-16.521862002224392,58.86005653639768,52.129727363586426,0.52
425,06,-3.645346474101341e-05,-28.120134918891054,43.231891095406475,53.205344676971436,-1.03
426,07,-3.570791800838603e-05,-18.498887496784167,52.862582088247414,91.65657234191895,0.58
427,08,-3.5946427165531874e-05,-15.756697428713563,51.75170243226714,126.34322667121887,0.75
430,11,-1.0089955154782932e-05,6.784489759657117,59.376273723493675,64.11601209640503,0.43
431,12,-1.0581146033268115e-05,22.95546643394552,54.273882943514856,89.71414184570312,-0.59
432,01,-9.2527426375611e-06,26.340960131573418,62.63006211892765,107.20374536514282,1.11
433,02,-8.153189459681882e-06,8.31590086110433,48.93550452213628,54.84558963775635,-0.04
434,03,-1.5915630637317265e-05,-1.6360386480515998,44.90566300547765,61.79024076461792,1.2
435,04,-2.4346638547669703e-05,-22.934988667466907,50.17846367060873,27.186142444610596,0.88
436,05,-3.070366395367009e-05,-25.76910455847299,53.73915812349191,61.485331535339355,0.71
437,06,-3.477750818122634e-05,-31.860220404391814,46.7203716229452,35.5678129196167,1.06
438,07,-3.7615658574522775e-05,-25.170489753641114,45.05531850020347,95.02099466323853,0.22
440,09,-2.5603061031688413e-05,-1.6679924726698132,46.654843129608366,98.359215259552,0.15
441,10,-1.3186316454061119e-05,-1.463842040031187,51.45971762442205,34.89073657989502,0.22
442,11,-1.4898132296588707e-05,27.46974549831814,55.57987919455502,119.42508697509766,1.55
443,12,-8.385574634596725e-06,33.275967709449034,59.292129598577816,54.18260717391968,3.14
444,01,-9.004527324929857e-06,20.359526514525058,60.00615774854665,107.9379734992981,1.01
445,02,-1.2519085415486441e-05,14.879537966322628,54.698993667597065,72.69394779205322,1.85
446,03,-1.4810545610421827e-05,-5.396197126162949,59.004922374092125,69.4955415725708,0.71
447,04,-2.7581765115751797e-05,-20.820068422105575,57.557788026644126,67.43884038925171,0.97
448,05,-3.16294027814815e-05,-19.310568396455505,50.32535560724812,61.365638256073,0.22
449,06,-3.356170396635004e-05,-23.02242342732747,60.87640379265148,113.14722728729248,0.41
451,08,-3.3272750999810424e-05,-17.014684508621052,43.397001161080546,57.580533027648926,2.08
452,09,-2.4645985519115736e-05,-7.889081433783638,37.34792189491059,28.704333305358887,3.48
453,10,-1.526362983537594e-05,-3.798430909843855,48.34944315867911,57.946226596832275,0.42
455,12,-4.447676278540448e-06,15.633635981405934,42.93341399640295,19.911759853363037,0.87
457,02,-8.18821650381367e-06,12.903916228158135,62.959067062718525,67.99254751205444,0.58
458,03,-1.5800369091061108e-05,2.527072602630943,59.88884960889175,58.12478494644165,1.03
459,04,-2.5679135762624757e-05,-26.331729773288306,46.84454056873057,30.59126615524292,-0.62
460,05,-2.9667726341906155e-05,-25.198657173730993,56.839670298081565,37.424317359924316,0.54
461,06,-3.566179110415154e-05,-31.36642959594727,52.944568701901716,63.719133377075195,2.03
462,07,-3.888270218750779e-05,-23.176640851420746,56.14024401203919,125.55045461654663,1.83
464,09,-2.5415033401845397e-05,-5.530321179199219,52.86381167994076,131.7170844078064,1.58
465,10,-2.0550294828412475e-05,15.281469091599986,50.30405073937036,63.67462873458862,0.62
467,12,-7.748080553331723e-06,20.40142875687794,63.311030514205655,122.76686382293701,-0.5
468,01,-8.493993727101315e-06,23.796599253992884,55.116003269850566,94.42302966117859,0.55
469,02,-1.1806723732206594e-05,-2.6082788761683875,46.30087924139698,28.985047340393066,-1.38
472,05,-3.631899526441482e-05,-17.44638056798135,47.40056218499266,48.21310758590698,-0.07
473,06,-3.447691067930363e-05,-33.33076165534125,39.74884000571834,26.889825344085693,-0.54
474,07,-3.4126774513620195e-05,-44.31138712696363,36.16823902212164,19.791842460632324,2.36
475,08,-3.324744642680256e-05,-25.59706884437479,43.61733073811633,94.60595369338989,1.82
477,10,-1.717439320385384e-05,2.0582064438686585,44.893768001867876,34.76789951324463,-0.39
478,11,-1.049799736220949e-05,11.533768935139973,58.11769115721252,34.97020101547241,0.32
479,12,-7.425197422547768e-06,21.47761040308142,53.53903508252609,89.45121669769287,1.44
480,01,-8.170035396257738e-06,18.813249751593478,61.34680531404607,48.710402965545654,-1.67
481,02,-8.232899953890454e-06,13.675333238874163,51.283400613031226,53.84524393081665,-0.12
482,03,-1.7898125718357898e-05,7.876527682396675,54.192069970153995,101.83904027938843,0.94
483,04,-2.786484313502215e-05,-15.88577495863173,41.53150874974462,32.68497180938721,-0.96
484,05,-2.8741963674400066e-05,-37.081440074305384,54.09692304540707,39.454394817352295,-0.64
485,06,-3.9525050331051005e-05,-23.208365014648436,47.86380608810849,106.98088932037354,1.28
486,07,-3.625940142692049e-05,-31.74150496025496,48.734570516079984,49.36154794692993,0.08
487,08,-3.404563471354698e-05,-17.337182702177312,41.57153246440298,76.33737087249756,1.93
488,09,-2.6543087166161665e-05,-4.24653964674208,45.73786681658825,112.17082786560059,2.19
489,10,-1.8569231195137014e-05,10.235854191605762,54.45598049366731,119.96327877044678,0.67
490,11,-1.0039879183467646e-05,10.335369747924807,64.20363267016013,74.31336832046509,0.07
491,12,-8.260583359534854e-06,25.078029959073632,56.60606037604423,84.95069599151611,0.81
492,01,-6.012859741277161e-06,22.106840989635838,48.67357203781476,60.42203378677368,1.74
493,02,-1.5386156723984276e-05,31.748662168305497,64.97568837541958,131.38312101364136,1.38
495,04,-2.7043378228700023e-05,-24.0670989525689,35.17819720014996,24.384860515594482,0.58
496,05,-2.995519203009721e-05,-45.04488896819084,46.51938461271666,17.802208423614502,0.06
497,06,-3.546342912159163e-05,-30.903872137790252,54.092656515480414,67.27775382995605,-0.08
498,07,-3.552329937512147e-05,-24.55973527871409,49.31133174363516,73.53353977203369,0.46
499,08,-3.48960954878191e-05,-17.491402352609946,46.845165995435046,91.37486410140991,1.57
501,10,-1.848353834580477e-05,14.114419966174706,59.132486595437086,137.80672430992126,-0.23
502,11,-1.0186800306089735e-05,15.631692754109702,47.969248177954896,45.380624771118164,0.05
504,01,-7.860778656987515e-06,14.34612370152627,66.80461903254064,90.61761569976807,-0.04
506,03,-1.5948935392546162e-05,-0.9029574194467195,53.47545231677126,54.85542392730713,-0.18
508,05,-3.230829694098981e-05,-22.4746828918457,60.26473778712485,118.6035623550415,0.8
511,08,-3.444879628501263e-05,-12.903870650096605,45.419211714576655,99.27522611618042,1.08
512,09,-2.3354238802332672e-05,-7.743464881388346,41.71682162190013,33.61188364028931,1.7
513,10,-1.864643046111826e-05,14.62936670381279,46.729617401201246,138.24248218536377,0.86
514,11,-1.0072340758698473e-05,9.36498726196289,49.88987413275507,67.49459075927734,-0.91
