,month,MER,MSSHF,RH,msl,z
0,01,-7.186377549426466e-06,5.464709561255669,62.6901256937955,493.31573,-13039.725
1,02,-7.399999772068052e-06,2.729709174746558,52.295623941567676,250.30136,-11744.272
2,03,-1.408509512223264e-05,7.08405715679866,62.090667984242096,211.08014,-9005.672
3,04,-2.191347909663616e-05,-15.59233038906521,62.41300571294825,-26.29913,-3443.901
4,05,-2.839083756912113e-05,-16.16055940262989,64.02205650719006,-181.25235,2572.9648
6,07,-3.0671342559486147e-05,-22.637875941122733,53.00265082314577,-498.30798,12578.491
7,08,-2.8487004876296853e-05,-12.56110269165039,50.14281140049425,-394.8372,11178.267
10,11,-1.1569333000928361e-05,13.890767045423724,49.679388139549886,328.3996,-3881.35
11,12,-1.207531024335357e-05,24.691616260159407,64.98245628347064,376.52686,-8650.477
12,01,-5.795284385228985e-06,8.867661568262244,49.01821534482766,496.88074,-12943.846
13,02,-7.359469057738698e-06,6.865867059466484,53.581606617508264,570.7312,-13637.148
14,03,-1.4070489600584629e-05,-6.186828353717764,55.02083505403355,257.87445,-10440.164
15,04,-2.282624180893941e-05,-17.872287172783746,48.97103869282801,20.142422,-4195.202
16,05,-2.9285246377967465e-05,-30.998830406271004,47.47244699586335,-230.97093,1723.0133
17,06,-3.014735746900341e-05,-26.066622504679362,62.37913317463399,-463.24365,9059.541
18,07,-3.1905643976779664e-05,-14.025872309859079,48.67037434149174,-510.201,12607.599
19,08,-3.1051088017916934e-05,-11.540256553403795,47.008779259716306,-422.92126,12180.72
22,11,-1.4279194747299093e-05,14.235161112806532,54.54851769668525,220.18265,-5590.6543
23,12,-7.873070872231058e-06,26.063403682913826,61.380955716897084,465.51868,-9430.109
24,01,-7.860688640385075e-06,20.899533713063885,47.875411116570554,629.6825,-12717.08
25,02,-8.991757432514056e-06,2.888394768487839,50.11619150138895,403.09088,-11572.701
26,03,-1.2076194787720939e-05,11.89821663673975,73.37905685201383,211.07669,-10456.648
27,04,-2.2320882245185202e-05,-19.334173597547743,50.02077896680037,-80.84248,-3050.0588
28,05,-3.0310256707952082e-05,-17.47440350473055,59.34436809112436,-191.1414,2571.2656
29,06,-3.0904296795920855e-05,-15.787571440294057,51.69619375912348,-400.07935,8200.713
30,07,-3.173775886429094e-05,-20.80200322239373,49.75860673643311,-540.3847,13411.359
31,08,-2.8741253340065727e-05,-19.03508228654759,42.77699926753197,-415.01044,12463.053
32,09,-2.269007780640903e-05,-3.5648343312581385,46.85175361700852,-155.44781,7758.085
34,11,-1.4328458308167076e-05,19.586548003133142,54.57233108670976,382.78998,-5333.7983
35,12,-7.687594037497059e-06,8.885675470167591,67.75924336626196,448.55795,-10082.879
37,02,-7.864293709969517e-06,5.468580898829869,51.56958197040644,328.34772,-11937.383
38,03,-1.6001877676116956e-05,1.792558938959594,55.95160838729334,124.56534,-9540.512
39,04,-2.3437909088230905e-05,-21.874123499891493,46.11000325809585,-85.25331,-2473.9639
40,05,-2.9170486620455693e-05,-20.4214844770534,47.92201473479629,-229.8352,3219.94
41,06,-3.17826830204164e-05,-27.949367026435006,48.16991035015053,-375.78955,7255.8745
43,08,-3.1963929242763654e-05,-15.790871219429917,46.55304641459066,-441.3847,11916.322
44,09,-2.1331834113273846e-05,-6.238656323920356,43.43915766518911,-169.93095,8138.137
45,10,-1.6551261839878706e-05,3.491510892150223,54.79260846710333,15.993973,1809.7312
46,11,-1.519573135911843e-05,20.401449884033198,56.70156626680825,283.97656,-5404.375
48,01,-1.1369238679367056e-05,31.70380508160335,51.86229076744793,562.6236,-12143.604
49,02,-1.1685804688698098e-05,2.732715975443522,46.129101684696614,494.11713,-13687.321
51,04,-2.090864053300013e-05,-10.60586452026367,65.75529212030038,-123.44092,-3099.349
52,05,-2.6606813441591635e-05,-11.409518621957432,66.050863289825,-249.41649,2213.3538
55,08,-2.6941880611302234e-05,-27.08358682743196,31.77761535606461,-458.65845,13139.444
56,09,-2.725831751290065e-05,0.9693071214463977,44.86737590899468,-256.39166,8053.9004
57,10,-2.1395454446465794e-05,12.186390243366201,47.91972020449689,44.210373,2039.5872
60,01,-1.1848107099418698e-05,28.771229348787696,56.9102486772409,545.1223,-11813.701
61,02,-9.682757584759485e-06,6.4267875001403105,47.08914505602986,540.8523,-11595.564
62,03,-1.3818876191033916e-05,-6.2181760956138685,56.610379949503034,287.3333,-10308.66
67,08,-2.8069958612225798e-05,-17.017802792784988,42.472240740586344,-435.41095,12283.32
69,10,-1.5594664512004833e-05,12.420039781796033,52.5519555827328,63.500908,954.0751
70,11,-1.2000811908506469e-05,17.20852971835666,62.11537896577253,277.8296,-6470.8955
71,12,-7.343828446024142e-06,12.754345215500043,59.86620702467682,513.00604,-9704.638
72,01,-6.201572312694294e-06,7.789162023728894,59.71689801232405,581.2689,-14606.667
73,02,-7.646551471441942e-06,-7.170963860648018,49.17462651499538,276.98956,-11655.039
75,04,-2.3272295822324753e-05,-10.486857863362628,59.37646033687326,-143.9453,-3393.1838
76,05,-2.800802443084893e-05,-16.149492612120927,55.7763452255995,-253.89224,2093.9053
77,06,-3.090711121482552e-05,-17.990251360066733,61.34983533646531,-460.5618,7189.7197
78,07,-3.447742918110781e-05,-15.274860501197074,50.75858460182529,-514.67676,11520.961
79,08,-3.3271033724499884e-05,-4.3656862228557625,49.79625837316948,-470.22015,12299.3
80,09,-2.244669017984254e-05,-3.3109654418945316,48.444472670045165,-140.17436,7745.415
81,10,-1.5745955748394817e-05,1.4800897167574978,41.847355274659336,-2.8543806,1583.1455
82,11,-1.5779393952086846e-05,2.730464919026692,53.6031213278585,252.23737,-5242.5225
83,12,-6.748697063030508e-06,22.216181771555252,62.92255071562849,532.49445,-11306.959
84,01,-1.0488508364736625e-05,25.802121266682942,67.17732922877546,539.62695,-12936.134
86,03,-1.09558865346488e-05,2.199697240357758,53.96111336709735,224.07028,-9264.188
87,04,-1.9242588071877733e-05,-14.953707265557181,61.57429541588492,-80.47856,-2510.9072
88,05,-3.1224375424332516e-05,-18.680161248648037,54.14751819698144,-258.67487,2746.6685
89,06,-3.5890827366468634e-05,-24.274000357055662,43.53411597645681,-410.92346,7851.05
90,07,-3.000731417455182e-05,-30.125119514383297,48.19723509739805,-487.1224,12550.988
91,08,-3.1366839325049225e-05,-20.726613564768147,49.22354232249208,-407.4593,11949.035
92,09,-2.1116000810717296e-05,-5.870355172729491,52.886519872754164,-163.37415,8263.481
93,10,-1.7202233669146365e-05,6.4104873591597356,48.62927366667281,161.09691,1606.2151
94,11,-1.2770530823662637e-05,20.62896745435927,57.76803370095226,323.51596,-4963.465
96,01,-8.849628261046861e-06,-8.473066081057311,52.03738375666833,521.25854,-13007.439
98,03,-1.3287096029671374e-05,-5.803373095440609,55.151999684815046,226.70062,-9425.674
99,04,-2.2575659647211267e-05,-11.442104777696397,52.015024873095086,-35.461678,-3896.563
100,05,-2.791426425801057e-05,-28.103053294192083,60.924986691195485,-237.61981,2982.008
102,07,-3.379324687933062e-05,-20.07741719498173,55.40260847481861,-482.83826,11748.244
103,08,-3.0242934917310693e-05,-13.572054321945357,50.633880177582476,-423.82263,11811.842
104,09,-2.5696148892024614e-05,-3.969099077690972,51.22118268649578,-211.60417,8062.3535
105,10,-1.9746457593286597e-05,13.28605210072507,59.41998880579267,111.77561,2050.103
108,01,-9.400724827868036e-06,23.76198229324177,64.8158600401199,451.23618,-12934.549
109,02,-1.553154618433063e-05,17.196350676788683,61.10995617006565,557.9654,-12469.535
111,04,-2.4692344382775542e-05,-22.74501348402235,55.09817502149212,-29.370998,-3471.1338
112,05,-3.182606770285695e-05,-15.882362545546664,52.83810746537357,-227.96269,2552.936
114,07,-3.385038605679304e-05,-9.511822006717805,59.07058047961163,-554.31006,13003.401
116,09,-2.5435363158006416e-05,2.907980506727431,49.177534459747214,-191.44199,8873.946
118,11,-1.0307503538792339e-05,7.8851572241889105,46.36847800110711,262.50812,-5259.8984
119,12,-7.866494279115095e-06,20.208327730240367,52.71666673100892,388.16672,-9408.189
120,01,-5.490775168401608e-06,12.580168148245866,46.32122026583841,373.85315,-10994.304
121,02,-1.1993180484209699e-05,15.243881237211681,52.799659086113884,328.84015,-10419.365
122,03,-1.7582771425163286e-05,5.919001820882161,61.97907953674307,166.99693,-7868.823
123,04,-2.3728384267512105e-05,-15.711892689005532,62.36782957411343,-65.5027,-3131.586
124,05,-3.2913617601255e-05,-32.404015432706444,43.15242019264416,-260.5796,3761.545
125,06,-3.3498540398290464e-05,-35.047065074327264,55.710710440916486,-391.09628,9189.747
126,07,-3.3625666249610085e-05,-27.510599928661055,42.19065745926929,-476.81982,13917.087
127,08,-3.0036708770112647e-05,-17.0266568734774,43.458151734339296,-413.21497,12061.684
128,09,-2.1827326350689368e-05,-6.781363076782227,44.02462579022247,-182.03107,8462.025
130,11,-1.311930024130561e-05,7.912713109334308,43.72629240063826,292.06662,-4582.415
131,12,-7.719866410816296e-06,20.033501539989185,45.286219627095804,432.75528,-10401.588
132,01,-9.708490018202875e-06,23.531725362798216,54.619796854420386,476.9344,-12862.561
133,02,-1.709957590030951e-05,31.83555304718018,59.52337883048256,282.61865,-9934.6
134,03,-1.7018775953137494e-05,2.372058311872584,47.98838851665681,201.22726,-6752.3525
135,04,-2.7999317039636173e-05,-19.276666238742408,46.732171709169286,-68.4574,-2546.5066
136,05,-3.125298669270236e-05,-34.3688931694441,36.06377147361027,-232.98514,2791.2695
139,08,-2.897321149455781e-05,-28.290339532667595,47.590817581110095,-419.79132,12506.053
140,09,-2.7407515947157255e-05,-3.6402964202880854,48.108384553693405,-212.28937,8047.604
143,12,-1.0178729378000547e-05,19.264495642221096,49.02194799312469,344.94238,-7633.0854
144,01,-9.804670876438911e-06,24.167181801416536,38.86062395377826,461.62137,-11739.198
145,02,-6.996622216688376e-06,0.507544446309408,46.996895068120395,504.95377,-12327.035
146,03,-1.2629808311264428e-05,-0.5304674036169569,53.76618897918476,165.3095,-8320.711
147,04,-2.5889148811054637e-05,-18.50936585184733,50.20018549894757,1.2673302,-2476.445
148,05,-2.5811937759284265e-05,-33.066711107479634,47.67298183366304,-197.85707,3433.558
149,06,-2.987989489524302e-05,-20.686577268473304,57.62339900992447,-404.5299,9072.233
150,07,-3.606362330103894e-05,-12.26554677852508,46.37869990175771,-532.1687,12222.98
154,11,-1.4646135411648073e-05,14.444811823866104,60.08639300202131,321.78253,-4209.1455
156,01,-5.988280283046514e-06,9.900324605634134,41.55076964045469,532.30273,-12517.2295
157,02,-7.568776633878318e-06,10.513905402874128,42.596786469010105,330.4945,-12048.15
158,03,-1.6743815379482177e-05,3.675611719931326,56.535387553599556,261.61487,-8803.94
160,05,-3.502280750303383e-05,-18.415903687507882,37.98684394011575,-183.41898,3222.8857
161,06,-3.339920427913765e-05,-25.873405965508358,43.36981476617124,-353.8995,7437.2393
162,07,-3.3542465003026134e-05,-26.574038988010855,46.61348771423679,-496.24094,11168.492
163,08,-3.290884278264643e-05,-13.404264240552024,52.83446418771308,-389.4544,11818.47
164,09,-2.5466491539959356e-05,-1.4094354346381297,48.6797681992597,-162.22986,7609.7764
165,10,-1.9484351597922247e-05,1.9587082073252686,58.379234332862715,109.14625,1688.5089
166,11,-1.321692710625939e-05,23.694389510769323,50.96693710040848,326.19684,-4765.298
167,12,-8.425528942156701e-06,11.411874493342573,45.69198678764476,345.66455,-8468.104
169,02,-8.449411843078754e-06,-1.1622854381742926,41.2482318814184,418.6542,-11674.41
170,03,-1.4966802825774622e-05,-6.011914413616221,42.24266758934657,226.23596,-9141.689
171,04,-2.191761210872048e-05,-4.539731902737087,59.59964808656376,47.529724,-4913.495
172,05,-3.0932743489659034e-05,-26.541132331437964,51.168041845343446,-198.71109,1763.2468
173,06,-3.281592492067931e-05,-24.277929318237305,46.836056776909025,-430.87686,7332.026
174,07,-3.3366269429406925e-05,-23.52127023184171,53.23872095220833,-506.98965,12286.057
175,08,-3.234485571499712e-05,-11.285276480397874,49.79429166342623,-414.28864,12329.7295
176,09,-2.2725771390226628e-05,-2.4448908416748045,57.50485973500145,-224.08571,7247.5645
177,10,-1.798888249350155e-05,2.3637267239478326,43.9463890340828,97.60156,1808.7395
178,11,-1.1587640056374466e-05,-1.8295716874864363,52.225245416957804,309.2926,-4332.2197
179,12,-9.250304196792702e-06,31.236705364924607,64.63241229699248,497.91528,-9252.357
180,01,-8.814763398506955e-06,28.086010490499522,59.814965074129006,437.5476,-12321.307
181,02,-9.681430163471391e-06,-2.9269207930791947,54.97462990093799,333.6812,-12589.583
183,04,-2.4481364455176743e-05,-15.54007357143826,53.21672202842236,-55.02546,-3758.7598
185,06,-3.390126228795352e-05,-22.424498955281575,49.86442946763436,-458.40796,8971.614
187,08,-3.527003988845888e-05,-15.806742182249662,41.714041907468136,-476.99142,12573.661
188,09,-2.649383951805552e-05,-2.2674784339057075,50.77799905458556,-145.90736,8953.854
189,10,-1.8016295581522476e-05,4.47270425086893,52.33998963107474,121.097404,2782.7498
190,11,-8.92097842036795e-06,12.752254605102538,55.27824593100681,142.26453,-3399.127
192,01,-1.2804497735976505e-05,25.385474410518523,57.77612080058489,576.3953,-11713.936
194,03,-2.219248033328259e-05,-0.5256330294045062,56.57506640008187,214.6308,-7900.112
195,04,-2.3056703787511248e-05,-15.611610607231992,48.9374839578549,-6.152643,-3955.183
197,06,-3.44918315846169e-05,-24.446217814466692,49.08188772321145,-412.77078,8484.129
201,10,-1.4566836962311297e-05,5.514771194293934,41.310020164710224,33.44982,2351.9688
202,11,-1.3042386322538529e-05,9.068964893934462,58.53600206141338,199.53668,-4092.8535
203,12,-8.991161045966975e-06,-5.598886509064706,48.51484771922968,598.46106,-10606.538
204,01,-7.460320452180465e-06,-0.4728464959257379,45.67560021059616,505.11777,-12556.533
205,02,-7.544903639281147e-06,5.38362545916678,55.18347650017959,424.8736,-11513.0625
206,03,-1.2827322511164368e-05,-10.990242480862525,51.72073062135199,233.2872,-9021.375
207,04,-2.0502408365953464e-05,-21.604367342122394,58.54018084150156,47.091507,-5154.655
208,05,-2.4253428110207234e-05,-26.022296560964275,51.92535755428705,-214.61337,2865.8083
209,06,-2.8253365109311642e-05,-38.732165323215064,41.61192797080808,-424.05493,8998.521
210,07,-3.142641031134248e-05,-27.054918192217425,49.82263012584947,-483.1178,13285.648
212,09,-2.534073391895315e-05,-7.00570699428982,43.673043699496326,-209.21762,7027.259
213,10,-1.7171301486478214e-05,8.106230379494288,51.02844809201841,45.49945,1726.2817
214,11,-1.4551765714713837e-05,14.46901237657335,58.72207561985916,359.3055,-3681.8884
215,12,-8.836182103413613e-06,1.1414017176474303,51.832999992789766,378.26678,-9303.631
216,01,-3.583592048936e-06,-1.2817189340899076,35.36421269791357,471.0783,-12709.442
218,03,-1.2413017713795421e-05,-3.0697627356744577,49.8996438915832,156.90569,-8833.525
219,04,-2.201332183204714e-05,-17.60772253417969,50.15108422283994,16.39083,-4050.8079
220,05,-3.085946982284968e-05,-22.07697987414944,55.658551038389554,-217.5028,2020.1537
221,06,-3.476727682935032e-05,-20.254541469319665,56.16686724849277,-422.1692,7796.362
222,07,-3.376502295814329e-05,-20.43258258581674,48.29218798171063,-518.1723,12133.91
223,08,-3.064838395117496e-05,-15.397676236060358,39.11490551742816,-440.7296,12410.04
224,09,-2.7053925191669103e-05,-10.968042353990342,40.873450344501606,-105.15366,7750.2188
225,10,-2.0736059433235615e-05,1.8364669255082322,46.07108195983722,77.4353,1907.9097
226,11,-1.1372840429430654e-05,5.54297788119846,52.451002673839106,291.3259,-5245.086
227,12,-9.893875752236308e-06,16.98351939342868,60.12797338394067,408.12427,-10295.072
228,01,-1.1099072907757458e-05,24.386054642872143,54.87726956107148,588.30664,-12766.809
229,02,-7.893391973560764e-06,12.879144769577753,54.623768248409036,388.64227,-11568.601
231,04,-2.2395207648413717e-05,-10.670934447903104,67.35853829729425,-118.86678,-2481.7104
232,05,-3.182257207745645e-05,-20.036693252071256,51.31070372274871,-232.12167,3818.8352
233,06,-3.4082233544055876e-05,-13.138249787733287,60.09514157660935,-446.17865,9712.464
234,07,-3.6390916169732936e-05,-13.917790471887077,46.5719772114318,-526.72296,13433.003
235,08,-3.4686337675251e-05,-19.754633603331865,40.27667498864153,-424.34985,13790.054
237,10,-2.3367591303340108e-05,14.50471792602539,57.49670259841796,13.033205,3202.1313
238,11,-1.186565926222506e-05,4.6568576497395835,50.09492808050447,299.78412,-5579.4194
241,02,-1.079772392194216e-05,13.779260249546594,59.85849182345754,396.20276,-11202.885
242,03,-1.3397230129969535e-05,-0.9194605676794566,60.6708199271861,157.42859,-9528.83
243,04,-2.54553507465769e-05,-17.42901027967665,53.24983413987689,-115.165436,-2280.8923
244,05,-3.422614240797327e-05,-20.88572949317194,50.723297991629586,-249.52713,3461.4932
245,06,-3.759346314859108e-05,-24.964019442409946,49.104056137108806,-398.7094,8766.039
246,07,-3.775679561435789e-05,-20.12216363230059,34.70881050790896,-557.6992,13151.974
247,08,-3.318467006672979e-05,-13.657699137697938,45.50563225292391,-424.67053,11926.488
248,09,-2.59650643648355e-05,-3.5717024329291456,50.26974016195536,-219.39842,8104.249
249,10,-2.1588807777500546e-05,5.981483147405809,48.24640764357326,24.062859,2160.5935
250,11,-1.3179962080519347e-05,12.654008286878799,52.50058610761298,238.14984,-3794.3325
251,12,-1.3700721242369786e-05,27.986750325848984,63.54783165261822,443.50153,-8065.6104
252,01,-6.553396535759588e-06,18.42038040095504,45.80448549491872,452.95547,-10219.843
253,02,-1.2230161100386137e-05,18.65321454909752,54.35344561065067,454.26688,-12807.407
254,03,-1.4517082142339604e-05,-0.5979741453765541,58.83941007500695,217.90453,-9458.947
255,04,-2.355722367422762e-05,-12.813957029554578,60.681698268123455,-114.271904,-2888.3052
256,05,-3.550879427684679e-05,-19.147158501081563,47.704144963514416,-325.86206,2901.8516
257,06,-3.750390542944741e-05,-27.016546727159287,42.780413097916714,-431.36316,8788.224
258,07,-3.168135436499142e-05,-21.668345875401656,51.88578506780696,-525.141,12819.133
259,08,-3.0941285219664524e-05,-19.063545700565466,39.65101154342005,-448.79242,13290.731
260,09,-2.4486756719630248e-05,-2.020394458007812,56.817002186003,-196.75745,8192.66
261,10,-2.1893689024856883e-05,11.235235126454343,57.40779917159772,88.649185,1735.4741
263,12,-1.1904006665214989e-05,20.81303864280127,63.79751548051194,502.95514,-11365.883
265,02,-9.421481274265325e-06,7.153048214503697,61.79020408172125,366.24274,-12707.213
266,03,-1.3063552253355424e-05,-6.242824222359606,58.59238742218351,119.305275,-9080.381
267,04,-2.4765318735565716e-05,-15.737299090576174,60.65160554169682,-83.14195,-2433.5576
268,05,-3.372209000100225e-05,-25.790908090242777,45.58359570831253,-306.8885,3692.8997
269,06,-3.303585196628976e-05,-31.827683939954966,48.06642211600013,-488.53943,8338.516
270,07,-3.6646507612448495e-05,-24.41304970722813,43.035889669943884,-533.2245,12981.223
271,08,-3.349079792080317e-05,-13.273838911159066,49.470468634774605,-410.9048,13142.99
272,09,-2.8629883362433853e-05,-3.361749937269423,60.89090815499625,-168.63966,8127.4985
273,10,-1.872843477780094e-05,15.499699002173642,52.0420637966638,23.028984,2209.8508
275,12,-9.904081011676856e-06,14.487402564920403,52.82181985401466,588.8517,-9467.818
278,03,-1.718439095667989e-05,-2.8514695644583754,52.573686629964456,31.256458,-8717.537
279,04,-2.4829810814864887e-05,-14.182246478949653,49.20558492463959,-97.44006,-1763.8269
280,05,-3.0134792006426703e-05,-17.31557953963741,52.31226475243542,-218.90771,2615.043
281,06,-3.5836119472898846e-05,-20.466573669433593,50.7506326838851,-432.11307,8073.868
282,07,-3.594073215623134e-05,-17.96138944137737,48.60045512300026,-487.77057,13486.084
284,09,-2.726855740998468e-05,-6.606480073716904,41.46046437310777,-171.75119,8683.626
286,11,-9.433203981300014e-06,10.082439758300783,57.335292302331666,331.00458,-6340.751
287,12,-9.155090198257839e-06,-0.601292420089886,52.83887711868107,546.30383,-11339.867
289,02,-9.213011075579354e-06,1.6289639434814458,40.65915042115535,361.81528,-12406.199
290,03,-1.4304734281419465e-05,-4.024482163624097,45.80751552796749,240.03458,-9087.47
293,06,-3.491794925367785e-05,-29.63445593295627,48.58540389312637,-409.05557,8055.2695
294,07,-3.637924248004731e-05,-25.786057973554062,44.12265574810709,-525.07263,13222.105
295,08,-3.1032737283929096e-05,-31.771135562691633,39.36124998163152,-379.92804,13110.939
296,09,-2.437035215904568e-05,-12.497950702243381,40.21523504180775,-169.70958,8954.349
297,10,-2.1305207502659715e-05,-2.352458050143333,49.86598729915773,72.452484,2271.7393
298,11,-8.746191556262298e-06,13.336127873399521,55.471923015075255,209.39757,-3022.087
299,12,-8.986315398414586e-06,16.75842543636855,56.42778465677845,478.2703,-8610.178
300,01,-8.992702947169514e-06,20.66453995308825,64.87525535803712,526.8252,-12585.598
301,02,-1.1818901434843997e-05,12.780648606925178,58.06078212638148,407.92926,-12071.105
302,03,-1.5225630396960167e-05,1.0669384965794064,50.376974003080406,156.37213,-6957.8086
303,04,-2.4217375733618005e-05,-11.611916856553819,59.49211039767795,-69.17679,-4005.856
305,06,-3.421590459786078e-05,-30.121984181382924,54.56608841220009,-414.08438,8641.373
309,10,-1.9737982986943505e-05,10.8786054316695,45.96995730125903,54.277084,2671.7173
312,01,-1.0532949036563073e-05,27.835473567839585,50.62756816835045,529.67993,-10867.258
313,02,-1.0796667724878803e-05,1.9850640389578682,54.967533898224424,479.27057,-11026.419
315,04,-2.402455134354872e-05,-12.38321820203993,55.9102142579476,-40.780807,-2426.541
316,05,-3.3327865934669755e-05,-23.83920729967343,52.369123788558014,-207.00482,2668.06
317,06,-3.715115132452208e-05,-30.632264646063906,50.84424858076307,-468.85654,8308.757
318,07,-3.409394384040644e-05,-23.561669685609886,47.80977541725482,-529.2068,13325.756
319,08,-3.320200081173924e-05,-14.21000237282374,41.28222914207624,-416.8267,12845.063
320,09,-2.545146969718593e-05,-6.704652192857532,39.75358392157654,-211.01437,9629.509
321,10,-1.7187334372416657e-05,10.538457600583316,41.694871458662455,68.54251,3508.5093
323,12,-9.12172876785682e-06,14.485518746324761,56.37181309181387,645.6989,-10115.918
324,01,-6.5253165958961526e-06,7.280853728591756,43.42763289413273,511.83893,-11528.904
325,02,-8.8568046297561e-06,4.634872235616048,55.29220876641359,333.11948,-11318.786
326,03,-1.3873502668170125e-05,-4.782673361173239,59.930227692120816,104.90734,-8646.887
327,04,-2.37631702343909e-05,-18.782449027506512,53.65862876264652,-108.85449,-2661.6777
328,05,-3.370682173148433e-05,-13.439136345319852,55.415879218805216,-239.4376,3651.9236
330,07,-3.3670624993676266e-05,-35.11209074615151,34.7803111832411,-514.6289,12949.33
331,08,-3.203818718891423e-05,-14.970106861073484,56.166526000266416,-458.48257,12880.238
332,09,-2.4569920312832332e-05,-1.9050392035590278,48.50952039943403,-195.36661,8780.05
333,10,-2.0357669840078775e-05,8.929626497002058,49.91160704086961,-10.492263,2203.313
334,11,-1.6638314112929544e-05,21.698549422539603,51.20864173750348,182.53766,-3421.6204
335,12,-1.1844671387852061e-05,21.158474252352146,51.61357204472506,458.59476,-9111.812
337,02,-9.635896793779033e-06,12.227102448962983,62.05461917357218,277.1407,-12594.259
340,05,-3.1186685044343005e-05,-23.42358186127037,55.67473245647261,-296.99722,3184.6064
341,06,-3.458860908376663e-05,-19.802041976589628,51.81401281598541,-464.44016,8721.525
342,07,-4.0491175616739144e-05,-14.380545316962786,51.51913973191349,-515.1006,11960.436
343,08,-3.430768915528969e-05,-11.902402343421853,46.669440629773256,-430.90845,12745.121
344,09,-2.677926907070085e-05,-2.246240928141275,48.58724766878287,-216.51492,9108.531
346,11,-1.4172945336880124e-05,15.984315191311307,55.0159122577058,279.59393,-4778.585
347,12,-9.103623443880553e-06,18.67049515623687,44.72693699303237,393.58957,-9070.802
349,02,-9.733829621899499e-06,11.488472740085646,43.235250111784055,491.768,-11780.954
350,03,-2.0140387961912898e-05,4.352542552004578,67.29393991330491,79.47418,-7498.7866
351,04,-2.446588194630345e-05,-15.287676639472116,50.48518859204715,-134.5658,-1677.6476
352,05,-3.326288808405293e-05,-18.37616691179173,46.32872357566895,-244.77847,2190.8955
353,06,-3.476253857051133e-05,-32.52892781643338,47.80475471985869,-482.46262,8934.76
354,07,-3.577182100015043e-05,-18.878891244211506,53.425692884929724,-544.6681,12822.58
357,10,-1.8222273044254205e-05,6.518695762716314,54.30898137165141,14.068619,3247.21
359,12,-6.623100362498576e-06,8.910789440196046,51.189781416840454,363.60022,-7742.5225
360,01,-6.219402897665034e-06,13.638463789416898,56.756673166043,491.6405,-11225.436
361,02,-6.55127283612057e-06,7.2258432279314295,62.426701213981424,238.74353,-10743.162
362,03,-1.4006747319585248e-05,0.15545269151913163,60.10794240493287,88.92461,-7163.625
363,04,-2.2896213735516033e-05,-13.763160278998479,44.90089633327524,-94.99849,-2875.4072
365,06,-3.4585202314802804e-05,-32.20444840494791,47.13420631794532,-384.91843,8001.8037
366,07,-3.995988693131167e-05,-23.939954596078525,46.67216465320125,-517.05005,11880.223
367,08,-3.326769469126164e-05,-18.63527480389995,42.41847231385144,-388.27838,12248.031
368,09,-2.396435872586961e-05,-8.675344586181641,43.626415080409586,-173.89429,8910.478
369,10,-1.8213049179844e-05,4.716025361748153,49.256211021474606,82.621475,1235.8711
370,11,-1.3997967538165946e-05,28.005924584282763,63.3120259418408,288.8289,-4026.0728
371,12,-8.896478755051119e-06,9.686923075029926,62.37685010996686,464.72284,-10779.955
372,01,-6.091251291421628e-06,2.9262350808420488,60.36061479552843,620.41895,-12027.902
373,02,-7.65345504045659e-06,5.717629487900508,61.53230691539674,438.24164,-12916.779
374,03,-1.4227020407356234e-05,-0.1344084672825314,56.345688745778084,211.29236,-8880.096
375,04,-2.4690822054900404e-05,-20.66956467929416,50.227940069592,2.1039371,-3198.6484
377,06,-3.182083758476639e-05,-35.711798379855686,43.71565713060168,-417.49963,9424.284
378,07,-3.4407490462771055e-05,-31.11366353779454,49.13440625845617,-511.5802,14071.438
379,08,-3.27152816781925e-05,-15.088779016966459,50.057286181364006,-420.04523,13801.72
380,09,-2.3803562745282155e-05,-1.7829848341200085,47.799041656389505,-157.92079,8388.391
381,10,-1.8914465963579488e-05,8.677334267236855,54.52403665949838,64.82921,1757.885
382,11,-1.1904203317903414e-05,4.708053307088217,64.34552551558414,147.2782,-3294.2847
383,12,-7.738160395268594e-06,4.967533013128466,56.59717789244652,313.7946,-8116.223
385,02,-7.274441715534998e-06,7.353929252261208,64.81677477946593,231.3325,-11384.148
390,07,-3.7348723895911946e-05,-18.427609645064162,51.34294977803511,-519.2787,13251.73
392,09,-2.5484862159343414e-05,2.648160398695204,48.54894579696125,-190.29106,8050.1455
393,10,-1.916051529891168e-05,8.726722329416583,41.10612051369683,34.33621,2782.038
394,11,-8.12447487300637e-06,7.208228931681314,45.10324230610001,201.04276,-4271.381
395,12,-1.2744765838047034e-05,29.389911852764826,62.27082245179138,511.91876,-8276.459
396,01,-9.557997748420493e-06,23.492998173539362,55.985124487241116,556.0707,-11764.922
398,03,-1.1845709033173812e-05,-9.130659757880753,42.53471919810516,146.07928,-8252.648
399,04,-2.412122515035865e-05,-15.116672309705946,65.52592149374486,-147.56902,-2529.9734
400,05,-3.2719707248821014e-05,-19.41600187732328,54.71462800888861,-272.99512,4398.518
401,06,-3.633841799156573e-05,-15.284035491265191,54.862410076340026,-468.38995,9041.969
402,07,-3.9630504535585143e-05,-18.105863085346844,55.33667580591222,-539.2068,13734.357
403,08,-3.664081436780238e-05,-14.530181596981583,48.63167088847007,-456.74072,13297.275
404,09,-2.780254297756781e-05,-4.337274759928387,47.643611919113,-212.5908,9565.07
405,10,-1.749340033099435e-05,6.576196681525118,62.883388684188155,60.026493,2427.0024
406,11,-9.782895505729057e-06,13.286790387301977,48.36725960095062,210.38571,-3667.1628
408,01,-7.079607454118081e-06,9.77005108642578,59.36599973937003,468.21783,-12136.944
409,02,-9.82560560788399e-06,1.2790957768758144,54.799641565576906,400.04205,-11238.441
410,03,-1.6003138249269338e-05,-14.11737674147083,62.83003596656937,81.1024,-8820.042
411,04,-2.0434202846445263e-05,-16.983018215264217,45.651346360141694,-77.2023,-2591.9258
412,05,-2.7662325821888435e-05,-23.158452428017892,56.92952051083376,-291.84088,4258.5205
413,06,-3.319209287441886e-05,-26.815010833062065,45.349666944320994,-438.19067,9253.603
414,07,-3.405638901301333e-05,-27.630988150319745,40.32137145659744,-580.72723,13307.184
415,08,-3.2683108437937644e-05,-17.84199171037572,39.46305893081491,-413.7566,12672.555
417,10,-1.765674730958508e-05,13.677036990258001,51.31546706972713,54.43737,3160.008
418,11,-1.2026654228591521e-05,13.685960133870443,60.59634180396663,190.68634,-2664.0796
419,12,-9.44601224512954e-06,28.97793200421077,55.46996279250422,396.90985,-8338.627
420,01,-8.580053124215514e-06,22.96357862870411,63.49304372530727,484.85318,-12840.663
421,02,-1.1990748406116751e-05,26.598223410470148,61.15281964255657,465.2237,-11539.758
422,03,-1.6731313326227373e-05,-1.3453218475669946,47.843510205716214,190.77109,-9056.708
424,05,-3.2321809314922687e-05,-17.350711201329386,63.11191008513332,-252.00507,4392.6875
425,06,-3.645346474101341e-05,-28.120134918891054,43.231891095406475,-418.21167,9387.151
426,07,-3.570791800838603e-05,-18.498887496784167,52.862582088247414,-523.87286,13039.871
427,08,-3.5946427165531874e-05,-15.756697428713563,51.75170243226714,-371.5065,13134.457
428,09,-2.0748739615697153e-05,-9.244409510294595,35.08465283191469,-174.77707,8466.367
429,10,-1.6616273676728237e-05,8.951883064844276,46.06859467966968,62.66148,2327.3315
430,11,-1.0089955154782932e-05,6.784489759657117,59.376273723493675,283.14148,-4768.923
431,12,-1.0581146033268115e-05,22.95546643394552,54.273882943514856,498.03058,-8279.895
432,01,-9.2527426375611e-06,26.340960131573418,62.63006211892765,503.1657,-10184.51
435,04,-2.4346638547669703e-05,-22.934988667466907,50.17846367060873,-58.58612,-2763.9111
436,05,-3.070366395367009e-05,-25.76910455847299,53.73915812349191,-261.51996,3123.3826
437,06,-3.477750818122634e-05,-31.860220404391814,46.7203716229452,-411.82687,9350.658
439,08,-3.326061218056918e-05,-12.586229408838417,52.3345120203854,-393.18646,13531.74
440,09,-2.5603061031688413e-05,-1.6679924726698132,46.654843129608366,-165.93787,9777.113
441,10,-1.3186316454061119e-05,-1.463842040031187,51.45971762442205,62.353325,2560.5107
442,11,-1.4898132296588707e-05,27.46974549831814,55.57987919455502,223.90756,-2295.5215
443,12,-8.385574634596725e-06,33.275967709449034,59.292129598577816,430.15796,-8126.245
444,01,-9.004527324929857e-06,20.359526514525058,60.00615774854665,656.4776,-12869.682
446,03,-1.4810545610421827e-05,-5.396197126162949,59.004922374092125,190.3421,-7839.2
448,05,-3.16294027814815e-05,-19.310568396455505,50.32535560724812,-268.80862,4074.003
449,06,-3.356170396635004e-05,-23.02242342732747,60.87640379265148,-422.10876,9885.277
450,07,-3.758493633006676e-05,-22.269790681900524,47.74635748879372,-546.36383,14213.78
451,08,-3.3272750999810424e-05,-17.014684508621052,43.397001161080546,-396.0325,14493.619
452,09,-2.4645985519115736e-05,-7.889081433783638,37.34792189491059,-207.01694,9726.363
453,10,-1.526362983537594e-05,-3.798430909843855,48.34944315867911,163.52359,1775.5029
454,11,-1.1750765303218536e-05,10.89123139716254,54.5964946256227,332.3921,-3810.9453
455,12,-4.447676278540448e-06,15.633635981405934,42.93341399640295,318.26547,-8580.937
456,01,-6.416161365773257e-06,12.223324068787278,48.97643718384928,444.97705,-10748.732
457,02,-8.18821650381367e-06,12.903916228158135,62.959067062718525,400.6933,-10811.195
458,03,-1.5800369091061108e-05,2.527072602630943,59.88884960889175,254.76865,-7287.851
460,05,-2.9667726341906155e-05,-25.198657173730993,56.839670298081565,-233.17055,3408.6138
461,06,-3.566179110415154e-05,-31.36642959594727,52.944568701901716,-400.22632,8256.625
462,07,-3.888270218750779e-05,-23.176640851420746,56.14024401203919,-524.38434,13433.669
463,08,-3.333480648354688e-05,-12.395997953681537,44.035043613662005,-370.33444,13457.611
464,09,-2.5415033401845397e-05,-5.530321179199219,52.86381167994076,-208.3934,8907.957
465,10,-2.0550294828412475e-05,15.281469091599986,50.30405073937036,43.528866,3241.5688
467,12,-7.748080553331723e-06,20.40142875687794,63.311030514205655,492.86356,-8144.3613
468,01,-8.493993727101315e-06,23.796599253992884,55.116003269850566,541.61566,-10330.106
470,03,-1.3339704251535219e-05,-6.768148279333628,63.03257818707726,45.282402,-6897.8247
471,04,-2.4140652476206825e-05,-8.481860700141059,60.03202422682047,-18.704052,-2924.9155
472,05,-3.631899526441482e-05,-17.44638056798135,47.40056218499266,-253.91876,4247.474
476,09,-2.7110998255941223e-05,-4.088550005425346,48.59134079140956,-160.51488,9763.346
477,10,-1.717439320385384e-05,2.0582064438686585,44.893768001867876,109.13873,2768.3943
478,11,-1.049799736220949e-05,11.533768935139973,58.11769115721252,301.81958,-4001.2676
479,12,-7.425197422547768e-06,21.47761040308142,53.53903508252609,553.5676,-8723.443
480,01,-8.170035396257738e-06,18.813249751593478,61.34680531404607,505.1149,-11645.154
481,02,-8.232899953890454e-06,13.675333238874163,51.283400613031226,338.94525,-10591.682
482,03,-1.7898125718357898e-05,7.876527682396675,54.192069970153995,162.32971,-8382.906
483,04,-2.786484313502215e-05,-15.88577495863173,41.53150874974462,-33.94641,-3547.5835
485,06,-3.9525050331051005e-05,-23.208365014648436,47.86380608810849,-436.84998,9511.59
486,07,-3.625940142692049e-05,-31.74150496025496,48.734570516079984,-513.3906,13042.151
487,08,-3.404563471354698e-05,-17.337182702177312,41.57153246440298,-421.84296,13279.259
488,09,-2.6543087166161665e-05,-4.24653964674208,45.73786681658825,-208.12074,9453.941
489,10,-1.8569231195137014e-05,10.235854191605762,54.45598049366731,38.95794,4034.6792
490,11,-1.0039879183467646e-05,10.335369747924807,64.20363267016013,340.12445,-3561.7295
491,12,-8.260583359534854e-06,25.078029959073632,56.60606037604423,410.89258,-8712.17
492,01,-6.012859741277161e-06,22.106840989635838,48.67357203781476,401.8406,-9727.765
493,02,-1.5386156723984276e-05,31.748662168305497,64.97568837541958,364.39154,-9811.155
494,03,-1.9840231885472768e-05,-1.8349693298339842,46.56073982853019,34.936996,-5265.0996
495,04,-2.7043378228700023e-05,-24.0670989525689,35.17819720014996,23.025917,-2544.4272
496,05,-2.995519203009721e-05,-45.04488896819084,46.51938461271666,-196.90172,3339.3213
497,06,-3.546342912159163e-05,-30.903872137790252,54.092656515480414,-434.5776,9589.316
498,07,-3.552329937512147e-05,-24.55973527871409,49.31133174363516,-481.77023,13845.543
499,08,-3.48960954878191e-05,-17.491402352609946,46.845165995435046,-422.96387,12720.828
500,09,-2.4679065476549213e-05,-6.537764871215822,41.4254565234277,-180.20702,9929.504
501,10,-1.848353834580477e-05,14.114419966174706,59.132486595437086,66.41608,3831.4968
502,11,-1.0186800306089735e-05,15.631692754109702,47.969248177954896,299.3709,-2176.9963
503,12,-6.893300624729055e-06,15.732371215492165,60.65007041392917,556.91486,-9342.746
504,01,-7.860778656987515e-06,14.34612370152627,66.80461903254064,521.5012,-11184.094
505,02,-9.005972841740524e-06,9.622026147751583,54.51137783175566,325.867,-10642.889
506,03,-1.5948935392546162e-05,-0.9029574194467195,53.47545231677126,33.465515,-5868.736
508,05,-3.230829694098981e-05,-22.4746828918457,60.26473778712485,-234.71417,3547.1934
509,06,-3.7502937650666964e-05,-26.38411481492784,47.88007799596918,-390.96423,10193.77
510,07,-3.6336240956178925e-05,-19.074829963273896,48.14752719921964,-536.4376,14964.329
511,08,-3.444879628501263e-05,-12.903870650096605,45.419211714576655,-387.04004,14122.917
512,09,-2.3354238802332672e-05,-7.743464881388346,41.71682162190013,-222.12756,9542.869
513,10,-1.864643046111826e-05,14.62936670381279,46.729617401201246,116.96213,4093.9294
514,11,-1.0072340758698473e-05,9.36498726196289,49.88987413275507,232.93759,-3081.5403
