,month,MER,MSSHF,RH,SCA,ENSO
0,01,-7.186377549426466e-06,5.464709561255669,62.6901256937955,0.53,0.47
1,02,-7.399999772068052e-06,2.729709174746558,52.295623941567676,0.19,0.26
2,03,-1.408509512223264e-05,7.08405715679866,62.090667984242096,0.75,-0.08
3,04,-2.191347909663616e-05,-15.59233038906521,62.41300571294825,0.22,0.2
4,05,-2.839083756912113e-05,-16.16055940262989,64.02205650719006,-0.38,0.27
5,06,-3.330413338050373e-05,-22.16353809509278,52.028707694198026,0.19,-0.15
6,07,-3.0671342559486147e-05,-22.637875941122733,53.00265082314577,-1.45,-0.14
7,08,-2.8487004876296853e-05,-12.56110269165039,50.14281140049425,0.38,0.44
8,09,-2.3132900744369383e-05,-4.023202255249023,42.3501046719922,-1.41,0.38
9,10,-1.6345863611966567e-05,2.642213581372333,56.92965585534547,1.26,0.24
10,11,-1.1569333000928361e-05,13.890767045423724,49.679388139549886,-0.15,0.52
11,12,-1.207531024335357e-05,24.691616260159407,64.98245628347064,0.35,0.65
14,03,-1.4070489600584629e-05,-6.186828353717764,55.02083505403355,1.27,0.41
16,05,-2.9285246377967465e-05,-30.998830406271004,47.47244699586335,0.68,0.55
18,07,-3.1905643976779664e-05,-14.025872309859079,48.67037434149174,0.63,0.62
19,08,-3.1051088017916934e-05,-11.540256553403795,47.008779259716306,-1.35,0.15
20,09,-2.365392635981859e-05,-3.0327022542317708,42.946886476458445,-0.14,0.2
21,10,-2.1172643707369163e-05,7.590982919672484,58.4636376896443,-1.17,0.09
22,11,-1.4279194747299093e-05,14.235161112806532,54.54851769668525,-0.4,-0.03
23,12,-7.873070872231058e-06,26.063403682913826,61.380955716897084,-1.51,-0.06
25,02,-8.991757432514056e-06,2.888394768487839,50.11619150138895,0.59,-0.24
26,03,-1.2076194787720939e-05,11.89821663673975,73.37905685201383,-0.87,0.33
27,04,-2.2320882245185202e-05,-19.334173597547743,50.02077896680037,-1.34,0.41
28,05,-3.0310256707952082e-05,-17.47440350473055,59.34436809112436,1.42,-0.27
29,06,-3.0904296795920855e-05,-15.787571440294057,51.69619375912348,-1.07,-0.6
31,08,-2.8741253340065727e-05,-19.03508228654759,42.77699926753197,-0.05,-0.31
32,09,-2.269007780640903e-05,-3.5648343312581385,46.85175361700852,-0.06,-0.01
33,10,-2.174942796122078e-05,9.781940688922843,60.93410625634399,-1.35,-0.1
35,12,-7.687594037497059e-06,8.885675470167591,67.75924336626196,-0.47,-0.16
36,01,-5.276928763964617e-06,11.574925520045783,58.01885871766587,-0.77,-0.38
38,03,-1.6001877676116956e-05,1.792558938959594,55.95160838729334,0.72,-0.28
39,04,-2.3437909088230905e-05,-21.874123499891493,46.11000325809585,-1.57,-0.34
40,05,-2.9170486620455693e-05,-20.4214844770534,47.92201473479629,-0.86,-0.03
42,07,-3.416977696542745e-05,-21.999847670688425,39.2781192299025,0.39,1.79
43,08,-3.1963929242763654e-05,-15.790871219429917,46.55304641459066,-0.5,2.02
45,10,-1.6551261839878706e-05,3.491510892150223,54.79260846710333,1.47,1.93
46,11,-1.519573135911843e-05,20.401449884033198,56.70156626680825,0.21,2.28
47,12,-1.0313162028783104e-05,17.753608460457098,55.75187243828721,-0.28,2.48
48,01,-1.1369238679367056e-05,31.70380508160335,51.86229076744793,-1.33,2.57
50,03,-1.3839232150540515e-05,-0.5926843497983868,57.115805566785156,-0.52,2.68
51,04,-2.090864053300013e-05,-10.60586452026367,65.75529212030038,1.24,2.79
52,05,-2.6606813441591635e-05,-11.409518621957432,66.050863289825,1.48,2.89
53,06,-3.6603149109497395e-05,-25.008415187242296,46.266101067479454,-0.55,2.02
54,07,-3.282222612492611e-05,-33.091220865229126,44.1499227373741,0.74,0.75
55,08,-2.6941880611302234e-05,-27.08358682743196,31.77761535606461,-0.44,-0.11
59,12,-8.522425015388596e-06,21.808005747805364,57.410435429080856,-1.87,-0.43
60,01,-1.1848107099418698e-05,28.771229348787696,56.9102486772409,-0.46,-0.5
61,02,-9.682757584759485e-06,6.4267875001403105,47.08914505602986,1.31,-0.52
62,03,-1.3818876191033916e-05,-6.2181760956138685,56.610379949503034,1.46,-0.11
63,04,-2.3066575134180317e-05,-21.124448284233942,53.13685258980724,1.51,0.09
64,05,-2.301351515928619e-05,-21.276121071107926,61.30564291210714,0.98,-0.47
65,06,-3.0384449369921637e-05,-25.249517172580298,53.14751710217263,0.03,-0.72
67,08,-2.8069958612225798e-05,-17.017802792784988,42.472240740586344,1.24,-0.15
69,10,-1.5594664512004833e-05,12.420039781796033,52.5519555827328,-0.3,-0.15
71,12,-7.343828446024142e-06,12.754345215500043,59.86620702467682,2.84,-0.31
73,02,-7.646551471441942e-06,-7.170963860648018,49.17462651499538,-0.2,-0.58
75,04,-2.3272295822324753e-05,-10.486857863362628,59.37646033687326,-0.88,-0.76
77,06,-3.090711121482552e-05,-17.990251360066733,61.34983533646531,0.11,-0.57
79,08,-3.3271033724499884e-05,-4.3656862228557625,49.79625837316948,0.25,-0.37
82,11,-1.5779393952086846e-05,2.730464919026692,53.6031213278585,0.06,0.0
83,12,-6.748697063030508e-06,22.216181771555252,62.92255071562849,0.06,-0.34
84,01,-1.0488508364736625e-05,25.802121266682942,67.17732922877546,0.16,-0.36
85,02,-9.105866422227595e-06,-15.737989101954868,41.279925076501705,0.94,-0.3
86,03,-1.09558865346488e-05,2.199697240357758,53.96111336709735,1.15,-0.39
87,04,-1.9242588071877733e-05,-14.953707265557181,61.57429541588492,0.39,-0.52
88,05,-3.1224375424332516e-05,-18.680161248648037,54.14751819698144,0.14,-0.18
89,06,-3.5890827366468634e-05,-24.274000357055662,43.53411597645681,1.4,0.12
92,09,-2.1116000810717296e-05,-5.870355172729491,52.886519872754164,-2.04,1.31
93,10,-1.7202233669146365e-05,6.4104873591597356,48.62927366667281,-1.69,0.57
94,11,-1.2770530823662637e-05,20.62896745435927,57.76803370095226,0.15,0.65
95,12,-1.128779906788603e-05,28.043287035542146,58.52688881322774,0.49,1.06
96,01,-8.849628261046861e-06,-8.473066081057311,52.03738375666833,0.18,0.98
97,02,-5.771432554432804e-06,6.824847212655203,67.52644709656069,-0.52,1.08
98,03,-1.3287096029671374e-05,-5.803373095440609,55.151999684815046,1.03,1.47
99,04,-2.2575659647211267e-05,-11.442104777696397,52.015024873095086,0.66,1.66
100,05,-2.791426425801057e-05,-28.103053294192083,60.924986691195485,-1.4,1.91
101,06,-2.8837502824555686e-05,-20.989433822292757,61.5306473079814,0.32,2.02
102,07,-3.379324687933062e-05,-20.07741719498173,55.40260847481861,-0.97,1.92
103,08,-3.0242934917310693e-05,-13.572054321945357,50.633880177582476,-1.65,1.48
104,09,-2.5696148892024614e-05,-3.969099077690972,51.22118268649578,-1.01,1.23
106,11,-1.2423982501220758e-05,8.69252590874566,58.77474638277293,0.36,0.85
107,12,-5.659096497726741e-06,10.619382738339004,50.16868590621025,-1.38,0.75
108,01,-9.400724827868036e-06,23.76198229324177,64.8158600401199,0.72,0.59
109,02,-1.553154618433063e-05,17.196350676788683,61.10995617006565,0.6,0.31
110,03,-1.4791143874625109e-05,4.141464673442225,71.63935923557511,0.49,0.19
111,04,-2.4692344382775542e-05,-22.74501348402235,55.09817502149212,-0.96,-0.01
114,07,-3.385038605679304e-05,-9.511822006717805,59.07058047961163,0.81,-1.77
115,08,-3.211179117533902e-05,-13.866469908683532,47.473473327189375,-0.19,-1.79
116,09,-2.5435363158006416e-05,2.907980506727431,49.177534459747214,-1.08,-1.77
118,11,-1.0307503538792339e-05,7.8851572241889105,46.36847800110711,-1.75,-1.61
119,12,-7.866494279115095e-06,20.208327730240367,52.71666673100892,-1.98,-1.49
120,01,-5.490775168401608e-06,12.580168148245866,46.32122026583841,-0.31,-1.09
121,02,-1.1993180484209699e-05,15.243881237211681,52.799659086113884,-1.14,-1.06
122,03,-1.7582771425163286e-05,5.919001820882161,61.97907953674307,-0.62,-1.2
124,05,-3.2913617601255e-05,-32.404015432706444,43.15242019264416,-1.85,-1.04
125,06,-3.3498540398290464e-05,-35.047065074327264,55.710710440916486,0.78,-1.02
126,07,-3.3625666249610085e-05,-27.510599928661055,42.19065745926929,0.2,-1.12
127,08,-3.0036708770112647e-05,-17.0266568734774,43.458151734339296,0.21,-0.73
128,09,-2.1827326350689368e-05,-6.781363076782227,44.02462579022247,0.59,-0.61
129,10,-1.9913688146604526e-05,14.103063629806684,48.60193847477949,-0.65,-0.56
130,11,-1.311930024130561e-05,7.912713109334308,43.72629240063826,0.89,-0.33
133,02,-1.709957590030951e-05,31.83555304718018,59.52337883048256,-1.68,0.43
134,03,-1.7018775953137494e-05,2.372058311872584,47.98838851665681,-1.97,0.61
136,05,-3.125298669270236e-05,-34.3688931694441,36.06377147361027,0.74,0.03
137,06,-3.068480971400681e-05,-23.63770078192817,52.16888050745726,0.03,0.04
139,08,-2.897321149455781e-05,-28.290339532667595,47.590817581110095,-0.15,0.06
140,09,-2.7407515947157255e-05,-3.6402964202880854,48.108384553693405,-0.21,0.21
141,10,-1.8407037761653066e-05,10.48773665069252,49.92561818830045,1.22,-0.06
142,11,-1.0645134954231454e-05,8.876481322224937,54.38112868225972,-0.08,0.12
144,01,-9.804670876438911e-06,24.167181801416536,38.86062395377826,0.0,0.16
145,02,-6.996622216688376e-06,0.507544446309408,46.996895068120395,1.72,0.08
146,03,-1.2629808311264428e-05,-0.5304674036169569,53.76618897918476,0.92,0.21
147,04,-2.5889148811054637e-05,-18.50936585184733,50.20018549894757,-0.86,0.21
148,05,-2.5811937759284265e-05,-33.066711107479634,47.67298183366304,-1.53,0.35
150,07,-3.606362330103894e-05,-12.26554677852508,46.37869990175771,-0.51,0.88
151,08,-2.9805839779475068e-05,-22.79464663072811,38.70661156831249,-0.28,0.42
152,09,-2.1833397036001162e-05,-8.548686426798504,39.4321560544822,-1.37,0.62
153,10,-2.004618059737534e-05,2.17344532234438,45.307421456006274,0.18,1.09
156,01,-5.988280283046514e-06,9.900324605634134,41.55076964045469,-0.02,1.7
157,02,-7.568776633878318e-06,10.513905402874128,42.596786469010105,-0.03,1.59
158,03,-1.6743815379482177e-05,3.675611719931326,56.535387553599556,0.41,1.72
159,04,-2.3724830210206465e-05,-12.979907084147134,60.15185276207658,0.32,1.98
160,05,-3.502280750303383e-05,-18.415903687507882,37.98684394011575,-0.67,1.69
161,06,-3.339920427913765e-05,-25.873405965508358,43.36981476617124,2.34,1.58
162,07,-3.3542465003026134e-05,-26.574038988010855,46.61348771423679,-1.03,0.76
163,08,-3.290884278264643e-05,-13.404264240552024,52.83446418771308,-1.24,0.08
164,09,-2.5466491539959356e-05,-1.4094354346381297,48.6797681992597,1.59,0.5
165,10,-1.9484351597922247e-05,1.9587082073252686,58.379234332862715,-0.08,0.81
166,11,-1.321692710625939e-05,23.694389510769323,50.96693710040848,-0.73,0.73
167,12,-8.425528942156701e-06,11.411874493342573,45.69198678764476,-0.18,0.78
168,01,-9.715480358609446e-06,34.39173987899288,57.42208674485646,-1.29,0.83
169,02,-8.449411843078754e-06,-1.1622854381742926,41.2482318814184,0.06,0.93
170,03,-1.4966802825774622e-05,-6.011914413616221,42.24266758934657,-0.1,0.78
171,04,-2.191761210872048e-05,-4.539731902737087,59.59964808656376,0.59,0.98
172,05,-3.0932743489659034e-05,-26.541132331437964,51.168041845343446,1.49,1.48
173,06,-3.281592492067931e-05,-24.277929318237305,46.836056776909025,-0.48,1.5
174,07,-3.3366269429406925e-05,-23.52127023184171,53.23872095220833,-0.18,0.91
175,08,-3.234485571499712e-05,-11.285276480397874,49.79429166342623,-0.63,0.62
178,11,-1.1587640056374466e-05,-1.8295716874864363,52.225245416957804,1.9,0.7
180,01,-8.814763398506955e-06,28.086010490499522,59.814965074129006,-0.24,0.02
181,02,-9.681430163471391e-06,-2.9269207930791947,54.97462990093799,1.25,-0.17
182,03,-1.5868986940443404e-05,12.424105568506382,56.25959003628518,-0.72,-0.21
185,06,-3.390126228795352e-05,-22.424498955281575,49.86442946763436,-1.54,0.25
186,07,-3.466171150601792e-05,-32.442688338413035,36.16844127948567,0.6,0.88
187,08,-3.527003988845888e-05,-15.806742182249662,41.714041907468136,0.5,0.84
188,09,-2.649383951805552e-05,-2.2674784339057075,50.77799905458556,-0.02,1.06
189,10,-1.8016295581522476e-05,4.47270425086893,52.33998963107474,-1.33,1.47
190,11,-8.92097842036795e-06,12.752254605102538,55.27824593100681,-0.53,0.99
192,01,-1.2804497735976505e-05,25.385474410518523,57.77612080058489,-0.09,0.77
193,02,-1.271823695051786e-05,20.178666164579848,60.9734689490412,-2.08,0.48
194,03,-2.219248033328259e-05,-0.5256330294045062,56.57506640008187,-0.32,0.14
195,04,-2.3056703787511248e-05,-15.611610607231992,48.9374839578549,-0.98,0.18
196,05,-3.3250014936618425e-05,-29.631465932538433,52.844916530618114,-0.35,0.16
198,07,-3.591561413959817e-05,-25.92438248894804,39.340810654867084,-0.36,-0.25
199,08,-3.331847033315239e-05,-31.29434137422295,33.68999910253863,0.06,-0.65
200,09,-2.6222378082234683e-05,-4.395296908230251,54.09243484116659,0.22,-0.86
201,10,-1.4566836962311297e-05,5.514771194293934,41.310020164710224,0.69,-0.65
202,11,-1.3042386322538529e-05,9.068964893934462,58.53600206141338,-0.25,-0.67
204,01,-7.460320452180465e-06,-0.4728464959257379,45.67560021059616,2.86,-0.83
205,02,-7.544903639281147e-06,5.38362545916678,55.18347650017959,-0.22,-0.81
207,04,-2.0502408365953464e-05,-21.604367342122394,58.54018084150156,1.24,-0.69
209,06,-2.8253365109311642e-05,-38.732165323215064,41.61192797080808,-0.33,-0.9
210,07,-3.142641031134248e-05,-27.054918192217425,49.82263012584947,-1.59,-0.76
212,09,-2.534073391895315e-05,-7.00570699428982,43.673043699496326,1.03,-0.26
213,10,-1.7171301486478214e-05,8.106230379494288,51.02844809201841,0.4,-0.31
214,11,-1.4551765714713837e-05,14.46901237657335,58.72207561985916,0.01,-0.3
216,01,-3.583592048936e-06,-1.2817189340899076,35.36421269791357,0.07,-0.66
218,03,-1.2413017713795421e-05,-3.0697627356744577,49.8996438915832,-1.33,-0.29
219,04,-2.201332183204714e-05,-17.60772253417969,50.15108422283994,-2.44,0.17
222,07,-3.376502295814329e-05,-20.43258258581674,48.29218798171063,2.61,2.11
223,08,-3.064838395117496e-05,-15.397676236060358,39.11490551742816,1.18,2.2
224,09,-2.7053925191669103e-05,-10.968042353990342,40.873450344501606,-1.42,2.17
225,10,-2.0736059433235615e-05,1.8364669255082322,46.07108195983722,-2.17,2.01
226,11,-1.1372840429430654e-05,5.54297788119846,52.451002673839106,1.42,2.06
227,12,-9.893875752236308e-06,16.98351939342868,60.12797338394067,0.61,2.03
228,01,-1.1099072907757458e-05,24.386054642872143,54.87726956107148,0.59,2.23
229,02,-7.893391973560764e-06,12.879144769577753,54.623768248409036,-0.56,2.43
230,03,-1.582076560769428e-05,4.910139277304372,64.38913835901599,-0.05,2.27
231,04,-2.2395207648413717e-05,-10.670934447903104,67.35853829729425,0.54,2.55
232,05,-3.182257207745645e-05,-20.036693252071256,51.31070372274871,0.25,2.26
233,06,-3.4082233544055876e-05,-13.138249787733287,60.09514157660935,-1.02,0.37
235,08,-3.4686337675251e-05,-19.754633603331865,40.27667498864153,-2.19,-1.74
236,09,-2.4247977624205914e-05,0.3736279635959201,55.41774919654528,1.41,-1.31
237,10,-2.3367591303340108e-05,14.50471792602539,57.49670259841796,-0.49,-1.21
238,11,-1.186565926222506e-05,4.6568576497395835,50.09492808050447,-0.37,-1.3
239,12,-8.802920268002493e-06,22.454611907630838,51.308709990082264,-0.95,-1.25
240,01,-9.430198710966792e-06,24.63400003675235,61.44896206574927,-0.01,-1.26
242,03,-1.3397230129969535e-05,-0.9194605676794566,60.6708199271861,1.68,-1.11
244,05,-3.422614240797327e-05,-20.88572949317194,50.723297991629586,-1.28,-1.36
245,06,-3.759346314859108e-05,-24.964019442409946,49.104056137108806,0.49,-1.26
246,07,-3.775679561435789e-05,-20.12216363230059,34.70881050790896,-0.01,-1.19
247,08,-3.318467006672979e-05,-13.657699137697938,45.50563225292391,-0.39,-1.07
248,09,-2.59650643648355e-05,-3.5717024329291456,50.26974016195536,1.24,-1.17
250,11,-1.3179962080519347e-05,12.654008286878799,52.50058610761298,-0.39,-1.33
251,12,-1.3700721242369786e-05,27.986750325848984,63.54783165261822,-0.34,-1.43
252,01,-6.553396535759588e-06,18.42038040095504,45.80448549491872,-1.02,-1.26
253,02,-1.2230161100386137e-05,18.65321454909752,54.35344561065067,-1.16,-1.27
254,03,-1.4517082142339604e-05,-0.5979741453765541,58.83941007500695,-0.92,-1.36
255,04,-2.355722367422762e-05,-12.813957029554578,60.681698268123455,0.34,-0.93
256,05,-3.550879427684679e-05,-19.147158501081563,47.704144963514416,0.27,-0.97
259,08,-3.0941285219664524e-05,-19.063545700565466,39.65101154342005,-0.11,-0.08
260,09,-2.4486756719630248e-05,-2.020394458007812,56.817002186003,1.42,-0.36
261,10,-2.1893689024856883e-05,11.235235126454343,57.40779917159772,1.07,-0.55
263,12,-1.1904006665214989e-05,20.81303864280127,63.79751548051194,0.94,-0.8
264,01,-6.723928980547147e-06,14.384707934964087,53.25762820807451,1.45,-0.82
265,02,-9.421481274265325e-06,7.153048214503697,61.79020408172125,-0.07,-0.87
267,04,-2.4765318735565716e-05,-15.737299090576174,60.65160554169682,-0.52,-0.61
268,05,-3.372209000100225e-05,-25.790908090242777,45.58359570831253,-0.73,-0.58
269,06,-3.303585196628976e-05,-31.827683939954966,48.06642211600013,-0.58,-0.71
270,07,-3.6646507612448495e-05,-24.41304970722813,43.035889669943884,0.57,-0.02
273,10,-1.872843477780094e-05,15.499699002173642,52.0420637966638,1.32,-0.25
274,11,-1.4045017091525046e-05,9.019137569173179,50.75557469189433,-2.06,-0.32
275,12,-9.904081011676856e-06,14.487402564920403,52.82181985401466,0.68,0.02
276,01,-6.60295483731882e-06,23.604068570044735,51.65779350411636,-0.7,0.07
277,02,-1.6342577849974034e-05,27.257544948032923,61.67323920420096,-1.61,-0.26
278,03,-1.718439095667989e-05,-2.8514695644583754,52.573686629964456,-0.39,-0.2
279,04,-2.4829810814864887e-05,-14.182246478949653,49.20558492463959,0.94,-0.36
281,06,-3.5836119472898846e-05,-20.466573669433593,50.7506326838851,-0.43,0.4
282,07,-3.594073215623134e-05,-17.96138944137737,48.60045512300026,0.2,0.42
284,09,-2.726855740998468e-05,-6.606480073716904,41.46046437310777,0.88,0.84
285,10,-2.2813934475604865e-05,5.003235001430717,55.25826176021304,0.06,0.79
286,11,-9.433203981300014e-06,10.082439758300783,57.335292302331666,0.8,0.76
287,12,-9.155090198257839e-06,-0.601292420089886,52.83887711868107,0.96,0.86
289,02,-9.213011075579354e-06,1.6289639434814458,40.65915042115535,1.55,0.62
290,03,-1.4304734281419465e-05,-4.024482163624097,45.80751552796749,-0.36,0.53
291,04,-2.383696288773839e-05,-17.2942943037245,47.44735419490735,0.9,-0.08
292,05,-3.0977665722578726e-05,-19.48317038226384,57.695412786129985,-0.67,-0.57
293,06,-3.491794925367785e-05,-29.63445593295627,48.58540389312637,-0.77,-0.07
294,07,-3.637924248004731e-05,-25.786057973554062,44.12265574810709,1.01,0.01
296,09,-2.437035215904568e-05,-12.497950702243381,40.21523504180775,-0.13,0.14
297,10,-2.1305207502659715e-05,-2.352458050143333,49.86598729915773,-0.62,0.26
298,11,-8.746191556262298e-06,13.336127873399521,55.471923015075255,1.51,0.29
299,12,-8.986315398414586e-06,16.75842543636855,56.42778465677845,-0.94,0.1
300,01,-8.992702947169514e-06,20.66453995308825,64.87525535803712,-0.25,0.16
301,02,-1.1818901434843997e-05,12.780648606925178,58.06078212638148,-0.14,-0.04
302,03,-1.5225630396960167e-05,1.0669384965794064,50.376974003080406,1.12,-0.44
303,04,-2.4217375733618005e-05,-11.611916856553819,59.49211039767795,1.04,-0.23
304,05,-2.847669872224737e-05,-31.81054322043798,50.857990436966695,-1.53,-0.44
306,07,-3.5823426863228845e-05,-21.040274605699764,48.61712288511441,-0.5,0.43
307,08,-3.442271008691844e-05,-10.630728795861687,53.4802156332962,0.55,0.74
308,09,-3.09724094837697e-05,1.3779368174235027,41.60773183429904,-0.21,0.54
309,10,-1.9737982986943505e-05,10.8786054316695,45.96995730125903,0.55,0.34
310,11,-1.219442167142309e-05,8.63346869269477,52.650442458646836,-0.97,0.51
314,03,-1.2645556585016247e-05,2.2825399281491516,62.992716266741034,-0.69,0.82
316,05,-3.3327865934669755e-05,-23.83920729967343,52.369123788558014,-1.49,0.18
317,06,-3.715115132452208e-05,-30.632264646063906,50.84424858076307,-0.44,0.2
319,08,-3.320200081173924e-05,-14.21000237282374,41.28222914207624,0.0,-0.01
320,09,-2.545146969718593e-05,-6.704652192857532,39.75358392157654,-0.5,-0.05
321,10,-1.7187334372416657e-05,10.538457600583316,41.694871458662455,0.48,-0.71
322,11,-1.4535249143672345e-05,9.326381112670902,61.63253474075529,0.49,-0.75
323,12,-9.12172876785682e-06,14.485518746324761,56.37181309181387,0.94,-0.73
325,02,-8.8568046297561e-06,4.634872235616048,55.29220876641359,0.12,-0.5
329,06,-3.4785863751151034e-05,-27.11431088460287,44.96967633606062,-0.11,-0.23
330,07,-3.3670624993676266e-05,-35.11209074615151,34.7803111832411,-0.66,0.11
332,09,-2.4569920312832332e-05,-1.9050392035590278,48.50952039943403,0.45,0.63
334,11,-1.6638314112929544e-05,21.698549422539603,51.20864173750348,-0.45,0.9
335,12,-1.1844671387852061e-05,21.158474252352146,51.61357204472506,-0.04,0.59
336,01,-1.3167410284109127e-05,32.71415653975292,54.798027210791915,-2.33,0.62
337,02,-9.635896793779033e-06,12.227102448962983,62.05461917357218,0.54,0.39
339,04,-2.5420359923575438e-05,-23.728481532796227,35.425640993569964,-1.32,-0.36
340,05,-3.1186685044343005e-05,-23.42358186127037,55.67473245647261,0.42,-0.44
341,06,-3.458860908376663e-05,-19.802041976589628,51.81401281598541,1.05,-0.86
342,07,-4.0491175616739144e-05,-14.380545316962786,51.51913973191349,-0.2,-0.77
343,08,-3.430768915528969e-05,-11.902402343421853,46.669440629773256,-0.13,-0.93
345,10,-1.4836711174446523e-05,-1.5530790907336818,46.4751422240952,-0.16,-1.14
346,11,-1.4172945336880124e-05,15.984315191311307,55.0159122577058,-0.81,-1.13
347,12,-9.103623443880553e-06,18.67049515623687,44.72693699303237,0.43,-1.22
348,01,-9.98381483742544e-06,30.50790186531313,59.32570013750177,0.46,-1.08
350,03,-2.0140387961912898e-05,4.352542552004578,67.29393991330491,-1.76,-1.54
352,05,-3.326288808405293e-05,-18.37616691179173,46.32872357566895,0.53,-0.98
353,06,-3.476253857051133e-05,-32.52892781643338,47.80475471985869,-0.15,-0.86
354,07,-3.577182100015043e-05,-18.878891244211506,53.425692884929724,1.33,-0.87
355,08,-3.3834556450724496e-05,-9.036356891591062,49.02626591384924,-0.28,-1.08
357,10,-1.8222273044254205e-05,6.518695762716314,54.30898137165141,-0.97,-1.12
358,11,-1.2143508331428165e-05,12.723418456013999,55.05112889809742,-0.71,-1.05
359,12,-6.623100362498576e-06,8.910789440196046,51.189781416840454,0.38,-1.05
360,01,-6.219402897665034e-06,13.638463789416898,56.756673166043,0.06,-1.01
361,02,-6.55127283612057e-06,7.2258432279314295,62.426701213981424,0.53,-0.85
362,03,-1.4006747319585248e-05,0.15545269151913163,60.10794240493287,-0.51,-0.94
363,04,-2.2896213735516033e-05,-13.763160278998479,44.90089633327524,-0.12,-0.81
364,05,-3.152253704363203e-05,-24.89160391596312,50.72287625494953,0.38,-0.72
365,06,-3.4585202314802804e-05,-32.20444840494791,47.13420631794532,0.27,-0.06
366,07,-3.995988693131167e-05,-23.939954596078525,46.67216465320125,-1.13,0.49
367,08,-3.326769469126164e-05,-18.63527480389995,42.41847231385144,-0.21,0.52
368,09,-2.396435872586961e-05,-8.675344586181641,43.626415080409586,-0.8,0.39
369,10,-1.8213049179844e-05,4.716025361748153,49.256211021474606,-0.74,0.56
371,12,-8.896478755051119e-06,9.686923075029926,62.37685010996686,0.86,0.96
372,01,-6.091251291421628e-06,2.9262350808420488,60.36061479552843,1.23,0.93
373,02,-7.65345504045659e-06,5.717629487900508,61.53230691539674,1.04,1.28
374,03,-1.4227020407356234e-05,-0.1344084672825314,56.345688745778084,-0.4,1.31
375,04,-2.4690822054900404e-05,-20.66956467929416,50.227940069592,-0.33,0.49
377,06,-3.182083758476639e-05,-35.711798379855686,43.71565713060168,-0.55,-1.33
378,07,-3.4407490462771055e-05,-31.11366353779454,49.13440625845617,0.79,-2.43
379,08,-3.27152816781925e-05,-15.088779016966459,50.057286181364006,-0.3,-2.4
380,09,-2.3803562745282155e-05,-1.7829848341200085,47.799041656389505,0.5,-2.28
381,10,-1.8914465963579488e-05,8.677334267236855,54.52403665949838,0.33,-2.18
383,12,-7.738160395268594e-06,4.967533013128466,56.59717789244652,0.6,-1.91
384,01,-4.432973011169315e-06,15.641597058367989,49.85520389962581,-0.24,-1.83
385,02,-7.274441715534998e-06,7.353929252261208,64.81677477946593,0.3,-1.63
386,03,-1.235675504704564e-05,-6.3443144091534345,43.386579177287324,-0.98,-1.79
387,04,-2.5035789431644346e-05,-14.869033695136176,49.48712501599656,-0.4,-1.74
388,05,-3.0008848766624646e-05,-32.62149781881353,48.67582858574712,-1.08,-1.29
389,06,-3.4230032604055946e-05,-25.01744469502767,49.43961729888122,-0.57,-1.08
390,07,-3.7348723895911946e-05,-18.427609645064162,51.34294977803511,2.48,-0.86
391,08,-3.274760770019843e-05,-10.64563058373236,50.85391145080519,0.24,-0.88
392,09,-2.5484862159343414e-05,2.648160398695204,48.54894579696125,-0.61,-1.16
393,10,-1.916051529891168e-05,8.726722329416583,41.10612051369683,-0.27,-1.37
394,11,-8.12447487300637e-06,7.208228931681314,45.10324230610001,0.62,-1.21
395,12,-1.2744765838047034e-05,29.389911852764826,62.27082245179138,0.53,-1.24
396,01,-9.557997748420493e-06,23.492998173539362,55.985124487241116,0.57,-1.08
397,02,-6.941694202459045e-06,2.77444112036694,54.92825397600388,0.34,-0.67
398,03,-1.1845709033173812e-05,-9.130659757880753,42.53471919810516,-0.47,-0.59
399,04,-2.412122515035865e-05,-15.116672309705946,65.52592149374486,-0.93,-0.43
400,05,-3.2719707248821014e-05,-19.41600187732328,54.71462800888861,-0.58,-0.35
401,06,-3.633841799156573e-05,-15.284035491265191,54.862410076340026,-1.42,-0.28
402,07,-3.9630504535585143e-05,-18.105863085346844,55.33667580591222,-0.56,0.3
403,08,-3.664081436780238e-05,-14.530181596981583,48.63167088847007,0.85,-0.06
404,09,-2.780254297756781e-05,-4.337274759928387,47.643611919113,-0.93,-0.32
405,10,-1.749340033099435e-05,6.576196681525118,62.883388684188155,-0.28,-0.22
406,11,-9.782895505729057e-06,13.286790387301977,48.36725960095062,0.68,-0.07
408,01,-7.079607454118081e-06,9.77005108642578,59.36599973937003,0.08,-0.05
410,03,-1.6003138249269338e-05,-14.11737674147083,62.83003596656937,-0.57,-0.14
411,04,-2.0434202846445263e-05,-16.983018215264217,45.651346360141694,-1.1,-0.37
412,05,-2.7662325821888435e-05,-23.158452428017892,56.92952051083376,0.48,-0.71
413,06,-3.319209287441886e-05,-26.815010833062065,45.349666944320994,0.3,-1.18
414,07,-3.405638901301333e-05,-27.630988150319745,40.32137145659744,-0.03,-0.85
415,08,-3.2683108437937644e-05,-17.84199171037572,39.46305893081491,-0.82,-0.5
416,09,-2.475842662511746e-05,-8.054260448540582,49.65095689521101,0.38,-0.38
417,10,-1.765674730958508e-05,13.677036990258001,51.31546706972713,0.67,-0.16
418,11,-1.2026654228591521e-05,13.685960133870443,60.59634180396663,-0.7,-0.18
419,12,-9.44601224512954e-06,28.97793200421077,55.46996279250422,-0.73,-0.35
420,01,-8.580053124215514e-06,22.96357862870411,63.49304372530727,1.75,-0.51
421,02,-1.1990748406116751e-05,26.598223410470148,61.15281964255657,1.1,-0.43
423,04,-2.3883861623916246e-05,-16.521862002224392,58.86005653639768,-0.66,-0.16
424,05,-3.2321809314922687e-05,-17.350711201329386,63.11191008513332,-0.49,-0.18
425,06,-3.645346474101341e-05,-28.120134918891054,43.231891095406475,0.19,-0.01
426,07,-3.570791800838603e-05,-18.498887496784167,52.862582088247414,1.56,0.32
427,08,-3.5946427165531874e-05,-15.756697428713563,51.75170243226714,-0.59,0.16
428,09,-2.0748739615697153e-05,-9.244409510294595,35.08465283191469,1.14,-0.15
429,10,-1.6616273676728237e-05,8.951883064844276,46.06859467966968,1.11,0.07
431,12,-1.0581146033268115e-05,22.95546643394552,54.273882943514856,-0.4,0.34
432,01,-9.2527426375611e-06,26.340960131573418,62.63006211892765,-0.18,0.23
433,02,-8.153189459681882e-06,8.31590086110433,48.93550452213628,-0.37,0.05
435,04,-2.4346638547669703e-05,-22.934988667466907,50.17846367060873,-1.49,0.35
436,05,-3.070366395367009e-05,-25.76910455847299,53.73915812349191,-2.15,0.96
437,06,-3.477750818122634e-05,-31.860220404391814,46.7203716229452,-1.52,1.85
438,07,-3.7615658574522775e-05,-25.170489753641114,45.05531850020347,-1.11,1.73
440,09,-2.5603061031688413e-05,-1.6679924726698132,46.654843129608366,1.09,2.21
442,11,-1.4898132296588707e-05,27.46974549831814,55.57987919455502,-0.4,1.88
443,12,-8.385574634596725e-06,33.275967709449034,59.292129598577816,0.08,1.9
444,01,-9.004527324929857e-06,20.359526514525058,60.00615774854665,-0.68,1.94
445,02,-1.2519085415486441e-05,14.879537966322628,54.698993667597065,-0.54,1.81
446,03,-1.4810545610421827e-05,-5.396197126162949,59.004922374092125,-0.23,1.31
447,04,-2.7581765115751797e-05,-20.820068422105575,57.557788026644126,-0.11,1.33
448,05,-3.16294027814815e-05,-19.310568396455505,50.32535560724812,1.05,1.26
449,06,-3.356170396635004e-05,-23.02242342732747,60.87640379265148,-0.95,0.36
450,07,-3.758493633006676e-05,-22.269790681900524,47.74635748879372,-0.7,-0.51
452,09,-2.4645985519115736e-05,-7.889081433783638,37.34792189491059,-0.99,-0.34
453,10,-1.526362983537594e-05,-3.798430909843855,48.34944315867911,1.05,-0.6
454,11,-1.1750765303218536e-05,10.89123139716254,54.5964946256227,-0.06,-0.51
455,12,-4.447676278540448e-06,15.633635981405934,42.93341399640295,-1.18,-0.34
460,05,-2.9667726341906155e-05,-25.198657173730993,56.839670298081565,0.95,0.17
461,06,-3.566179110415154e-05,-31.36642959594727,52.944568701901716,-1.43,-0.29
463,08,-3.333480648354688e-05,-12.395997953681537,44.035043613662005,-1.57,-0.77
464,09,-2.5415033401845397e-05,-5.530321179199219,52.86381167994076,0.46,-0.8
465,10,-2.0550294828412475e-05,15.281469091599986,50.30405073937036,0.3,-0.63
466,11,-1.2597567349661808e-05,15.910226154920792,53.90823562632401,-0.08,-0.63
467,12,-7.748080553331723e-06,20.40142875687794,63.311030514205655,-0.48,-0.73
468,01,-8.493993727101315e-06,23.796599253992884,55.116003269850566,0.44,-0.77
469,02,-1.1806723732206594e-05,-2.6082788761683875,46.30087924139698,0.43,-0.7
470,03,-1.3339704251535219e-05,-6.768148279333628,63.03257818707726,-0.81,-0.79
471,04,-2.4140652476206825e-05,-8.481860700141059,60.03202422682047,0.32,-1.29
473,06,-3.447691067930363e-05,-33.33076165534125,39.74884000571834,-0.77,-0.51
474,07,-3.4126774513620195e-05,-44.31138712696363,36.16823902212164,2.27,-0.17
476,09,-2.7110998255941223e-05,-4.088550005425346,48.59134079140956,-0.74,0.52
478,11,-1.049799736220949e-05,11.533768935139973,58.11769115721252,1.89,0.26
479,12,-7.425197422547768e-06,21.47761040308142,53.53903508252609,1.35,0.13
481,02,-8.232899953890454e-06,13.675333238874163,51.283400613031226,-0.4,0.52
482,03,-1.7898125718357898e-05,7.876527682396675,54.192069970153995,-0.93,0.77
483,04,-2.786484313502215e-05,-15.88577495863173,41.53150874974462,2.09,0.33
484,05,-2.8741963674400066e-05,-37.081440074305384,54.09692304540707,-0.11,0.26
485,06,-3.9525050331051005e-05,-23.208365014648436,47.86380608810849,-0.16,0.35
486,07,-3.625940142692049e-05,-31.74150496025496,48.734570516079984,-0.69,0.24
487,08,-3.404563471354698e-05,-17.337182702177312,41.57153246440298,-2.09,0.3
488,09,-2.6543087166161665e-05,-4.24653964674208,45.73786681658825,-0.52,0.15
489,10,-1.8569231195137014e-05,10.235854191605762,54.45598049366731,0.16,0.27
491,12,-8.260583359534854e-06,25.078029959073632,56.60606037604423,0.84,0.41
492,01,-6.012859741277161e-06,22.106840989635838,48.67357203781476,-0.55,0.29
493,02,-1.5386156723984276e-05,31.748662168305497,64.97568837541958,-2.69,0.3
494,03,-1.9840231885472768e-05,-1.8349693298339842,46.56073982853019,-0.88,0.15
495,04,-2.7043378228700023e-05,-24.0670989525689,35.17819720014996,-1.52,-0.11
496,05,-2.995519203009721e-05,-45.04488896819084,46.51938461271666,-2.37,-0.24
498,07,-3.552329937512147e-05,-24.55973527871409,49.31133174363516,-2.29,-1.0
499,08,-3.48960954878191e-05,-17.491402352609946,46.845165995435046,-1.56,-0.99
501,10,-1.848353834580477e-05,14.114419966174706,59.132486595437086,1.45,-1.2
502,11,-1.0186800306089735e-05,15.631692754109702,47.969248177954896,-0.11,-1.15
503,12,-6.893300624729055e-06,15.732371215492165,60.65007041392917,2.33,-1.16
504,01,-7.860778656987515e-06,14.34612370152627,66.80461903254064,0.31,-1.2
505,02,-9.005972841740524e-06,9.622026147751583,54.51137783175566,0.31,-0.95
507,04,-2.588563685021654e-05,-27.98602328389486,47.86236142485672,-1.16,-0.96
508,05,-3.230829694098981e-05,-22.4746828918457,60.26473778712485,-1.06,-1.06
509,06,-3.7502937650666964e-05,-26.38411481492784,47.88007799596918,-0.11,-1.11
510,07,-3.6336240956178925e-05,-19.074829963273896,48.14752719921964,1.48,-1.53
511,08,-3.444879628501263e-05,-12.903870650096605,45.419211714576655,-1.4,-1.34
512,09,-2.3354238802332672e-05,-7.743464881388346,41.71682162190013,-0.14,-1.41
513,10,-1.864643046111826e-05,14.62936670381279,46.729617401201246,-0.18,-1.47
514,11,-1.0072340758698473e-05,9.36498726196289,49.88987413275507,-0.77,-1.4
