,month,MER,MSSHF,RH,TCC,sst
0,01,-7.186377549426466e-06,5.464709561255669,62.6901256937955,0.7674197445941228,-208.03244
1,02,-7.399999772068052e-06,2.729709174746558,52.295623941567676,0.8322987442470734,-252.53644
2,03,-1.408509512223264e-05,7.08405715679866,62.090667984242096,0.7213765135734314,-260.65356
3,04,-2.191347909663616e-05,-15.59233038906521,62.41300571294825,0.7183522930145264,-213.42001
4,05,-2.839083756912113e-05,-16.16055940262989,64.02205650719006,0.6820745509978263,-108.54131
5,06,-3.330413338050373e-05,-22.16353809509278,52.028707694198026,0.624286894607544,57.147957
6,07,-3.0671342559486147e-05,-22.637875941122733,53.00265082314577,0.6923592846778133,208.70827
8,09,-2.3132900744369383e-05,-4.023202255249023,42.3501046719922,0.6538724135504828,270.7157
9,10,-1.6345863611966567e-05,2.642213581372333,56.92965585534547,0.7263572831512779,152.04039
10,11,-1.1569333000928361e-05,13.890767045423724,49.679388139549886,0.7361187914530437,14.230402
11,12,-1.207531024335357e-05,24.691616260159407,64.98245628347064,0.8025561436478809,-112.13815
12,01,-5.795284385228985e-06,8.867661568262244,49.01821534482766,0.7199518989645025,-208.44193
14,03,-1.4070489600584629e-05,-6.186828353717764,55.02083505403355,0.837744382468603,-266.95737
15,04,-2.282624180893941e-05,-17.872287172783746,48.97103869282801,0.5745583197275798,-220.62561
17,06,-3.014735746900341e-05,-26.066622504679362,62.37913317463399,0.7134443809085422,52.59223
18,07,-3.1905643976779664e-05,-14.025872309859079,48.67037434149174,0.7010493204260383,211.11398
19,08,-3.1051088017916934e-05,-11.540256553403795,47.008779259716306,0.7037623250407558,298.22235
20,09,-2.365392635981859e-05,-3.0327022542317708,42.946886476458445,0.653931602774726,262.58606
21,10,-2.1172643707369163e-05,7.590982919672484,58.4636376896443,0.7753540998069188,138.90512
22,11,-1.4279194747299093e-05,14.235161112806532,54.54851769668525,0.7181861507415772,3.0293217
23,12,-7.873070872231058e-06,26.063403682913826,61.380955716897084,0.7685965811616633,-121.394485
24,01,-7.860688640385075e-06,20.899533713063885,47.875411116570554,0.746810458316598,-213.97075
25,02,-8.991757432514056e-06,2.888394768487839,50.11619150138895,0.7581164837337676,-258.5054
27,04,-2.2320882245185202e-05,-19.334173597547743,50.02077896680037,0.6974979371812609,-210.7353
28,05,-3.0310256707952082e-05,-17.47440350473055,59.34436809112436,0.6752075911491151,-100.46208
29,06,-3.0904296795920855e-05,-15.787571440294057,51.69619375912348,0.7999754805246988,58.66674
31,08,-2.8741253340065727e-05,-19.03508228654759,42.77699926753197,0.6846821722625404,307.09497
32,09,-2.269007780640903e-05,-3.5648343312581385,46.85175361700852,0.6221041914621989,276.24332
34,11,-1.4328458308167076e-05,19.586548003133142,54.57233108670976,0.7831729083591039,14.04687
36,01,-5.276928763964617e-06,11.574925520045783,58.01885871766587,0.6630252150668892,-212.13857
37,02,-7.864293709969517e-06,5.468580898829869,51.56958197040644,0.6381152653467087,-257.94135
38,03,-1.6001877676116956e-05,1.792558938959594,55.95160838729334,0.6297853519890898,-258.4071
39,04,-2.3437909088230905e-05,-21.874123499891493,46.11000325809585,0.6042834651523166,-213.71082
43,08,-3.1963929242763654e-05,-15.790871219429917,46.55304641459066,0.6299341235417194,286.31833
45,10,-1.6551261839878706e-05,3.491510892150223,54.79260846710333,0.7931934629460816,143.6758
46,11,-1.519573135911843e-05,20.401449884033198,56.70156626680825,0.757184676700168,7.9215126
47,12,-1.0313162028783104e-05,17.753608460457098,55.75187243828721,0.7608326711347028,-126.243
48,01,-1.1369238679367056e-05,31.70380508160335,51.86229076744793,0.7840179075425671,-217.81221
49,02,-1.1685804688698098e-05,2.732715975443522,46.129101684696614,0.5929144132704963,-267.56647
52,05,-2.6606813441591635e-05,-11.409518621957432,66.050863289825,0.7823214301242624,-107.15109
53,06,-3.6603149109497395e-05,-25.008415187242296,46.266101067479454,0.5639335038079155,38.183327
55,08,-2.6941880611302234e-05,-27.08358682743196,31.77761535606461,0.4750448487804782,291.99527
56,09,-2.725831751290065e-05,0.9693071214463977,44.86737590899468,0.705576475101047,269.7121
57,10,-2.1395454446465794e-05,12.186390243366201,47.91972020449689,0.7011912768374208,152.72845
58,11,-9.367185011372688e-06,10.117007967122396,41.05919099200301,0.6633599039289689,13.10857
61,02,-9.682757584759485e-06,6.4267875001403105,47.08914505602986,0.6832505156856844,-267.32605
62,03,-1.3818876191033916e-05,-6.2181760956138685,56.610379949503034,0.7108914005730743,-271.85944
63,04,-2.3066575134180317e-05,-21.124448284233942,53.13685258980724,0.5456292518191869,-224.76344
65,06,-3.0384449369921637e-05,-25.249517172580298,53.14751710217263,0.6465512983110214,54.494858
66,07,-3.052118788760435e-05,-16.333257173927887,51.58020934386151,0.7022927988934261,216.3505
67,08,-2.8069958612225798e-05,-17.017802792784988,42.472240740586344,0.4993924576133809,307.25543
69,10,-1.5594664512004833e-05,12.420039781796033,52.5519555827328,0.7500587646730484,149.81151
70,11,-1.2000811908506469e-05,17.20852971835666,62.11537896577253,0.7200436461130779,6.496484
71,12,-7.343828446024142e-06,12.754345215500043,59.86620702467682,0.7815233377846338,-117.921326
73,02,-7.646551471441942e-06,-7.170963860648018,49.17462651499538,0.6680685249964396,-267.3416
74,03,-1.1304150707112197e-05,-2.56875498781922,68.34861116093205,0.8015634798439599,-269.7122
75,04,-2.3272295822324753e-05,-10.486857863362628,59.37646033687326,0.7217336557176378,-221.10818
76,05,-2.800802443084893e-05,-16.149492612120927,55.7763452255995,0.6990246018440494,-111.10733
78,07,-3.447742918110781e-05,-15.274860501197074,50.75858460182529,0.6424117790960497,198.12311
79,08,-3.3271033724499884e-05,-4.3656862228557625,49.79625837316948,0.6493248435810047,291.04016
80,09,-2.244669017984254e-05,-3.3109654418945316,48.444472670045165,0.6852785703870988,267.44153
81,10,-1.5745955748394817e-05,1.4800897167574978,41.847355274659336,0.6145378556200252,152.5405
82,11,-1.5779393952086846e-05,2.730464919026692,53.6031213278585,0.7467017175886366,13.015013
83,12,-6.748697063030508e-06,22.216181771555252,62.92255071562849,0.8592321815900905,-119.79274
84,01,-1.0488508364736625e-05,25.802121266682942,67.17732922877546,0.7623722744193129,-213.62338
86,03,-1.09558865346488e-05,2.199697240357758,53.96111336709735,0.6894126181243568,-273.6762
90,07,-3.000731417455182e-05,-30.125119514383297,48.19723509739805,0.6702686336066134,195.00162
91,08,-3.1366839325049225e-05,-20.726613564768147,49.22354232249208,0.686836864348381,296.42126
92,09,-2.1116000810717296e-05,-5.870355172729491,52.886519872754164,0.7167194254557292,269.65228
93,10,-1.7202233669146365e-05,6.4104873591597356,48.62927366667281,0.714295039597378,143.55783
94,11,-1.2770530823662637e-05,20.62896745435927,57.76803370095226,0.7851363912794326,8.612126
95,12,-1.128779906788603e-05,28.043287035542146,58.52688881322774,0.7719007456789735,-120.98974
96,01,-8.849628261046861e-06,-8.473066081057311,52.03738375666833,0.7138544017422582,-217.32957
97,02,-5.771432554432804e-06,6.824847212655203,67.52644709656069,0.8714824445361185,-267.00635
100,05,-2.791426425801057e-05,-28.103053294192083,60.924986691195485,0.7078949788411459,-116.91061
101,06,-2.8837502824555686e-05,-20.989433822292757,61.5306473079814,0.7672273565504287,36.217087
102,07,-3.379324687933062e-05,-20.07741719498173,55.40260847481861,0.6694636565998037,189.4246
103,08,-3.0242934917310693e-05,-13.572054321945357,50.633880177582476,0.7321427008105863,277.45535
104,09,-2.5696148892024614e-05,-3.969099077690972,51.22118268649578,0.696313075680203,253.93726
105,10,-1.9746457593286597e-05,13.28605210072507,59.41998880579267,0.7515758675606018,142.06378
107,12,-5.659096497726741e-06,10.619382738339004,50.16868590621025,0.841202174976308,-122.09079
108,01,-9.400724827868036e-06,23.76198229324177,64.8158600401199,0.8154185586744739,-213.21042
109,02,-1.553154618433063e-05,17.196350676788683,61.10995617006565,0.7344264186552201,-266.79114
110,03,-1.4791143874625109e-05,4.141464673442225,71.63935923557511,0.8021229802613616,-269.4809
111,04,-2.4692344382775542e-05,-22.74501348402235,55.09817502149212,0.6086693189409044,-214.66217
112,05,-3.182606770285695e-05,-15.882362545546664,52.83810746537357,0.6065327840825564,-101.65006
113,06,-2.7714982728361462e-05,-28.63852083367242,47.29024293223089,0.787963741853502,55.375385
114,07,-3.385038605679304e-05,-9.511822006717805,59.07058047961163,0.7664063766233383,213.28052
115,08,-3.211179117533902e-05,-13.866469908683532,47.473473327189375,0.6423366078612625,300.59467
116,09,-2.5435363158006416e-05,2.907980506727431,49.177534459747214,0.6917857957204183,265.46567
117,10,-1.6347254436593455e-05,7.273599919801116,47.520342997120274,0.740862602603051,152.71027
118,11,-1.0307503538792339e-05,7.8851572241889105,46.36847800110711,0.7081493649376763,8.302831
119,12,-7.866494279115095e-06,20.208327730240367,52.71666673100892,0.8517327044907436,-117.04089
120,01,-5.490775168401608e-06,12.580168148245866,46.32122026583841,0.6960385644974246,-208.66537
121,02,-1.1993180484209699e-05,15.243881237211681,52.799659086113884,0.6851143281573341,-251.6327
122,03,-1.7582771425163286e-05,5.919001820882161,61.97907953674307,0.7666241719235656,-258.30435
123,04,-2.3728384267512105e-05,-15.711892689005532,62.36782957411343,0.7619601530710854,-203.07756
124,05,-3.2913617601255e-05,-32.404015432706444,43.15242019264416,0.41460931174985816,-91.16223
125,06,-3.3498540398290464e-05,-35.047065074327264,55.710710440916486,0.5851120146009657,63.385033
126,07,-3.3625666249610085e-05,-27.510599928661055,42.19065745926929,0.5743446630662487,222.22588
128,09,-2.1827326350689368e-05,-6.781363076782227,44.02462579022247,0.6201116107092963,284.7138
129,10,-1.9913688146604526e-05,14.103063629806684,48.60193847477949,0.7060558088159049,158.49167
130,11,-1.311930024130561e-05,7.912713109334308,43.72629240063826,0.5709897992451987,20.240484
131,12,-7.719866410816296e-06,20.033501539989185,45.286219627095804,0.760264010439637,-107.75089
132,01,-9.708490018202875e-06,23.531725362798216,54.619796854420386,0.8431987389185095,-199.2428
133,02,-1.709957590030951e-05,31.83555304718018,59.52337883048256,0.6681059597560336,-248.36748
134,03,-1.7018775953137494e-05,2.372058311872584,47.98838851665681,0.6078018044502504,-247.95602
136,05,-3.125298669270236e-05,-34.3688931694441,36.06377147361027,0.4253419031943044,-92.26488
138,07,-3.559518055198981e-05,-33.07448882301904,37.832517702871755,0.48145341713197765,225.79286
139,08,-2.897321149455781e-05,-28.290339532667595,47.590817581110095,0.5299162357699487,317.64966
140,09,-2.7407515947157255e-05,-3.6402964202880854,48.108384553693405,0.7245800940619573,294.92188
142,11,-1.0645134954231454e-05,8.876481322224937,54.38112868225972,0.7074830526563856,37.256058
143,12,-1.0178729378000547e-05,19.264495642221096,49.02194799312469,0.741313444240119,-95.68947
144,01,-9.804670876438911e-06,24.167181801416536,38.86062395377826,0.5920816008865194,-188.6923
145,02,-6.996622216688376e-06,0.507544446309408,46.996895068120395,0.6594038436526344,-241.90259
146,03,-1.2629808311264428e-05,-0.5304674036169569,53.76618897918476,0.6779174129937285,-247.16966
147,04,-2.5889148811054637e-05,-18.50936585184733,50.20018549894757,0.5432910179562039,-197.39854
148,05,-2.5811937759284265e-05,-33.066711107479634,47.67298183366304,0.6777907446994578,-97.13205
149,06,-2.987989489524302e-05,-20.686577268473304,57.62339900992447,0.7380680046929254,65.70955
151,08,-2.9805839779475068e-05,-22.79464663072811,38.70661156831249,0.5833647762011457,306.19397
153,10,-2.004618059737534e-05,2.17344532234438,45.307421456006274,0.6938537020939652,164.8222
154,11,-1.4646135411648073e-05,14.444811823866104,60.08639300202131,0.7607454043918185,26.006203
156,01,-5.988280283046514e-06,9.900324605634134,41.55076964045469,0.7391515630906629,-201.19241
157,02,-7.568776633878318e-06,10.513905402874128,42.596786469010105,0.6980748454126818,-250.91156
158,03,-1.6743815379482177e-05,3.675611719931326,56.535387553599556,0.7537755890712943,-253.56508
159,04,-2.3724830210206465e-05,-12.979907084147134,60.15185276207658,0.687911747233073,-207.32791
160,05,-3.502280750303383e-05,-18.415903687507882,37.98684394011575,0.40541161912487395,-100.63797
162,07,-3.3542465003026134e-05,-26.574038988010855,46.61348771423679,0.5979461164987215,200.08292
163,08,-3.290884278264643e-05,-13.404264240552024,52.83446418771308,0.6783674054709815,290.45172
164,09,-2.5466491539959356e-05,-1.4094354346381297,48.6797681992597,0.6656476938883462,266.93134
165,10,-1.9484351597922247e-05,1.9587082073252686,58.379234332862715,0.6918505046393281,146.12576
167,12,-8.425528942156701e-06,11.411874493342573,45.69198678764476,0.710687043384839,-115.989655
169,02,-8.449411843078754e-06,-1.1622854381742926,41.2482318814184,0.7323262315023513,-250.85287
170,03,-1.4966802825774622e-05,-6.011914413616221,42.24266758934657,0.5090522961360152,-258.0833
171,04,-2.191761210872048e-05,-4.539731902737087,59.59964808656376,0.6899678468916153,-212.57198
172,05,-3.0932743489659034e-05,-26.541132331437964,51.168041845343446,0.5782415237426759,-100.185196
173,06,-3.281592492067931e-05,-24.277929318237305,46.836056776909025,0.6491131579928928,54.760105
175,08,-3.234485571499712e-05,-11.285276480397874,49.79429166342623,0.65965662880354,293.66443
176,09,-2.2725771390226628e-05,-2.4448908416748045,57.50485973500145,0.8023041222466362,265.39417
177,10,-1.798888249350155e-05,2.3637267239478326,43.9463890340828,0.6776582923807124,149.41394
178,11,-1.1587640056374466e-05,-1.8295716874864363,52.225245416957804,0.6554577938927545,11.2345085
180,01,-8.814763398506955e-06,28.086010490499522,59.814965074129006,0.7457029264716692,-207.6216
181,02,-9.681430163471391e-06,-2.9269207930791947,54.97462990093799,0.6523898104713076,-251.78503
182,03,-1.5868986940443404e-05,12.424105568506382,56.25959003628518,0.7475124271761985,-255.42769
184,05,-2.8615912740195944e-05,-19.306992470361852,50.8592781971834,0.7416989493011147,-93.491455
185,06,-3.390126228795352e-05,-22.424498955281575,49.86442946763436,0.6148267804887558,64.53017
186,07,-3.466171150601792e-05,-32.442688338413035,36.16844127948567,0.471899675594863,229.54991
188,09,-2.649383951805552e-05,-2.2674784339057075,50.77799905458556,0.743529254659017,293.3136
189,10,-1.8016295581522476e-05,4.47270425086893,52.33998963107474,0.7289226303100587,179.43459
190,11,-8.92097842036795e-06,12.752254605102538,55.27824593100681,0.8463350632985434,30.17026
193,02,-1.271823695051786e-05,20.178666164579848,60.9734689490412,0.7695771319071454,-252.46672
194,03,-2.219248033328259e-05,-0.5256330294045062,56.57506640008187,0.5997859655810941,-257.10614
195,04,-2.3056703787511248e-05,-15.611610607231992,48.9374839578549,0.676606201256646,-210.70569
197,06,-3.44918315846169e-05,-24.446217814466692,49.08188772321145,0.620938918601142,60.113396
198,07,-3.591561413959817e-05,-25.92438248894804,39.340810654867084,0.500560249123522,217.28342
201,10,-1.4566836962311297e-05,5.514771194293934,41.310020164710224,0.7215961416100943,164.35022
202,11,-1.3042386322538529e-05,9.068964893934462,58.53600206141338,0.7192740283966065,24.481789
203,12,-8.991161045966975e-06,-5.598886509064706,48.51484771922968,0.6904451063012563,-104.3179
204,01,-7.460320452180465e-06,-0.4728464959257379,45.67560021059616,0.6517847482004473,-204.12556
205,02,-7.544903639281147e-06,5.38362545916678,55.18347650017959,0.8090819851228561,-256.97073
207,04,-2.0502408365953464e-05,-21.604367342122394,58.54018084150156,0.6166294084760878,-209.40321
208,05,-2.4253428110207234e-05,-26.022296560964275,51.92535755428705,0.7435633220877698,-96.29185
209,06,-2.8253365109311642e-05,-38.732165323215064,41.61192797080808,0.6266733358171251,60.11352
210,07,-3.142641031134248e-05,-27.054918192217425,49.82263012584947,0.6206146289046092,213.48466
211,08,-2.9903093116464793e-05,-15.358725825155936,42.33743624172287,0.5714169844350507,317.6048
212,09,-2.534073391895315e-05,-7.00570699428982,43.673043699496326,0.6079831231011285,284.33347
215,12,-8.836182103413613e-06,1.1414017176474303,51.832999992789766,0.728104033603463,-109.037506
216,01,-3.583592048936e-06,-1.2817189340899076,35.36421269791357,0.6917340717930949,-198.83852
218,03,-1.2413017713795421e-05,-3.0697627356744577,49.8996438915832,0.7020936220640775,-250.75821
219,04,-2.201332183204714e-05,-17.60772253417969,50.15108422283994,0.6222039408365886,-201.52101
221,06,-3.476727682935032e-05,-20.254541469319665,56.16686724849277,0.6510188685946994,63.657143
222,07,-3.376502295814329e-05,-20.43258258581674,48.29218798171063,0.6023651400330248,226.78462
223,08,-3.064838395117496e-05,-15.397676236060358,39.11490551742816,0.5104240398612073,311.46252
224,09,-2.7053925191669103e-05,-10.968042353990342,40.873450344501606,0.6161735351138645,277.4851
225,10,-2.0736059433235615e-05,1.8364669255082322,46.07108195983722,0.6453099249973092,157.03543
226,11,-1.1372840429430654e-05,5.54297788119846,52.451002673839106,0.8336406787872315,11.17197
227,12,-9.893875752236308e-06,16.98351939342868,60.12797338394067,0.8134230110004383,-122.277664
230,03,-1.582076560769428e-05,4.910139277304372,64.38913835901599,0.8158999442233833,-261.56836
231,04,-2.2395207648413717e-05,-10.670934447903104,67.35853829729425,0.8237251260121663,-205.28516
232,05,-3.182257207745645e-05,-20.036693252071256,51.31070372274871,0.6138791913678568,-86.40033
233,06,-3.4082233544055876e-05,-13.138249787733287,60.09514157660935,0.734693268415663,75.74895
235,08,-3.4686337675251e-05,-19.754633603331865,40.27667498864153,0.617704378968926,328.0869
236,09,-2.4247977624205914e-05,0.3736279635959201,55.41774919654528,0.7025377028147378,287.75186
237,10,-2.3367591303340108e-05,14.50471792602539,57.49670259841796,0.7994241635312314,174.29785
238,11,-1.186565926222506e-05,4.6568576497395835,50.09492808050447,0.695817248280843,29.61008
239,12,-8.802920268002493e-06,22.454611907630838,51.308709990082264,0.7541032600402832,-103.49775
240,01,-9.430198710966792e-06,24.63400003675235,61.44896206574927,0.7435347398327242,-194.03552
241,02,-1.079772392194216e-05,13.779260249546594,59.85849182345754,0.7323656735647293,-244.71655
242,03,-1.3397230129969535e-05,-0.9194605676794566,60.6708199271861,0.7651577397008096,-250.42012
244,05,-3.422614240797327e-05,-20.88572949317194,50.723297991629586,0.6588638867203909,-86.10281
245,06,-3.759346314859108e-05,-24.964019442409946,49.104056137108806,0.5561656050364175,73.269356
246,07,-3.775679561435789e-05,-20.12216363230059,34.70881050790896,0.5384588477842269,227.99219
249,10,-2.1588807777500546e-05,5.981483147405809,48.24640764357326,0.6639337637296286,177.79099
250,11,-1.3179962080519347e-05,12.654008286878799,52.50058610761298,0.7561134220971003,27.56899
251,12,-1.3700721242369786e-05,27.986750325848984,63.54783165261822,0.7595967111074798,-103.15675
252,01,-6.553396535759588e-06,18.42038040095504,45.80448549491872,0.7846040913571595,-195.20667
253,02,-1.2230161100386137e-05,18.65321454909752,54.35344561065067,0.6892225647411128,-251.26549
255,04,-2.355722367422762e-05,-12.813957029554578,60.681698268123455,0.7118717977735731,-202.11107
256,05,-3.550879427684679e-05,-19.147158501081563,47.704144963514416,0.6232741373944026,-79.60366
257,06,-3.750390542944741e-05,-27.016546727159287,42.780413097916714,0.5791649541642931,78.4989
258,07,-3.168135436499142e-05,-21.668345875401656,51.88578506780696,0.7779165895933747,236.07321
260,09,-2.4486756719630248e-05,-2.020394458007812,56.817002186003,0.778434502198961,294.45868
261,10,-2.1893689024856883e-05,11.235235126454343,57.40779917159772,0.7329834721472954,171.80673
263,12,-1.1904006665214989e-05,20.81303864280127,63.79751548051194,0.7176606500276956,-108.394104
264,01,-6.723928980547147e-06,14.384707934964087,53.25762820807451,0.6732578391208444,-204.88339
265,02,-9.421481274265325e-06,7.153048214503697,61.79020408172125,0.7992697193509057,-251.667
266,03,-1.3063552253355424e-05,-6.242824222359606,58.59238742218351,0.8346674006472352,-257.89703
267,04,-2.4765318735565716e-05,-15.737299090576174,60.65160554169682,0.7354721421559652,-208.15791
269,06,-3.303585196628976e-05,-31.827683939954966,48.06642211600013,0.6896868352678089,73.82224
270,07,-3.6646507612448495e-05,-24.41304970722813,43.035889669943884,0.609202791316535,236.34387
271,08,-3.349079792080317e-05,-13.273838911159066,49.470468634774605,0.6550026206560032,324.19098
272,09,-2.8629883362433853e-05,-3.361749937269423,60.89090815499625,0.7758285717010498,291.42908
273,10,-1.872843477780094e-05,15.499699002173642,52.0420637966638,0.7502056204683036,174.74463
274,11,-1.4045017091525046e-05,9.019137569173179,50.75557469189433,0.8206311488681369,32.158684
275,12,-9.904081011676856e-06,14.487402564920403,52.82181985401466,0.6670834625408213,-101.15822
276,01,-6.60295483731882e-06,23.604068570044735,51.65779350411636,0.7452024029147241,-203.41812
277,02,-1.6342577849974034e-05,27.257544948032923,61.67323920420096,0.6965534969057356,-246.83275
278,03,-1.718439095667989e-05,-2.8514695644583754,52.573686629964456,0.6759721070566486,-254.3529
279,04,-2.4829810814864887e-05,-14.182246478949653,49.20558492463959,0.6064626646253799,-200.72783
280,05,-3.0134792006426703e-05,-17.31557953963741,52.31226475243542,0.6915594408178842,-82.05779
281,06,-3.5836119472898846e-05,-20.466573669433593,50.7506326838851,0.6739444850497776,69.19415
282,07,-3.594073215623134e-05,-17.96138944137737,48.60045512300026,0.6706292401795746,221.6432
283,08,-3.0240783373966385e-05,-12.41071590333344,52.640142950275894,0.6742144519846925,313.7338
284,09,-2.726855740998468e-05,-6.606480073716904,41.46046437310777,0.6465029381222195,287.42603
285,10,-2.2813934475604865e-05,5.003235001430717,55.25826176021304,0.7211124756105485,170.25095
286,11,-9.433203981300014e-06,10.082439758300783,57.335292302331666,0.7533690906524658,17.8079
287,12,-9.155090198257839e-06,-0.601292420089886,52.83887711868107,0.773043066619545,-114.83259
288,01,-7.996820467572737e-06,16.024269751435966,52.92226850532075,0.7041166410138531,-215.23795
289,02,-9.213011075579354e-06,1.6289639434814458,40.65915042115535,0.44601174649738135,-260.16824
290,03,-1.4304734281419465e-05,-4.024482163624097,45.80751552796749,0.4610075515008742,-263.87067
291,04,-2.383696288773839e-05,-17.2942943037245,47.44735419490735,0.5701265349917942,-212.86234
292,05,-3.0977665722578726e-05,-19.48317038226384,57.695412786129985,0.6365701963773339,-87.1547
294,07,-3.637924248004731e-05,-25.786057973554062,44.12265574810709,0.5639495347135811,232.04855
295,08,-3.1032737283929096e-05,-31.771135562691633,39.36124998163152,0.5673176327366982,325.4818
296,09,-2.437035215904568e-05,-12.497950702243381,40.21523504180775,0.5334368985493979,301.5539
299,12,-8.986315398414586e-06,16.75842543636855,56.42778465677845,0.7093791133921633,-105.04638
300,01,-8.992702947169514e-06,20.66453995308825,64.87525535803712,0.837607708305441,-195.93707
301,02,-1.1818901434843997e-05,12.780648606925178,58.06078212638148,0.7371907467019968,-250.22968
302,03,-1.5225630396960167e-05,1.0669384965794064,50.376974003080406,0.6286395969185776,-250.70699
303,04,-2.4217375733618005e-05,-11.611916856553819,59.49211039767795,0.6849287313249376,-197.54388
305,06,-3.421590459786078e-05,-30.121984181382924,54.56608841220009,0.6948014066060384,79.24079
306,07,-3.5823426863228845e-05,-21.040274605699764,48.61712288511441,0.6308969455431865,239.49446
307,08,-3.442271008691844e-05,-10.630728795861687,53.4802156332962,0.7090089703221474,329.69373
308,09,-3.09724094837697e-05,1.3779368174235027,41.60773183429904,0.5963927018059625,292.81216
309,10,-1.9737982986943505e-05,10.8786054316695,45.96995730125903,0.6458563955163442,180.80795
310,11,-1.219442167142309e-05,8.63346869269477,52.650442458646836,0.8075169110616047,37.06194
311,12,-6.509792311736683e-06,12.651209838210898,41.13814304297201,0.7556278750922091,-96.819695
313,02,-1.0796667724878803e-05,1.9850640389578682,54.967533898224424,0.6938661958603632,-242.91367
314,03,-1.2645556585016247e-05,2.2825399281491516,62.992716266741034,0.8004193943803029,-255.83607
315,04,-2.402455134354872e-05,-12.38321820203993,55.9102142579476,0.5803865731981066,-199.97856
316,05,-3.3327865934669755e-05,-23.83920729967343,52.369123788558014,0.6124563446455105,-81.22269
317,06,-3.715115132452208e-05,-30.632264646063906,50.84424858076307,0.5993636985354953,83.17849
318,07,-3.409394384040644e-05,-23.561669685609886,47.80977541725482,0.6965740315427063,246.35788
319,08,-3.320200081173924e-05,-14.21000237282374,41.28222914207624,0.5909341664057907,335.88412
320,09,-2.545146969718593e-05,-6.704652192857532,39.75358392157654,0.5590018055809869,310.99527
321,10,-1.7187334372416657e-05,10.538457600583316,41.694871458662455,0.5593414502297677,189.55508
322,11,-1.4535249143672345e-05,9.326381112670902,61.63253474075529,0.7317150510576037,42.285454
323,12,-9.12172876785682e-06,14.485518746324761,56.37181309181387,0.7231649466483824,-101.99086
326,03,-1.3873502668170125e-05,-4.782673361173239,59.930227692120816,0.7258663519992624,-259.35852
327,04,-2.37631702343909e-05,-18.782449027506512,53.65862876264652,0.6540204958173964,-205.51375
328,05,-3.370682173148433e-05,-13.439136345319852,55.415879218805216,0.6765318221635718,-88.30847
329,06,-3.4785863751151034e-05,-27.11431088460287,44.96967633606062,0.5200850902981229,74.0381
330,07,-3.3670624993676266e-05,-35.11209074615151,34.7803111832411,0.43903611341086773,235.23154
331,08,-3.203818718891423e-05,-14.970106861073484,56.166526000266416,0.7095366280258342,336.0077
332,09,-2.4569920312832332e-05,-1.9050392035590278,48.50952039943403,0.581430229356554,301.18542
333,10,-2.0357669840078775e-05,8.929626497002058,49.91160704086961,0.7225601808281356,182.68924
334,11,-1.6638314112929544e-05,21.698549422539603,51.20864173750348,0.6935433432685004,41.10003
335,12,-1.1844671387852061e-05,21.158474252352146,51.61357204472506,0.8296075471447361,-97.38537
336,01,-1.3167410284109127e-05,32.71415653975292,54.798027210791915,0.7592779756771619,-193.64441
337,02,-9.635896793779033e-06,12.227102448962983,62.05461917357218,0.8024723008473714,-244.942
338,03,-1.969343553138324e-05,2.858439688077537,50.951221448258686,0.5542246515827793,-249.9504
339,04,-2.5420359923575438e-05,-23.728481532796227,35.425640993569964,0.4152809864044189,-204.59576
341,06,-3.458860908376663e-05,-19.802041976589628,51.81401281598541,0.7590015696631538,69.71016
342,07,-4.0491175616739144e-05,-14.380545316962786,51.51913973191349,0.6446249584074942,223.51405
343,08,-3.430768915528969e-05,-11.902402343421853,46.669440629773256,0.646553179505051,320.5432
346,11,-1.4172945336880124e-05,15.984315191311307,55.0159122577058,0.7046124215443929,35.296257
348,01,-9.98381483742544e-06,30.50790186531313,59.32570013750177,0.7874816801830005,-194.27971
349,02,-9.733829621899499e-06,11.488472740085646,43.235250111784055,0.617157705548166,-243.31665
350,03,-2.0140387961912898e-05,4.352542552004578,67.29393991330491,0.734719601292764,-249.42708
352,05,-3.326288808405293e-05,-18.37616691179173,46.32872357566895,0.5134422774776336,-81.91591
353,06,-3.476253857051133e-05,-32.52892781643338,47.80475471985869,0.614883675257365,81.43062
355,08,-3.3834556450724496e-05,-9.036356891591062,49.02626591384924,0.6873497964182208,331.4569
357,10,-1.8222273044254205e-05,6.518695762716314,54.30898137165141,0.7249526161686066,177.9061
359,12,-6.623100362498576e-06,8.910789440196046,51.189781416840454,0.6488331320977981,-97.26608
362,03,-1.4006747319585248e-05,0.15545269151913163,60.10794240493287,0.7025409626294208,-252.43326
363,04,-2.2896213735516033e-05,-13.763160278998479,44.90089633327524,0.48498084653218587,-200.49698
364,05,-3.152253704363203e-05,-24.89160391596312,50.72287625494953,0.5892127600639097,-84.89531
365,06,-3.4585202314802804e-05,-32.20444840494791,47.13420631794532,0.6027756735907661,80.520004
366,07,-3.995988693131167e-05,-23.939954596078525,46.67216465320125,0.5932403564042943,238.15082
368,09,-2.396435872586961e-05,-8.675344586181641,43.626415080409586,0.6611582132975261,284.1343
369,10,-1.8213049179844e-05,4.716025361748153,49.256211021474606,0.7351699196600144,171.91354
370,11,-1.3997967538165946e-05,28.005924584282763,63.3120259418408,0.7561563105689154,21.778202
371,12,-8.896478755051119e-06,9.686923075029926,62.37685010996686,0.773688859754993,-108.881165
372,01,-6.091251291421628e-06,2.9262350808420488,60.36061479552843,0.8002005400298742,-204.21837
373,02,-7.65345504045659e-06,5.717629487900508,61.53230691539674,0.840362766038804,-254.71532
375,04,-2.4690822054900404e-05,-20.66956467929416,50.227940069592,0.5461734185960557,-209.21628
376,05,-2.827942739082006e-05,-27.387183430333288,51.416537502500645,0.6631700312706732,-92.11084
377,06,-3.182083758476639e-05,-35.711798379855686,43.71565713060168,0.5540890511406792,76.50848
378,07,-3.4407490462771055e-05,-31.11366353779454,49.13440625845617,0.5566342890339513,250.1793
382,11,-1.1904203317903414e-05,4.708053307088217,64.34552551558414,0.8344782119750976,27.837093
383,12,-7.738160395268594e-06,4.967533013128466,56.59717789244652,0.8155857144017373,-95.583694
384,01,-4.432973011169315e-06,15.641597058367989,49.85520389962581,0.7540054655997985,-196.06837
385,02,-7.274441715534998e-06,7.353929252261208,64.81677477946593,0.8188976639793034,-248.19505
386,03,-1.235675504704564e-05,-6.3443144091534345,43.386579177287324,0.5508660727059971,-257.86377
387,04,-2.5035789431644346e-05,-14.869033695136176,49.48712501599656,0.48454507878621417,-207.89435
388,05,-3.0008848766624646e-05,-32.62149781881353,48.67582858574712,0.5843146355331587,-85.93865
389,06,-3.4230032604055946e-05,-25.01744469502767,49.43961729888122,0.6491867294311522,76.69812
390,07,-3.7348723895911946e-05,-18.427609645064162,51.34294977803511,0.6786915706101284,242.60742
391,08,-3.274760770019843e-05,-10.64563058373236,50.85391145080519,0.7099633308328608,332.54935
392,09,-2.5484862159343414e-05,2.648160398695204,48.54894579696125,0.6202911757998997,299.04904
393,10,-1.916051529891168e-05,8.726722329416583,41.10612051369683,0.5575945420624107,175.26187
394,11,-8.12447487300637e-06,7.208228931681314,45.10324230610001,0.701429992167155,31.500076
395,12,-1.2744765838047034e-05,29.389911852764826,62.27082245179138,0.7914767973705006,-97.93439
396,01,-9.557997748420493e-06,23.492998173539362,55.985124487241116,0.6659661495249759,-192.64963
399,04,-2.412122515035865e-05,-15.116672309705946,65.52592149374486,0.7068757977379695,-197.7531
400,05,-3.2719707248821014e-05,-19.41600187732328,54.71462800888861,0.6124644136736471,-68.58217
401,06,-3.633841799156573e-05,-15.284035491265191,54.862410076340026,0.687191437657674,82.69691
403,08,-3.664081436780238e-05,-14.530181596981583,48.63167088847007,0.5989026939638199,341.75623
404,09,-2.780254297756781e-05,-4.337274759928387,47.643611919113,0.6738562953525119,308.4212
405,10,-1.749340033099435e-05,6.576196681525118,62.883388684188155,0.7348696861267091,184.77704
406,11,-9.782895505729057e-06,13.286790387301977,48.36725960095062,0.7111550628238256,35.917732
408,01,-7.079607454118081e-06,9.77005108642578,59.36599973937003,0.7646267884367255,-202.17558
411,04,-2.0434202846445263e-05,-16.983018215264217,45.651346360141694,0.6542446823967828,-208.16153
412,05,-2.7662325821888435e-05,-23.158452428017892,56.92952051083376,0.7251711857703425,-79.04871
413,06,-3.319209287441886e-05,-26.815010833062065,45.349666944320994,0.6919906041463215,87.07316
414,07,-3.405638901301333e-05,-27.630988150319745,40.32137145659744,0.6092420989415978,257.60675
415,08,-3.2683108437937644e-05,-17.84199171037572,39.46305893081491,0.5766515417201544,346.97723
416,09,-2.475842662511746e-05,-8.054260448540582,49.65095689521101,0.6528738148583305,306.17633
417,10,-1.765674730958508e-05,13.677036990258001,51.31546706972713,0.6837250661952521,178.14917
418,11,-1.2026654228591521e-05,13.685960133870443,60.59634180396663,0.8003848901536729,32.531788
419,12,-9.44601224512954e-06,28.97793200421077,55.46996279250422,0.7417389381162581,-101.81944
420,01,-8.580053124215514e-06,22.96357862870411,63.49304372530727,0.7983653154680804,-199.42812
421,02,-1.1990748406116751e-05,26.598223410470148,61.15281964255657,0.6781761727560135,-249.54654
422,03,-1.6731313326227373e-05,-1.3453218475669946,47.843510205716214,0.5223563803395918,-257.11304
423,04,-2.3883861623916246e-05,-16.521862002224392,58.86005653639768,0.6785136405097115,-200.92293
424,05,-3.2321809314922687e-05,-17.350711201329386,63.11191008513332,0.6571485758955761,-80.46158
425,06,-3.645346474101341e-05,-28.120134918891054,43.231891095406475,0.5881563861846926,87.97652
426,07,-3.570791800838603e-05,-18.498887496784167,52.862582088247414,0.6470219174046671,254.85297
427,08,-3.5946427165531874e-05,-15.756697428713563,51.75170243226714,0.6329949576265069,351.1102
428,09,-2.0748739615697153e-05,-9.244409510294595,35.08465283191469,0.5887444709353976,318.01636
429,10,-1.6616273676728237e-05,8.951883064844276,46.06859467966968,0.7446583362292218,184.15381
430,11,-1.0089955154782932e-05,6.784489759657117,59.376273723493675,0.7732809034559462,30.689716
431,12,-1.0581146033268115e-05,22.95546643394552,54.273882943514856,0.7436095230348649,-101.4774
432,01,-9.2527426375611e-06,26.340960131573418,62.63006211892765,0.7490556118872858,-198.34044
433,02,-8.153189459681882e-06,8.31590086110433,48.93550452213628,0.6187316334588188,-248.48984
436,05,-3.070366395367009e-05,-25.76910455847299,53.73915812349191,0.6242730488520797,-73.60507
438,07,-3.7615658574522775e-05,-25.170489753641114,45.05531850020347,0.5755130044670517,244.80148
439,08,-3.326061218056918e-05,-12.586229408838417,52.3345120203854,0.6391717044871341,341.1256
440,09,-2.5603061031688413e-05,-1.6679924726698132,46.654843129608366,0.6096027513292099,305.46722
443,12,-8.385574634596725e-06,33.275967709449034,59.292129598577816,0.8201382914307299,-95.29674
444,01,-9.004527324929857e-06,20.359526514525058,60.00615774854665,0.7548654516896893,-198.95259
445,02,-1.2519085415486441e-05,14.879537966322628,54.698993667597065,0.6743794851193482,-252.14018
446,03,-1.4810545610421827e-05,-5.396197126162949,59.004922374092125,0.7097408081382832,-257.06357
447,04,-2.7581765115751797e-05,-20.820068422105575,57.557788026644126,0.636205225669013,-202.03058
448,05,-3.16294027814815e-05,-19.310568396455505,50.32535560724812,0.6191458486331407,-75.10831
449,06,-3.356170396635004e-05,-23.02242342732747,60.87640379265148,0.7205961045159235,90.54695
450,07,-3.758493633006676e-05,-22.269790681900524,47.74635748879372,0.6224200283583774,255.42406
453,10,-1.526362983537594e-05,-3.798430909843855,48.34944315867911,0.6597179581426803,179.70224
454,11,-1.1750765303218536e-05,10.89123139716254,54.5964946256227,0.707203536605835,32.475025
455,12,-4.447676278540448e-06,15.633635981405934,42.93341399640295,0.7323895825621903,-97.022064
458,03,-1.5800369091061108e-05,2.527072602630943,59.88884960889175,0.6677468735889723,-253.28983
459,04,-2.5679135762624757e-05,-26.331729773288306,46.84454056873057,0.5841366430070666,-200.81747
460,05,-2.9667726341906155e-05,-25.198657173730993,56.839670298081565,0.6373602849898801,-86.94053
462,07,-3.888270218750779e-05,-23.176640851420746,56.14024401203919,0.7181722790707824,245.94592
463,08,-3.333480648354688e-05,-12.395997953681537,44.035043613662005,0.6615275659868795,338.91034
464,09,-2.5415033401845397e-05,-5.530321179199219,52.86381167994076,0.6659469718509251,306.68863
465,10,-2.0550294828412475e-05,15.281469091599986,50.30405073937036,0.7391711337592011,189.5661
466,11,-1.2597567349661808e-05,15.910226154920792,53.90823562632401,0.7324336131201851,48.0704
468,01,-8.493993727101315e-06,23.796599253992884,55.116003269850566,0.773939332449308,-178.30194
469,02,-1.1806723732206594e-05,-2.6082788761683875,46.30087924139698,0.49758824085053943,-232.06862
470,03,-1.3339704251535219e-05,-6.768148279333628,63.03257818707726,0.7746929998910554,-238.12746
471,04,-2.4140652476206825e-05,-8.481860700141059,60.03202422682047,0.6661409033033583,-192.1387
472,05,-3.631899526441482e-05,-17.44638056798135,47.40056218499266,0.5143529167175294,-70.12301
473,06,-3.447691067930363e-05,-33.33076165534125,39.74884000571834,0.6253157601250542,81.24585
474,07,-3.4126774513620195e-05,-44.31138712696363,36.16823902212164,0.37328913009807624,238.96451
475,08,-3.324744642680256e-05,-25.59706884437479,43.61733073811633,0.6070490633236465,334.54828
476,09,-2.7110998255941223e-05,-4.088550005425346,48.59134079140956,0.6058865221235487,311.7566
479,12,-7.425197422547768e-06,21.47761040308142,53.53903508252609,0.7783618319521668,-92.58377
480,01,-8.170035396257738e-06,18.813249751593478,61.34680531404607,0.7528509053055958,-191.47226
481,02,-8.232899953890454e-06,13.675333238874163,51.283400613031226,0.5672636126563663,-241.3179
482,03,-1.7898125718357898e-05,7.876527682396675,54.192069970153995,0.721235720644715,-245.26964
483,04,-2.786484313502215e-05,-15.88577495863173,41.53150874974462,0.4812803420596652,-196.38818
484,05,-2.8741963674400066e-05,-37.081440074305384,54.09692304540707,0.6394303563435872,-79.45365
485,06,-3.9525050331051005e-05,-23.208365014648436,47.86380608810849,0.5841832686954074,85.983864
486,07,-3.625940142692049e-05,-31.74150496025496,48.734570516079984,0.5832159745411206,250.29453
487,08,-3.404563471354698e-05,-17.337182702177312,41.57153246440298,0.5233138246843891,349.54987
488,09,-2.6543087166161665e-05,-4.24653964674208,45.73786681658825,0.6424437209659153,316.83383
489,10,-1.8569231195137014e-05,10.235854191605762,54.45598049366731,0.7636217814209639,196.63521
491,12,-8.260583359534854e-06,25.078029959073632,56.60606037604423,0.7474534945334158,-89.38756
492,01,-6.012859741277161e-06,22.106840989635838,48.67357203781476,0.7904847107343776,-183.22964
493,02,-1.5386156723984276e-05,31.748662168305497,64.97568837541958,0.7392679562185004,-232.05743
494,03,-1.9840231885472768e-05,-1.8349693298339842,46.56073982853019,0.5246091230248892,-233.18034
496,05,-2.995519203009721e-05,-45.04488896819084,46.51938461271666,0.46418218013804446,-71.76363
499,08,-3.48960954878191e-05,-17.491402352609946,46.845165995435046,0.5777176292583507,355.91495
500,09,-2.4679065476549213e-05,-6.537764871215822,41.4254565234277,0.5480422061920166,327.71448
501,10,-1.848353834580477e-05,14.114419966174706,59.132486595437086,0.7742676958063597,210.04504
502,11,-1.0186800306089735e-05,15.631692754109702,47.969248177954896,0.7008724307590062,64.56686
504,01,-7.860778656987515e-06,14.34612370152627,66.80461903254064,0.8221443897780552,-178.71451
505,02,-9.005972841740524e-06,9.622026147751583,54.51137783175566,0.7260083712169102,-227.78314
506,03,-1.5948935392546162e-05,-0.9029574194467195,53.47545231677126,0.6499336244726693,-234.0745
507,04,-2.588563685021654e-05,-27.98602328389486,47.86236142485672,0.5903446748521592,-180.72028
508,05,-3.230829694098981e-05,-22.4746828918457,60.26473778712485,0.6661243219273064,-63.90518
509,06,-3.7502937650666964e-05,-26.38411481492784,47.88007799596918,0.6145602842542861,96.59271
510,07,-3.6336240956178925e-05,-19.074829963273896,48.14752719921964,0.6512409119554747,263.07715
511,08,-3.444879628501263e-05,-12.903870650096605,45.419211714576655,0.6586032222214565,349.32083
512,09,-2.3354238802332672e-05,-7.743464881388346,41.71682162190013,0.6791360401577418,323.3524
514,11,-1.0072340758698473e-05,9.36498726196289,49.88987413275507,0.77442657178243,54.160545
