,target
1,107.00708317756653
2,65.13916850090027
3,98.91896796226501
4,77.33350610733032
6,84.36125612258911
7,43.01969242095947
8,56.921231508255005
9,76.8632504940033
10,131.76934385299683
11,58.65590763092041
12,60.54261493682861
13,70.78502440452576
14,41.5899133682251
15,23.549720764160156
16,87.7898542881012
17,142.42091464996338
18,67.59736728668213
19,42.64728355407715
20,107.7690110206604
21,72.95901393890381
22,73.57332229614258
25,133.0828936100006
26,35.788278102874756
27,102.75372743606567
28,69.78700375556946
29,54.99441409111023
33,79.1025390625
34,63.80108118057251
35,43.573694705963135
36,18.835744380950928
37,72.00946402549744
38,35.43097186088562
39,53.242250204086304
40,93.72558498382568
41,32.713236570358276
42,88.86780834197998
43,59.11188769340515
44,104.26913022994995
45,70.76487922668457
46,83.42955470085144
49,81.02017283439636
50,105.42021083831787
51,118.89742398262024
52,40.00491166114807
54,31.294189929962158
55,117.23978233337402
56,59.156498670578
57,59.34060025215149
58,63.89762902259827
59,127.76513147354126
60,61.24871587753296
61,62.89697480201721
62,21.789991855621338
63,106.87018704414368
64,54.762237310409546
66,27.303098917007446
67,147.5589587688446
68,95.18328905105591
69,78.44082713127136
70,57.75411510467529
71,62.144726276397705
72,9.736912250518799
74,78.5594162940979
76,126.5044174194336
77,100.84526371955872
78,104.17502427101135
79,48.915464639663696
80,36.53095197677612
82,100.24923872947693
83,118.28075385093689
84,5.396147966384888
85,80.05486178398132
86,64.68825125694275
88,56.932453870773315
90,85.93903732299805
92,94.80732774734497
93,84.64354729652405
94,125.43024492263794
96,35.931448459625244
97,77.72802114486694
99,69.35014915466309
100,96.28858280181885
101,134.5398542881012
102,87.18918299674988
103,66.9906599521637
104,102.30783081054688
105,110.22080183029175
106,47.003796100616455
109,114.518559217453
110,27.742077589035034
111,71.89129495620728
112,31.23433208465576
113,151.79068851470947
117,43.99460577964783
119,24.550368309020996
120,59.8443021774292
121,101.1904981136322
123,14.875389337539673
125,59.59615159034729
126,58.18086361885071
128,78.90591788291931
129,36.57659721374512
131,62.73529887199402
132,96.37451434135437
134,64.46329927444458
135,35.43364858627319
136,81.75433492660522
137,43.237606048583984
138,43.99504566192627
139,93.28326845169067
140,70.05437111854553
141,88.05533337593079
142,71.35911726951599
143,65.73154544830322
144,29.07620143890381
145,29.050020217895508
146,46.967238903045654
147,35.415016651153564
148,100.81910800933838
149,86.47331523895264
150,22.764347553253174
152,48.3614456653595
153,121.3805501461029
154,44.35604405403137
155,40.05626130104065
159,48.60550785064697
160,52.09975528717041
162,128.27770042419434
164,99.88054394721985
165,114.02044343948364
166,59.72125196456909
169,13.214776277542114
170,50.1136200428009
171,72.61612272262573
172,49.03701114654541
173,138.4921417236328
174,65.69953942298889
175,149.34324550628662
176,80.44077348709106
177,62.847052574157715
178,142.54706811904907
179,85.40289497375488
180,36.50040102005005
181,94.18527913093567
183,59.618553161621094
184,51.52622365951538
185,21.875284671783447
186,89.98871898651123
187,147.07339644432068
188,97.18963932991028
189,50.59832048416138
191,129.8851613998413
192,78.17547941207886
193,94.79378461837769
194,42.51542043685913
197,45.93726992607117
198,22.496978521347046
201,32.25963592529297
202,40.51283264160156
203,16.127771615982056
204,60.068604469299316
205,22.461695432662964
208,28.135314464569092
209,59.759037256240845
210,98.74433755874634
211,48.277573585510254
212,73.76016211509705
214,45.02203106880188
216,84.60573077201843
219,78.28123354911804
220,112.482257604599
221,69.49712204933167
222,54.35530233383179
223,29.832056999206543
225,56.97358417510986
226,77.3915023803711
227,88.08339476585388
228,20.71983242034912
230,131.57473421096802
235,154.75264143943787
236,178.64887976646423
237,92.01937747001648
238,78.07752561569214
239,91.57960391044617
240,56.13470458984375
241,87.33539247512817
242,65.29687428474426
243,63.86414575576782
245,54.39849805831909
247,83.68352055549622
248,65.74780321121216
249,52.17728924751282
250,142.15608167648315
251,47.351823568344116
254,76.35283160209656
255,97.27209305763245
258,51.30303931236267
259,85.14948225021362
260,130.40920996665955
261,131.4802393913269
262,86.34993147850037
263,85.52192997932434
264,83.6603274345398
265,86.2628161907196
266,95.43563151359558
267,47.3751916885376
268,56.74857974052429
269,87.7753267288208
271,144.1834967136383
272,73.23751926422119
273,85.68967199325562
274,73.46089029312134
275,67.26308727264404
277,40.98473596572876
278,60.53001356124878
279,64.66420650482178
281,94.12360286712646
282,146.93423414230347
283,57.52717709541321
284,87.43804001808167
287,73.5739049911499
288,23.336631298065186
289,22.1645565032959
291,85.30281352996826
292,47.240581035614014
293,76.22430467605591
294,22.521544456481934
295,46.90879726409912
296,74.57617855072021
297,56.468339920043945
299,107.22431802749634
300,64.95090794563293
301,47.67586803436279
302,45.28127717971802
303,37.014437675476074
305,104.08150887489319
306,153.6393961906433
307,68.27244329452515
308,55.872933864593506
309,66.66378116607666
310,54.07814908027649
312,50.05322074890137
313,63.6138596534729
314,77.4074821472168
315,76.4442777633667
317,109.44811034202576
318,101.65014147758484
319,79.9967360496521
322,50.890292167663574
323,18.287110328674316
324,57.903024673461914
325,63.244534492492676
326,51.75546956062317
328,34.651726484298706
329,25.724807262420654
330,192.56933999061584
331,31.076144695281982
332,104.8823778629303
336,88.80820941925049
337,65.31020927429199
338,1.6051898002624512
340,100.40370607376099
341,166.44169425964355
343,74.65286588668823
344,38.23624563217163
345,63.65782594680786
346,75.82493901252747
347,98.90966415405273
348,39.91739559173584
349,110.58221864700317
350,37.05441331863403
351,58.6919801235199
352,40.78405427932739
353,105.99103903770447
354,114.81742095947266
355,79.74637937545776
356,92.71740341186523
358,32.103607177734375
359,59.60752511024475
360,62.01654672622681
361,55.8788948059082
362,23.97039556503296
363,51.12992525100708
364,75.43589448928833
365,103.68392610549927
366,46.274324893951416
367,40.19728755950928
368,74.3879747390747
369,119.02290868759155
370,98.37137460708618
371,49.821874141693115
372,91.62952327728271
373,56.222103118896484
374,27.15949821472168
375,63.4017915725708
376,33.73767280578613
378,146.2640986442566
379,93.05310916900635
380,76.19713640213013
382,51.991679430007935
383,71.90442681312561
384,54.225329875946045
385,20.28888177871704
386,17.25916814804077
387,34.52233028411865
388,94.74681329727173
389,163.95448088645935
390,128.73549723625183
391,68.3792371749878
392,69.30626606941223
393,17.076764583587646
395,90.29691076278687
396,25.181623220443726
398,93.77713108062744
400,122.0042052268982
401,133.29841899871826
402,90.66671252250671
403,79.25185561180115
404,131.10860514640808
405,62.30052351951599
406,126.01667380332947
407,56.091444969177246
408,42.50241231918335
411,89.41290044784546
412,63.59688186645508
413,58.30738687515259
415,81.32235813140869
416,135.23726177215576
417,95.3849720954895
419,90.50502729415894
420,81.80759859085083
421,34.10970735549927
422,52.129727363586426
423,111.14941215515137
424,53.205344676971436
425,91.65657234191895
426,126.34322667121887
427,25.215217113494873
429,64.11601209640503
430,89.71414184570312
431,107.20374536514282
432,54.84558963775635
433,61.79024076461792
434,27.186142444610596
435,61.485331535339355
436,35.5678129196167
437,95.02099466323853
438,123.28978443145752
439,98.359215259552
441,119.42508697509766
443,107.9379734992981
444,72.69394779205322
445,69.4955415725708
446,67.43884038925171
447,61.365638256073
448,113.14722728729248
449,56.59930372238159
450,57.580533027648926
451,28.704333305358887
453,75.84917688369751
454,19.911759853363037
455,56.35315418243408
456,67.99254751205444
457,58.12478494644165
458,30.59126615524292
460,63.719133377075195
461,125.55045461654663
462,75.39064645767212
465,71.56626224517822
466,122.76686382293701
469,81.36417293548584
470,102.50590419769287
471,48.21310758590698
472,26.889825344085693
474,94.60595369338989
475,68.28795766830444
476,34.76789951324463
477,34.97020101547241
478,89.45121669769287
479,48.710402965545654
480,53.84524393081665
481,101.83904027938843
482,32.68497180938721
483,39.454394817352295
485,49.36154794692993
487,112.17082786560059
488,119.96327877044678
490,84.95069599151611
491,60.42203378677368
492,131.38312101364136
493,49.32469892501831
494,24.384860515594482
495,17.802208423614502
496,67.27775382995605
497,73.53353977203369
499,61.862966537475586
500,137.80672430992126
501,45.380624771118164
502,109.63903760910034
503,90.61761569976807
504,60.75168180465698
507,118.6035623550415
508,106.48373031616211
509,97.35786199569702
510,99.27522611618042
512,138.24248218536377
514,69.24348545074463
