,month,MER,MSSHF,RH,SD,UW
0,01,-7.186377549426466e-06,5.464709561255669,62.6901256937955,0.010292715281568547,8.566814722819995
1,02,-7.399999772068052e-06,2.729709174746558,52.295623941567676,0.0088853447891417,5.242820933818818
2,03,-1.408509512223264e-05,7.08405715679866,62.090667984242096,0.00040960040271923105,13.765281541639759
3,04,-2.191347909663616e-05,-15.59233038906521,62.41300571294825,3.557954761717054e-05,5.253018767907886
4,05,-2.839083756912113e-05,-16.16055940262989,64.02205650719006,4.408267492889076e-05,9.909492792170534
5,06,-3.330413338050373e-05,-22.16353809509278,52.028707694198026,0.0,5.934494112353855
6,07,-3.0671342559486147e-05,-22.637875941122733,53.00265082314577,0.0,13.328552245519495
8,09,-2.3132900744369383e-05,-4.023202255249023,42.3501046719922,0.0,12.264388197920056
9,10,-1.6345863611966567e-05,2.642213581372333,56.92965585534547,5.061999700402701e-05,4.59894328461924
10,11,-1.1569333000928361e-05,13.890767045423724,49.679388139549886,8.024262719684175e-05,15.572536984846325
11,12,-1.207531024335357e-05,24.691616260159407,64.98245628347064,0.00017524099221793556,15.22025654595898
14,03,-1.4070489600584629e-05,-6.186828353717764,55.02083505403355,6.114121534491099e-05,7.28385072402544
15,04,-2.282624180893941e-05,-17.872287172783746,48.97103869282801,0.0,0.1369029037899443
17,06,-3.014735746900341e-05,-26.066622504679362,62.37913317463399,0.0,6.837710131094192
18,07,-3.1905643976779664e-05,-14.025872309859079,48.67037434149174,0.0,7.28260863685608
19,08,-3.1051088017916934e-05,-11.540256553403795,47.008779259716306,0.0,13.212725781204876
20,09,-2.365392635981859e-05,-3.0327022542317708,42.946886476458445,0.0,12.575276836034986
21,10,-2.1172643707369163e-05,7.590982919672484,58.4636376896443,0.0,13.979145259652089
22,11,-1.4279194747299093e-05,14.235161112806532,54.54851769668525,0.0015326325999365914,8.777663723097907
23,12,-7.873070872231058e-06,26.063403682913826,61.380955716897084,0.0016069860227646364,13.964713369225944
24,01,-7.860688640385075e-06,20.899533713063885,47.875411116570554,0.0019344636983768915,12.33075755956096
25,02,-8.991757432514056e-06,2.888394768487839,50.11619150138895,0.0005664595067501069,4.826553443431854
26,03,-1.2076194787720939e-05,11.89821663673975,73.37905685201383,0.0001724853964262111,13.306958838185956
28,05,-3.0310256707952082e-05,-17.47440350473055,59.34436809112436,9.34754648516255e-08,4.588270763663836
29,06,-3.0904296795920855e-05,-15.787571440294057,51.69619375912348,0.0,11.143315948295594
30,07,-3.173775886429094e-05,-20.80200322239373,49.75860673643311,0.0,10.426191270602645
31,08,-2.8741253340065727e-05,-19.03508228654759,42.77699926753197,0.0,7.685691989857664
33,10,-2.174942796122078e-05,9.781940688922843,60.93410625634399,0.0,16.650438065046906
34,11,-1.4328458308167076e-05,19.586548003133142,54.57233108670976,2.2300614251030816e-06,17.251836509937714
36,01,-5.276928763964617e-06,11.574925520045783,58.01885871766587,0.0001972472347239012,10.828720034978724
37,02,-7.864293709969517e-06,5.468580898829869,51.56958197040644,2.739869412921724e-07,2.3612015480768114
38,03,-1.6001877676116956e-05,1.792558938959594,55.95160838729334,3.8041683935349995e-06,6.721166247665241
39,04,-2.3437909088230905e-05,-21.874123499891493,46.11000325809585,2.168152067396376e-08,4.110112059911092
40,05,-2.9170486620455693e-05,-20.4214844770534,47.92201473479629,0.0,9.468134508666173
41,06,-3.17826830204164e-05,-27.949367026435006,48.16991035015053,0.0,8.309710549185011
43,08,-3.1963929242763654e-05,-15.790871219429917,46.55304641459066,0.0,12.161826806775984
45,10,-1.6551261839878706e-05,3.491510892150223,54.79260846710333,0.0,6.952388475377072
46,11,-1.519573135911843e-05,20.401449884033198,56.70156626680825,5.0221549140082464e-08,14.35263231576284
47,12,-1.0313162028783104e-05,17.753608460457098,55.75187243828721,4.658237964876236e-05,13.39048569564409
48,01,-1.1369238679367056e-05,31.70380508160335,51.86229076744793,0.00012911142713280135,23.507062125913563
49,02,-1.1685804688698098e-05,2.732715975443522,46.129101684696614,0.00031034646715436665,-0.6980405422619412
50,03,-1.3839232150540515e-05,-0.5926843497983868,57.115805566785156,2.071826688704952e-05,13.265807060569843
51,04,-2.090864053300013e-05,-10.60586452026367,65.75529212030038,1.1234845055474176e-05,9.872940920575457
52,05,-2.6606813441591635e-05,-11.409518621957432,66.050863289825,0.0,6.826091371003018
56,09,-2.725831751290065e-05,0.9693071214463977,44.86737590899468,0.0,17.08183361146715
57,10,-2.1395454446465794e-05,12.186390243366201,47.91972020449689,0.0,17.807696523379256
58,11,-9.367185011372688e-06,10.117007967122396,41.05919099200301,3.5537613762749565e-08,7.654566838243273
61,02,-9.682757584759485e-06,6.4267875001403105,47.08914505602986,8.748411584174497e-05,1.374231495539348
63,04,-2.3066575134180317e-05,-21.124448284233942,53.13685258980724,5.596658653683133e-05,2.0456456870185007
64,05,-2.301351515928619e-05,-21.276121071107926,61.30564291210714,3.1990530670330086e-06,-3.17149069710188
65,06,-3.0384449369921637e-05,-25.249517172580298,53.14751710217263,0.0,7.471991460397509
66,07,-3.052118788760435e-05,-16.333257173927887,51.58020934386151,0.0,9.1474737645221
67,08,-2.8069958612225798e-05,-17.017802792784988,42.472240740586344,0.0,2.872892107502107
68,09,-2.2138291550658728e-05,-0.809648367987739,66.94727416271104,0.0,10.311384230168663
69,10,-1.5594664512004833e-05,12.420039781796033,52.5519555827328,0.0,15.485334654428625
71,12,-7.343828446024142e-06,12.754345215500043,59.86620702467682,1.1825137240912326e-05,8.305007507467783
73,02,-7.646551471441942e-06,-7.170963860648018,49.17462651499538,0.00039035758092289885,5.9333629534131
74,03,-1.1304150707112197e-05,-2.56875498781922,68.34861116093205,0.0002458149412626861,5.728958231320945
75,04,-2.3272295822324753e-05,-10.486857863362628,59.37646033687326,3.632929590013292e-07,12.875126613341438
77,06,-3.090711121482552e-05,-17.990251360066733,61.34983533646531,0.0,9.56488656516605
78,07,-3.447742918110781e-05,-15.274860501197074,50.75858460182529,0.0,13.101680323898153
79,08,-3.3271033724499884e-05,-4.3656862228557625,49.79625837316948,0.0,15.87532358626909
80,09,-2.244669017984254e-05,-3.3109654418945316,48.444472670045165,0.0,17.991419761784872
81,10,-1.5745955748394817e-05,1.4800897167574978,41.847355274659336,0.0,3.9228212014475177
82,11,-1.5779393952086846e-05,2.730464919026692,53.6031213278585,0.0001320727745691935,8.510707509316338
84,01,-1.0488508364736625e-05,25.802121266682942,67.17732922877546,0.0024635101813142014,14.171719384019092
85,02,-9.105866422227595e-06,-15.737989101954868,41.279925076501705,0.0001222507996218545,-5.740575921649026
86,03,-1.09558865346488e-05,2.199697240357758,53.96111336709735,0.0001382134986180131,11.289218418552027
87,04,-1.9242588071877733e-05,-14.953707265557181,61.57429541588492,7.426198323567707e-06,5.863026918029785
88,05,-3.1224375424332516e-05,-18.680161248648037,54.14751819698144,0.0,12.02608065945615
89,06,-3.5890827366468634e-05,-24.274000357055662,43.53411597645681,0.0,3.068294317224291
90,07,-3.000731417455182e-05,-30.125119514383297,48.19723509739805,0.0,12.281629657273651
94,11,-1.2770530823662637e-05,20.62896745435927,57.76803370095226,4.2331218719482425e-08,15.672534009382458
95,12,-1.128779906788603e-05,28.043287035542146,58.52688881322774,0.00037468132152352284,15.426232051849366
96,01,-8.849628261046861e-06,-8.473066081057311,52.03738375666833,0.0005335850459273144,3.380256105915193
97,02,-5.771432554432804e-06,6.824847212655203,67.52644709656069,0.00025317513942718504,7.183116704645611
98,03,-1.3287096029671374e-05,-5.803373095440609,55.151999684815046,7.337508534872401e-05,8.146193476933306
99,04,-2.2575659647211267e-05,-11.442104777696397,52.015024873095086,1.2648238076104058e-07,4.7397296148724015
100,05,-2.791426425801057e-05,-28.103053294192083,60.924986691195485,0.0,5.088691424010902
101,06,-2.8837502824555686e-05,-20.989433822292757,61.5306473079814,0.0,12.883800532786049
103,08,-3.0242934917310693e-05,-13.572054321945357,50.633880177582476,0.0,13.210910544979956
104,09,-2.5696148892024614e-05,-3.969099077690972,51.22118268649578,0.0,18.18680549267663
105,10,-1.9746457593286597e-05,13.28605210072507,59.41998880579267,0.0,8.569977047376735
106,11,-1.2423982501220758e-05,8.69252590874566,58.77474638277293,0.0,6.046647794045342
107,12,-5.659096497726741e-06,10.619382738339004,50.16868590621025,5.145294307380593e-05,10.722129596197476
108,01,-9.400724827868036e-06,23.76198229324177,64.8158600401199,0.0002939996052813786,14.951265936513103
109,02,-1.553154618433063e-05,17.196350676788683,61.10995617006565,4.479276722875135e-05,13.528206202342595
110,03,-1.4791143874625109e-05,4.141464673442225,71.63935923557511,3.25570567961662e-05,13.992932746682113
111,04,-2.4692344382775542e-05,-22.74501348402235,55.09817502149212,0.0,6.067272683482699
112,05,-3.182606770285695e-05,-15.882362545546664,52.83810746537357,0.0,2.950671381858087
113,06,-2.7714982728361462e-05,-28.63852083367242,47.29024293223089,0.0,-0.37918123620351224
114,07,-3.385038605679304e-05,-9.511822006717805,59.07058047961163,0.0,15.473679856002972
115,08,-3.211179117533902e-05,-13.866469908683532,47.473473327189375,0.0,13.94590260669749
116,09,-2.5435363158006416e-05,2.907980506727431,49.177534459747214,0.0,11.980116043281555
117,10,-1.6347254436593455e-05,7.273599919801116,47.520342997120274,0.0,9.869671590989638
118,11,-1.0307503538792339e-05,7.8851572241889105,46.36847800110711,7.3817332585652676e-06,9.089208542802597
119,12,-7.866494279115095e-06,20.208327730240367,52.71666673100892,0.0,12.202970729561263
120,01,-5.490775168401608e-06,12.580168148245866,46.32122026583841,0.0,10.294662934293028
121,02,-1.1993180484209699e-05,15.243881237211681,52.799659086113884,4.026403029759725e-06,16.366795333748772
122,03,-1.7582771425163286e-05,5.919001820882161,61.97907953674307,1.3147951454244634e-06,17.954782301687423
123,04,-2.3728384267512105e-05,-15.711892689005532,62.36782957411343,7.404155201382107e-06,5.260100383440654
125,06,-3.3498540398290464e-05,-35.047065074327264,55.710710440916486,0.0,4.440140065659417
126,07,-3.3625666249610085e-05,-27.510599928661055,42.19065745926929,0.0,6.757328301583567
127,08,-3.0036708770112647e-05,-17.0266568734774,43.458151734339296,0.0,11.918716067467969
129,10,-1.9913688146604526e-05,14.103063629806684,48.60193847477949,0.0,14.940329161633727
130,11,-1.311930024130561e-05,7.912713109334308,43.72629240063826,7.664759953816732e-08,6.5622522730721355
131,12,-7.719866410816296e-06,20.033501539989185,45.286219627095804,2.718377369706349e-05,13.531202857314899
132,01,-9.708490018202875e-06,23.531725362798216,54.619796854420386,3.920951197224279e-06,17.500156613913916
134,03,-1.7018775953137494e-05,2.372058311872584,47.98838851665681,2.4298456407362414e-05,13.333049105408369
135,04,-2.7999317039636173e-05,-19.276666238742408,46.732171709169286,0.0,3.7507871259901253
136,05,-3.125298669270236e-05,-34.3688931694441,36.06377147361027,0.0,5.1684694324001175
137,06,-3.068480971400681e-05,-23.63770078192817,52.16888050745726,0.0,7.454946297454835
138,07,-3.559518055198981e-05,-33.07448882301904,37.832517702871755,0.0,11.827403479811963
139,08,-2.897321149455781e-05,-28.290339532667595,47.590817581110095,0.0,9.989635868913387
140,09,-2.7407515947157255e-05,-3.6402964202880854,48.108384553693405,0.0,12.827943298954434
141,10,-1.8407037761653066e-05,10.48773665069252,49.92561818830045,0.0,8.42830417339776
143,12,-1.0178729378000547e-05,19.264495642221096,49.02194799312469,0.00010385854269868586,5.829736719623688
144,01,-9.804670876438911e-06,24.167181801416536,38.86062395377826,7.464897248052782e-06,8.86982310034639
145,02,-6.996622216688376e-06,0.507544446309408,46.996895068120395,0.002555922939663842,2.419369213149661
147,04,-2.5889148811054637e-05,-18.50936585184733,50.20018549894757,1.8495678901672365e-06,5.61995390847524
148,05,-2.5811937759284265e-05,-33.066711107479634,47.67298183366304,0.0,0.8872901309023614
149,06,-2.987989489524302e-05,-20.686577268473304,57.62339900992447,0.0,14.718036211374072
150,07,-3.606362330103894e-05,-12.26554677852508,46.37869990175771,0.0,6.619193799377769
152,09,-2.1833397036001162e-05,-8.548686426798504,39.4321560544822,0.0,9.955680732430352
153,10,-2.004618059737534e-05,2.17344532234438,45.307421456006274,0.0,4.971583007299772
154,11,-1.4646135411648073e-05,14.444811823866104,60.08639300202131,2.8859506713019477e-05,11.738773440445796
156,01,-5.988280283046514e-06,9.900324605634134,41.55076964045469,0.0,3.217538565153716
158,03,-1.6743815379482177e-05,3.675611719931326,56.535387553599556,1.1341134707132974e-05,12.80877443896058
159,04,-2.3724830210206465e-05,-12.979907084147134,60.15185276207658,2.5939941406250002e-08,11.795587993537051
161,06,-3.339920427913765e-05,-25.873405965508358,43.36981476617124,0.0,-2.726851222144233
162,07,-3.3542465003026134e-05,-26.574038988010855,46.61348771423679,0.0,10.104954804943455
164,09,-2.5466491539959356e-05,-1.4094354346381297,48.6797681992597,0.0,9.088945560031467
165,10,-1.9484351597922247e-05,1.9587082073252686,58.379234332862715,1.8078127214985508e-06,6.554792054104549
166,11,-1.321692710625939e-05,23.694389510769323,50.96693710040848,0.0,20.914857090568542
167,12,-8.425528942156701e-06,11.411874493342573,45.69198678764476,3.2269544498894803e-06,8.596278399949433
168,01,-9.715480358609446e-06,34.39173987899288,57.42208674485646,4.798289268247543e-07,24.59790798663068
169,02,-8.449411843078754e-06,-1.1622854381742926,41.2482318814184,0.0001454247690382458,2.4115948096456985
170,03,-1.4966802825774622e-05,-6.011914413616221,42.24266758934657,0.00013486407008222353,6.541541600606773
171,04,-2.191761210872048e-05,-4.539731902737087,59.59964808656376,0.0,3.7300693186442064
172,05,-3.0932743489659034e-05,-26.541132331437964,51.168041845343446,0.0,3.497821047116352
173,06,-3.281592492067931e-05,-24.277929318237305,46.836056776909025,0.0,9.25905919657813
174,07,-3.3366269429406925e-05,-23.52127023184171,53.23872095220833,0.0,13.991837543220932
175,08,-3.234485571499712e-05,-11.285276480397874,49.79429166342623,0.0,14.445863279670796
176,09,-2.2725771390226628e-05,-2.4448908416748045,57.50485973500145,0.0,4.56495947757297
177,10,-1.798888249350155e-05,2.3637267239478326,43.9463890340828,0.0,3.003415204591649
178,11,-1.1587640056374466e-05,-1.8295716874864363,52.225245416957804,0.00015719194677140975,2.3298814604229396
179,12,-9.250304196792702e-06,31.236705364924607,64.63241229699248,0.00020338165888222312,20.999137792648806
181,02,-9.681430163471391e-06,-2.9269207930791947,54.97462990093799,0.0003871754450457437,6.761308108556839
182,03,-1.5868986940443404e-05,12.424105568506382,56.25959003628518,9.499826738911291e-08,25.385559077929432
183,04,-2.4481364455176743e-05,-15.54007357143826,53.21672202842236,6.838602489895291e-06,5.804787655745612
186,07,-3.466171150601792e-05,-32.442688338413035,36.16844127948567,0.0,4.388184303857946
187,08,-3.527003988845888e-05,-15.806742182249662,41.714041907468136,0.0,12.279929775791784
190,11,-8.92097842036795e-06,12.752254605102538,55.27824593100681,0.0,10.65475141023
191,12,-1.093666692604627e-05,22.757288210632986,53.902280609893545,6.536950347244099e-07,16.48587201194353
192,01,-1.2804497735976505e-05,25.385474410518523,57.77612080058489,0.0009627563479126142,14.218067233526579
193,02,-1.271823695051786e-05,20.178666164579848,60.9734689490412,5.487134059270224e-06,20.19777915863764
194,03,-2.219248033328259e-05,-0.5256330294045062,56.57506640008187,0.00016835869896796444,14.015041863861907
196,05,-3.3250014936618425e-05,-29.631465932538433,52.844916530618114,0.0,9.018692946013585
197,06,-3.44918315846169e-05,-24.446217814466692,49.08188772321145,0.0,4.274826041094461
198,07,-3.591561413959817e-05,-25.92438248894804,39.340810654867084,0.0,7.295851527121759
199,08,-3.331847033315239e-05,-31.29434137422295,33.68999910253863,0.0,0.6543888631225918
200,09,-2.6222378082234683e-05,-4.395296908230251,54.09243484116659,0.0,5.966960947651334
202,11,-1.3042386322538529e-05,9.068964893934462,58.53600206141338,2.0260943306816947e-07,6.407606474367777
203,12,-8.991161045966975e-06,-5.598886509064706,48.51484771922968,0.00015860379254946144,2.4333651795746185
205,02,-7.544903639281147e-06,5.38362545916678,55.18347650017959,0.0006102077837648064,4.37647370480943
206,03,-1.2827322511164368e-05,-10.990242480862525,51.72073062135199,2.0419359207153323e-05,1.0527366366232593
207,04,-2.0502408365953464e-05,-21.604367342122394,58.54018084150156,2.815988328721788e-08,4.561729153993395
209,06,-2.8253365109311642e-05,-38.732165323215064,41.61192797080808,0.0,9.433004859309726
210,07,-3.142641031134248e-05,-27.054918192217425,49.82263012584947,0.0,10.088768128179733
211,08,-2.9903093116464793e-05,-15.358725825155936,42.33743624172287,0.0,2.895004055515413
214,11,-1.4551765714713837e-05,14.46901237657335,58.72207561985916,0.00012027359008789062,12.736440114508735
215,12,-8.836182103413613e-06,1.1414017176474303,51.832999992789766,0.00011574836187465217,4.368369198132585
216,01,-3.583592048936e-06,-1.2817189340899076,35.36421269791357,0.00038023888808424755,-1.286656943434028
217,02,-9.97768289436776e-06,28.48145621345157,61.04910012837534,6.829840796334402e-08,22.079497913224362
218,03,-1.2413017713795421e-05,-3.0697627356744577,49.8996438915832,0.0,12.954594367386195
220,05,-3.085946982284968e-05,-22.07697987414944,55.658551038389554,0.0,8.545581844842562
221,06,-3.476727682935032e-05,-20.254541469319665,56.16686724849277,0.0,3.493047113927205
222,07,-3.376502295814329e-05,-20.43258258581674,48.29218798171063,0.0,6.435511002550844
223,08,-3.064838395117496e-05,-15.397676236060358,39.11490551742816,0.0,4.405646029728714
224,09,-2.7053925191669103e-05,-10.968042353990342,40.873450344501606,0.0,12.051192799843681
225,10,-2.0736059433235615e-05,1.8364669255082322,46.07108195983722,0.0,11.233670121797948
226,11,-1.1372840429430654e-05,5.54297788119846,52.451002673839106,0.0,4.724241298357645
227,12,-9.893875752236308e-06,16.98351939342868,60.12797338394067,1.687051532089069e-05,7.438668075274396
228,01,-1.1099072907757458e-05,24.386054642872143,54.87726956107148,2.2409808251165574e-07,9.809003644122871
229,02,-7.893391973560764e-06,12.879144769577753,54.623768248409036,3.740382904098147e-05,14.813645704178581
230,03,-1.582076560769428e-05,4.910139277304372,64.38913835901599,1.3940626575100807e-05,11.045111331426973
231,04,-2.2395207648413717e-05,-10.670934447903104,67.35853829729425,2.9785103268093537e-07,7.908418326038785
232,05,-3.182257207745645e-05,-20.036693252071256,51.31070372274871,0.0,3.9262605809857765
233,06,-3.4082233544055876e-05,-13.138249787733287,60.09514157660935,0.0,13.012940218522813
234,07,-3.6390916169732936e-05,-13.917790471887077,46.5719772114318,0.0,15.677108238486833
235,08,-3.4686337675251e-05,-19.754633603331865,40.27667498864153,0.0,14.429789518274287
237,10,-2.3367591303340108e-05,14.50471792602539,57.49670259841796,9.088093234646704e-07,15.000559230353243
238,11,-1.186565926222506e-05,4.6568576497395835,50.09492808050447,2.143026722802056e-06,7.878285733710395
240,01,-9.430198710966792e-06,24.63400003675235,61.44896206574927,0.00020755073460199501,16.481189683155343
241,02,-1.079772392194216e-05,13.779260249546594,59.85849182345754,0.0025613292994953337,13.373481011186328
244,05,-3.422614240797327e-05,-20.88572949317194,50.723297991629586,0.0,8.779698450191047
246,07,-3.775679561435789e-05,-20.12216363230059,34.70881050790896,0.0,6.7905215421697145
248,09,-2.59650643648355e-05,-3.5717024329291456,50.26974016195536,0.0,5.929397126367357
249,10,-2.1588807777500546e-05,5.981483147405809,48.24640764357326,0.0,9.68599304804238
250,11,-1.3179962080519347e-05,12.654008286878799,52.50058610761298,2.0961513784196646e-05,4.796225587866042
251,12,-1.3700721242369786e-05,27.986750325848984,63.54783165261822,0.0004829321933049028,19.86696872741945
252,01,-6.553396535759588e-06,18.42038040095504,45.80448549491872,7.689163249026063e-06,10.353726586782804
254,03,-1.4517082142339604e-05,-0.5979741453765541,58.83941007500695,2.188550656841647e-05,9.49542429823516
255,04,-2.355722367422762e-05,-12.813957029554578,60.681698268123455,8.329312006632488e-07,4.805695806566875
256,05,-3.550879427684679e-05,-19.147158501081563,47.704144963514416,0.0,6.9489958812139365
259,08,-3.0941285219664524e-05,-19.063545700565466,39.65101154342005,0.0,11.04517762957337
261,10,-2.1893689024856883e-05,11.235235126454343,57.40779917159772,0.0,12.005480048866684
263,12,-1.1904006665214989e-05,20.81303864280127,63.79751548051194,0.0006958496250132079,12.820332980145691
266,03,-1.3063552253355424e-05,-6.242824222359606,58.59238742218351,0.00027922883085025255,13.09184503670149
268,05,-3.372209000100225e-05,-25.790908090242777,45.58359570831253,0.0,7.128588644150765
269,06,-3.303585196628976e-05,-31.827683939954966,48.06642211600013,0.0,12.22468430902693
270,07,-3.6646507612448495e-05,-24.41304970722813,43.035889669943884,0.0,8.167003860658214
271,08,-3.349079792080317e-05,-13.273838911159066,49.470468634774605,0.0,10.676284386645083
272,09,-2.8629883362433853e-05,-3.361749937269423,60.89090815499625,0.0,7.402657788870068
274,11,-1.4045017091525046e-05,9.019137569173179,50.75557469189433,0.0,7.708632052760654
278,03,-1.718439095667989e-05,-2.8514695644583754,52.573686629964456,1.5001514906524331e-06,12.162814038861184
279,04,-2.4829810814864887e-05,-14.182246478949653,49.20558492463959,0.0,2.687068967501322
280,05,-3.0134792006426703e-05,-17.31557953963741,52.31226475243542,0.0,4.80779668205015
281,06,-3.5836119472898846e-05,-20.466573669433593,50.7506326838851,0.0,14.10018485385047
282,07,-3.594073215623134e-05,-17.96138944137737,48.60045512300026,0.0,8.125416749031315
283,08,-3.0240783373966385e-05,-12.41071590333344,52.640142950275894,0.0,0.3693177606316022
284,09,-2.726855740998468e-05,-6.606480073716904,41.46046437310777,0.0,-0.6506538895077175
285,10,-2.2813934475604865e-05,5.003235001430717,55.25826176021304,0.0,15.801558265091272
286,11,-9.433203981300014e-06,10.082439758300783,57.335292302331666,0.0,8.362891557502746
287,12,-9.155090198257839e-06,-0.601292420089886,52.83887711868107,1.2510566301243278e-09,3.7487439302218855
288,01,-7.996820467572737e-06,16.024269751435966,52.92226850532075,0.00044667841542151673,7.2308413329791
291,04,-2.383696288773839e-05,-17.2942943037245,47.44735419490735,1.5020370483398438e-08,1.776840329636468
292,05,-3.0977665722578726e-05,-19.48317038226384,57.695412786129985,0.0,13.447643165608888
293,06,-3.491794925367785e-05,-29.63445593295627,48.58540389312637,0.0,15.360014124997457
294,07,-3.637924248004731e-05,-25.786057973554062,44.12265574810709,0.0,7.717995313931539
296,09,-2.437035215904568e-05,-12.497950702243381,40.21523504180775,0.0,8.71134063267178
297,10,-2.1305207502659715e-05,-2.352458050143333,49.86598729915773,1.9682761161558088e-06,5.868036298526231
298,11,-8.746191556262298e-06,13.336127873399521,55.471923015075255,0.0,9.657236481560602
299,12,-8.986315398414586e-06,16.75842543636855,56.42778465677845,1.2960655714875909e-05,8.24986906863797
300,01,-8.992702947169514e-06,20.66453995308825,64.87525535803712,0.0007110370653931812,12.400445861242154
301,02,-1.1818901434843997e-05,12.780648606925178,58.06078212638148,0.0004339445432027181,8.718364602428743
302,03,-1.5225630396960167e-05,1.0669384965794064,50.376974003080406,0.00020815543461871405,5.864473087290283
303,04,-2.4217375733618005e-05,-11.611916856553819,59.49211039767795,0.0,3.0342327328787904
304,05,-2.847669872224737e-05,-31.81054322043798,50.857990436966695,0.0,3.692849372720206
306,07,-3.5823426863228845e-05,-21.040274605699764,48.61712288511441,0.0,11.099155380125966
307,08,-3.442271008691844e-05,-10.630728795861687,53.4802156332962,0.0,7.505057596555321
308,09,-3.09724094837697e-05,1.3779368174235027,41.60773183429904,0.0,12.613644289016724
309,10,-1.9737982986943505e-05,10.8786054316695,45.96995730125903,0.0,11.938783076604208
311,12,-6.509792311736683e-06,12.651209838210898,41.13814304297201,0.000107577202140644,9.412742538349605
312,01,-1.0532949036563073e-05,27.835473567839585,50.62756816835045,0.0002284056717349637,13.787942452297413
313,02,-1.0796667724878803e-05,1.9850640389578682,54.967533898224424,0.00020228017086074463,-0.5147282207352782
314,03,-1.2645556585016247e-05,2.2825399281491516,62.992716266741034,0.002058747031355417,6.881408927343225
316,05,-3.3327865934669755e-05,-23.83920729967343,52.369123788558014,0.0,12.497400639995453
317,06,-3.715115132452208e-05,-30.632264646063906,50.84424858076307,0.0,10.793446467632718
318,07,-3.409394384040644e-05,-23.561669685609886,47.80977541725482,0.0,6.903388320861324
319,08,-3.320200081173924e-05,-14.21000237282374,41.28222914207624,0.0,7.691539144146827
320,09,-2.545146969718593e-05,-6.704652192857532,39.75358392157654,0.0,6.048352263323466
321,10,-1.7187334372416657e-05,10.538457600583316,41.694871458662455,0.0,6.321603889998569
322,11,-1.4535249143672345e-05,9.326381112670902,61.63253474075529,0.0005737135661972894,8.41573143863678
323,12,-9.12172876785682e-06,14.485518746324761,56.37181309181387,0.0003240881030277539,6.250331046853014
324,01,-6.5253165958961526e-06,7.280853728591756,43.42763289413273,0.00014880976241122009,-1.198527814270348
325,02,-8.8568046297561e-06,4.634872235616048,55.29220876641359,0.00010614823585464838,2.863534123965672
326,03,-1.3873502668170125e-05,-4.782673361173239,59.930227692120816,0.0004253186384836833,8.711972299124605
327,04,-2.37631702343909e-05,-18.782449027506512,53.65862876264652,0.0,13.231339445326062
328,05,-3.370682173148433e-05,-13.439136345319852,55.415879218805216,0.0,11.327168507647768
329,06,-3.4785863751151034e-05,-27.11431088460287,44.96967633606062,0.0,6.44561336379581
331,08,-3.203818718891423e-05,-14.970106861073484,56.166526000266416,0.0,5.139944788245744
332,09,-2.4569920312832332e-05,-1.9050392035590278,48.50952039943403,0.0,7.6637080093383805
334,11,-1.6638314112929544e-05,21.698549422539603,51.20864173750348,6.023910310533312e-08,16.657310976600645
335,12,-1.1844671387852061e-05,21.158474252352146,51.61357204472506,1.2561005930746755e-06,13.276590780688874
336,01,-1.3167410284109127e-05,32.71415653975292,54.798027210791915,7.495572490076866e-08,20.381366841223937
337,02,-9.635896793779033e-06,12.227102448962983,62.05461917357218,0.00012729246417681375,11.984527422791432
339,04,-2.5420359923575438e-05,-23.728481532796227,35.425640993569964,0.0,3.3506547569486838
340,05,-3.1186685044343005e-05,-23.42358186127037,55.67473245647261,0.0,10.869236741629978
341,06,-3.458860908376663e-05,-19.802041976589628,51.81401281598541,0.0,5.424472069888645
344,09,-2.677926907070085e-05,-2.246240928141275,48.58724766878287,0.0,8.22912563188341
345,10,-1.4836711174446523e-05,-1.5530790907336818,46.4751422240952,0.0,4.005545213678831
346,11,-1.4172945336880124e-05,15.984315191311307,55.0159122577058,8.570086956024171e-06,10.173234992345176
347,12,-9.103623443880553e-06,18.67049515623687,44.72693699303237,1.9495038576023557e-06,6.526885977427164
348,01,-9.98381483742544e-06,30.50790186531313,59.32570013750177,3.1635838170205394e-06,20.154622732100943
349,02,-9.733829621899499e-06,11.488472740085646,43.235250111784055,9.416011558181937e-06,12.265323426432992
350,03,-2.0140387961912898e-05,4.352542552004578,67.29393991330491,6.198341231192312e-05,15.45844951196896
352,05,-3.326288808405293e-05,-18.37616691179173,46.32872357566895,0.0,0.6533463385182041
353,06,-3.476253857051133e-05,-32.52892781643338,47.80475471985869,0.0,12.328733485349018
355,08,-3.3834556450724496e-05,-9.036356891591062,49.02626591384924,0.0,13.036809177316645
357,10,-1.8222273044254205e-05,6.518695762716314,54.30898137165141,1.0895472700877858e-09,13.949120030803067
359,12,-6.623100362498576e-06,8.910789440196046,51.189781416840454,3.1098793911677535e-05,3.3564824344881106
360,01,-6.219402897665034e-06,13.638463789416898,56.756673166043,0.00026115813434764905,4.487606855351436
361,02,-6.55127283612057e-06,7.2258432279314295,62.426701213981424,5.497220584324428e-05,6.029134575253441
362,03,-1.4006747319585248e-05,0.15545269151913163,60.10794240493287,4.5311066412156626e-07,9.182660163920414
363,04,-2.2896213735516033e-05,-13.763160278998479,44.90089633327524,7.51813252766927e-09,-0.685411971897549
364,05,-3.152253704363203e-05,-24.89160391596312,50.72287625494953,0.0,12.152716374838224
366,07,-3.995988693131167e-05,-23.939954596078525,46.67216465320125,0.0,12.934066957371208
367,08,-3.326769469126164e-05,-18.63527480389995,42.41847231385144,0.0,12.439483702608335
368,09,-2.396435872586961e-05,-8.675344586181641,43.626415080409586,0.0,5.422410661633809
369,10,-1.8213049179844e-05,4.716025361748153,49.256211021474606,0.0,10.755346892162034
370,11,-1.3997967538165946e-05,28.005924584282763,63.3120259418408,7.164478302001954e-09,16.328244664086235
372,01,-6.091251291421628e-06,2.9262350808420488,60.36061479552843,0.002126177963390145,4.086005965673795
373,02,-7.65345504045659e-06,5.717629487900508,61.53230691539674,0.0021790685525962285,8.026179726691472
374,03,-1.4227020407356234e-05,-0.1344084672825314,56.345688745778084,1.3550689143519247e-05,6.929926506247573
375,04,-2.4690822054900404e-05,-20.66956467929416,50.227940069592,2.4727185567220055e-07,6.223680580245124
376,05,-2.827942739082006e-05,-27.387183430333288,51.416537502500645,0.0,6.36290959364368
377,06,-3.182083758476639e-05,-35.711798379855686,43.71565713060168,0.0,5.184164862230089
378,07,-3.4407490462771055e-05,-31.11366353779454,49.13440625845617,0.0,10.114219836901592
379,08,-3.27152816781925e-05,-15.088779016966459,50.057286181364006,0.0,11.199890485086746
380,09,-2.3803562745282155e-05,-1.7829848341200085,47.799041656389505,0.0,7.507118406274583
381,10,-1.8914465963579488e-05,8.677334267236855,54.52403665949838,0.0,6.946783918237173
383,12,-7.738160395268594e-06,4.967533013128466,56.59717789244652,0.006288984498670025,9.098118736759309
384,01,-4.432973011169315e-06,15.641597058367989,49.85520389962581,0.000611914046349064,7.8899931685950175
385,02,-7.274441715534998e-06,7.353929252261208,64.81677477946593,0.00014321758775483995,12.228949002470287
387,04,-2.5035789431644346e-05,-14.869033695136176,49.48712501599656,0.0,3.5041900164074367
388,05,-3.0008848766624646e-05,-32.62149781881353,48.67582858574712,0.0,12.94653068993681
389,06,-3.4230032604055946e-05,-25.01744469502767,49.43961729888122,0.0,9.191161323695713
390,07,-3.7348723895911946e-05,-18.427609645064162,51.34294977803511,0.0,5.025835220500987
391,08,-3.274760770019843e-05,-10.64563058373236,50.85391145080519,0.0,14.01876132214454
392,09,-2.5484862159343414e-05,2.648160398695204,48.54894579696125,0.0,15.945109005716112
393,10,-1.916051529891168e-05,8.726722329416583,41.10612051369683,1.6692376905871977e-07,11.441918302064302
394,11,-8.12447487300637e-06,7.208228931681314,45.10324230610001,0.0,5.92565191201104
395,12,-1.2744765838047034e-05,29.389911852764826,62.27082245179138,8.855871231325211e-05,20.643361183248544
397,02,-6.941694202459045e-06,2.77444112036694,54.92825397600388,0.0013561625960229456,2.178728864450564
398,03,-1.1845709033173812e-05,-9.130659757880753,42.53471919810516,5.560450656439668e-06,4.415157397813695
400,05,-3.2719707248821014e-05,-19.41600187732328,54.71462800888861,0.0,6.590203753809776
401,06,-3.633841799156573e-05,-15.284035491265191,54.862410076340026,0.0,15.388559870190088
402,07,-3.9630504535585143e-05,-18.105863085346844,55.33667580591222,0.0,9.643338416766094
403,08,-3.664081436780238e-05,-14.530181596981583,48.63167088847007,0.0,11.868504572201799
404,09,-2.780254297756781e-05,-4.337274759928387,47.643611919113,0.0,13.954834382735358
405,10,-1.749340033099435e-05,6.576196681525118,62.883388684188155,1.6571373067876343e-08,14.909538201732023
406,11,-9.782895505729057e-06,13.286790387301977,48.36725960095062,0.0,12.563796591271297
408,01,-7.079607454118081e-06,9.77005108642578,59.36599973937003,0.0024007742763847433,11.252236509794832
409,02,-9.82560560788399e-06,1.2790957768758144,54.799641565576906,0.0007189501410438901,-1.159094538597833
410,03,-1.6003138249269338e-05,-14.11737674147083,62.83003596656937,0.00018706004465779953,4.0497559374942576
411,04,-2.0434202846445263e-05,-16.983018215264217,45.651346360141694,0.0,11.989419890530904
412,05,-2.7662325821888435e-05,-23.158452428017892,56.92952051083376,0.0,2.4006520103946807
413,06,-3.319209287441886e-05,-26.815010833062065,45.349666944320994,0.0,8.969547468270196
414,07,-3.405638901301333e-05,-27.630988150319745,40.32137145659744,0.0,6.063395621740689
416,09,-2.475842662511746e-05,-8.054260448540582,49.65095689521101,0.0,9.695096008894179
417,10,-1.765674730958508e-05,13.677036990258001,51.31546706972713,0.0,9.855143433540098
418,11,-1.2026654228591521e-05,13.685960133870443,60.59634180396663,8.762069013383654e-05,7.8996081568612
419,12,-9.44601224512954e-06,28.97793200421077,55.46996279250422,5.1136837210706475e-05,17.02456877497191
420,01,-8.580053124215514e-06,22.96357862870411,63.49304372530727,1.0653635506988855e-05,12.436592943314585
422,03,-1.6731313326227373e-05,-1.3453218475669946,47.843510205716214,6.519722682173533e-08,8.635303588846677
423,04,-2.3883861623916246e-05,-16.521862002224392,58.86005653639768,0.0,4.371208240678578
424,05,-3.2321809314922687e-05,-17.350711201329386,63.11191008513332,5.8457146408737335e-06,4.460978497023224
425,06,-3.645346474101341e-05,-28.120134918891054,43.231891095406475,0.0,8.551404417122734
426,07,-3.570791800838603e-05,-18.498887496784167,52.862582088247414,0.0,2.4712541101312127
427,08,-3.5946427165531874e-05,-15.756697428713563,51.75170243226714,0.0,11.565455817253357
428,09,-2.0748739615697153e-05,-9.244409510294595,35.08465283191469,0.0,4.304754424497816
429,10,-1.6616273676728237e-05,8.951883064844276,46.06859467966968,0.0,13.233899098078409
430,11,-1.0089955154782932e-05,6.784489759657117,59.376273723493675,3.112157185872396e-08,5.4755702130211725
431,12,-1.0581146033268115e-05,22.95546643394552,54.273882943514856,0.0004054831791949528,14.305220015987274
432,01,-9.2527426375611e-06,26.340960131573418,62.63006211892765,0.00016244323407450028,18.644701262320243
433,02,-8.153189459681882e-06,8.31590086110433,48.93550452213628,9.767446773392813e-05,2.498706819670541
434,03,-1.5915630637317265e-05,-1.6360386480515998,44.90566300547765,2.4049384619600027e-06,10.029118978069674
435,04,-2.4346638547669703e-05,-22.934988667466907,50.17846367060873,9.625487857394749e-09,10.873251885689628
436,05,-3.070366395367009e-05,-25.76910455847299,53.73915812349191,0.0,16.856304020481723
437,06,-3.477750818122634e-05,-31.860220404391814,46.7203716229452,0.0,14.235752619510228
439,08,-3.326061218056918e-05,-12.586229408838417,52.3345120203854,0.0,9.09200456961765
440,09,-2.5603061031688413e-05,-1.6679924726698132,46.654843129608366,0.0,4.154875349871318
442,11,-1.4898132296588707e-05,27.46974549831814,55.57987919455502,4.5776367187500004e-09,19.895228572103715
444,01,-9.004527324929857e-06,20.359526514525058,60.00615774854665,9.698816525038853e-05,14.172474664052327
445,02,-1.2519085415486441e-05,14.879537966322628,54.698993667597065,1.52496250196435e-05,15.577092767211214
447,04,-2.7581765115751797e-05,-20.820068422105575,57.557788026644126,1.3241238064236113e-07,10.033905906762017
448,05,-3.16294027814815e-05,-19.310568396455505,50.32535560724812,0.0,2.073139207963021
449,06,-3.356170396635004e-05,-23.02242342732747,60.87640379265148,0.0,5.402156425751581
450,07,-3.758493633006676e-05,-22.269790681900524,47.74635748879372,0.0,14.40303122233319
451,08,-3.3272750999810424e-05,-17.014684508621052,43.397001161080546,0.0,12.400393611907957
452,09,-2.4645985519115736e-05,-7.889081433783638,37.34792189491059,0.0,7.136507175445558
454,11,-1.1750765303218536e-05,10.89123139716254,54.5964946256227,3.956906927956475e-05,10.592714350276527
455,12,-4.447676278540448e-06,15.633635981405934,42.93341399640295,3.86891185596425e-06,10.629026270692066
456,01,-6.416161365773257e-06,12.223324068787278,48.97643718384928,0.00022398640519829207,3.00486104214576
457,02,-8.18821650381367e-06,12.903916228158135,62.959067062718525,0.00023337035661651976,8.4660046029545
459,04,-2.5679135762624757e-05,-26.331729773288306,46.84454056873057,0.0,9.407489323573644
462,07,-3.888270218750779e-05,-23.176640851420746,56.14024401203919,0.0,13.697072580809232
463,08,-3.333480648354688e-05,-12.395997953681537,44.035043613662005,0.0,13.987586888959333
464,09,-2.5415033401845397e-05,-5.530321179199219,52.86381167994076,0.0,8.872825825288562
465,10,-2.0550294828412475e-05,15.281469091599986,50.30405073937036,0.0,16.963595434599025
467,12,-7.748080553331723e-06,20.40142875687794,63.311030514205655,0.0006995919622400755,11.00165480297868
470,03,-1.3339704251535219e-05,-6.768148279333628,63.03257818707726,0.00012620726580260901,5.418887780302315
471,04,-2.4140652476206825e-05,-8.481860700141059,60.03202422682047,0.0,9.565616241603427
473,06,-3.447691067930363e-05,-33.33076165534125,39.74884000571834,0.0,5.857450155003866
475,08,-3.324744642680256e-05,-25.59706884437479,43.61733073811633,0.0,11.77572594638537
476,09,-2.7110998255941223e-05,-4.088550005425346,48.59134079140956,0.0,14.669336867396035
477,10,-1.717439320385384e-05,2.0582064438686585,44.893768001867876,1.104806956424508e-05,9.415437937746768
478,11,-1.049799736220949e-05,11.533768935139973,58.11769115721252,4.4242540995279946e-07,2.182743043751187
479,12,-7.425197422547768e-06,21.47761040308142,53.53903508252609,5.2109628595331655e-05,13.274201738193474
480,01,-8.170035396257738e-06,18.813249751593478,61.34680531404607,0.0003725200532585062,7.291034113053352
481,02,-8.232899953890454e-06,13.675333238874163,51.283400613031226,6.108944188980828e-05,10.586008830433798
482,03,-1.7898125718357898e-05,7.876527682396675,54.192069970153995,0.0,15.248105977909537
483,04,-2.786484313502215e-05,-15.88577495863173,41.53150874974462,0.0,-1.5698741665522258
484,05,-2.8741963674400066e-05,-37.081440074305384,54.09692304540707,0.0,7.031841904855544
485,06,-3.9525050331051005e-05,-23.208365014648436,47.86380608810849,0.0,8.609806874932184
486,07,-3.625940142692049e-05,-31.74150496025496,48.734570516079984,0.0,9.829136697256438
487,08,-3.404563471354698e-05,-17.337182702177312,41.57153246440298,0.0,12.387275987091884
488,09,-2.6543087166161665e-05,-4.24653964674208,45.73786681658825,0.0,13.203323169390362
489,10,-1.8569231195137014e-05,10.235854191605762,54.45598049366731,0.0,17.260129265016122
490,11,-1.0039879183467646e-05,10.335369747924807,64.20363267016013,0.0,4.349684637090895
491,12,-8.260583359534854e-06,25.078029959073632,56.60606037604423,0.0,14.065375561703918
492,01,-6.012859741277161e-06,22.106840989635838,48.67357203781476,1.4043623401272683e-08,12.273396517066544
493,02,-1.5386156723984276e-05,31.748662168305497,64.97568837541958,1.7729275528041798e-05,24.30691208471101
498,07,-3.552329937512147e-05,-24.55973527871409,49.31133174363516,0.0,16.479953436000375
499,08,-3.48960954878191e-05,-17.491402352609946,46.845165995435046,0.0,8.51712136036863
500,09,-2.4679065476549213e-05,-6.537764871215822,41.4254565234277,0.0,5.957221874258255
501,10,-1.848353834580477e-05,14.114419966174706,59.132486595437086,0.0,10.385557453668246
503,12,-6.893300624729055e-06,15.732371215492165,60.65007041392917,1.2867758350987586e-06,7.658956028005128
504,01,-7.860778656987515e-06,14.34612370152627,66.80461903254064,3.849816578690723e-05,10.133833827295609
505,02,-9.005972841740524e-06,9.622026147751583,54.51137783175566,0.0020311918883096605,11.546674844446638
506,03,-1.5948935392546162e-05,-0.9029574194467195,53.47545231677126,8.298632919147451e-08,7.127447119456466
507,04,-2.588563685021654e-05,-27.98602328389486,47.86236142485672,1.457011964586046e-05,6.313839817237854
508,05,-3.230829694098981e-05,-22.4746828918457,60.26473778712485,0.0,9.505540847839844
510,07,-3.6336240956178925e-05,-19.074829963273896,48.14752719921964,0.0,4.705716874132874
511,08,-3.444879628501263e-05,-12.903870650096605,45.419211714576655,0.0,7.435324650220974
512,09,-2.3354238802332672e-05,-7.743464881388346,41.71682162190013,0.0,5.674252790345087
