,month,MER,MSSHF,RH,NAO,ENSO
0,01,-7.186377549426466e-06,5.464709561255669,62.6901256937955,-2.12,0.47
2,03,-1.408509512223264e-05,7.08405715679866,62.090667984242096,0.41,-0.08
3,04,-2.191347909663616e-05,-15.59233038906521,62.41300571294825,-2.01,0.2
4,05,-2.839083756912113e-05,-16.16055940262989,64.02205650719006,-0.9,0.27
5,06,-3.330413338050373e-05,-22.16353809509278,52.028707694198026,1.92,-0.15
6,07,-3.0671342559486147e-05,-22.637875941122733,53.00265082314577,0.86,-0.14
7,08,-2.8487004876296853e-05,-12.56110269165039,50.14281140049425,1.11,0.44
8,09,-2.3132900744369383e-05,-4.023202255249023,42.3501046719922,1.13,0.38
9,10,-1.6345863611966567e-05,2.642213581372333,56.92965585534547,0.18,0.24
10,11,-1.1569333000928361e-05,13.890767045423724,49.679388139549886,0.42,0.52
11,12,-1.207531024335357e-05,24.691616260159407,64.98245628347064,0.84,0.65
12,01,-5.795284385228985e-06,8.867661568262244,49.01821534482766,-1.38,0.35
13,02,-7.359469057738698e-06,6.865867059466484,53.581606617508264,-0.39,0.19
14,03,-1.4070489600584629e-05,-6.186828353717764,55.02083505403355,-0.73,0.41
15,04,-2.282624180893941e-05,-17.872287172783746,48.97103869282801,1.26,0.59
16,05,-2.9285246377967465e-05,-30.998830406271004,47.47244699586335,-1.34,0.55
17,06,-3.014735746900341e-05,-26.066622504679362,62.37913317463399,-0.07,0.62
18,07,-3.1905643976779664e-05,-14.025872309859079,48.67037434149174,-0.39,0.62
19,08,-3.1051088017916934e-05,-11.540256553403795,47.008779259716306,-3.01,0.15
20,09,-2.365392635981859e-05,-3.0327022542317708,42.946886476458445,0.79,0.2
21,10,-2.1172643707369163e-05,7.590982919672484,58.4636376896443,-1.41,0.09
22,11,-1.4279194747299093e-05,14.235161112806532,54.54851769668525,-0.52,-0.03
23,12,-7.873070872231058e-06,26.063403682913826,61.380955716897084,0.63,-0.06
24,01,-7.860688640385075e-06,20.899533713063885,47.875411116570554,-0.08,-0.33
25,02,-8.991757432514056e-06,2.888394768487839,50.11619150138895,0.6,-0.24
27,04,-2.2320882245185202e-05,-19.334173597547743,50.02077896680037,0.25,0.41
28,05,-3.0310256707952082e-05,-17.47440350473055,59.34436809112436,0.24,-0.27
30,07,-3.173775886429094e-05,-20.80200322239373,49.75860673643311,0.08,-0.51
32,09,-2.269007780640903e-05,-3.5648343312581385,46.85175361700852,-1.27,-0.01
34,11,-1.4328458308167076e-05,19.586548003133142,54.57233108670976,-0.53,-0.22
35,12,-7.687594037497059e-06,8.885675470167591,67.75924336626196,-0.11,-0.16
36,01,-5.276928763964617e-06,11.574925520045783,58.01885871766587,-1.55,-0.38
37,02,-7.864293709969517e-06,5.468580898829869,51.56958197040644,0.86,-0.47
38,03,-1.6001877676116956e-05,1.792558938959594,55.95160838729334,0.8,-0.28
39,04,-2.3437909088230905e-05,-21.874123499891493,46.11000325809585,-0.04,-0.34
40,05,-2.9170486620455693e-05,-20.4214844770534,47.92201473479629,-0.44,-0.03
41,06,-3.17826830204164e-05,-27.949367026435006,48.16991035015053,-1.34,0.78
42,07,-3.416977696542745e-05,-21.999847670688425,39.2781192299025,1.18,1.79
43,08,-3.1963929242763654e-05,-15.790871219429917,46.55304641459066,0.21,2.02
45,10,-1.6551261839878706e-05,3.491510892150223,54.79260846710333,-0.29,1.93
47,12,-1.0313162028783104e-05,17.753608460457098,55.75187243828721,1.56,2.48
48,01,-1.1369238679367056e-05,31.70380508160335,51.86229076744793,1.34,2.57
50,03,-1.3839232150540515e-05,-0.5926843497983868,57.115805566785156,0.59,2.68
51,04,-2.090864053300013e-05,-10.60586452026367,65.75529212030038,-1.07,2.79
52,05,-2.6606813441591635e-05,-11.409518621957432,66.050863289825,-0.01,2.89
53,06,-3.6603149109497395e-05,-25.008415187242296,46.266101067479454,1.31,2.02
56,09,-2.725831751290065e-05,0.9693071214463977,44.86737590899468,-0.95,-0.41
57,10,-2.1395454446465794e-05,12.186390243366201,47.91972020449689,1.22,-0.43
58,11,-9.367185011372688e-06,10.117007967122396,41.05919099200301,-1.16,-0.43
59,12,-8.522425015388596e-06,21.808005747805364,57.410435429080856,0.18,-0.43
60,01,-1.1848107099418698e-05,28.771229348787696,56.9102486772409,1.42,-0.5
62,03,-1.3818876191033916e-05,-6.2181760956138685,56.610379949503034,-0.79,-0.11
63,04,-2.3066575134180317e-05,-21.124448284233942,53.13685258980724,-0.45,0.09
64,05,-2.301351515928619e-05,-21.276121071107926,61.30564291210714,0.55,-0.47
65,06,-3.0384449369921637e-05,-25.249517172580298,53.14751710217263,-0.12,-0.72
66,07,-3.052118788760435e-05,-16.333257173927887,51.58020934386151,-0.04,-0.31
68,09,-2.2138291550658728e-05,-0.809648367987739,66.94727416271104,0.31,-0.11
69,10,-1.5594664512004833e-05,12.420039781796033,52.5519555827328,0.43,-0.15
70,11,-1.2000811908506469e-05,17.20852971835666,62.11537896577253,-0.2,-0.58
71,12,-7.343828446024142e-06,12.754345215500043,59.86620702467682,-0.09,-0.31
72,01,-6.201572312694294e-06,7.789162023728894,59.71689801232405,-2.38,-0.25
73,02,-7.646551471441942e-06,-7.170963860648018,49.17462651499538,-1.0,-0.58
74,03,-1.1304150707112197e-05,-2.56875498781922,68.34861116093205,-0.19,-0.6
77,06,-3.090711121482552e-05,-17.990251360066733,61.34983533646531,-0.5,-0.57
78,07,-3.447742918110781e-05,-15.274860501197074,50.75858460182529,1.25,-0.02
79,08,-3.3271033724499884e-05,-4.3656862228557625,49.79625837316948,-0.74,-0.37
80,09,-2.244669017984254e-05,-3.3109654418945316,48.444472670045165,-0.36,-0.44
81,10,-1.5745955748394817e-05,1.4800897167574978,41.847355274659336,1.49,-0.04
82,11,-1.5779393952086846e-05,2.730464919026692,53.6031213278585,-0.84,0.0
83,12,-6.748697063030508e-06,22.216181771555252,62.92255071562849,0.11,-0.34
84,01,-1.0488508364736625e-05,25.802121266682942,67.17732922877546,0.78,-0.36
85,02,-9.105866422227595e-06,-15.737989101954868,41.279925076501705,-1.58,-0.3
86,03,-1.09558865346488e-05,2.199697240357758,53.96111336709735,1.39,-0.39
88,05,-3.1224375424332516e-05,-18.680161248648037,54.14751819698144,0.84,-0.18
89,06,-3.5890827366468634e-05,-24.274000357055662,43.53411597645681,1.54,0.12
90,07,-3.000731417455182e-05,-30.125119514383297,48.19723509739805,0.15,0.56
91,08,-3.1366839325049225e-05,-20.726613564768147,49.22354232249208,-1.53,1.05
92,09,-2.1116000810717296e-05,-5.870355172729491,52.886519872754164,-0.95,1.31
94,11,-1.2770530823662637e-05,20.62896745435927,57.76803370095226,2.27,0.65
95,12,-1.128779906788603e-05,28.043287035542146,58.52688881322774,0.83,1.06
97,02,-5.771432554432804e-06,6.824847212655203,67.52644709656069,-1.27,1.08
98,03,-1.3287096029671374e-05,-5.803373095440609,55.151999684815046,-0.26,1.47
99,04,-2.2575659647211267e-05,-11.442104777696397,52.015024873095086,2.03,1.66
100,05,-2.791426425801057e-05,-28.103053294192083,60.924986691195485,0.96,1.91
102,07,-3.379324687933062e-05,-20.07741719498173,55.40260847481861,0.55,1.92
103,08,-3.0242934917310693e-05,-13.572054321945357,50.633880177582476,-1.19,1.48
104,09,-2.5696148892024614e-05,-3.969099077690972,51.22118268649578,-1.04,1.23
105,10,-1.9746457593286597e-05,13.28605210072507,59.41998880579267,0.66,1.13
106,11,-1.2423982501220758e-05,8.69252590874566,58.77474638277293,0.06,0.85
107,12,-5.659096497726741e-06,10.619382738339004,50.16868590621025,0.21,0.75
108,01,-9.400724827868036e-06,23.76198229324177,64.8158600401199,0.68,0.59
109,02,-1.553154618433063e-05,17.196350676788683,61.10995617006565,0.42,0.31
110,03,-1.4791143874625109e-05,4.141464673442225,71.63935923557511,-0.58,0.19
112,05,-3.182606770285695e-05,-15.882362545546664,52.83810746537357,0.64,-0.36
113,06,-2.7714982728361462e-05,-28.63852083367242,47.29024293223089,1.19,-1.19
114,07,-3.385038605679304e-05,-9.511822006717805,59.07058047961163,-0.32,-1.77
115,08,-3.211179117533902e-05,-13.866469908683532,47.473473327189375,-0.07,-1.79
116,09,-2.5435363158006416e-05,2.907980506727431,49.177534459747214,-0.82,-1.77
117,10,-1.6347254436593455e-05,7.273599919801116,47.520342997120274,-0.66,-1.54
118,11,-1.0307503538792339e-05,7.8851572241889105,46.36847800110711,-0.49,-1.61
120,01,-5.490775168401608e-06,12.580168148245866,46.32122026583841,0.85,-1.09
121,02,-1.1993180484209699e-05,15.243881237211681,52.799659086113884,1.82,-1.06
122,03,-1.7582771425163286e-05,5.919001820882161,61.97907953674307,1.54,-1.2
123,04,-2.3728384267512105e-05,-15.711892689005532,62.36782957411343,0.16,-1.09
124,05,-3.2913617601255e-05,-32.404015432706444,43.15242019264416,1.33,-1.04
125,06,-3.3498540398290464e-05,-35.047065074327264,55.710710440916486,0.03,-1.02
126,07,-3.3625666249610085e-05,-27.510599928661055,42.19065745926929,1.0,-1.12
128,09,-2.1827326350689368e-05,-6.781363076782227,44.02462579022247,2.15,-0.61
129,10,-1.9913688146604526e-05,14.103063629806684,48.60193847477949,0.48,-0.56
130,11,-1.311930024130561e-05,7.912713109334308,43.72629240063826,0.03,-0.33
132,01,-9.708490018202875e-06,23.531725362798216,54.619796854420386,0.7,0.12
133,02,-1.709957590030951e-05,31.83555304718018,59.52337883048256,1.16,0.43
135,04,-2.7999317039636173e-05,-19.276666238742408,46.732171709169286,2.03,0.17
136,05,-3.125298669270236e-05,-34.3688931694441,36.06377147361027,-1.37,0.03
138,07,-3.559518055198981e-05,-33.07448882301904,37.832517702871755,0.56,0.17
139,08,-2.897321149455781e-05,-28.290339532667595,47.590817581110095,1.12,0.06
140,09,-2.7407515947157255e-05,-3.6402964202880854,48.108384553693405,1.18,0.21
141,10,-1.8407037761653066e-05,10.48773665069252,49.92561818830045,0.76,-0.06
144,01,-9.804670876438911e-06,24.167181801416536,38.86062395377826,0.49,0.16
145,02,-6.996622216688376e-06,0.507544446309408,46.996895068120395,0.74,0.08
146,03,-1.2629808311264428e-05,-0.5304674036169569,53.76618897918476,-0.61,0.21
149,06,-2.987989489524302e-05,-20.686577268473304,57.62339900992447,-0.52,0.89
150,07,-3.606362330103894e-05,-12.26554677852508,46.37869990175771,-0.46,0.88
153,10,-2.004618059737534e-05,2.17344532234438,45.307421456006274,0.3,1.09
154,11,-1.4646135411648073e-05,14.444811823866104,60.08639300202131,0.37,1.17
155,12,-7.654158530845394e-06,17.942148733159545,42.031411531264894,0.34,1.29
156,01,-5.988280283046514e-06,9.900324605634134,41.55076964045469,-0.66,1.7
157,02,-7.568776633878318e-06,10.513905402874128,42.596786469010105,0.77,1.59
159,04,-2.3724830210206465e-05,-12.979907084147134,60.15185276207658,1.88,1.98
160,05,-3.502280750303383e-05,-18.415903687507882,37.98684394011575,2.49,1.69
162,07,-3.3542465003026134e-05,-26.574038988010855,46.61348771423679,0.19,0.76
163,08,-3.290884278264643e-05,-13.404264240552024,52.83446418771308,0.97,0.08
164,09,-2.5466491539959356e-05,-1.4094354346381297,48.6797681992597,-0.28,0.5
165,10,-1.9484351597922247e-05,1.9587082073252686,58.379234332862715,-1.4,0.81
166,11,-1.321692710625939e-05,23.694389510769323,50.96693710040848,1.12,0.73
169,02,-8.449411843078754e-06,-1.1622854381742926,41.2482318814184,0.12,0.93
171,04,-2.191761210872048e-05,-4.539731902737087,59.59964808656376,0.91,0.98
172,05,-3.0932743489659034e-05,-26.541132331437964,51.168041845343446,-0.67,1.48
173,06,-3.281592492067931e-05,-24.277929318237305,46.836056776909025,-0.29,1.5
174,07,-3.3366269429406925e-05,-23.52127023184171,53.23872095220833,-3.14,0.91
175,08,-3.234485571499712e-05,-11.285276480397874,49.79429166342623,0.03,0.62
176,09,-2.2725771390226628e-05,-2.4448908416748045,57.50485973500145,-0.41,0.64
177,10,-1.798888249350155e-05,2.3637267239478326,43.9463890340828,-0.26,0.95
178,11,-1.1587640056374466e-05,-1.8295716874864363,52.225245416957804,2.56,0.7
181,02,-9.681430163471391e-06,-2.9269207930791947,54.97462990093799,0.08,-0.17
182,03,-1.5868986940443404e-05,12.424105568506382,56.25959003628518,0.92,-0.21
183,04,-2.4481364455176743e-05,-15.54007357143826,53.21672202842236,1.1,0.03
184,05,-2.8615912740195944e-05,-19.306992470361852,50.8592781971834,-0.48,0.0
185,06,-3.390126228795352e-05,-22.424498955281575,49.86442946763436,1.84,0.25
187,08,-3.527003988845888e-05,-15.806742182249662,41.714041907468136,0.36,0.84
188,09,-2.649383951805552e-05,-2.2674784339057075,50.77799905458556,-1.14,1.06
189,10,-1.8016295581522476e-05,4.47270425086893,52.33998963107474,-0.54,1.47
191,12,-1.093666692604627e-05,22.757288210632986,53.902280609893545,1.78,0.87
192,01,-1.2804497735976505e-05,25.385474410518523,57.77612080058489,0.57,0.77
194,03,-2.219248033328259e-05,-0.5256330294045062,56.57506640008187,0.91,0.14
196,05,-3.3250014936618425e-05,-29.631465932538433,52.844916530618114,-1.33,0.16
198,07,-3.591561413959817e-05,-25.92438248894804,39.340810654867084,-0.19,-0.25
200,09,-2.6222378082234683e-05,-4.395296908230251,54.09243484116659,0.45,-0.86
203,12,-8.991161045966975e-06,-5.598886509064706,48.51484771922968,-1.64,-0.82
206,03,-1.2827322511164368e-05,-10.990242480862525,51.72073062135199,-0.66,-0.64
207,04,-2.0502408365953464e-05,-21.604367342122394,58.54018084150156,-0.33,-0.69
208,05,-2.4253428110207234e-05,-26.022296560964275,51.92535755428705,-0.93,-0.83
209,06,-2.8253365109311642e-05,-38.732165323215064,41.61192797080808,0.87,-0.9
210,07,-3.142641031134248e-05,-27.054918192217425,49.82263012584947,0.7,-0.76
212,09,-2.534073391895315e-05,-7.00570699428982,43.673043699496326,-0.69,-0.26
213,10,-1.7171301486478214e-05,8.106230379494288,51.02844809201841,0.15,-0.31
214,11,-1.4551765714713837e-05,14.46901237657335,58.72207561985916,-0.72,-0.3
215,12,-8.836182103413613e-06,1.1414017176474303,51.832999992789766,-1.4,-0.45
216,01,-3.583592048936e-06,-1.2817189340899076,35.36421269791357,-1.08,-0.66
217,02,-9.97768289436776e-06,28.48145621345157,61.04910012837534,1.48,-0.72
218,03,-1.2413017713795421e-05,-3.0697627356744577,49.8996438915832,1.13,-0.29
219,04,-2.201332183204714e-05,-17.60772253417969,50.15108422283994,-1.25,0.17
220,05,-3.085946982284968e-05,-22.07697987414944,55.658551038389554,-0.21,0.68
222,07,-3.376502295814329e-05,-20.43258258581674,48.29218798171063,0.37,2.11
223,08,-3.064838395117496e-05,-15.397676236060358,39.11490551742816,0.94,2.2
224,09,-2.7053925191669103e-05,-10.968042353990342,40.873450344501606,0.74,2.17
227,12,-9.893875752236308e-06,16.98351939342868,60.12797338394067,-0.98,2.03
228,01,-1.1099072907757458e-05,24.386054642872143,54.87726956107148,-0.05,2.23
229,02,-7.893391973560764e-06,12.879144769577753,54.623768248409036,-0.57,2.43
230,03,-1.582076560769428e-05,4.910139277304372,64.38913835901599,0.51,2.27
231,04,-2.2395207648413717e-05,-10.670934447903104,67.35853829729425,-0.88,2.55
232,05,-3.182257207745645e-05,-20.036693252071256,51.31070372274871,-1.17,2.26
233,06,-3.4082233544055876e-05,-13.138249787733287,60.09514157660935,-2.44,0.37
234,07,-3.6390916169732936e-05,-13.917790471887077,46.5719772114318,-0.45,-1.42
235,08,-3.4686337675251e-05,-19.754633603331865,40.27667498864153,-0.15,-1.74
236,09,-2.4247977624205914e-05,0.3736279635959201,55.41774919654528,-1.8,-1.31
237,10,-2.3367591303340108e-05,14.50471792602539,57.49670259841796,0.2,-1.21
238,11,-1.186565926222506e-05,4.6568576497395835,50.09492808050447,-0.43,-1.3
239,12,-8.802920268002493e-06,22.454611907630838,51.308709990082264,0.72,-1.25
240,01,-9.430198710966792e-06,24.63400003675235,61.44896206574927,0.39,-1.26
241,02,-1.079772392194216e-05,13.779260249546594,59.85849182345754,-0.11,-1.18
242,03,-1.3397230129969535e-05,-0.9194605676794566,60.6708199271861,-0.16,-1.11
243,04,-2.54553507465769e-05,-17.42901027967665,53.24983413987689,-1.18,-1.17
244,05,-3.422614240797327e-05,-20.88572949317194,50.723297991629586,0.9,-1.36
247,08,-3.318467006672979e-05,-13.657699137697938,45.50563225292391,0.38,-1.07
249,10,-2.1588807777500546e-05,5.981483147405809,48.24640764357326,0.73,-1.31
250,11,-1.3179962080519347e-05,12.654008286878799,52.50058610761298,0.55,-1.33
252,01,-6.553396535759588e-06,18.42038040095504,45.80448549491872,0.19,-1.26
255,04,-2.355722367422762e-05,-12.813957029554578,60.681698268123455,-0.18,-0.93
256,05,-3.550879427684679e-05,-19.147158501081563,47.704144963514416,1.52,-0.97
257,06,-3.750390542944741e-05,-27.016546727159287,42.780413097916714,0.28,-1.14
258,07,-3.168135436499142e-05,-21.668345875401656,51.88578506780696,-1.0,-0.58
259,08,-3.0941285219664524e-05,-19.063545700565466,39.65101154342005,-0.5,-0.08
260,09,-2.4486756719630248e-05,-2.020394458007812,56.817002186003,-0.06,-0.36
261,10,-2.1893689024856883e-05,11.235235126454343,57.40779917159772,1.51,-0.55
262,11,-1.5146696185204038e-05,20.892512133110895,68.07071139411661,-1.1,-0.91
263,12,-1.1904006665214989e-05,20.81303864280127,63.79751548051194,-0.63,-0.8
264,01,-6.723928980547147e-06,14.384707934964087,53.25762820807451,-0.22,-0.82
265,02,-9.421481274265325e-06,7.153048214503697,61.79020408172125,0.07,-0.87
266,03,-1.3063552253355424e-05,-6.242824222359606,58.59238742218351,-1.73,-0.79
267,04,-2.4765318735565716e-05,-15.737299090576174,60.65160554169682,-0.15,-0.61
268,05,-3.372209000100225e-05,-25.790908090242777,45.58359570831253,0.03,-0.58
269,06,-3.303585196628976e-05,-31.827683939954966,48.06642211600013,0.11,-0.71
270,07,-3.6646507612448495e-05,-24.41304970722813,43.035889669943884,-0.22,-0.02
271,08,-3.349079792080317e-05,-13.273838911159066,49.470468634774605,-0.22,0.34
272,09,-2.8629883362433853e-05,-3.361749937269423,60.89090815499625,-0.49,-0.07
273,10,-1.872843477780094e-05,15.499699002173642,52.0420637966638,0.25,-0.25
274,11,-1.4045017091525046e-05,9.019137569173179,50.75557469189433,0.53,-0.32
275,12,-9.904081011676856e-06,14.487402564920403,52.82181985401466,-0.86,0.02
276,01,-6.60295483731882e-06,23.604068570044735,51.65779350411636,0.0,0.07
278,03,-1.718439095667989e-05,-2.8514695644583754,52.573686629964456,0.32,-0.2
279,04,-2.4829810814864887e-05,-14.182246478949653,49.20558492463959,1.14,-0.36
280,05,-3.0134792006426703e-05,-17.31557953963741,52.31226475243542,-0.15,-0.1
281,06,-3.5836119472898846e-05,-20.466573669433593,50.7506326838851,0.69,0.4
282,07,-3.594073215623134e-05,-17.96138944137737,48.60045512300026,0.65,0.42
284,09,-2.726855740998468e-05,-6.606480073716904,41.46046437310777,-0.54,0.84
285,10,-2.2813934475604865e-05,5.003235001430717,55.25826176021304,-1.97,0.79
286,11,-9.433203981300014e-06,10.082439758300783,57.335292302331666,-0.32,0.76
287,12,-9.155090198257839e-06,-0.601292420089886,52.83887711868107,-0.96,0.86
289,02,-9.213011075579354e-06,1.6289639434814458,40.65915042115535,0.26,0.62
290,03,-1.4304734281419465e-05,-4.024482163624097,45.80751552796749,-0.07,0.53
291,04,-2.383696288773839e-05,-17.2942943037245,47.44735419490735,-0.34,-0.08
293,06,-3.491794925367785e-05,-29.63445593295627,48.58540389312637,0.24,-0.07
295,08,-3.1032737283929096e-05,-31.771135562691633,39.36124998163152,-0.22,0.01
296,09,-2.437035215904568e-05,-12.497950702243381,40.21523504180775,0.16,0.14
297,10,-2.1305207502659715e-05,-2.352458050143333,49.86598729915773,-0.86,0.26
298,11,-8.746191556262298e-06,13.336127873399521,55.471923015075255,0.77,0.29
299,12,-8.986315398414586e-06,16.75842543636855,56.42778465677845,0.5,0.1
300,01,-8.992702947169514e-06,20.66453995308825,64.87525535803712,-0.85,0.16
301,02,-1.1818901434843997e-05,12.780648606925178,58.06078212638148,-0.6,-0.04
302,03,-1.5225630396960167e-05,1.0669384965794064,50.376974003080406,0.67,-0.44
303,04,-2.4217375733618005e-05,-11.611916856553819,59.49211039767795,1.11,-0.23
304,05,-2.847669872224737e-05,-31.81054322043798,50.857990436966695,0.23,-0.44
305,06,-3.421590459786078e-05,-30.121984181382924,54.56608841220009,-0.59,-0.34
306,07,-3.5823426863228845e-05,-21.040274605699764,48.61712288511441,1.16,0.43
307,08,-3.442271008691844e-05,-10.630728795861687,53.4802156332962,-0.74,0.74
308,09,-3.09724094837697e-05,1.3779368174235027,41.60773183429904,0.52,0.54
309,10,-1.9737982986943505e-05,10.8786054316695,45.96995730125903,-0.69,0.34
310,11,-1.219442167142309e-05,8.63346869269477,52.650442458646836,0.63,0.51
311,12,-6.509792311736683e-06,12.651209838210898,41.13814304297201,1.03,0.51
315,04,-2.402455134354872e-05,-12.38321820203993,55.9102142579476,-0.47,0.13
317,06,-3.715115132452208e-05,-30.632264646063906,50.84424858076307,0.26,0.2
318,07,-3.409394384040644e-05,-23.561669685609886,47.80977541725482,-0.48,-0.02
319,08,-3.320200081173924e-05,-14.21000237282374,41.28222914207624,0.35,-0.01
320,09,-2.545146969718593e-05,-6.704652192857532,39.75358392157654,0.76,-0.05
321,10,-1.7187334372416657e-05,10.538457600583316,41.694871458662455,-0.55,-0.71
322,11,-1.4535249143672345e-05,9.326381112670902,61.63253474075529,-0.46,-0.75
323,12,-9.12172876785682e-06,14.485518746324761,56.37181309181387,-0.5,-0.73
325,02,-8.8568046297561e-06,4.634872235616048,55.29220876641359,-1.02,-0.5
326,03,-1.3873502668170125e-05,-4.782673361173239,59.930227692120816,-1.75,-0.61
328,05,-3.370682173148433e-05,-13.439136345319852,55.415879218805216,-1.01,-0.43
329,06,-3.4785863751151034e-05,-27.11431088460287,44.96967633606062,1.15,-0.23
331,08,-3.203818718891423e-05,-14.970106861073484,56.166526000266416,-2.35,0.56
334,11,-1.6638314112929544e-05,21.698549422539603,51.20864173750348,0.33,0.9
335,12,-1.1844671387852061e-05,21.158474252352146,51.61357204472506,1.15,0.59
336,01,-1.3167410284109127e-05,32.71415653975292,54.798027210791915,-0.25,0.62
337,02,-9.635896793779033e-06,12.227102448962983,62.05461917357218,-0.98,0.39
338,03,-1.969343553138324e-05,2.858439688077537,50.951221448258686,1.11,-0.22
339,04,-2.5420359923575438e-05,-23.728481532796227,35.425640993569964,0.04,-0.36
340,05,-3.1186685044343005e-05,-23.42358186127037,55.67473245647261,0.66,-0.44
341,06,-3.458860908376663e-05,-19.802041976589628,51.81401281598541,-1.01,-0.86
343,08,-3.430768915528969e-05,-11.902402343421853,46.669440629773256,-0.31,-0.93
344,09,-2.677926907070085e-05,-2.246240928141275,48.58724766878287,0.85,-1.1
345,10,-1.4836711174446523e-05,-1.5530790907336818,46.4751422240952,1.0,-1.14
346,11,-1.4172945336880124e-05,15.984315191311307,55.0159122577058,0.48,-1.13
347,12,-9.103623443880553e-06,18.67049515623687,44.72693699303237,0.23,-1.22
349,02,-9.733829621899499e-06,11.488472740085646,43.235250111784055,0.38,-1.27
350,03,-2.0140387961912898e-05,4.352542552004578,67.29393991330491,-0.32,-1.54
351,04,-2.446588194630345e-05,-15.287676639472116,50.48518859204715,-1.31,-1.13
352,05,-3.326288808405293e-05,-18.37616691179173,46.32872357566895,-1.55,-0.98
353,06,-3.476253857051133e-05,-32.52892781643338,47.80475471985869,-1.09,-0.86
354,07,-3.577182100015043e-05,-18.878891244211506,53.425692884929724,-1.24,-0.87
355,08,-3.3834556450724496e-05,-9.036356891591062,49.02626591384924,-1.62,-1.08
356,09,-2.5189189388381943e-05,-2.5223080678304033,46.95382839618127,1.14,-1.07
357,10,-1.8222273044254205e-05,6.518695762716314,54.30898137165141,0.47,-1.12
358,11,-1.2143508331428165e-05,12.723418456013999,55.05112889809742,-0.47,-1.05
359,12,-6.623100362498576e-06,8.910789440196046,51.189781416840454,-0.35,-1.05
360,01,-6.219402897665034e-06,13.638463789416898,56.756673166043,-0.52,-1.01
361,02,-6.55127283612057e-06,7.2258432279314295,62.426701213981424,-0.38,-0.85
362,03,-1.4006747319585248e-05,0.15545269151913163,60.10794240493287,0.19,-0.94
363,04,-2.2896213735516033e-05,-13.763160278998479,44.90089633327524,-0.36,-0.81
364,05,-3.152253704363203e-05,-24.89160391596312,50.72287625494953,1.61,-0.72
365,06,-3.4585202314802804e-05,-32.20444840494791,47.13420631794532,-0.91,-0.06
371,12,-8.896478755051119e-06,9.686923075029926,62.37685010996686,-1.88,0.96
372,01,-6.091251291421628e-06,2.9262350808420488,60.36061479552843,-1.8,0.93
373,02,-7.65345504045659e-06,5.717629487900508,61.53230691539674,-2.69,1.28
374,03,-1.4227020407356234e-05,-0.1344084672825314,56.345688745778084,-1.33,1.31
375,04,-2.4690822054900404e-05,-20.66956467929416,50.227940069592,-0.93,0.49
376,05,-2.827942739082006e-05,-27.387183430333288,51.416537502500645,-1.33,-0.17
377,06,-3.182083758476639e-05,-35.711798379855686,43.71565713060168,-0.52,-1.33
378,07,-3.4407490462771055e-05,-31.11366353779454,49.13440625845617,-0.39,-2.43
379,08,-3.27152816781925e-05,-15.088779016966459,50.057286181364006,-1.69,-2.4
381,10,-1.8914465963579488e-05,8.677334267236855,54.52403665949838,-0.5,-2.18
382,11,-1.1904203317903414e-05,4.708053307088217,64.34552551558414,-1.84,-2.04
383,12,-7.738160395268594e-06,4.967533013128466,56.59717789244652,-1.8,-1.91
384,01,-4.432973011169315e-06,15.641597058367989,49.85520389962581,-1.53,-1.83
385,02,-7.274441715534998e-06,7.353929252261208,64.81677477946593,0.35,-1.63
386,03,-1.235675504704564e-05,-6.3443144091534345,43.386579177287324,0.24,-1.79
387,04,-2.5035789431644346e-05,-14.869033695136176,49.48712501599656,2.55,-1.74
389,06,-3.4230032604055946e-05,-25.01744469502767,49.43961729888122,-0.98,-1.08
390,07,-3.7348723895911946e-05,-18.427609645064162,51.34294977803511,-1.48,-0.86
391,08,-3.274760770019843e-05,-10.64563058373236,50.85391145080519,-1.85,-0.88
392,09,-2.5484862159343414e-05,2.648160398695204,48.54894579696125,0.67,-1.16
393,10,-1.916051529891168e-05,8.726722329416583,41.10612051369683,0.94,-1.37
394,11,-8.12447487300637e-06,7.208228931681314,45.10324230610001,1.3,-1.21
396,01,-9.557997748420493e-06,23.492998173539362,55.985124487241116,0.86,-1.08
397,02,-6.941694202459045e-06,2.77444112036694,54.92825397600388,0.03,-0.67
399,04,-2.412122515035865e-05,-15.116672309705946,65.52592149374486,0.37,-0.43
401,06,-3.633841799156573e-05,-15.284035491265191,54.862410076340026,-2.25,-0.28
402,07,-3.9630504535585143e-05,-18.105863085346844,55.33667580591222,-1.29,0.3
403,08,-3.664081436780238e-05,-14.530181596981583,48.63167088847007,-1.39,-0.06
405,10,-1.749340033099435e-05,6.576196681525118,62.883388684188155,-1.73,-0.22
406,11,-9.782895505729057e-06,13.286790387301977,48.36725960095062,-0.74,-0.07
407,12,-8.270612005098982e-06,23.135962751162953,68.44660146777348,0.07,-0.07
408,01,-7.079607454118081e-06,9.77005108642578,59.36599973937003,-0.11,-0.05
409,02,-9.82560560788399e-06,1.2790957768758144,54.799641565576906,-0.96,-0.07
410,03,-1.6003138249269338e-05,-14.11737674147083,62.83003596656937,-2.09,-0.14
413,06,-3.319209287441886e-05,-26.815010833062065,45.349666944320994,0.83,-1.18
414,07,-3.405638901301333e-05,-27.630988150319745,40.32137145659744,0.7,-0.85
415,08,-3.2683108437937644e-05,-17.84199171037572,39.46305893081491,1.12,-0.5
416,09,-2.475842662511746e-05,-8.054260448540582,49.65095689521101,0.38,-0.38
417,10,-1.765674730958508e-05,13.677036990258001,51.31546706972713,-0.88,-0.16
418,11,-1.2026654228591521e-05,13.685960133870443,60.59634180396663,0.81,-0.18
419,12,-9.44601224512954e-06,28.97793200421077,55.46996279250422,0.79,-0.35
420,01,-8.580053124215514e-06,22.96357862870411,63.49304372530727,-0.17,-0.51
421,02,-1.1990748406116751e-05,26.598223410470148,61.15281964255657,1.07,-0.43
422,03,-1.6731313326227373e-05,-1.3453218475669946,47.843510205716214,0.44,-0.08
423,04,-2.3883861623916246e-05,-16.521862002224392,58.86005653639768,0.19,-0.16
424,05,-3.2321809314922687e-05,-17.350711201329386,63.11191008513332,-0.8,-0.18
425,06,-3.645346474101341e-05,-28.120134918891054,43.231891095406475,-0.67,-0.01
427,08,-3.5946427165531874e-05,-15.756697428713563,51.75170243226714,-2.28,0.16
428,09,-2.0748739615697153e-05,-9.244409510294595,35.08465283191469,1.72,-0.15
429,10,-1.6616273676728237e-05,8.951883064844276,46.06859467966968,-0.87,0.07
430,11,-1.0089955154782932e-05,6.784489759657117,59.376273723493675,0.58,0.34
431,12,-1.0581146033268115e-05,22.95546643394552,54.273882943514856,1.63,0.34
432,01,-9.2527426375611e-06,26.340960131573418,62.63006211892765,1.57,0.23
433,02,-8.153189459681882e-06,8.31590086110433,48.93550452213628,1.05,0.05
434,03,-1.5915630637317265e-05,-1.6360386480515998,44.90566300547765,1.12,0.13
436,05,-3.070366395367009e-05,-25.76910455847299,53.73915812349191,0.19,0.96
438,07,-3.7615658574522775e-05,-25.170489753641114,45.05531850020347,-3.14,1.73
439,08,-3.326061218056918e-05,-12.586229408838417,52.3345120203854,-1.1,1.92
440,09,-2.5603061031688413e-05,-1.6679924726698132,46.654843129608366,-0.49,2.21
443,12,-8.385574634596725e-06,33.275967709449034,59.292129598577816,1.99,1.9
444,01,-9.004527324929857e-06,20.359526514525058,60.00615774854665,-0.37,1.94
445,02,-1.2519085415486441e-05,14.879537966322628,54.698993667597065,1.35,1.81
447,04,-2.7581765115751797e-05,-20.820068422105575,57.557788026644126,0.26,1.33
448,05,-3.16294027814815e-05,-19.310568396455505,50.32535560724812,-0.67,1.26
449,06,-3.356170396635004e-05,-23.02242342732747,60.87640379265148,-0.13,0.36
450,07,-3.758493633006676e-05,-22.269790681900524,47.74635748879372,-1.72,-0.51
451,08,-3.3272750999810424e-05,-17.014684508621052,43.397001161080546,-2.24,-0.28
452,09,-2.4645985519115736e-05,-7.889081433783638,37.34792189491059,0.74,-0.34
453,10,-1.526362983537594e-05,-3.798430909843855,48.34944315867911,0.96,-0.6
456,01,-6.416161365773257e-06,12.223324068787278,48.97643718384928,0.05,-0.41
457,02,-8.18821650381367e-06,12.903916228158135,62.959067062718525,0.69,-0.41
459,04,-2.5679135762624757e-05,-26.331729773288306,46.84454056873057,1.74,-0.21
460,05,-2.9667726341906155e-05,-25.198657173730993,56.839670298081565,-1.72,0.17
462,07,-3.888270218750779e-05,-23.176640851420746,56.14024401203919,1.28,-0.7
463,08,-3.333480648354688e-05,-12.395997953681537,44.035043613662005,-1.53,-0.77
465,10,-2.0550294828412475e-05,15.281469091599986,50.30405073937036,0.71,-0.63
466,11,-1.2597567349661808e-05,15.910226154920792,53.90823562632401,-0.14,-0.63
467,12,-7.748080553331723e-06,20.40142875687794,63.311030514205655,0.73,-0.73
468,01,-8.493993727101315e-06,23.796599253992884,55.116003269850566,1.17,-0.77
470,03,-1.3339704251535219e-05,-6.768148279333628,63.03257818707726,-1.38,-0.79
473,06,-3.447691067930363e-05,-33.33076165534125,39.74884000571834,1.41,-0.51
475,08,-3.324744642680256e-05,-25.59706884437479,43.61733073811633,2.4,0.36
477,10,-1.717439320385384e-05,2.0582064438686585,44.893768001867876,1.53,0.41
478,11,-1.049799736220949e-05,11.533768935139973,58.11769115721252,-0.25,0.26
479,12,-7.425197422547768e-06,21.47761040308142,53.53903508252609,0.48,0.13
480,01,-8.170035396257738e-06,18.813249751593478,61.34680531404607,0.18,0.08
481,02,-8.232899953890454e-06,13.675333238874163,51.283400613031226,-0.11,0.52
482,03,-1.7898125718357898e-05,7.876527682396675,54.192069970153995,0.89,0.77
483,04,-2.786484313502215e-05,-15.88577495863173,41.53150874974462,0.36,0.33
484,05,-2.8741963674400066e-05,-37.081440074305384,54.09692304540707,-2.38,0.26
485,06,-3.9525050331051005e-05,-23.208365014648436,47.86380608810849,-0.79,0.35
486,07,-3.625940142692049e-05,-31.74150496025496,48.734570516079984,-1.39,0.24
487,08,-3.404563471354698e-05,-17.337182702177312,41.57153246440298,-1.62,0.3
488,09,-2.6543087166161665e-05,-4.24653964674208,45.73786681658825,-0.01,0.15
490,11,-1.0039879183467646e-05,10.335369747924807,64.20363267016013,0.16,0.45
493,02,-1.5386156723984276e-05,31.748662168305497,64.97568837541958,0.98,0.3
494,03,-1.9840231885472768e-05,-1.8349693298339842,46.56073982853019,0.66,0.15
495,04,-2.7043378228700023e-05,-24.0670989525689,35.17819720014996,-1.26,-0.11
496,05,-2.995519203009721e-05,-45.04488896819084,46.51938461271666,-0.33,-0.24
497,06,-3.546342912159163e-05,-30.903872137790252,54.092656515480414,0.16,-0.73
498,07,-3.552329937512147e-05,-24.55973527871409,49.31133174363516,-1.19,-1.0
499,08,-3.48960954878191e-05,-17.491402352609946,46.845165995435046,0.03,-0.99
500,09,-2.4679065476549213e-05,-6.537764871215822,41.4254565234277,1.11,-1.19
502,11,-1.0186800306089735e-05,15.631692754109702,47.969248177954896,2.54,-1.15
503,12,-6.893300624729055e-06,15.732371215492165,60.65007041392917,-0.37,-1.16
504,01,-7.860778656987515e-06,14.34612370152627,66.80461903254064,-1.8,-1.2
505,02,-9.005972841740524e-06,9.622026147751583,54.51137783175566,-0.29,-0.95
506,03,-1.5948935392546162e-05,-0.9029574194467195,53.47545231677126,0.36,-0.79
507,04,-2.588563685021654e-05,-27.98602328389486,47.86236142485672,-1.69,-0.96
509,06,-3.7502937650666964e-05,-26.38411481492784,47.88007799596918,1.08,-1.11
510,07,-3.6336240956178925e-05,-19.074829963273896,48.14752719921964,0.06,-1.53
511,08,-3.444879628501263e-05,-12.903870650096605,45.419211714576655,-0.49,-1.34
512,09,-2.3354238802332672e-05,-7.743464881388346,41.71682162190013,-0.06,-1.41
513,10,-1.864643046111826e-05,14.62936670381279,46.729617401201246,-1.98,-1.47
