,month,MER,MSSHF,RH,SCA,msl
1,02,-7.399999772068052e-06,2.729709174746558,52.295623941567676,0.19,254.71027
3,04,-2.191347909663616e-05,-15.59233038906521,62.41300571294825,0.22,-37.213432
4,05,-2.839083756912113e-05,-16.16055940262989,64.02205650719006,-0.38,-189.18497
5,06,-3.330413338050373e-05,-22.16353809509278,52.028707694198026,0.19,-434.9615
7,08,-2.8487004876296853e-05,-12.56110269165039,50.14281140049425,0.38,-401.61768
8,09,-2.3132900744369383e-05,-4.023202255249023,42.3501046719922,-1.41,-126.528725
10,11,-1.1569333000928361e-05,13.890767045423724,49.679388139549886,-0.15,326.31226
11,12,-1.207531024335357e-05,24.691616260159407,64.98245628347064,0.35,381.3905
12,01,-5.795284385228985e-06,8.867661568262244,49.01821534482766,0.44,491.87003
13,02,-7.359469057738698e-06,6.865867059466484,53.581606617508264,0.82,565.7444
14,03,-1.4070489600584629e-05,-6.186828353717764,55.02083505403355,1.27,250.164
15,04,-2.282624180893941e-05,-17.872287172783746,48.97103869282801,0.62,14.857521
16,05,-2.9285246377967465e-05,-30.998830406271004,47.47244699586335,0.68,-239.67409
17,06,-3.014735746900341e-05,-26.066622504679362,62.37913317463399,0.32,-466.2896
18,07,-3.1905643976779664e-05,-14.025872309859079,48.67037434149174,0.63,-511.52582
19,08,-3.1051088017916934e-05,-11.540256553403795,47.008779259716306,-1.35,-423.81116
20,09,-2.365392635981859e-05,-3.0327022542317708,42.946886476458445,-0.14,-159.12772
21,10,-2.1172643707369163e-05,7.590982919672484,58.4636376896443,-1.17,114.206436
23,12,-7.873070872231058e-06,26.063403682913826,61.380955716897084,-1.51,466.7877
24,01,-7.860688640385075e-06,20.899533713063885,47.875411116570554,-0.75,625.98193
26,03,-1.2076194787720939e-05,11.89821663673975,73.37905685201383,-0.87,204.18488
28,05,-3.0310256707952082e-05,-17.47440350473055,59.34436809112436,1.42,-199.37045
29,06,-3.0904296795920855e-05,-15.787571440294057,51.69619375912348,-1.07,-403.2146
31,08,-2.8741253340065727e-05,-19.03508228654759,42.77699926753197,-0.05,-416.8379
32,09,-2.269007780640903e-05,-3.5648343312581385,46.85175361700852,-0.06,-156.49216
33,10,-2.174942796122078e-05,9.781940688922843,60.93410625634399,-1.35,77.64281
36,01,-5.276928763964617e-06,11.574925520045783,58.01885871766587,-0.77,436.60333
37,02,-7.864293709969517e-06,5.468580898829869,51.56958197040644,0.73,333.0982
38,03,-1.6001877676116956e-05,1.792558938959594,55.95160838729334,0.72,122.696625
39,04,-2.3437909088230905e-05,-21.874123499891493,46.11000325809585,-1.57,-84.99402
42,07,-3.416977696542745e-05,-21.999847670688425,39.2781192299025,0.39,-510.57892
43,08,-3.1963929242763654e-05,-15.790871219429917,46.55304641459066,-0.5,-442.34592
44,09,-2.1331834113273846e-05,-6.238656323920356,43.43915766518911,-0.3,-172.08472
45,10,-1.6551261839878706e-05,3.491510892150223,54.79260846710333,1.47,17.59087
47,12,-1.0313162028783104e-05,17.753608460457098,55.75187243828721,-0.28,435.36533
48,01,-1.1369238679367056e-05,31.70380508160335,51.86229076744793,-1.33,564.12524
49,02,-1.1685804688698098e-05,2.732715975443522,46.129101684696614,0.47,480.401
50,03,-1.3839232150540515e-05,-0.5926843497983868,57.115805566785156,-0.52,296.2785
51,04,-2.090864053300013e-05,-10.60586452026367,65.75529212030038,1.24,-136.26909
55,08,-2.6941880611302234e-05,-27.08358682743196,31.77761535606461,-0.44,-456.85797
56,09,-2.725831751290065e-05,0.9693071214463977,44.86737590899468,0.06,-254.56012
57,10,-2.1395454446465794e-05,12.186390243366201,47.91972020449689,-1.87,47.204002
58,11,-9.367185011372688e-06,10.117007967122396,41.05919099200301,-1.83,294.9706
60,01,-1.1848107099418698e-05,28.771229348787696,56.9102486772409,-0.46,551.32465
61,02,-9.682757584759485e-06,6.4267875001403105,47.08914505602986,1.31,536.80457
62,03,-1.3818876191033916e-05,-6.2181760956138685,56.610379949503034,1.46,276.166
64,05,-2.301351515928619e-05,-21.276121071107926,61.30564291210714,0.98,-262.85852
66,07,-3.052118788760435e-05,-16.333257173927887,51.58020934386151,-0.72,-545.9791
67,08,-2.8069958612225798e-05,-17.017802792784988,42.472240740586344,1.24,-435.2987
68,09,-2.2138291550658728e-05,-0.809648367987739,66.94727416271104,-0.38,-129.36395
70,11,-1.2000811908506469e-05,17.20852971835666,62.11537896577253,1.13,276.0149
71,12,-7.343828446024142e-06,12.754345215500043,59.86620702467682,2.84,512.32153
72,01,-6.201572312694294e-06,7.789162023728894,59.71689801232405,0.41,578.5408
73,02,-7.646551471441942e-06,-7.170963860648018,49.17462651499538,-0.2,286.88855
74,03,-1.1304150707112197e-05,-2.56875498781922,68.34861116093205,1.07,244.05225
75,04,-2.3272295822324753e-05,-10.486857863362628,59.37646033687326,-0.88,-140.69263
76,05,-2.800802443084893e-05,-16.149492612120927,55.7763452255995,1.28,-260.21707
77,06,-3.090711121482552e-05,-17.990251360066733,61.34983533646531,0.11,-463.68478
78,07,-3.447742918110781e-05,-15.274860501197074,50.75858460182529,0.15,-515.7859
79,08,-3.3271033724499884e-05,-4.3656862228557625,49.79625837316948,0.25,-472.60422
81,10,-1.5745955748394817e-05,1.4800897167574978,41.847355274659336,0.37,1.0022984
82,11,-1.5779393952086846e-05,2.730464919026692,53.6031213278585,0.06,241.28487
83,12,-6.748697063030508e-06,22.216181771555252,62.92255071562849,0.06,531.2658
85,02,-9.105866422227595e-06,-15.737989101954868,41.279925076501705,0.94,517.52484
87,04,-1.9242588071877733e-05,-14.953707265557181,61.57429541588492,0.39,-85.10653
88,05,-3.1224375424332516e-05,-18.680161248648037,54.14751819698144,0.14,-263.93646
89,06,-3.5890827366468634e-05,-24.274000357055662,43.53411597645681,1.4,-413.5777
90,07,-3.000731417455182e-05,-30.125119514383297,48.19723509739805,-1.95,-486.48575
92,09,-2.1116000810717296e-05,-5.870355172729491,52.886519872754164,-2.04,-169.10901
94,11,-1.2770530823662637e-05,20.62896745435927,57.76803370095226,0.15,325.9658
95,12,-1.128779906788603e-05,28.043287035542146,58.52688881322774,0.49,489.48163
96,01,-8.849628261046861e-06,-8.473066081057311,52.03738375666833,0.18,517.57196
98,03,-1.3287096029671374e-05,-5.803373095440609,55.151999684815046,1.03,213.93904
99,04,-2.2575659647211267e-05,-11.442104777696397,52.015024873095086,0.66,-38.102688
100,05,-2.791426425801057e-05,-28.103053294192083,60.924986691195485,-1.4,-240.7849
101,06,-2.8837502824555686e-05,-20.989433822292757,61.5306473079814,0.32,-360.94754
102,07,-3.379324687933062e-05,-20.07741719498173,55.40260847481861,-0.97,-485.9265
105,10,-1.9746457593286597e-05,13.28605210072507,59.41998880579267,1.4,106.77105
108,01,-9.400724827868036e-06,23.76198229324177,64.8158600401199,0.72,452.18222
109,02,-1.553154618433063e-05,17.196350676788683,61.10995617006565,0.6,555.9027
110,03,-1.4791143874625109e-05,4.141464673442225,71.63935923557511,0.49,233.66342
111,04,-2.4692344382775542e-05,-22.74501348402235,55.09817502149212,-0.96,-37.932846
112,05,-3.182606770285695e-05,-15.882362545546664,52.83810746537357,0.85,-234.37578
115,08,-3.211179117533902e-05,-13.866469908683532,47.473473327189375,-0.19,-418.2614
116,09,-2.5435363158006416e-05,2.907980506727431,49.177534459747214,-1.08,-190.25978
117,10,-1.6347254436593455e-05,7.273599919801116,47.520342997120274,0.1,80.959305
118,11,-1.0307503538792339e-05,7.8851572241889105,46.36847800110711,-1.75,265.59198
119,12,-7.866494279115095e-06,20.208327730240367,52.71666673100892,-1.98,396.43723
120,01,-5.490775168401608e-06,12.580168148245866,46.32122026583841,-0.31,389.21362
121,02,-1.1993180484209699e-05,15.243881237211681,52.799659086113884,-1.14,330.01782
124,05,-3.2913617601255e-05,-32.404015432706444,43.15242019264416,-1.85,-264.32788
127,08,-3.0036708770112647e-05,-17.0266568734774,43.458151734339296,0.21,-413.6433
128,09,-2.1827326350689368e-05,-6.781363076782227,44.02462579022247,0.59,-185.6396
129,10,-1.9913688146604526e-05,14.103063629806684,48.60193847477949,-0.65,10.811159
130,11,-1.311930024130561e-05,7.912713109334308,43.72629240063826,0.89,293.60986
131,12,-7.719866410816296e-06,20.033501539989185,45.286219627095804,-1.58,437.41104
133,02,-1.709957590030951e-05,31.83555304718018,59.52337883048256,-1.68,295.65002
135,04,-2.7999317039636173e-05,-19.276666238742408,46.732171709169286,-0.72,-71.51984
137,06,-3.068480971400681e-05,-23.63770078192817,52.16888050745726,0.03,-474.67288
138,07,-3.559518055198981e-05,-33.07448882301904,37.832517702871755,-0.79,-531.6521
139,08,-2.897321149455781e-05,-28.290339532667595,47.590817581110095,-0.15,-422.26727
140,09,-2.7407515947157255e-05,-3.6402964202880854,48.108384553693405,-0.21,-213.258
141,10,-1.8407037761653066e-05,10.48773665069252,49.92561818830045,1.22,1.9289827
142,11,-1.0645134954231454e-05,8.876481322224937,54.38112868225972,-0.08,150.51602
143,12,-1.0178729378000547e-05,19.264495642221096,49.02194799312469,-0.15,346.30582
144,01,-9.804670876438911e-06,24.167181801416536,38.86062395377826,0.0,465.42603
145,02,-6.996622216688376e-06,0.507544446309408,46.996895068120395,1.72,504.16153
146,03,-1.2629808311264428e-05,-0.5304674036169569,53.76618897918476,0.92,156.18726
147,04,-2.5889148811054637e-05,-18.50936585184733,50.20018549894757,-0.86,-3.9833107
149,06,-2.987989489524302e-05,-20.686577268473304,57.62339900992447,-0.71,-406.7688
150,07,-3.606362330103894e-05,-12.26554677852508,46.37869990175771,-0.51,-530.82666
151,08,-2.9805839779475068e-05,-22.79464663072811,38.70661156831249,-0.28,-407.37442
152,09,-2.1833397036001162e-05,-8.548686426798504,39.4321560544822,-1.37,-139.69293
153,10,-2.004618059737534e-05,2.17344532234438,45.307421456006274,0.18,30.624428
155,12,-7.654158530845394e-06,17.942148733159545,42.031411531264894,0.01,450.71692
156,01,-5.988280283046514e-06,9.900324605634134,41.55076964045469,-0.02,533.0538
157,02,-7.568776633878318e-06,10.513905402874128,42.596786469010105,-0.03,329.6802
158,03,-1.6743815379482177e-05,3.675611719931326,56.535387553599556,0.41,258.32684
159,04,-2.3724830210206465e-05,-12.979907084147134,60.15185276207658,0.32,-74.90739
161,06,-3.339920427913765e-05,-25.873405965508358,43.36981476617124,2.34,-364.56918
162,07,-3.3542465003026134e-05,-26.574038988010855,46.61348771423679,-1.03,-497.32574
164,09,-2.5466491539959356e-05,-1.4094354346381297,48.6797681992597,1.59,-163.66287
165,10,-1.9484351597922247e-05,1.9587082073252686,58.379234332862715,-0.08,104.902374
166,11,-1.321692710625939e-05,23.694389510769323,50.96693710040848,-0.73,328.44516
167,12,-8.425528942156701e-06,11.411874493342573,45.69198678764476,-0.18,347.51776
171,04,-2.191761210872048e-05,-4.539731902737087,59.59964808656376,0.59,39.841404
172,05,-3.0932743489659034e-05,-26.541132331437964,51.168041845343446,1.49,-212.19983
173,06,-3.281592492067931e-05,-24.277929318237305,46.836056776909025,-0.48,-433.9099
174,07,-3.3366269429406925e-05,-23.52127023184171,53.23872095220833,-0.18,-510.5246
175,08,-3.234485571499712e-05,-11.285276480397874,49.79429166342623,-0.63,-416.4015
176,09,-2.2725771390226628e-05,-2.4448908416748045,57.50485973500145,1.18,-226.1503
177,10,-1.798888249350155e-05,2.3637267239478326,43.9463890340828,0.76,90.16882
178,11,-1.1587640056374466e-05,-1.8295716874864363,52.225245416957804,1.9,310.2352
180,01,-8.814763398506955e-06,28.086010490499522,59.814965074129006,-0.24,443.27502
181,02,-9.681430163471391e-06,-2.9269207930791947,54.97462990093799,1.25,334.54425
182,03,-1.5868986940443404e-05,12.424105568506382,56.25959003628518,-0.72,231.76453
183,04,-2.4481364455176743e-05,-15.54007357143826,53.21672202842236,0.4,-58.318558
184,05,-2.8615912740195944e-05,-19.306992470361852,50.8592781971834,0.52,-256.47623
185,06,-3.390126228795352e-05,-22.424498955281575,49.86442946763436,-1.54,-457.98114
187,08,-3.527003988845888e-05,-15.806742182249662,41.714041907468136,0.5,-478.41473
189,10,-1.8016295581522476e-05,4.47270425086893,52.33998963107474,-1.33,118.07068
190,11,-8.92097842036795e-06,12.752254605102538,55.27824593100681,-0.53,152.98962
191,12,-1.093666692604627e-05,22.757288210632986,53.902280609893545,1.35,512.2292
192,01,-1.2804497735976505e-05,25.385474410518523,57.77612080058489,-0.09,570.24713
193,02,-1.271823695051786e-05,20.178666164579848,60.9734689490412,-2.08,415.8754
194,03,-2.219248033328259e-05,-0.5256330294045062,56.57506640008187,-0.32,210.11086
196,05,-3.3250014936618425e-05,-29.631465932538433,52.844916530618114,-0.35,-212.31635
197,06,-3.44918315846169e-05,-24.446217814466692,49.08188772321145,1.69,-416.63312
198,07,-3.591561413959817e-05,-25.92438248894804,39.340810654867084,-0.36,-539.4153
199,08,-3.331847033315239e-05,-31.29434137422295,33.68999910253863,0.06,-455.54828
200,09,-2.6222378082234683e-05,-4.395296908230251,54.09243484116659,0.22,-143.36124
201,10,-1.4566836962311297e-05,5.514771194293934,41.310020164710224,0.69,32.501793
202,11,-1.3042386322538529e-05,9.068964893934462,58.53600206141338,-0.25,198.93698
203,12,-8.991161045966975e-06,-5.598886509064706,48.51484771922968,-0.89,592.093
204,01,-7.460320452180465e-06,-0.4728464959257379,45.67560021059616,2.86,497.16647
206,03,-1.2827322511164368e-05,-10.990242480862525,51.72073062135199,2.15,221.02042
208,05,-2.4253428110207234e-05,-26.022296560964275,51.92535755428705,0.36,-222.14357
209,06,-2.8253365109311642e-05,-38.732165323215064,41.61192797080808,-0.33,-423.6599
210,07,-3.142641031134248e-05,-27.054918192217425,49.82263012584947,-1.59,-484.34442
211,08,-2.9903093116464793e-05,-15.358725825155936,42.33743624172287,2.93,-396.94473
214,11,-1.4551765714713837e-05,14.46901237657335,58.72207561985916,0.01,355.21353
215,12,-8.836182103413613e-06,1.1414017176474303,51.832999992789766,-0.19,371.59216
217,02,-9.97768289436776e-06,28.48145621345157,61.04910012837534,-0.87,437.13422
218,03,-1.2413017713795421e-05,-3.0697627356744577,49.8996438915832,-1.33,162.51233
220,05,-3.085946982284968e-05,-22.07697987414944,55.658551038389554,-0.66,-229.4772
221,06,-3.476727682935032e-05,-20.254541469319665,56.16686724849277,1.64,-428.86264
222,07,-3.376502295814329e-05,-20.43258258581674,48.29218798171063,2.61,-518.78876
224,09,-2.7053925191669103e-05,-10.968042353990342,40.873450344501606,-1.42,-109.59897
225,10,-2.0736059433235615e-05,1.8364669255082322,46.07108195983722,-2.17,76.03825
226,11,-1.1372840429430654e-05,5.54297788119846,52.451002673839106,1.42,285.67218
227,12,-9.893875752236308e-06,16.98351939342868,60.12797338394067,0.61,411.64157
229,02,-7.893391973560764e-06,12.879144769577753,54.623768248409036,-0.56,381.64307
230,03,-1.582076560769428e-05,4.910139277304372,64.38913835901599,-0.05,242.49757
231,04,-2.2395207648413717e-05,-10.670934447903104,67.35853829729425,0.54,-123.227745
232,05,-3.182257207745645e-05,-20.036693252071256,51.31070372274871,0.25,-240.72746
233,06,-3.4082233544055876e-05,-13.138249787733287,60.09514157660935,-1.02,-452.01636
234,07,-3.6390916169732936e-05,-13.917790471887077,46.5719772114318,-1.63,-527.17114
236,09,-2.4247977624205914e-05,0.3736279635959201,55.41774919654528,1.41,-242.68054
238,11,-1.186565926222506e-05,4.6568576497395835,50.09492808050447,-0.37,297.5675
240,01,-9.430198710966792e-06,24.63400003675235,61.44896206574927,-0.01,432.58063
241,02,-1.079772392194216e-05,13.779260249546594,59.85849182345754,-1.71,398.46478
242,03,-1.3397230129969535e-05,-0.9194605676794566,60.6708199271861,1.68,152.36127
243,04,-2.54553507465769e-05,-17.42901027967665,53.24983413987689,-0.25,-115.33708
244,05,-3.422614240797327e-05,-20.88572949317194,50.723297991629586,-1.28,-249.50467
245,06,-3.759346314859108e-05,-24.964019442409946,49.104056137108806,0.49,-401.3424
246,07,-3.775679561435789e-05,-20.12216363230059,34.70881050790896,-0.01,-556.7911
247,08,-3.318467006672979e-05,-13.657699137697938,45.50563225292391,-0.39,-427.6638
248,09,-2.59650643648355e-05,-3.5717024329291456,50.26974016195536,1.24,-221.20778
249,10,-2.1588807777500546e-05,5.981483147405809,48.24640764357326,0.81,29.720882
251,12,-1.3700721242369786e-05,27.986750325848984,63.54783165261822,-0.34,453.9278
252,01,-6.553396535759588e-06,18.42038040095504,45.80448549491872,-1.02,460.74445
256,05,-3.550879427684679e-05,-19.147158501081563,47.704144963514416,0.27,-328.89484
257,06,-3.750390542944741e-05,-27.016546727159287,42.780413097916714,-1.14,-431.51434
258,07,-3.168135436499142e-05,-21.668345875401656,51.88578506780696,1.46,-528.04114
259,08,-3.0941285219664524e-05,-19.063545700565466,39.65101154342005,-0.11,-448.72333
261,10,-2.1893689024856883e-05,11.235235126454343,57.40779917159772,1.07,91.242966
262,11,-1.5146696185204038e-05,20.892512133110895,68.07071139411661,1.91,384.06677
263,12,-1.1904006665214989e-05,20.81303864280127,63.79751548051194,0.94,501.73267
264,01,-6.723928980547147e-06,14.384707934964087,53.25762820807451,1.45,530.9083
265,02,-9.421481274265325e-06,7.153048214503697,61.79020408172125,-0.07,364.52005
266,03,-1.3063552253355424e-05,-6.242824222359606,58.59238742218351,-0.53,119.995285
267,04,-2.4765318735565716e-05,-15.737299090576174,60.65160554169682,-0.52,-83.36873
270,07,-3.6646507612448495e-05,-24.41304970722813,43.035889669943884,0.57,-534.54254
271,08,-3.349079792080317e-05,-13.273838911159066,49.470468634774605,-0.55,-409.0116
272,09,-2.8629883362433853e-05,-3.361749937269423,60.89090815499625,0.45,-170.71661
273,10,-1.872843477780094e-05,15.499699002173642,52.0420637966638,1.32,28.790863
274,11,-1.4045017091525046e-05,9.019137569173179,50.75557469189433,-2.06,289.19757
275,12,-9.904081011676856e-06,14.487402564920403,52.82181985401466,0.68,586.671
276,01,-6.60295483731882e-06,23.604068570044735,51.65779350411636,-0.7,406.99408
277,02,-1.6342577849974034e-05,27.257544948032923,61.67323920420096,-1.61,342.522
278,03,-1.718439095667989e-05,-2.8514695644583754,52.573686629964456,-0.39,29.964176
279,04,-2.4829810814864887e-05,-14.182246478949653,49.20558492463959,0.94,-98.25646
280,05,-3.0134792006426703e-05,-17.31557953963741,52.31226475243542,1.3,-223.38324
282,07,-3.594073215623134e-05,-17.96138944137737,48.60045512300026,0.2,-488.46564
283,08,-3.0240783373966385e-05,-12.41071590333344,52.640142950275894,1.22,-425.41983
284,09,-2.726855740998468e-05,-6.606480073716904,41.46046437310777,0.88,-176.04001
285,10,-2.2813934475604865e-05,5.003235001430717,55.25826176021304,0.06,126.031555
286,11,-9.433203981300014e-06,10.082439758300783,57.335292302331666,0.8,331.56564
287,12,-9.155090198257839e-06,-0.601292420089886,52.83887711868107,0.96,542.9375
288,01,-7.996820467572737e-06,16.024269751435966,52.92226850532075,-0.51,555.1317
289,02,-9.213011075579354e-06,1.6289639434814458,40.65915042115535,1.55,361.91858
291,04,-2.383696288773839e-05,-17.2942943037245,47.44735419490735,0.9,-53.445908
292,05,-3.0977665722578726e-05,-19.48317038226384,57.695412786129985,-0.67,-229.43634
293,06,-3.491794925367785e-05,-29.63445593295627,48.58540389312637,-0.77,-413.10632
294,07,-3.637924248004731e-05,-25.786057973554062,44.12265574810709,1.01,-524.8906
295,08,-3.1032737283929096e-05,-31.771135562691633,39.36124998163152,-1.31,-380.87674
297,10,-2.1305207502659715e-05,-2.352458050143333,49.86598729915773,-0.62,70.16702
298,11,-8.746191556262298e-06,13.336127873399521,55.471923015075255,1.51,212.37473
300,01,-8.992702947169514e-06,20.66453995308825,64.87525535803712,-0.25,527.1498
301,02,-1.1818901434843997e-05,12.780648606925178,58.06078212638148,-0.14,404.63632
302,03,-1.5225630396960167e-05,1.0669384965794064,50.376974003080406,1.12,159.69788
303,04,-2.4217375733618005e-05,-11.611916856553819,59.49211039767795,1.04,-75.5225
304,05,-2.847669872224737e-05,-31.81054322043798,50.857990436966695,-1.53,-286.60147
305,06,-3.421590459786078e-05,-30.121984181382924,54.56608841220009,-1.26,-416.528
306,07,-3.5823426863228845e-05,-21.040274605699764,48.61712288511441,-0.5,-471.09366
307,08,-3.442271008691844e-05,-10.630728795861687,53.4802156332962,0.55,-390.29187
308,09,-3.09724094837697e-05,1.3779368174235027,41.60773183429904,-0.21,-184.03845
310,11,-1.219442167142309e-05,8.63346869269477,52.650442458646836,-0.97,224.2132
311,12,-6.509792311736683e-06,12.651209838210898,41.13814304297201,0.13,449.90536
313,02,-1.0796667724878803e-05,1.9850640389578682,54.967533898224424,0.74,470.6758
314,03,-1.2645556585016247e-05,2.2825399281491516,62.992716266741034,-0.69,232.46619
315,04,-2.402455134354872e-05,-12.38321820203993,55.9102142579476,0.17,-46.291164
316,05,-3.3327865934669755e-05,-23.83920729967343,52.369123788558014,-1.49,-218.11804
319,08,-3.320200081173924e-05,-14.21000237282374,41.28222914207624,0.0,-419.64642
320,09,-2.545146969718593e-05,-6.704652192857532,39.75358392157654,-0.5,-211.9315
321,10,-1.7187334372416657e-05,10.538457600583316,41.694871458662455,0.48,66.75032
322,11,-1.4535249143672345e-05,9.326381112670902,61.63253474075529,0.49,212.01419
323,12,-9.12172876785682e-06,14.485518746324761,56.37181309181387,0.94,641.61523
324,01,-6.5253165958961526e-06,7.280853728591756,43.42763289413273,2.11,515.7376
326,03,-1.3873502668170125e-05,-4.782673361173239,59.930227692120816,-0.66,100.892685
327,04,-2.37631702343909e-05,-18.782449027506512,53.65862876264652,-0.11,-112.06259
328,05,-3.370682173148433e-05,-13.439136345319852,55.415879218805216,0.13,-246.61942
329,06,-3.4785863751151034e-05,-27.11431088460287,44.96967633606062,-0.11,-441.19574
330,07,-3.3670624993676266e-05,-35.11209074615151,34.7803111832411,-0.66,-515.0437
331,08,-3.203818718891423e-05,-14.970106861073484,56.166526000266416,1.89,-458.79883
332,09,-2.4569920312832332e-05,-1.9050392035590278,48.50952039943403,0.45,-195.42728
333,10,-2.0357669840078775e-05,8.929626497002058,49.91160704086961,1.22,-15.031323
334,11,-1.6638314112929544e-05,21.698549422539603,51.20864173750348,-0.45,186.40439
336,01,-1.3167410284109127e-05,32.71415653975292,54.798027210791915,-2.33,509.4023
337,02,-9.635896793779033e-06,12.227102448962983,62.05461917357218,0.54,279.06372
339,04,-2.5420359923575438e-05,-23.728481532796227,35.425640993569964,-1.32,34.26277
340,05,-3.1186685044343005e-05,-23.42358186127037,55.67473245647261,0.42,-296.7808
341,06,-3.458860908376663e-05,-19.802041976589628,51.81401281598541,1.05,-468.4884
342,07,-4.0491175616739144e-05,-14.380545316962786,51.51913973191349,-0.2,-516.04395
344,09,-2.677926907070085e-05,-2.246240928141275,48.58724766878287,-0.53,-218.54688
345,10,-1.4836711174446523e-05,-1.5530790907336818,46.4751422240952,-0.16,109.52753
346,11,-1.4172945336880124e-05,15.984315191311307,55.0159122577058,-0.81,278.12122
347,12,-9.103623443880553e-06,18.67049515623687,44.72693699303237,0.43,399.508
348,01,-9.98381483742544e-06,30.50790186531313,59.32570013750177,0.46,560.44135
349,02,-9.733829621899499e-06,11.488472740085646,43.235250111784055,-0.21,494.24084
350,03,-2.0140387961912898e-05,4.352542552004578,67.29393991330491,-1.76,85.26173
351,04,-2.446588194630345e-05,-15.287676639472116,50.48518859204715,0.18,-137.52959
353,06,-3.476253857051133e-05,-32.52892781643338,47.80475471985869,-0.15,-486.33502
354,07,-3.577182100015043e-05,-18.878891244211506,53.425692884929724,1.33,-545.6738
357,10,-1.8222273044254205e-05,6.518695762716314,54.30898137165141,-0.97,18.738916
359,12,-6.623100362498576e-06,8.910789440196046,51.189781416840454,0.38,366.2909
360,01,-6.219402897665034e-06,13.638463789416898,56.756673166043,0.06,501.55627
361,02,-6.55127283612057e-06,7.2258432279314295,62.426701213981424,0.53,238.08578
362,03,-1.4006747319585248e-05,0.15545269151913163,60.10794240493287,-0.51,93.84398
363,04,-2.2896213735516033e-05,-13.763160278998479,44.90089633327524,-0.12,-97.421646
364,05,-3.152253704363203e-05,-24.89160391596312,50.72287625494953,0.38,-256.18372
365,06,-3.4585202314802804e-05,-32.20444840494791,47.13420631794532,0.27,-394.9874
366,07,-3.995988693131167e-05,-23.939954596078525,46.67216465320125,-1.13,-522.9913
367,08,-3.326769469126164e-05,-18.63527480389995,42.41847231385144,-0.21,-388.15866
368,09,-2.396435872586961e-05,-8.675344586181641,43.626415080409586,-0.8,-173.694
369,10,-1.8213049179844e-05,4.716025361748153,49.256211021474606,-0.74,76.28357
370,11,-1.3997967538165946e-05,28.005924584282763,63.3120259418408,0.82,294.618
371,12,-8.896478755051119e-06,9.686923075029926,62.37685010996686,0.86,454.18307
372,01,-6.091251291421628e-06,2.9262350808420488,60.36061479552843,1.23,612.82837
374,03,-1.4227020407356234e-05,-0.1344084672825314,56.345688745778084,-0.4,209.92609
375,04,-2.4690822054900404e-05,-20.66956467929416,50.227940069592,-0.33,-4.3399115
376,05,-2.827942739082006e-05,-27.387183430333288,51.416537502500645,0.47,-240.78438
377,06,-3.182083758476639e-05,-35.711798379855686,43.71565713060168,-0.55,-419.69815
379,08,-3.27152816781925e-05,-15.088779016966459,50.057286181364006,-0.3,-424.2544
380,09,-2.3803562745282155e-05,-1.7829848341200085,47.799041656389505,0.5,-162.91669
381,10,-1.8914465963579488e-05,8.677334267236855,54.52403665949838,0.33,66.782166
383,12,-7.738160395268594e-06,4.967533013128466,56.59717789244652,0.6,309.94604
384,01,-4.432973011169315e-06,15.641597058367989,49.85520389962581,-0.24,670.9636
385,02,-7.274441715534998e-06,7.353929252261208,64.81677477946593,0.3,240.45135
386,03,-1.235675504704564e-05,-6.3443144091534345,43.386579177287324,-0.98,296.9071
388,05,-3.0008848766624646e-05,-32.62149781881353,48.67582858574712,-1.08,-242.66473
389,06,-3.4230032604055946e-05,-25.01744469502767,49.43961729888122,-0.57,-489.63773
390,07,-3.7348723895911946e-05,-18.427609645064162,51.34294977803511,2.48,-520.63324
391,08,-3.274760770019843e-05,-10.64563058373236,50.85391145080519,0.24,-440.11295
392,09,-2.5484862159343414e-05,2.648160398695204,48.54894579696125,-0.61,-185.85886
393,10,-1.916051529891168e-05,8.726722329416583,41.10612051369683,-0.27,35.61902
394,11,-8.12447487300637e-06,7.208228931681314,45.10324230610001,0.62,207.92023
395,12,-1.2744765838047034e-05,29.389911852764826,62.27082245179138,0.53,521.0176
396,01,-9.557997748420493e-06,23.492998173539362,55.985124487241116,0.57,561.9158
397,02,-6.941694202459045e-06,2.77444112036694,54.92825397600388,0.34,461.53174
398,03,-1.1845709033173812e-05,-9.130659757880753,42.53471919810516,-0.47,151.33673
399,04,-2.412122515035865e-05,-15.116672309705946,65.52592149374486,-0.93,-151.42003
400,05,-3.2719707248821014e-05,-19.41600187732328,54.71462800888861,-0.58,-276.75552
402,07,-3.9630504535585143e-05,-18.105863085346844,55.33667580591222,-0.56,-539.8644
403,08,-3.664081436780238e-05,-14.530181596981583,48.63167088847007,0.85,-460.03613
404,09,-2.780254297756781e-05,-4.337274759928387,47.643611919113,-0.93,-211.65903
405,10,-1.749340033099435e-05,6.576196681525118,62.883388684188155,-0.28,53.4941
408,01,-7.079607454118081e-06,9.77005108642578,59.36599973937003,0.08,476.97025
410,03,-1.6003138249269338e-05,-14.11737674147083,62.83003596656937,-0.57,74.20613
411,04,-2.0434202846445263e-05,-16.983018215264217,45.651346360141694,-1.1,-77.99211
413,06,-3.319209287441886e-05,-26.815010833062065,45.349666944320994,0.3,-440.90247
414,07,-3.405638901301333e-05,-27.630988150319745,40.32137145659744,-0.03,-579.5339
415,08,-3.2683108437937644e-05,-17.84199171037572,39.46305893081491,-0.82,-415.51013
416,09,-2.475842662511746e-05,-8.054260448540582,49.65095689521101,0.38,-212.34952
417,10,-1.765674730958508e-05,13.677036990258001,51.31546706972713,0.67,52.438244
418,11,-1.2026654228591521e-05,13.685960133870443,60.59634180396663,-0.7,195.0941
419,12,-9.44601224512954e-06,28.97793200421077,55.46996279250422,-0.73,406.6337
420,01,-8.580053124215514e-06,22.96357862870411,63.49304372530727,1.75,485.54944
421,02,-1.1990748406116751e-05,26.598223410470148,61.15281964255657,1.1,466.4088
422,03,-1.6731313326227373e-05,-1.3453218475669946,47.843510205716214,-0.47,190.62704
423,04,-2.3883861623916246e-05,-16.521862002224392,58.86005653639768,-0.66,12.31699
424,05,-3.2321809314922687e-05,-17.350711201329386,63.11191008513332,-0.49,-255.4079
425,06,-3.645346474101341e-05,-28.120134918891054,43.231891095406475,0.19,-420.65482
426,07,-3.570791800838603e-05,-18.498887496784167,52.862582088247414,1.56,-524.06506
427,08,-3.5946427165531874e-05,-15.756697428713563,51.75170243226714,-0.59,-375.1595
428,09,-2.0748739615697153e-05,-9.244409510294595,35.08465283191469,1.14,-177.5635
429,10,-1.6616273676728237e-05,8.951883064844276,46.06859467966968,1.11,59.13085
430,11,-1.0089955154782932e-05,6.784489759657117,59.376273723493675,1.77,278.9344
431,12,-1.0581146033268115e-05,22.95546643394552,54.273882943514856,-0.4,496.4572
433,02,-8.153189459681882e-06,8.31590086110433,48.93550452213628,-0.37,367.02667
435,04,-2.4346638547669703e-05,-22.934988667466907,50.17846367060873,-1.49,-58.04016
437,06,-3.477750818122634e-05,-31.860220404391814,46.7203716229452,-1.52,-414.45734
438,07,-3.7615658574522775e-05,-25.170489753641114,45.05531850020347,-1.11,-508.5243
440,09,-2.5603061031688413e-05,-1.6679924726698132,46.654843129608366,1.09,-167.41785
441,10,-1.3186316454061119e-05,-1.463842040031187,51.45971762442205,0.62,58.586746
442,11,-1.4898132296588707e-05,27.46974549831814,55.57987919455502,-0.4,231.28528
444,01,-9.004527324929857e-06,20.359526514525058,60.00615774854665,-0.68,655.8375
445,02,-1.2519085415486441e-05,14.879537966322628,54.698993667597065,-0.54,531.20374
446,03,-1.4810545610421827e-05,-5.396197126162949,59.004922374092125,-0.23,189.96123
447,04,-2.7581765115751797e-05,-20.820068422105575,57.557788026644126,-0.11,-47.822075
448,05,-3.16294027814815e-05,-19.310568396455505,50.32535560724812,1.05,-273.79898
449,06,-3.356170396635004e-05,-23.02242342732747,60.87640379265148,-0.95,-423.41452
450,07,-3.758493633006676e-05,-22.269790681900524,47.74635748879372,-0.7,-544.9839
451,08,-3.3272750999810424e-05,-17.014684508621052,43.397001161080546,-0.44,-397.08594
452,09,-2.4645985519115736e-05,-7.889081433783638,37.34792189491059,-0.99,-203.74496
454,11,-1.1750765303218536e-05,10.89123139716254,54.5964946256227,-0.06,331.59552
455,12,-4.447676278540448e-06,15.633635981405934,42.93341399640295,-1.18,325.33182
456,01,-6.416161365773257e-06,12.223324068787278,48.97643718384928,0.17,443.30145
457,02,-8.18821650381367e-06,12.903916228158135,62.959067062718525,0.67,397.04544
458,03,-1.5800369091061108e-05,2.527072602630943,59.88884960889175,-1.02,258.28406
460,05,-2.9667726341906155e-05,-25.198657173730993,56.839670298081565,0.95,-240.46457
461,06,-3.566179110415154e-05,-31.36642959594727,52.944568701901716,-1.43,-403.21466
462,07,-3.888270218750779e-05,-23.176640851420746,56.14024401203919,0.03,-523.0396
463,08,-3.333480648354688e-05,-12.395997953681537,44.035043613662005,-1.57,-371.92065
464,09,-2.5415033401845397e-05,-5.530321179199219,52.86381167994076,0.46,-210.08609
465,10,-2.0550294828412475e-05,15.281469091599986,50.30405073937036,0.3,45.591503
466,11,-1.2597567349661808e-05,15.910226154920792,53.90823562632401,-0.08,196.68085
467,12,-7.748080553331723e-06,20.40142875687794,63.311030514205655,-0.48,493.71027
470,03,-1.3339704251535219e-05,-6.768148279333628,63.03257818707726,-0.81,39.321663
471,04,-2.4140652476206825e-05,-8.481860700141059,60.03202422682047,0.32,-22.38084
472,05,-3.631899526441482e-05,-17.44638056798135,47.40056218499266,1.69,-256.18558
473,06,-3.447691067930363e-05,-33.33076165534125,39.74884000571834,-0.77,-443.6074
475,08,-3.324744642680256e-05,-25.59706884437479,43.61733073811633,-1.05,-432.45728
478,11,-1.049799736220949e-05,11.533768935139973,58.11769115721252,1.89,301.616
479,12,-7.425197422547768e-06,21.47761040308142,53.53903508252609,1.35,556.29895
480,01,-8.170035396257738e-06,18.813249751593478,61.34680531404607,-0.09,500.9621
481,02,-8.232899953890454e-06,13.675333238874163,51.283400613031226,-0.4,337.99255
482,03,-1.7898125718357898e-05,7.876527682396675,54.192069970153995,-0.93,162.9918
483,04,-2.786484313502215e-05,-15.88577495863173,41.53150874974462,2.09,-37.167065
484,05,-2.8741963674400066e-05,-37.081440074305384,54.09692304540707,-0.11,-199.89429
485,06,-3.9525050331051005e-05,-23.208365014648436,47.86380608810849,-0.16,-441.90802
486,07,-3.625940142692049e-05,-31.74150496025496,48.734570516079984,-0.69,-514.4861
487,08,-3.404563471354698e-05,-17.337182702177312,41.57153246440298,-2.09,-427.21332
488,09,-2.6543087166161665e-05,-4.24653964674208,45.73786681658825,-0.52,-210.31528
490,11,-1.0039879183467646e-05,10.335369747924807,64.20363267016013,1.45,337.01636
491,12,-8.260583359534854e-06,25.078029959073632,56.60606037604423,0.84,415.66943
492,01,-6.012859741277161e-06,22.106840989635838,48.67357203781476,-0.55,411.21472
493,02,-1.5386156723984276e-05,31.748662168305497,64.97568837541958,-2.69,376.29895
494,03,-1.9840231885472768e-05,-1.8349693298339842,46.56073982853019,-0.88,37.667465
495,04,-2.7043378228700023e-05,-24.0670989525689,35.17819720014996,-1.52,18.983118
496,05,-2.995519203009721e-05,-45.04488896819084,46.51938461271666,-2.37,-202.393
497,06,-3.546342912159163e-05,-30.903872137790252,54.092656515480414,0.58,-436.82468
498,07,-3.552329937512147e-05,-24.55973527871409,49.31133174363516,-2.29,-483.64343
499,08,-3.48960954878191e-05,-17.491402352609946,46.845165995435046,-1.56,-423.85114
500,09,-2.4679065476549213e-05,-6.537764871215822,41.4254565234277,-0.47,-181.68134
501,10,-1.848353834580477e-05,14.114419966174706,59.132486595437086,1.45,65.10075
502,11,-1.0186800306089735e-05,15.631692754109702,47.969248177954896,-0.11,303.922
503,12,-6.893300624729055e-06,15.732371215492165,60.65007041392917,2.33,551.6449
504,01,-7.860778656987515e-06,14.34612370152627,66.80461903254064,0.31,521.2913
505,02,-9.005972841740524e-06,9.622026147751583,54.51137783175566,0.31,328.78967
506,03,-1.5948935392546162e-05,-0.9029574194467195,53.47545231677126,-0.93,40.457882
507,04,-2.588563685021654e-05,-27.98602328389486,47.86236142485672,-1.16,-18.0242
508,05,-3.230829694098981e-05,-22.4746828918457,60.26473778712485,-1.06,-236.49078
509,06,-3.7502937650666964e-05,-26.38411481492784,47.88007799596918,-0.11,-394.00763
510,07,-3.6336240956178925e-05,-19.074829963273896,48.14752719921964,1.48,-536.1318
513,10,-1.864643046111826e-05,14.62936670381279,46.729617401201246,-0.18,115.27133
514,11,-1.0072340758698473e-05,9.36498726196289,49.88987413275507,-0.77,237.3158
