,month,MER,MSSHF,RH,t2m,UW
0,01,-7.186377549426466e-06,5.464709561255669,62.6901256937955,271.0374221375988,8.566814722819995
1,02,-7.399999772068052e-06,2.729709174746558,52.295623941567676,272.4365299592699,5.242820933818818
2,03,-1.408509512223264e-05,7.08405715679866,62.090667984242096,277.5071083010602,13.765281541639759
3,04,-2.191347909663616e-05,-15.59233038906521,62.41300571294825,280.35185083779226,5.253018767907886
4,05,-2.839083756912113e-05,-16.16055940262989,64.02205650719006,284.1894770028719,9.909492792170534
5,06,-3.330413338050373e-05,-22.16353809509278,52.028707694198026,287.5916414632162,5.934494112353855
6,07,-3.0671342559486147e-05,-22.637875941122733,53.00265082314577,288.5937503051758,13.328552245519495
7,08,-2.8487004876296853e-05,-12.56110269165039,50.14281140049425,288.49456290886997,9.79633006227145
8,09,-2.3132900744369383e-05,-4.023202255249023,42.3501046719922,287.08609388970274,12.264388197920056
9,10,-1.6345863611966567e-05,2.642213581372333,56.92965585534547,284.1524093375258,4.59894328461924
10,11,-1.1569333000928361e-05,13.890767045423724,49.679388139549886,279.5115746341281,15.572536984846325
12,01,-5.795284385228985e-06,8.867661568262244,49.01821534482766,273.9435328466764,5.114125808059528
14,03,-1.4070489600584629e-05,-6.186828353717764,55.02083505403355,277.7412255432786,7.28385072402544
16,05,-2.9285246377967465e-05,-30.998830406271004,47.47244699586335,284.48860593045146,-4.025603452805551
17,06,-3.014735746900341e-05,-26.066622504679362,62.37913317463399,287.3835177541096,6.837710131094192
18,07,-3.1905643976779664e-05,-14.025872309859079,48.67037434149174,288.3328994714881,7.28260863685608
20,09,-2.365392635981859e-05,-3.0327022542317708,42.946886476458445,288.5418778632271,12.575276836034986
22,11,-1.4279194747299093e-05,14.235161112806532,54.54851769668525,278.42969395684133,8.777663723097907
23,12,-7.873070872231058e-06,26.063403682913826,61.380955716897084,277.40736817940336,13.964713369225944
24,01,-7.860688640385075e-06,20.899533713063885,47.875411116570554,276.2877688055551,12.33075755956096
25,02,-8.991757432514056e-06,2.888394768487839,50.11619150138895,274.87796189149225,4.826553443431854
27,04,-2.2320882245185202e-05,-19.334173597547743,50.02077896680037,280.8875384987725,2.920826218308343
28,05,-3.0310256707952082e-05,-17.47440350473055,59.34436809112436,285.6955955049248,4.588270763663836
29,06,-3.0904296795920855e-05,-15.787571440294057,51.69619375912348,286.96279334038627,11.143315948295594
30,07,-3.173775886429094e-05,-20.80200322239373,49.75860673643311,289.0546993070213,10.426191270602645
31,08,-2.8741253340065727e-05,-19.03508228654759,42.77699926753197,289.5996995383643,7.685691989857664
32,09,-2.269007780640903e-05,-3.5648343312581385,46.85175361700852,288.2523063490126,8.593244362915888
33,10,-2.174942796122078e-05,9.781940688922843,60.93410625634399,282.36856040909464,16.650438065046906
34,11,-1.4328458308167076e-05,19.586548003133142,54.57233108670976,280.54755887637674,17.251836509937714
35,12,-7.687594037497059e-06,8.885675470167591,67.75924336626196,273.28184220705754,9.12891215738686
36,01,-5.276928763964617e-06,11.574925520045783,58.01885871766587,274.71989871035333,10.828720034978724
37,02,-7.864293709969517e-06,5.468580898829869,51.56958197040644,276.0330576188678,2.3612015480768114
38,03,-1.6001877676116956e-05,1.792558938959594,55.95160838729334,278.2745939710473,6.721166247665241
39,04,-2.3437909088230905e-05,-21.874123499891493,46.11000325809585,280.3653982337103,4.110112059911092
40,05,-2.9170486620455693e-05,-20.4214844770534,47.92201473479629,285.1203722468551,9.468134508666173
41,06,-3.17826830204164e-05,-27.949367026435006,48.16991035015053,288.8242188401964,8.309710549185011
42,07,-3.416977696542745e-05,-21.999847670688425,39.2781192299025,291.04000476303924,2.935726840890864
43,08,-3.1963929242763654e-05,-15.790871219429917,46.55304641459066,290.1174927072832,12.161826806775984
45,10,-1.6551261839878706e-05,3.491510892150223,54.79260846710333,284.4179603883477,6.952388475377072
46,11,-1.519573135911843e-05,20.401449884033198,56.70156626680825,281.542423581526,14.35263231576284
47,12,-1.0313162028783104e-05,17.753608460457098,55.75187243828721,277.1484120603172,13.39048569564409
48,01,-1.1369238679367056e-05,31.70380508160335,51.86229076744793,279.3915269172832,23.507062125913563
49,02,-1.1685804688698098e-05,2.732715975443522,46.129101684696614,274.1075286789849,-0.6980405422619412
50,03,-1.3839232150540515e-05,-0.5926843497983868,57.115805566785156,278.44128489291285,13.265807060569843
51,04,-2.090864053300013e-05,-10.60586452026367,65.75529212030038,281.01254923197433,9.872940920575457
52,05,-2.6606813441591635e-05,-11.409518621957432,66.050863289825,283.5180301421791,6.826091371003018
54,07,-3.282222612492611e-05,-33.091220865229126,44.1499227373741,291.918114544284,7.109862047544089
56,09,-2.725831751290065e-05,0.9693071214463977,44.86737590899468,287.3565667371962,17.08183361146715
58,11,-9.367185011372688e-06,10.117007967122396,41.05919099200301,280.0425614195929,7.654566838243273
59,12,-8.522425015388596e-06,21.808005747805364,57.410435429080856,277.4857788941578,13.30256360898992
60,01,-1.1848107099418698e-05,28.771229348787696,56.9102486772409,276.7842754120365,17.3053938906885
62,03,-1.3818876191033916e-05,-6.2181760956138685,56.610379949503034,277.09370695126444,1.7070786961791335
63,04,-2.3066575134180317e-05,-21.124448284233942,53.13685258980724,280.480126296997,2.0456456870185007
64,05,-2.301351515928619e-05,-21.276121071107926,61.30564291210714,282.87292314492504,-3.17149069710188
66,07,-3.052118788760435e-05,-16.333257173927887,51.58020934386151,288.32212674803367,9.1474737645221
67,08,-2.8069958612225798e-05,-17.017802792784988,42.472240740586344,290.61531108601883,2.872892107502107
68,09,-2.2138291550658728e-05,-0.809648367987739,66.94727416271104,286.73494841105145,10.311384230168663
69,10,-1.5594664512004833e-05,12.420039781796033,52.5519555827328,284.94581760332665,15.485334654428625
70,11,-1.2000811908506469e-05,17.20852971835666,62.11537896577253,281.5467750801086,10.336642698266768
71,12,-7.343828446024142e-06,12.754345215500043,59.86620702467682,277.9717317575434,8.305007507467783
72,01,-6.201572312694294e-06,7.789162023728894,59.71689801232405,270.81246475709895,3.3671332889679944
73,02,-7.646551471441942e-06,-7.170963860648018,49.17462651499538,272.6459450080508,5.9333629534131
75,04,-2.3272295822324753e-05,-10.486857863362628,59.37646033687326,281.0197640380859,12.875126613341438
77,06,-3.090711121482552e-05,-17.990251360066733,61.34983533646531,286.164952170478,9.56488656516605
78,07,-3.447742918110781e-05,-15.274860501197074,50.75858460182529,289.64287729209974,13.101680323898153
79,08,-3.3271033724499884e-05,-4.3656862228557625,49.79625837316948,288.7357638382451,15.87532358626909
81,10,-1.5745955748394817e-05,1.4800897167574978,41.847355274659336,283.8836659237441,3.9228212014475177
82,11,-1.5779393952086846e-05,2.730464919026692,53.6031213278585,276.48227231207954,8.510707509316338
83,12,-6.748697063030508e-06,22.216181771555252,62.92255071562849,278.89900289527316,19.30713940606066
84,01,-1.0488508364736625e-05,25.802121266682942,67.17732922877546,275.801350984922,14.171719384019092
85,02,-9.105866422227595e-06,-15.737989101954868,41.279925076501705,269.8368100568681,-5.740575921649026
87,04,-1.9242588071877733e-05,-14.953707265557181,61.57429541588492,278.83615111126363,5.863026918029785
89,06,-3.5890827366468634e-05,-24.274000357055662,43.53411597645681,288.4358594709608,3.068294317224291
90,07,-3.000731417455182e-05,-30.125119514383297,48.19723509739805,289.44563059620185,12.281629657273651
91,08,-3.1366839325049225e-05,-20.726613564768147,49.22354232249208,288.36188031465264,13.797753053542104
92,09,-2.1116000810717296e-05,-5.870355172729491,52.886519872754164,284.9466449978299,13.824011871359083
94,11,-1.2770530823662637e-05,20.62896745435927,57.76803370095226,281.3988308635288,15.672534009382458
97,02,-5.771432554432804e-06,6.824847212655203,67.52644709656069,275.3062230299087,7.183116704645611
98,03,-1.3287096029671374e-05,-5.803373095440609,55.151999684815046,275.18381564716617,8.146193476933306
99,04,-2.2575659647211267e-05,-11.442104777696397,52.015024873095086,282.7985634870741,4.7397296148724015
100,05,-2.791426425801057e-05,-28.103053294192083,60.924986691195485,282.72152383422844,5.088691424010902
101,06,-2.8837502824555686e-05,-20.989433822292757,61.5306473079814,286.23068305765787,12.883800532786049
102,07,-3.379324687933062e-05,-20.07741719498173,55.40260847481861,289.3334297852875,8.933421974059073
103,08,-3.0242934917310693e-05,-13.572054321945357,50.633880177582476,288.99911613021357,13.210910544979956
104,09,-2.5696148892024614e-05,-3.969099077690972,51.22118268649578,287.79776992187493,18.18680549267663
105,10,-1.9746457593286597e-05,13.28605210072507,59.41998880579267,284.1081416557065,8.569977047376735
107,12,-5.659096497726741e-06,10.619382738339004,50.16868590621025,277.7222096857871,10.722129596197476
109,02,-1.553154618433063e-05,17.196350676788683,61.10995617006565,277.7702740127738,13.528206202342595
111,04,-2.4692344382775542e-05,-22.74501348402235,55.09817502149212,281.1784597961426,6.067272683482699
112,05,-3.182606770285695e-05,-15.882362545546664,52.83810746537357,286.42319685117656,2.950671381858087
113,06,-2.7714982728361462e-05,-28.63852083367242,47.29024293223089,287.1965049299452,-0.37918123620351224
114,07,-3.385038605679304e-05,-9.511822006717805,59.07058047961163,288.8184828294324,15.473679856002972
115,08,-3.211179117533902e-05,-13.866469908683532,47.473473327189375,289.36880185199044,13.94590260669749
116,09,-2.5435363158006416e-05,2.907980506727431,49.177534459747214,287.1028169921874,11.980116043281555
118,11,-1.0307503538792339e-05,7.8851572241889105,46.36847800110711,279.7681574443817,9.089208542802597
119,12,-7.866494279115095e-06,20.208327730240367,52.71666673100892,280.1574802909768,12.202970729561263
120,01,-5.490775168401608e-06,12.580168148245866,46.32122026583841,278.0433618807229,10.294662934293028
121,02,-1.1993180484209699e-05,15.243881237211681,52.799659086113884,278.5967229493005,16.366795333748772
122,03,-1.7582771425163286e-05,5.919001820882161,61.97907953674307,280.92673047006264,17.954782301687423
123,04,-2.3728384267512105e-05,-15.711892689005532,62.36782957411343,279.7644985144721,5.260100383440654
126,07,-3.3625666249610085e-05,-27.510599928661055,42.19065745926929,290.43235706386776,6.757328301583567
127,08,-3.0036708770112647e-05,-17.0266568734774,43.458151734339296,290.0662455388552,11.918716067467969
128,09,-2.1827326350689368e-05,-6.781363076782227,44.02462579022247,288.6776379201254,2.8825163167741565
129,10,-1.9913688146604526e-05,14.103063629806684,48.60193847477949,285.642628944643,14.940329161633727
130,11,-1.311930024130561e-05,7.912713109334308,43.72629240063826,279.22501226437885,6.5622522730721355
131,12,-7.719866410816296e-06,20.033501539989185,45.286219627095804,278.14191156752395,13.531202857314899
132,01,-9.708490018202875e-06,23.531725362798216,54.619796854420386,278.84542206019734,17.500156613913916
133,02,-1.709957590030951e-05,31.83555304718018,59.52337883048256,280.50749825822743,22.9481457257952
134,03,-1.7018775953137494e-05,2.372058311872584,47.98838851665681,281.1010017314214,13.333049105408369
135,04,-2.7999317039636173e-05,-19.276666238742408,46.732171709169286,281.5536805019803,3.7507871259901253
136,05,-3.125298669270236e-05,-34.3688931694441,36.06377147361027,286.42458363949356,5.1684694324001175
137,06,-3.068480971400681e-05,-23.63770078192817,52.16888050745726,287.6530416948106,7.454946297454835
138,07,-3.559518055198981e-05,-33.07448882301904,37.832517702871755,289.3471467754405,11.827403479811963
139,08,-2.897321149455781e-05,-28.290339532667595,47.590817581110095,291.14238770975095,9.989635868913387
140,09,-2.7407515947157255e-05,-3.6402964202880854,48.108384553693405,286.55917945963546,12.827943298954434
141,10,-1.8407037761653066e-05,10.48773665069252,49.92561818830045,285.16074951352357,8.42830417339776
142,11,-1.0645134954231454e-05,8.876481322224937,54.38112868225972,279.7035436231401,5.109709851434498
143,12,-1.0178729378000547e-05,19.264495642221096,49.02194799312469,277.58139236323046,5.829736719623688
144,01,-9.804670876438911e-06,24.167181801416536,38.86062395377826,276.4995654494993,8.86982310034639
146,03,-1.2629808311264428e-05,-0.5304674036169569,53.76618897918476,280.96131813873785,5.395416858201385
147,04,-2.5889148811054637e-05,-18.50936585184733,50.20018549894757,281.06129239251874,5.61995390847524
148,05,-2.5811937759284265e-05,-33.066711107479634,47.67298183366304,282.56432028493566,0.8872901309023614
150,07,-3.606362330103894e-05,-12.26554677852508,46.37869990175771,291.0611541531471,6.619193799377769
151,08,-2.9805839779475068e-05,-22.79464663072811,38.70661156831249,290.6213046195738,11.01385874016054
152,09,-2.1833397036001162e-05,-8.548686426798504,39.4321560544822,288.29770074191623,9.955680732430352
155,12,-7.654158530845394e-06,17.942148733159545,42.031411531264894,277.4903090515137,8.257994727001396
156,01,-5.988280283046514e-06,9.900324605634134,41.55076964045469,276.29669176196023,3.217538565153716
157,02,-7.568776633878318e-06,10.513905402874128,42.596786469010105,278.02707910182556,11.67841455961644
158,03,-1.6743815379482177e-05,3.675611719931326,56.535387553599556,279.7299019205238,12.80877443896058
159,04,-2.3724830210206465e-05,-12.979907084147134,60.15185276207658,281.38050007290315,11.795587993537051
160,05,-3.502280750303383e-05,-18.415903687507882,37.98684394011575,287.68378568587764,3.870598782180457
161,06,-3.339920427913765e-05,-25.873405965508358,43.36981476617124,289.51187445407453,-2.726851222144233
163,08,-3.290884278264643e-05,-13.404264240552024,52.83446418771308,290.5360282891386,17.78341034901527
164,09,-2.5466491539959356e-05,-1.4094354346381297,48.6797681992597,287.5794175764296,9.088945560031467
165,10,-1.9484351597922247e-05,1.9587082073252686,58.379234332862715,281.5607008762565,6.554792054104549
166,11,-1.321692710625939e-05,23.694389510769323,50.96693710040848,281.2424108364529,20.914857090568542
168,01,-9.715480358609446e-06,34.39173987899288,57.42208674485646,278.0689588641915,24.59790798663068
169,02,-8.449411843078754e-06,-1.1622854381742926,41.2482318814184,276.05196190389,2.4115948096456985
170,03,-1.4966802825774622e-05,-6.011914413616221,42.24266758934657,278.6799079442178,6.541541600606773
171,04,-2.191761210872048e-05,-4.539731902737087,59.59964808656376,283.3900037384034,3.7300693186442064
173,06,-3.281592492067931e-05,-24.277929318237305,46.836056776909025,288.3121968231201,9.25905919657813
175,08,-3.234485571499712e-05,-11.285276480397874,49.79429166342623,288.38119730434624,14.445863279670796
176,09,-2.2725771390226628e-05,-2.4448908416748045,57.50485973500145,286.37938309156635,4.56495947757297
177,10,-1.798888249350155e-05,2.3637267239478326,43.9463890340828,282.4125413159196,3.003415204591649
178,11,-1.1587640056374466e-05,-1.8295716874864363,52.225245416957804,275.9691254242791,2.3298814604229396
180,01,-8.814763398506955e-06,28.086010490499522,59.814965074129006,278.4522831625169,17.509481018681676
181,02,-9.681430163471391e-06,-2.9269207930791947,54.97462990093799,274.71976377387267,6.761308108556839
182,03,-1.5868986940443404e-05,12.424105568506382,56.25959003628518,280.1386115247255,25.385559077929432
183,04,-2.4481364455176743e-05,-15.54007357143826,53.21672202842236,281.15531175240415,5.804787655745612
184,05,-2.8615912740195944e-05,-19.306992470361852,50.8592781971834,284.95634343137016,4.769940718599545
186,07,-3.466171150601792e-05,-32.442688338413035,36.16844127948567,293.29159473148474,4.388184303857946
189,10,-1.8016295581522476e-05,4.47270425086893,52.33998963107474,282.91257732530823,9.331117238485684
190,11,-8.92097842036795e-06,12.752254605102538,55.27824593100681,283.18030227940875,10.65475141023
191,12,-1.093666692604627e-05,22.757288210632986,53.902280609893545,279.09193974574924,16.48587201194353
192,01,-1.2804497735976505e-05,25.385474410518523,57.77612080058489,277.2651151844968,14.218067233526579
193,02,-1.271823695051786e-05,20.178666164579848,60.9734689490412,279.69789509668806,20.19777915863764
194,03,-2.219248033328259e-05,-0.5256330294045062,56.57506640008187,278.52115150119414,14.015041863861907
195,04,-2.3056703787511248e-05,-15.611610607231992,48.9374839578549,281.70371436835387,8.932633039940727
197,06,-3.44918315846169e-05,-24.446217814466692,49.08188772321145,287.09207231580945,4.274826041094461
198,07,-3.591561413959817e-05,-25.92438248894804,39.340810654867084,292.21608878154143,7.295851527121759
200,09,-2.6222378082234683e-05,-4.395296908230251,54.09243484116659,287.4659033938938,5.966960947651334
201,10,-1.4566836962311297e-05,5.514771194293934,41.310020164710224,286.1660483907064,12.37252014750819
204,01,-7.460320452180465e-06,-0.4728464959257379,45.67560021059616,273.0739127290787,1.658294647544943
205,02,-7.544903639281147e-06,5.38362545916678,55.18347650017959,273.61455346710375,4.37647370480943
206,03,-1.2827322511164368e-05,-10.990242480862525,51.72073062135199,275.89573825737733,1.0527366366232593
208,05,-2.4253428110207234e-05,-26.022296560964275,51.92535755428705,283.0404211406093,9.13497221109944
209,06,-2.8253365109311642e-05,-38.732165323215064,41.61192797080808,287.7120379621718,9.433004859309726
210,07,-3.142641031134248e-05,-27.054918192217425,49.82263012584947,288.9736008786437,10.088768128179733
211,08,-2.9903093116464793e-05,-15.358725825155936,42.33743624172287,290.26938906532206,2.895004055515413
212,09,-2.534073391895315e-05,-7.00570699428982,43.673043699496326,286.062809048801,0.038807996008131576
213,10,-1.7171301486478214e-05,8.106230379494288,51.02844809201841,284.35446074524754,10.03043698339565
214,11,-1.4551765714713837e-05,14.46901237657335,58.72207561985916,279.4499412578582,12.736440114508735
215,12,-8.836182103413613e-06,1.1414017176474303,51.832999992789766,274.0792455669526,4.368369198132585
216,01,-3.583592048936e-06,-1.2817189340899076,35.36421269791357,272.25964624536164,-1.286656943434028
217,02,-9.97768289436776e-06,28.48145621345157,61.04910012837534,278.9320034816378,22.079497913224362
218,03,-1.2413017713795421e-05,-3.0697627356744577,49.8996438915832,280.40703176859375,12.954594367386195
219,04,-2.201332183204714e-05,-17.60772253417969,50.15108422283994,280.5644874141693,7.54457913983663
220,05,-3.085946982284968e-05,-22.07697987414944,55.658551038389554,285.1017764521773,8.545581844842562
221,06,-3.476727682935032e-05,-20.254541469319665,56.16686724849277,288.2355316602919,3.493047113927205
223,08,-3.064838395117496e-05,-15.397676236060358,39.11490551742816,293.2227237929478,4.405646029728714
224,09,-2.7053925191669103e-05,-10.968042353990342,40.873450344501606,287.54944601949063,12.051192799843681
225,10,-2.0736059433235615e-05,1.8364669255082322,46.07108195983722,283.2611740620521,11.233670121797948
226,11,-1.1372840429430654e-05,5.54297788119846,52.451002673839106,279.9875980561574,4.724241298357645
227,12,-9.893875752236308e-06,16.98351939342868,60.12797338394067,278.3321768117105,7.438668075274396
228,01,-1.1099072907757458e-05,24.386054642872143,54.87726956107148,277.9622745796942,9.809003644122871
229,02,-7.893391973560764e-06,12.879144769577753,54.623768248409036,279.23413331127165,14.813645704178581
230,03,-1.582076560769428e-05,4.910139277304372,64.38913835901599,280.3343201620861,11.045111331426973
231,04,-2.2395207648413717e-05,-10.670934447903104,67.35853829729425,281.88296789105726,7.908418326038785
232,05,-3.182257207745645e-05,-20.036693252071256,51.31070372274871,286.9770894601474,3.9262605809857765
235,08,-3.4686337675251e-05,-19.754633603331865,40.27667498864153,289.45330056729875,14.429789518274287
238,11,-1.186565926222506e-05,4.6568576497395835,50.09492808050447,277.3990418517218,7.878285733710395
239,12,-8.802920268002493e-06,22.454611907630838,51.308709990082264,277.97066255097747,12.782658350072886
240,01,-9.430198710966792e-06,24.63400003675235,61.44896206574927,278.42221806261614,16.481189683155343
242,03,-1.3397230129969535e-05,-0.9194605676794566,60.6708199271861,280.0196965524407,9.409900608575471
243,04,-2.54553507465769e-05,-17.42901027967665,53.24983413987689,282.47727725253634,5.066782274542914
244,05,-3.422614240797327e-05,-20.88572949317194,50.723297991629586,286.46426943280625,8.779698450191047
245,06,-3.759346314859108e-05,-24.964019442409946,49.104056137108806,287.621155009969,9.589524438858033
246,07,-3.775679561435789e-05,-20.12216363230059,34.70881050790896,291.3305993268413,6.7905215421697145
247,08,-3.318467006672979e-05,-13.657699137697938,45.50563225292391,290.35377914166196,8.883778229928788
248,09,-2.59650643648355e-05,-3.5717024329291456,50.26974016195536,290.39740791795515,5.929397126367357
250,11,-1.3179962080519347e-05,12.654008286878799,52.50058610761298,280.36134305237664,4.796225587866042
252,01,-6.553396535759588e-06,18.42038040095504,45.80448549491872,277.79516857783,10.353726586782804
254,03,-1.4517082142339604e-05,-0.5979741453765541,58.83941007500695,279.74647602704783,9.49542429823516
255,04,-2.355722367422762e-05,-12.813957029554578,60.681698268123455,282.30091152648924,4.805695806566875
256,05,-3.550879427684679e-05,-19.147158501081563,47.704144963514416,286.87483983849967,6.9489958812139365
257,06,-3.750390542944741e-05,-27.016546727159287,42.780413097916714,288.429064964803,14.330717013740538
258,07,-3.168135436499142e-05,-21.668345875401656,51.88578506780696,288.20182105771954,6.044026700850455
259,08,-3.0941285219664524e-05,-19.063545700565466,39.65101154342005,290.2980615874259,11.04517762957337
260,09,-2.4486756719630248e-05,-2.020394458007812,56.817002186003,288.9522197736953,7.933719080649483
261,10,-2.1893689024856883e-05,11.235235126454343,57.40779917159772,284.6498967747843,12.005480048866684
262,11,-1.5146696185204038e-05,20.892512133110895,68.07071139411661,281.02643124508324,12.342221737946403
264,01,-6.723928980547147e-06,14.384707934964087,53.25762820807451,275.96743091123847,6.1000643886237995
265,02,-9.421481274265325e-06,7.153048214503697,61.79020408172125,277.52430097507295,11.07230871765954
266,03,-1.3063552253355424e-05,-6.242824222359606,58.59238742218351,277.80964705756395,13.09184503670149
270,07,-3.6646507612448495e-05,-24.41304970722813,43.035889669943884,291.0954466385379,8.167003860658214
271,08,-3.349079792080317e-05,-13.273838911159066,49.470468634774605,291.26248715078697,10.676284386645083
272,09,-2.8629883362433853e-05,-3.361749937269423,60.89090815499625,286.7026010084364,7.402657788870068
273,10,-1.872843477780094e-05,15.499699002173642,52.0420637966638,287.358400129749,14.544020690487276
274,11,-1.4045017091525046e-05,9.019137569173179,50.75557469189433,281.0378544276344,7.708632052760654
275,12,-9.904081011676856e-06,14.487402564920403,52.82181985401466,276.8109058604907,5.938569107137702
276,01,-6.60295483731882e-06,23.604068570044735,51.65779350411636,277.7092359037091,13.556759391107867
277,02,-1.6342577849974034e-05,27.257544948032923,61.67323920420096,280.01173835877006,20.7849390369824
278,03,-1.718439095667989e-05,-2.8514695644583754,52.573686629964456,280.1865670277176,12.162814038861184
279,04,-2.4829810814864887e-05,-14.182246478949653,49.20558492463959,282.0968799079047,2.687068967501322
280,05,-3.0134792006426703e-05,-17.31557953963741,52.31226475243542,285.91615550937445,4.80779668205015
281,06,-3.5836119472898846e-05,-20.466573669433593,50.7506326838851,289.008934870402,14.10018485385047
282,07,-3.594073215623134e-05,-17.96138944137737,48.60045512300026,290.12367375199517,8.125416749031315
284,09,-2.726855740998468e-05,-6.606480073716904,41.46046437310777,288.12181282060413,-0.6506538895077175
285,10,-2.2813934475604865e-05,5.003235001430717,55.25826176021304,283.04481736857923,15.801558265091272
286,11,-9.433203981300014e-06,10.082439758300783,57.335292302331666,281.24613218036234,8.362891557502746
287,12,-9.155090198257839e-06,-0.601292420089886,52.83887711868107,276.11271182759606,3.7487439302218855
288,01,-7.996820467572737e-06,16.024269751435966,52.92226850532075,276.0992543067932,7.2308413329791
289,02,-9.213011075579354e-06,1.6289639434814458,40.65915042115535,275.1990847414562,-2.7782855909211293
290,03,-1.4304734281419465e-05,-4.024482163624097,45.80751552796749,280.07939777218405,5.931675549784015
291,04,-2.383696288773839e-05,-17.2942943037245,47.44735419490735,282.52701496353154,1.776840329636468
292,05,-3.0977665722578726e-05,-19.48317038226384,57.695412786129985,285.87503277128485,13.447643165608888
293,06,-3.491794925367785e-05,-29.63445593295627,48.58540389312637,290.1924542755127,15.360014124997457
294,07,-3.637924248004731e-05,-25.786057973554062,44.12265574810709,291.4632059519777,7.717995313931539
295,08,-3.1032737283929096e-05,-31.771135562691633,39.36124998163152,291.8428295599825,10.79600291262391
297,10,-2.1305207502659715e-05,-2.352458050143333,49.86598729915773,281.3235289662679,5.868036298526231
298,11,-8.746191556262298e-06,13.336127873399521,55.471923015075255,281.18456970901485,9.657236481560602
300,01,-8.992702947169514e-06,20.66453995308825,64.87525535803712,277.01399096031605,12.400445861242154
301,02,-1.1818901434843997e-05,12.780648606925178,58.06078212638148,277.98929517294346,8.718364602428743
302,03,-1.5225630396960167e-05,1.0669384965794064,50.376974003080406,278.8729907035828,5.864473087290283
303,04,-2.4217375733618005e-05,-11.611916856553819,59.49211039767795,283.0342345699735,3.0342327328787904
304,05,-2.847669872224737e-05,-31.81054322043798,50.857990436966695,284.7821008097331,3.692849372720206
306,07,-3.5823426863228845e-05,-21.040274605699764,48.61712288511441,289.52838083738925,11.099155380125966
307,08,-3.442271008691844e-05,-10.630728795861687,53.4802156332962,291.53894050384855,7.505057596555321
308,09,-3.09724094837697e-05,1.3779368174235027,41.60773183429904,288.3683370303683,12.613644289016724
309,10,-1.9737982986943505e-05,10.8786054316695,45.96995730125903,284.57554275028684,11.938783076604208
310,11,-1.219442167142309e-05,8.63346869269477,52.650442458646836,280.0218678001404,7.877422987598844
311,12,-6.509792311736683e-06,12.651209838210898,41.13814304297201,277.18444233658494,9.412742538349605
313,02,-1.0796667724878803e-05,1.9850640389578682,54.967533898224424,275.683474075272,-0.5147282207352782
314,03,-1.2645556585016247e-05,2.2825399281491516,62.992716266741034,279.0753041903793,6.881408927343225
316,05,-3.3327865934669755e-05,-23.83920729967343,52.369123788558014,284.99818274778966,12.497400639995453
317,06,-3.715115132452208e-05,-30.632264646063906,50.84424858076307,288.991852593655,10.793446467632718
318,07,-3.409394384040644e-05,-23.561669685609886,47.80977541725482,290.1906704429708,6.903388320861324
319,08,-3.320200081173924e-05,-14.21000237282374,41.28222914207624,289.1398493754069,7.691539144146827
320,09,-2.545146969718593e-05,-6.704652192857532,39.75358392157654,289.0389223130968,6.048352263323466
321,10,-1.7187334372416657e-05,10.538457600583316,41.694871458662455,286.6108520703879,6.321603889998569
322,11,-1.4535249143672345e-05,9.326381112670902,61.63253474075529,280.7140452206929,8.41573143863678
323,12,-9.12172876785682e-06,14.485518746324761,56.37181309181387,277.6781497156286,6.250331046853014
324,01,-6.5253165958961526e-06,7.280853728591756,43.42763289413273,274.90674294572244,-1.198527814270348
327,04,-2.37631702343909e-05,-18.782449027506512,53.65862876264652,281.3412661899143,13.231339445326062
329,06,-3.4785863751151034e-05,-27.11431088460287,44.96967633606062,288.7861003506131,6.44561336379581
330,07,-3.3670624993676266e-05,-35.11209074615151,34.7803111832411,294.31578268137275,5.194669483061761
331,08,-3.203818718891423e-05,-14.970106861073484,56.166526000266416,289.42563545177825,5.139944788245744
333,10,-2.0357669840078775e-05,8.929626497002058,49.91160704086961,286.9078280718404,11.764139995021203
334,11,-1.6638314112929544e-05,21.698549422539603,51.20864173750348,282.7481851179335,16.657310976600645
335,12,-1.1844671387852061e-05,21.158474252352146,51.61357204472506,280.0480408410102,13.276590780688874
338,03,-1.969343553138324e-05,2.858439688077537,50.951221448258686,280.9515473870718,3.589432570611277
339,04,-2.5420359923575438e-05,-23.728481532796227,35.425640993569964,285.1133049407959,3.3506547569486838
340,05,-3.1186685044343005e-05,-23.42358186127037,55.67473245647261,286.3991220269972,10.869236741629978
341,06,-3.458860908376663e-05,-19.802041976589628,51.81401281598541,289.6702567504883,5.424472069888645
342,07,-4.0491175616739144e-05,-14.380545316962786,51.51913973191349,289.65608735082475,13.94707431110259
344,09,-2.677926907070085e-05,-2.246240928141275,48.58724766878287,287.3048455885146,8.22912563188341
345,10,-1.4836711174446523e-05,-1.5530790907336818,46.4751422240952,283.5498818838469,4.005545213678831
346,11,-1.4172945336880124e-05,15.984315191311307,55.0159122577058,280.5269208690644,10.173234992345176
347,12,-9.103623443880553e-06,18.67049515623687,44.72693699303237,277.3368185319388,6.526885977427164
349,02,-9.733829621899499e-06,11.488472740085646,43.235250111784055,278.2568273897719,12.265323426432992
350,03,-2.0140387961912898e-05,4.352542552004578,67.29393991330491,278.8884844916969,15.45844951196896
351,04,-2.446588194630345e-05,-15.287676639472116,50.48518859204715,281.5612035566542,7.088551215807597
352,05,-3.326288808405293e-05,-18.37616691179173,46.32872357566895,287.85736066133234,0.6533463385182041
353,06,-3.476253857051133e-05,-32.52892781643338,47.80475471985869,288.7505925245497,12.328733485349018
355,08,-3.3834556450724496e-05,-9.036356891591062,49.02626591384924,290.2695800380912,13.036809177316645
357,10,-1.8222273044254205e-05,6.518695762716314,54.30898137165141,283.49328779224686,13.949120030803067
358,11,-1.2143508331428165e-05,12.723418456013999,55.05112889809742,280.38257168964805,9.143233898650275
359,12,-6.623100362498576e-06,8.910789440196046,51.189781416840454,276.00092939651654,3.3564824344881106
360,01,-6.219402897665034e-06,13.638463789416898,56.756673166043,274.32254045474144,4.487606855351436
361,02,-6.55127283612057e-06,7.2258432279314295,62.426701213981424,276.2893881261462,6.029134575253441
362,03,-1.4006747319585248e-05,0.15545269151913163,60.10794240493287,279.1052625570399,9.182660163920414
363,04,-2.2896213735516033e-05,-13.763160278998479,44.90089633327524,284.289430710517,-0.685411971897549
364,05,-3.152253704363203e-05,-24.89160391596312,50.72287625494953,286.32759907055924,12.152716374838224
365,06,-3.4585202314802804e-05,-32.20444840494791,47.13420631794532,288.15789018961584,8.964238966602748
366,07,-3.995988693131167e-05,-23.939954596078525,46.67216465320125,290.62653678746375,12.934066957371208
367,08,-3.326769469126164e-05,-18.63527480389995,42.41847231385144,291.493365414199,12.439483702608335
368,09,-2.396435872586961e-05,-8.675344586181641,43.626415080409586,288.24405131666396,5.422410661633809
369,10,-1.8213049179844e-05,4.716025361748153,49.256211021474606,284.11453383484707,10.755346892162034
370,11,-1.3997967538165946e-05,28.005924584282763,63.3120259418408,282.6301770416684,16.328244664086235
371,12,-8.896478755051119e-06,9.686923075029926,62.37685010996686,275.9152564712032,7.806057778881443
372,01,-6.091251291421628e-06,2.9262350808420488,60.36061479552843,273.08482904479325,4.086005965673795
374,03,-1.4227020407356234e-05,-0.1344084672825314,56.345688745778084,278.93887998355336,6.929926506247573
375,04,-2.4690822054900404e-05,-20.66956467929416,50.227940069592,281.97344993078445,6.223680580245124
376,05,-2.827942739082006e-05,-27.387183430333288,51.416537502500645,283.07650033011487,6.36290959364368
377,06,-3.182083758476639e-05,-35.711798379855686,43.71565713060168,288.5699565473768,5.184164862230089
378,07,-3.4407490462771055e-05,-31.11366353779454,49.13440625845617,291.94731353169107,10.114219836901592
379,08,-3.27152816781925e-05,-15.088779016966459,50.057286181364006,289.71709932881015,11.199890485086746
380,09,-2.3803562745282155e-05,-1.7829848341200085,47.799041656389505,286.8539448320178,7.507118406274583
381,10,-1.8914465963579488e-05,8.677334267236855,54.52403665949838,284.0074488248518,6.946783918237173
383,12,-7.738160395268594e-06,4.967533013128466,56.59717789244652,272.7350027047024,9.098118736759309
384,01,-4.432973011169315e-06,15.641597058367989,49.85520389962581,276.640032220861,7.8899931685950175
385,02,-7.274441715534998e-06,7.353929252261208,64.81677477946593,277.5559378022239,12.228949002470287
386,03,-1.235675504704564e-05,-6.3443144091534345,43.386579177287324,278.86510410210394,6.132339461931618
387,04,-2.5035789431644346e-05,-14.869033695136176,49.48712501599656,285.153135196601,3.5041900164074367
388,05,-3.0008848766624646e-05,-32.62149781881353,48.67582858574712,286.410771462061,12.94653068993681
389,06,-3.4230032604055946e-05,-25.01744469502767,49.43961729888122,288.6127736097548,9.191161323695713
391,08,-3.274760770019843e-05,-10.64563058373236,50.85391145080519,289.6281859905284,14.01876132214454
392,09,-2.5484862159343414e-05,2.648160398695204,48.54894579696125,288.68825934821234,15.945109005716112
393,10,-1.916051529891168e-05,8.726722329416583,41.10612051369683,284.83637540882887,11.441918302064302
395,12,-1.2744765838047034e-05,29.389911852764826,62.27082245179138,279.54841704272206,20.643361183248544
396,01,-9.557997748420493e-06,23.492998173539362,55.985124487241116,278.0025916491273,15.473656117552068
399,04,-2.412122515035865e-05,-15.116672309705946,65.52592149374486,281.0076457704756,9.397371100213794
400,05,-3.2719707248821014e-05,-19.41600187732328,54.71462800888861,286.39187647731336,6.590203753809776
401,06,-3.633841799156573e-05,-15.284035491265191,54.862410076340026,287.4815220364041,15.388559870190088
402,07,-3.9630504535585143e-05,-18.105863085346844,55.33667580591222,289.83332058683004,9.643338416766094
404,09,-2.780254297756781e-05,-4.337274759928387,47.643611919113,287.3234092200385,13.954834382735358
405,10,-1.749340033099435e-05,6.576196681525118,62.883388684188155,283.75088245457476,14.909538201732023
407,12,-8.270612005098982e-06,23.135962751162953,68.44660146777348,278.1779153431308,14.61453167242645
408,01,-7.079607454118081e-06,9.77005108642578,59.36599973937003,275.1825925199447,11.252236509794832
409,02,-9.82560560788399e-06,1.2790957768758144,54.799641565576906,274.82777969859893,-1.159094538597833
410,03,-1.6003138249269338e-05,-14.11737674147083,62.83003596656937,275.29698841222125,4.0497559374942576
412,05,-2.7662325821888435e-05,-23.158452428017892,56.92952051083376,283.8569099442677,2.4006520103946807
413,06,-3.319209287441886e-05,-26.815010833062065,45.349666944320994,287.4700203450521,8.969547468270196
415,08,-3.2683108437937644e-05,-17.84199171037572,39.46305893081491,290.9021847701535,9.443083260218303
416,09,-2.475842662511746e-05,-8.054260448540582,49.65095689521101,287.60815346442337,9.695096008894179
417,10,-1.765674730958508e-05,13.677036990258001,51.31546706972713,285.3490841153053,9.855143433540098
418,11,-1.2026654228591521e-05,13.685960133870443,60.59634180396663,280.35682493527725,7.8996081568612
419,12,-9.44601224512954e-06,28.97793200421077,55.46996279250422,279.21073650786695,17.02456877497191
420,01,-8.580053124215514e-06,22.96357862870411,63.49304372530727,278.7270791265426,12.436592943314585
421,02,-1.1990748406116751e-05,26.598223410470148,61.15281964255657,279.40804705011277,13.365070623874661
422,03,-1.6731313326227373e-05,-1.3453218475669946,47.843510205716214,281.1189634679159,8.635303588846677
423,04,-2.3883861623916246e-05,-16.521862002224392,58.86005653639768,284.4238784166124,4.371208240678578
424,05,-3.2321809314922687e-05,-17.350711201329386,63.11191008513332,286.0054483229113,4.460978497023224
425,06,-3.645346474101341e-05,-28.120134918891054,43.231891095406475,288.60506283637153,8.551404417122734
426,07,-3.570791800838603e-05,-18.498887496784167,52.862582088247414,292.2635286937426,2.4712541101312127
427,08,-3.5946427165531874e-05,-15.756697428713563,51.75170243226714,289.2081022578413,11.565455817253357
428,09,-2.0748739615697153e-05,-9.244409510294595,35.08465283191469,289.19143939514163,4.304754424497816
429,10,-1.6616273676728237e-05,8.951883064844276,46.06859467966968,286.6383070147115,13.233899098078409
430,11,-1.0089955154782932e-05,6.784489759657117,59.376273723493675,281.4275366665734,5.4755702130211725
431,12,-1.0581146033268115e-05,22.95546643394552,54.273882943514856,278.36750006714686,14.305220015987274
433,02,-8.153189459681882e-06,8.31590086110433,48.93550452213628,276.6668339920044,2.498706819670541
434,03,-1.5915630637317265e-05,-1.6360386480515998,44.90566300547765,279.08244967077115,10.029118978069674
437,06,-3.477750818122634e-05,-31.860220404391814,46.7203716229452,288.02580254245345,14.235752619510228
438,07,-3.7615658574522775e-05,-25.170489753641114,45.05531850020347,290.8353158631684,17.498685590497907
439,08,-3.326061218056918e-05,-12.586229408838417,52.3345120203854,291.25167575270126,9.09200456961765
440,09,-2.5603061031688413e-05,-1.6679924726698132,46.654843129608366,286.66352415195047,4.154875349871318
441,10,-1.3186316454061119e-05,-1.463842040031187,51.45971762442205,283.4427843608241,-0.8720540958937775
442,11,-1.4898132296588707e-05,27.46974549831814,55.57987919455502,283.10383579525416,19.895228572103715
443,12,-8.385574634596725e-06,33.275967709449034,59.292129598577816,282.58162065858744,20.310897958140217
445,02,-1.2519085415486441e-05,14.879537966322628,54.698993667597065,277.78108298799367,15.577092767211214
446,03,-1.4810545610421827e-05,-5.396197126162949,59.004922374092125,278.4155945600284,3.1354650305676195
447,04,-2.7581765115751797e-05,-20.820068422105575,57.557788026644126,281.36615560573995,10.033905906762017
449,06,-3.356170396635004e-05,-23.02242342732747,60.87640379265148,289.0600437771266,5.402156425751581
450,07,-3.758493633006676e-05,-22.269790681900524,47.74635748879372,290.91323088844877,14.40303122233319
451,08,-3.3272750999810424e-05,-17.014684508621052,43.397001161080546,290.91866476046647,12.400393611907957
452,09,-2.4645985519115736e-05,-7.889081433783638,37.34792189491059,290.7287192874484,7.136507175445558
454,11,-1.1750765303218536e-05,10.89123139716254,54.5964946256227,279.20990362701417,10.592714350276527
455,12,-4.447676278540448e-06,15.633635981405934,42.93341399640295,278.4459245055413,10.629026270692066
457,02,-8.18821650381367e-06,12.903916228158135,62.959067062718525,277.86915778559734,8.4660046029545
459,04,-2.5679135762624757e-05,-26.331729773288306,46.84454056873057,281.41495227517026,9.407489323573644
460,05,-2.9667726341906155e-05,-25.198657173730993,56.839670298081565,287.2392350808421,3.779986991472142
461,06,-3.566179110415154e-05,-31.36642959594727,52.944568701901716,290.51245804307734,13.948579157532585
462,07,-3.888270218750779e-05,-23.176640851420746,56.14024401203919,290.7070247267856,13.697072580809232
463,08,-3.333480648354688e-05,-12.395997953681537,44.035043613662005,290.3243722688408,13.987586888959333
464,09,-2.5415033401845397e-05,-5.530321179199219,52.86381167994076,287.1538292568631,8.872825825288562
467,12,-7.748080553331723e-06,20.40142875687794,63.311030514205655,278.2219712722122,11.00165480297868
468,01,-8.493993727101315e-06,23.796599253992884,55.116003269850566,278.53154294832297,17.663954543821273
469,02,-1.1806723732206594e-05,-2.6082788761683875,46.30087924139698,274.0743940366564,2.6303881119546424
470,03,-1.3339704251535219e-05,-6.768148279333628,63.03257818707726,277.2524915700113,5.418887780302315
472,05,-3.631899526441482e-05,-17.44638056798135,47.40056218499266,288.52215093042514,-1.2031118744265645
473,06,-3.447691067930363e-05,-33.33076165534125,39.74884000571834,289.49784020724826,5.857450155003866
476,09,-2.7110998255941223e-05,-4.088550005425346,48.59134079140956,288.21334796922474,14.669336867396035
477,10,-1.717439320385384e-05,2.0582064438686585,44.893768001867876,285.3938754693308,9.415437937746768
478,11,-1.049799736220949e-05,11.533768935139973,58.11769115721252,280.0686911998748,2.182743043751187
479,12,-7.425197422547768e-06,21.47761040308142,53.53903508252609,279.4785891970973,13.274201738193474
481,02,-8.232899953890454e-06,13.675333238874163,51.283400613031226,279.191337246032,10.586008830433798
484,05,-2.8741963674400066e-05,-37.081440074305384,54.09692304540707,284.36448736465616,7.031841904855544
485,06,-3.9525050331051005e-05,-23.208365014648436,47.86380608810849,290.2859401516385,8.609806874932184
487,08,-3.404563471354698e-05,-17.337182702177312,41.57153246440298,291.4738801791283,12.387275987091884
489,10,-1.8569231195137014e-05,10.235854191605762,54.45598049366731,284.78358039642666,17.260129265016122
492,01,-6.012859741277161e-06,22.106840989635838,48.67357203781476,279.3999776622403,12.273396517066544
493,02,-1.5386156723984276e-05,31.748662168305497,64.97568837541958,280.04609204145413,24.30691208471101
496,05,-2.995519203009721e-05,-45.04488896819084,46.51938461271666,285.6595867329259,10.13006349647686
498,07,-3.552329937512147e-05,-24.55973527871409,49.31133174363516,289.7865116117744,16.479953436000375
500,09,-2.4679065476549213e-05,-6.537764871215822,41.4254565234277,288.42726283230246,5.957221874258255
501,10,-1.848353834580477e-05,14.114419966174706,59.132486595437086,284.57053201831286,10.385557453668246
503,12,-6.893300624729055e-06,15.732371215492165,60.65007041392917,278.8222056623889,7.658956028005128
504,01,-7.860778656987515e-06,14.34612370152627,66.80461903254064,276.7231909807677,10.133833827295609
505,02,-9.005972841740524e-06,9.622026147751583,54.51137783175566,276.8945384240831,11.546674844446638
506,03,-1.5948935392546162e-05,-0.9029574194467195,53.47545231677126,279.32064444773675,7.127447119456466
507,04,-2.588563685021654e-05,-27.98602328389486,47.86236142485672,279.4237252683427,6.313839817237854
508,05,-3.230829694098981e-05,-22.4746828918457,60.26473778712485,283.8163767559092,9.505540847839844
509,06,-3.7502937650666964e-05,-26.38411481492784,47.88007799596918,290.2330343007406,4.540895039600795
510,07,-3.6336240956178925e-05,-19.074829963273896,48.14752719921964,290.67390889748197,4.705716874132874
511,08,-3.444879628501263e-05,-12.903870650096605,45.419211714576655,289.92943471568117,7.435324650220974
513,10,-1.864643046111826e-05,14.62936670381279,46.729617401201246,285.1771994281072,12.118540854689897
514,11,-1.0072340758698473e-05,9.36498726196289,49.88987413275507,281.017371949217,6.842058276134069
