,month,MER,MSSHF,SD,SH,ENSO
0,01,-7.186377549426466e-06,5.464709561255669,0.010292715281568547,0.00035855482704265606,0.47
1,02,-7.399999772068052e-06,2.729709174746558,0.0088853447891417,0.0003947880218570064,0.26
2,03,-1.408509512223264e-05,7.08405715679866,0.00040960040271923105,0.00044260006009506144,-0.08
3,04,-2.191347909663616e-05,-15.59233038906521,3.557954761717054e-05,0.00044040625960559647,0.2
4,05,-2.839083756912113e-05,-16.16055940262989,4.408267492889076e-05,0.0007071434940667084,0.27
5,06,-3.330413338050373e-05,-22.16353809509278,0.0,0.0009014931640296304,-0.15
7,08,-2.8487004876296853e-05,-12.56110269165039,0.0,0.0009515669327950404,0.44
10,11,-1.1569333000928361e-05,13.890767045423724,8.024262719684175e-05,0.0005703534181247354,0.52
12,01,-5.795284385228985e-06,8.867661568262244,0.000661063572411896,0.0002899667802897751,0.35
13,02,-7.359469057738698e-06,6.865867059466484,0.00011199214540678879,0.0004711822304191866,0.19
14,03,-1.4070489600584629e-05,-6.186828353717764,6.114121534491099e-05,0.00038754746073307194,0.41
16,05,-2.9285246377967465e-05,-30.998830406271004,0.0,0.0004922136487145694,0.55
17,06,-3.014735746900341e-05,-26.066622504679362,0.0,0.0008849550965466025,0.62
18,07,-3.1905643976779664e-05,-14.025872309859079,0.0,0.0008957915342465621,0.62
21,10,-2.1172643707369163e-05,7.590982919672484,0.0,0.0007849959412277741,0.09
22,11,-1.4279194747299093e-05,14.235161112806532,0.0015326325999365914,0.0006224606235835986,-0.03
23,12,-7.873070872231058e-06,26.063403682913826,0.0016069860227646364,0.0005165828911668244,-0.06
24,01,-7.860688640385075e-06,20.899533713063885,0.0019344636983768915,0.000374949257934248,-0.33
25,02,-8.991757432514056e-06,2.888394768487839,0.0005664595067501069,0.0003669208622193323,-0.24
27,04,-2.2320882245185202e-05,-19.334173597547743,1.5786700778537326e-06,0.0005069280005498918,0.41
28,05,-3.0310256707952082e-05,-17.47440350473055,9.34754648516255e-08,0.0007153930285222947,-0.27
29,06,-3.0904296795920855e-05,-15.787571440294057,0.0,0.0009842194550476254,-0.6
30,07,-3.173775886429094e-05,-20.80200322239373,0.0,0.001004735188951267,-0.51
31,08,-2.8741253340065727e-05,-19.03508228654759,0.0,0.0010760535270361797,-0.31
32,09,-2.269007780640903e-05,-3.5648343312581385,0.0,0.0008672290949221253,-0.01
33,10,-2.174942796122078e-05,9.781940688922843,0.0,0.0006867919335684071,-0.1
34,11,-1.4328458308167076e-05,19.586548003133142,2.2300614251030816e-06,0.0006729366678450485,-0.22
35,12,-7.687594037497059e-06,8.885675470167591,0.012596724167946844,0.0004129887476064696,-0.16
36,01,-5.276928763964617e-06,11.574925520045783,0.0001972472347239012,0.00046975674859519613,-0.38
37,02,-7.864293709969517e-06,5.468580898829869,2.739869412921724e-07,0.000443328927262103,-0.47
38,03,-1.6001877676116956e-05,1.792558938959594,3.8041683935349995e-06,0.0003661708261100601,-0.28
41,06,-3.17826830204164e-05,-27.949367026435006,0.0,0.0008103595633521967,0.78
42,07,-3.416977696542745e-05,-21.999847670688425,0.0,0.0009021180810537498,1.79
44,09,-2.1331834113273846e-05,-6.238656323920356,0.0,0.0009065412273818056,1.81
45,10,-1.6551261839878706e-05,3.491510892150223,0.0,0.000806341602621908,1.93
46,11,-1.519573135911843e-05,20.401449884033198,5.0221549140082464e-08,0.0006367408295191699,2.28
48,01,-1.1369238679367056e-05,31.70380508160335,0.00012911142713280135,0.0005065474144361389,2.57
49,02,-1.1685804688698098e-05,2.732715975443522,0.00031034646715436665,0.00024583032542684335,2.74
50,03,-1.3839232150540515e-05,-0.5926843497983868,2.071826688704952e-05,0.00048506053711077566,2.68
52,05,-2.6606813441591635e-05,-11.409518621957432,0.0,0.0006822573668070693,2.89
53,06,-3.6603149109497395e-05,-25.008415187242296,0.0,0.0008680787925681217,2.02
54,07,-3.282222612492611e-05,-33.091220865229126,0.0,0.0011865903298230965,0.75
55,08,-2.6941880611302234e-05,-27.08358682743196,0.0,0.0007854492272301715,-0.11
57,10,-2.1395454446465794e-05,12.186390243366201,0.0,0.000809845710132114,-0.43
58,11,-9.367185011372688e-06,10.117007967122396,3.5537613762749565e-08,0.0005637446514673988,-0.43
59,12,-8.522425015388596e-06,21.808005747805364,2.6479295504990444e-05,0.0005939787194328425,-0.43
61,02,-9.682757584759485e-06,6.4267875001403105,8.748411584174497e-05,0.0003115679466334117,-0.52
62,03,-1.3818876191033916e-05,-6.2181760956138685,9.418372313181559e-05,0.00032761467128058087,-0.11
63,04,-2.3066575134180317e-05,-21.124448284233942,5.596658653683133e-05,0.00045012077381442295,0.09
64,05,-2.301351515928619e-05,-21.276121071107926,3.1990530670330086e-06,0.00067266253149976,-0.47
65,06,-3.0384449369921637e-05,-25.249517172580298,0.0,0.0009127790745715982,-0.72
66,07,-3.052118788760435e-05,-16.333257173927887,0.0,0.001033779662579662,-0.31
67,08,-2.8069958612225798e-05,-17.017802792784988,0.0,0.0008598136095184325,-0.15
68,09,-2.2138291550658728e-05,-0.809648367987739,0.0,0.0010072270758296226,-0.11
69,10,-1.5594664512004833e-05,12.420039781796033,0.0,0.0008134660352591524,-0.15
71,12,-7.343828446024142e-06,12.754345215500043,1.1825137240912326e-05,0.0005638061713049892,-0.31
72,01,-6.201572312694294e-06,7.789162023728894,0.006257890532093664,0.00032037616245556873,-0.25
73,02,-7.646551471441942e-06,-7.170963860648018,0.00039035758092289885,0.00043289734202582635,-0.58
74,03,-1.1304150707112197e-05,-2.56875498781922,0.0002458149412626861,0.00041982346533168605,-0.6
76,05,-2.800802443084893e-05,-16.149492612120927,0.0,0.0007271333313690247,-1.22
78,07,-3.447742918110781e-05,-15.274860501197074,0.0,0.0010814784673431896,-0.02
79,08,-3.3271033724499884e-05,-4.3656862228557625,0.0,0.0009632387406820798,-0.37
80,09,-2.244669017984254e-05,-3.3109654418945316,0.0,0.0010995125499796714,-0.44
81,10,-1.5745955748394817e-05,1.4800897167574978,0.0,0.0007476628478483084,-0.04
82,11,-1.5779393952086846e-05,2.730464919026692,0.0001320727745691935,0.00036442432660848377,0.0
83,12,-6.748697063030508e-06,22.216181771555252,0.0009846030858255202,0.0006171308285160469,-0.34
84,01,-1.0488508364736625e-05,25.802121266682942,0.0024635101813142014,0.00041564420438127206,-0.36
85,02,-9.105866422227595e-06,-15.737989101954868,0.0001222507996218545,0.00019560193471323016,-0.3
86,03,-1.09558865346488e-05,2.199697240357758,0.0001382134986180131,0.000417650180977115,-0.39
87,04,-1.9242588071877733e-05,-14.953707265557181,7.426198323567707e-06,0.00039568850197150223,-0.52
88,05,-3.1224375424332516e-05,-18.680161248648037,0.0,0.0007434592337500871,-0.18
89,06,-3.5890827366468634e-05,-24.274000357055662,0.0,0.0008331960368823792,0.12
90,07,-3.000731417455182e-05,-30.125119514383297,0.0,0.0010106809674292967,0.56
91,08,-3.1366839325049225e-05,-20.726613564768147,0.0,0.0009093863952855494,1.05
92,09,-2.1116000810717296e-05,-5.870355172729491,0.0,0.0010170114291461383,1.31
93,10,-1.7202233669146365e-05,6.4104873591597356,0.0,0.0008042660296969873,0.57
94,11,-1.2770530823662637e-05,20.62896745435927,4.2331218719482425e-08,0.000712386935210562,0.65
95,12,-1.128779906788603e-05,28.043287035542146,0.00037468132152352284,0.0005160226476652414,1.06
97,02,-5.771432554432804e-06,6.824847212655203,0.00025317513942718504,0.0005444937176130874,1.08
98,03,-1.3287096029671374e-05,-5.803373095440609,7.337508534872401e-05,0.00038326355497387356,1.47
99,04,-2.2575659647211267e-05,-11.442104777696397,1.2648238076104058e-07,0.0005509123427555208,1.66
100,05,-2.791426425801057e-05,-28.103053294192083,0.0,0.0006231550341834262,1.91
101,06,-2.8837502824555686e-05,-20.989433822292757,0.0,0.0008995023713432398,2.02
102,07,-3.379324687933062e-05,-20.07741719498173,0.0,0.0011762637337276985,1.92
103,08,-3.0242934917310693e-05,-13.572054321945357,0.0,0.0011241900766090502,1.48
104,09,-2.5696148892024614e-05,-3.969099077690972,0.0,0.001026891966428189,1.23
105,10,-1.9746457593286597e-05,13.28605210072507,0.0,0.0008929555590629677,1.13
106,11,-1.2423982501220758e-05,8.69252590874566,0.0,0.0005567817669088578,0.85
107,12,-5.659096497726741e-06,10.619382738339004,5.145294307380593e-05,0.0006231452756041871,0.75
108,01,-9.400724827868036e-06,23.76198229324177,0.0002939996052813786,0.0005186993550770137,0.59
109,02,-1.553154618433063e-05,17.196350676788683,4.479276722875135e-05,0.00036645799898507564,0.31
110,03,-1.4791143874625109e-05,4.141464673442225,3.25570567961662e-05,0.00047325576421621175,0.19
111,04,-2.4692344382775542e-05,-22.74501348402235,0.0,0.0005172340481790242,-0.01
112,05,-3.182606770285695e-05,-15.882362545546664,0.0,0.0007443033780645266,-0.36
113,06,-2.7714982728361462e-05,-28.63852083367242,0.0,0.0008593489899378255,-1.19
114,07,-3.385038605679304e-05,-9.511822006717805,0.0,0.001171458948932473,-1.77
116,09,-2.5435363158006416e-05,2.907980506727431,0.0,0.0009323654926211424,-1.77
118,11,-1.0307503538792339e-05,7.8851572241889105,7.3817332585652676e-06,0.000563931326113359,-1.61
121,02,-1.1993180484209699e-05,15.243881237211681,4.026403029759725e-06,0.00042497837058714,-1.06
124,05,-3.2913617601255e-05,-32.404015432706444,0.0,0.0005949903542140838,-1.04
125,06,-3.3498540398290464e-05,-35.047065074327264,0.0,0.0008175972156450774,-1.02
126,07,-3.3625666249610085e-05,-27.510599928661055,0.0,0.000971569565642772,-1.12
127,08,-3.0036708770112647e-05,-17.0266568734774,0.0,0.0009896705504082786,-0.73
128,09,-2.1827326350689368e-05,-6.781363076782227,0.0,0.0009320243816883804,-0.61
129,10,-1.9913688146604526e-05,14.103063629806684,0.0,0.0008421332443241979,-0.56
130,11,-1.311930024130561e-05,7.912713109334308,7.664759953816732e-08,0.0004454905331929088,-0.33
132,01,-9.708490018202875e-06,23.531725362798216,3.920951197224279e-06,0.0005105691684948654,0.12
133,02,-1.709957590030951e-05,31.83555304718018,2.0835172562372115e-06,0.0005475542892947997,0.43
134,03,-1.7018775953137494e-05,2.372058311872584,2.4298456407362414e-05,0.00048062062612102977,0.61
135,04,-2.7999317039636173e-05,-19.276666238742408,0.0,0.00037736529698403654,0.17
141,10,-1.8407037761653066e-05,10.48773665069252,0.0,0.0007825079715910818,-0.06
142,11,-1.0645134954231454e-05,8.876481322224937,1.7197676499684652e-05,0.0004970781178460824,0.12
143,12,-1.0178729378000547e-05,19.264495642221096,0.00010385854269868586,0.0004455819003796224,0.28
144,01,-9.804670876438911e-06,24.167181801416536,7.464897248052782e-06,0.00029198987653266507,0.16
145,02,-6.996622216688376e-06,0.507544446309408,0.002555922939663842,0.000305701507385693,0.08
146,03,-1.2629808311264428e-05,-0.5304674036169569,0.0,0.0005727407951866191,0.21
147,04,-2.5889148811054637e-05,-18.50936585184733,1.8495678901672365e-06,0.00041218083241272116,0.21
148,05,-2.5811937759284265e-05,-33.066711107479634,0.0,0.0005622225995608382,0.35
149,06,-2.987989489524302e-05,-20.686577268473304,0.0,0.0007455840776351881,0.89
150,07,-3.606362330103894e-05,-12.26554677852508,0.0,0.0011091873102282322,0.88
152,09,-2.1833397036001162e-05,-8.548686426798504,0.0,0.0008007140552823532,0.62
153,10,-2.004618059737534e-05,2.17344532234438,0.0,0.0006820325499599374,1.09
154,11,-1.4646135411648073e-05,14.444811823866104,2.8859506713019477e-05,0.0006339337644810405,1.17
155,12,-7.654158530845394e-06,17.942148733159545,5.5359345610423755e-06,0.00046165224257053707,1.29
157,02,-7.568776633878318e-06,10.513905402874128,3.7069602944385046e-05,0.00039763415424268303,1.59
159,04,-2.3724830210206465e-05,-12.979907084147134,2.5939941406250002e-08,0.000579528459085648,1.98
163,08,-3.290884278264643e-05,-13.404264240552024,0.0,0.0012228114123283905,0.08
164,09,-2.5466491539959356e-05,-1.4094354346381297,0.0,0.0008614746787727199,0.5
165,10,-1.9484351597922247e-05,1.9587082073252686,1.8078127214985508e-06,0.0005589232049004094,0.81
166,11,-1.321692710625939e-05,23.694389510769323,0.0,0.0005697992317844588,0.73
167,12,-8.425528942156701e-06,11.411874493342573,3.2269544498894803e-06,0.00046205227275860006,0.78
168,01,-9.715480358609446e-06,34.39173987899288,4.798289268247543e-07,0.0005887621752377449,0.83
169,02,-8.449411843078754e-06,-1.1622854381742926,0.0001454247690382458,0.00038359931115603885,0.93
170,03,-1.4966802825774622e-05,-6.011914413616221,0.00013486407008222353,0.0004124762266675568,0.78
171,04,-2.191761210872048e-05,-4.539731902737087,0.0,0.000576000432182122,0.98
173,06,-3.281592492067931e-05,-24.277929318237305,0.0,0.0009091609778879503,1.5
174,07,-3.3366269429406925e-05,-23.52127023184171,0.0,0.0009773544866860003,0.91
175,08,-3.234485571499712e-05,-11.285276480397874,0.0,0.0010167660779612973,0.62
176,09,-2.2725771390226628e-05,-2.4448908416748045,0.0,0.000888641576060541,0.64
177,10,-1.798888249350155e-05,2.3637267239478326,0.0,0.000542134024022548,0.95
178,11,-1.1587640056374466e-05,-1.8295716874864363,0.00015719194677140975,0.00047988380124447253,0.7
179,12,-9.250304196792702e-06,31.236705364924607,0.00020338165888222312,0.0004956924168822877,0.26
180,01,-8.814763398506955e-06,28.086010490499522,6.143172710172592e-05,0.0004701822597394422,0.02
182,03,-1.5868986940443404e-05,12.424105568506382,9.499826738911291e-08,0.0005810495797577411,-0.21
184,05,-2.8615912740195944e-05,-19.306992470361852,0.0,0.0006858745914348111,0.0
186,07,-3.466171150601792e-05,-32.442688338413035,0.0,0.0009186411803072188,0.88
187,08,-3.527003988845888e-05,-15.806742182249662,0.0,0.0008680270261172562,0.84
189,10,-1.8016295581522476e-05,4.47270425086893,0.0,0.0007590626369145407,1.47
190,11,-8.92097842036795e-06,12.752254605102538,0.0,0.0008178240753429337,0.99
191,12,-1.093666692604627e-05,22.757288210632986,6.536950347244099e-07,0.0005556525008313002,0.87
192,01,-1.2804497735976505e-05,25.385474410518523,0.0009627563479126142,0.00045759688101936,0.77
193,02,-1.271823695051786e-05,20.178666164579848,5.487134059270224e-06,0.00048809193327531924,0.48
194,03,-2.219248033328259e-05,-0.5256330294045062,0.00016835869896796444,0.00037265990637394303,0.14
195,04,-2.3056703787511248e-05,-15.611610607231992,0.0,0.0005232466899471546,0.18
196,05,-3.3250014936618425e-05,-29.631465932538433,0.0,0.0006214292339710306,0.16
197,06,-3.44918315846169e-05,-24.446217814466692,0.0,0.0007471122926498033,-0.0
198,07,-3.591561413959817e-05,-25.92438248894804,0.0,0.001035028367159925,-0.25
199,08,-3.331847033315239e-05,-31.29434137422295,0.0,0.0008271361476220967,-0.65
200,09,-2.6222378082234683e-05,-4.395296908230251,0.0,0.0008676720050675714,-0.86
201,10,-1.4566836962311297e-05,5.514771194293934,0.0,0.0008753650264261328,-0.65
202,11,-1.3042386322538529e-05,9.068964893934462,2.0260943306816947e-07,0.0006469659394806109,-0.67
203,12,-8.991161045966975e-06,-5.598886509064706,0.00015860379254946144,0.00039905608716880105,-0.82
204,01,-7.460320452180465e-06,-0.4728464959257379,0.00023015245699113416,0.00044037663110958085,-0.83
205,02,-7.544903639281147e-06,5.38362545916678,0.0006102077837648064,0.00031412921131322426,-0.81
206,03,-1.2827322511164368e-05,-10.990242480862525,2.0419359207153323e-05,0.0004322530456430366,-0.64
207,04,-2.0502408365953464e-05,-21.604367342122394,2.815988328721788e-08,0.0005573882549563778,-0.69
208,05,-2.4253428110207234e-05,-26.022296560964275,0.0,0.0006685273422467372,-0.83
209,06,-2.8253365109311642e-05,-38.732165323215064,0.0,0.0007725716853643563,-0.9
210,07,-3.142641031134248e-05,-27.054918192217425,0.0,0.0009566610893040974,-0.76
211,08,-2.9903093116464793e-05,-15.358725825155936,0.0,0.0008052989171323801,-0.6
212,09,-2.534073391895315e-05,-7.00570699428982,0.0,0.0007056351989302735,-0.26
213,10,-1.7171301486478214e-05,8.106230379494288,0.0,0.0008193838488076182,-0.31
214,11,-1.4551765714713837e-05,14.46901237657335,0.00012027359008789062,0.0004943569559801082,-0.3
215,12,-8.836182103413613e-06,1.1414017176474303,0.00011574836187465217,0.000456995769084828,-0.45
217,02,-9.97768289436776e-06,28.48145621345157,6.829840796334402e-08,0.0005305327026612487,-0.72
219,04,-2.201332183204714e-05,-17.60772253417969,0.0,0.0005176294510015927,0.17
220,05,-3.085946982284968e-05,-22.07697987414944,0.0,0.000691181856834612,0.68
221,06,-3.476727682935032e-05,-20.254541469319665,0.0,0.0008864397704303581,2.25
222,07,-3.376502295814329e-05,-20.43258258581674,0.0,0.0008547632643424363,2.11
224,09,-2.7053925191669103e-05,-10.968042353990342,0.0,0.0009289264848881631,2.17
225,10,-2.0736059433235615e-05,1.8364669255082322,0.0,0.0007064217952702141,2.01
226,11,-1.1372840429430654e-05,5.54297788119846,0.0,0.000528491018474924,2.06
228,01,-1.1099072907757458e-05,24.386054642872143,2.2409808251165574e-07,0.00045592296519506595,2.23
229,02,-7.893391973560764e-06,12.879144769577753,3.740382904098147e-05,0.000624683462594898,2.43
231,04,-2.2395207648413717e-05,-10.670934447903104,2.9785103268093537e-07,0.0005132326088525791,2.55
232,05,-3.182257207745645e-05,-20.036693252071256,0.0,0.0007038634061112829,2.26
233,06,-3.4082233544055876e-05,-13.138249787733287,0.0,0.001018815234679136,0.37
234,07,-3.6390916169732936e-05,-13.917790471887077,0.0,0.0009119439115554566,-1.42
235,08,-3.4686337675251e-05,-19.754633603331865,0.0,0.0009149996268527415,-1.74
236,09,-2.4247977624205914e-05,0.3736279635959201,0.0,0.0010404470592029612,-1.31
237,10,-2.3367591303340108e-05,14.50471792602539,9.088093234646704e-07,0.0007692835288216944,-1.21
239,12,-8.802920268002493e-06,22.454611907630838,0.00011667215695945164,0.0005018636649010024,-1.25
240,01,-9.430198710966792e-06,24.63400003675235,0.00020755073460199501,0.0005411838983149154,-1.26
241,02,-1.079772392194216e-05,13.779260249546594,0.0025613292994953337,0.0004247924906180526,-1.18
242,03,-1.3397230129969535e-05,-0.9194605676794566,8.536538770121912e-08,0.000520822167453769,-1.11
243,04,-2.54553507465769e-05,-17.42901027967665,8.541558848487004e-06,0.00045097119342235603,-1.17
245,06,-3.759346314859108e-05,-24.964019442409946,0.0,0.0007349941236675172,-1.26
246,07,-3.775679561435789e-05,-20.12216363230059,0.0,0.0008227019134094047,-1.19
247,08,-3.318467006672979e-05,-13.657699137697938,0.0,0.0009116657846986517,-1.07
248,09,-2.59650643648355e-05,-3.5717024329291456,0.0,0.0010456855732800857,-1.17
249,10,-2.1588807777500546e-05,5.981483147405809,0.0,0.0006945507025795002,-1.31
250,11,-1.3179962080519347e-05,12.654008286878799,2.0961513784196646e-05,0.0005313356323464177,-1.33
251,12,-1.3700721242369786e-05,27.986750325848984,0.0004829321933049028,0.0004460608781439875,-1.43
252,01,-6.553396535759588e-06,18.42038040095504,7.689163249026063e-06,0.0004392718665100694,-1.26
253,02,-1.2230161100386137e-05,18.65321454909752,3.605513052008618e-05,0.0004498816253623835,-1.27
254,03,-1.4517082142339604e-05,-0.5979741453765541,2.188550656841647e-05,0.0004991599991315802,-1.36
255,04,-2.355722367422762e-05,-12.813957029554578,8.329312006632488e-07,0.0005945271223715785,-0.93
256,05,-3.550879427684679e-05,-19.147158501081563,0.0,0.0006344104929724587,-0.97
258,07,-3.168135436499142e-05,-21.668345875401656,0.0,0.0008486174719188665,-0.58
259,08,-3.0941285219664524e-05,-19.063545700565466,0.0,0.0008177378859400235,-0.08
260,09,-2.4486756719630248e-05,-2.020394458007812,0.0,0.0011746618843225302,-0.36
261,10,-2.1893689024856883e-05,11.235235126454343,0.0,0.000834898857871064,-0.55
265,02,-9.421481274265325e-06,7.153048214503697,0.0006544472773869832,0.00045849606639379885,-0.87
266,03,-1.3063552253355424e-05,-6.242824222359606,0.00027922883085025255,0.00043964260734938635,-0.79
267,04,-2.4765318735565716e-05,-15.737299090576174,6.594268480936686e-06,0.0004324344195720945,-0.61
268,05,-3.372209000100225e-05,-25.790908090242777,0.0,0.0006874419770607463,-0.58
269,06,-3.303585196628976e-05,-31.827683939954966,0.0,0.0007031702677992751,-0.71
271,08,-3.349079792080317e-05,-13.273838911159066,0.0,0.0011785009511229004,0.34
272,09,-2.8629883362433853e-05,-3.361749937269423,0.0,0.0008204311439514236,-0.07
273,10,-1.872843477780094e-05,15.499699002173642,0.0,0.0009255201393185142,-0.25
274,11,-1.4045017091525046e-05,9.019137569173179,0.0,0.0006085738384488525,-0.32
276,01,-6.60295483731882e-06,23.604068570044735,0.00012535062912971744,0.0005113839650168305,0.07
277,02,-1.6342577849974034e-05,27.257544948032923,5.277034782228017e-06,0.0005129149039266849,-0.26
279,04,-2.4829810814864887e-05,-14.182246478949653,0.0,0.0004709443206453266,-0.36
280,05,-3.0134792006426703e-05,-17.31557953963741,0.0,0.0007120376103461025,-0.1
281,06,-3.5836119472898846e-05,-20.466573669433593,0.0,0.0009486301975226323,0.4
285,10,-2.2813934475604865e-05,5.003235001430717,0.0,0.000718885400139463,0.79
287,12,-9.155090198257839e-06,-0.601292420089886,1.2510566301243278e-09,0.0004945328851989802,0.86
288,01,-7.996820467572737e-06,16.024269751435966,0.00044667841542151673,0.00041192595895207524,0.8
289,02,-9.213011075579354e-06,1.6289639434814458,0.000368756529830751,0.0002735949758984874,0.62
290,03,-1.4304734281419465e-05,-4.024482163624097,0.0,0.0004401956440712298,0.53
291,04,-2.383696288773839e-05,-17.2942943037245,1.5020370483398438e-08,0.0004770017007668381,-0.08
292,05,-3.0977665722578726e-05,-19.48317038226384,0.0,0.0007096738202905913,-0.57
294,07,-3.637924248004731e-05,-25.786057973554062,0.0,0.000985359612786695,0.01
295,08,-3.1032737283929096e-05,-31.771135562691633,0.0,0.001063466894169325,0.01
297,10,-2.1305207502659715e-05,-2.352458050143333,1.9682761161558088e-06,0.0005624345080602805,0.26
298,11,-8.746191556262298e-06,13.336127873399521,0.0,0.0006547417485429125,0.29
299,12,-8.986315398414586e-06,16.75842543636855,1.2960655714875909e-05,0.0005586620659873345,0.1
300,01,-8.992702947169514e-06,20.66453995308825,0.0007110370653931812,0.0004630176850634722,0.16
301,02,-1.1818901434843997e-05,12.780648606925178,0.0004339445432027181,0.000495099684988787,-0.04
302,03,-1.5225630396960167e-05,1.0669384965794064,0.00020815543461871405,0.00036018773000070863,-0.44
303,04,-2.4217375733618005e-05,-11.611916856553819,0.0,0.0005477365501182944,-0.23
304,05,-2.847669872224737e-05,-31.81054322043798,0.0,0.0006152930506795131,-0.44
305,06,-3.421590459786078e-05,-30.121984181382924,0.0,0.0008944627820598017,-0.34
306,07,-3.5823426863228845e-05,-21.040274605699764,0.0,0.0009030186964724067,0.43
307,08,-3.442271008691844e-05,-10.630728795861687,0.0,0.0011410420949086592,0.74
308,09,-3.09724094837697e-05,1.3779368174235027,0.0,0.0008935518929530012,0.54
310,11,-1.219442167142309e-05,8.63346869269477,3.3279392454359266e-07,0.0006341721947358944,0.51
314,03,-1.2645556585016247e-05,2.2825399281491516,0.002058747031355417,0.0005048640071809572,0.82
315,04,-2.402455134354872e-05,-12.38321820203993,0.0,0.0005435340928157731,0.13
317,06,-3.715115132452208e-05,-30.632264646063906,0.0,0.0010480431722563416,0.2
319,08,-3.320200081173924e-05,-14.21000237282374,0.0,0.0008214074471167111,-0.01
320,09,-2.545146969718593e-05,-6.704652192857532,0.0,0.0009221086927508522,-0.05
322,11,-1.4535249143672345e-05,9.326381112670902,0.0005737135661972894,0.0005952350228117148,-0.75
323,12,-9.12172876785682e-06,14.485518746324761,0.0003240881030277539,0.0004220962651623558,-0.73
324,01,-6.5253165958961526e-06,7.280853728591756,0.00014880976241122009,0.00037462094703483867,-0.68
325,02,-8.8568046297561e-06,4.634872235616048,0.00010614823585464838,0.0003650888354684262,-0.5
326,03,-1.3873502668170125e-05,-4.782673361173239,0.0004253186384836833,0.00041051977616280897,-0.61
327,04,-2.37631702343909e-05,-18.782449027506512,0.0,0.00045216028320109117,-0.84
328,05,-3.370682173148433e-05,-13.439136345319852,0.0,0.0006535041197075036,-0.43
329,06,-3.4785863751151034e-05,-27.11431088460287,0.0,0.0008772879220370063,-0.23
330,07,-3.3670624993676266e-05,-35.11209074615151,0.0,0.0009552916027034605,0.11
331,08,-3.203818718891423e-05,-14.970106861073484,0.0,0.0009000416037593156,0.56
332,09,-2.4569920312832332e-05,-1.9050392035590278,0.0,0.0011661635124005137,0.63
333,10,-2.0357669840078775e-05,8.929626497002058,0.0,0.0008570413862924212,0.68
334,11,-1.6638314112929544e-05,21.698549422539603,6.023910310533312e-08,0.0006521134779476141,0.9
335,12,-1.1844671387852061e-05,21.158474252352146,1.2561005930746755e-06,0.0005773151541380593,0.59
336,01,-1.3167410284109127e-05,32.71415653975292,7.495572490076866e-08,0.0005230013527154189,0.62
338,03,-1.969343553138324e-05,2.858439688077537,8.514286369405767e-07,0.0004028064890359467,-0.22
339,04,-2.5420359923575438e-05,-23.728481532796227,0.0,0.0005033413915325177,-0.36
340,05,-3.1186685044343005e-05,-23.42358186127037,0.0,0.0008101687334261413,-0.44
342,07,-4.0491175616739144e-05,-14.380545316962786,0.0,0.0009613429224455643,-0.77
343,08,-3.430768915528969e-05,-11.902402343421853,0.0,0.0010274620080804539,-0.93
344,09,-2.677926907070085e-05,-2.246240928141275,0.0,0.0008591688969658409,-1.1
345,10,-1.4836711174446523e-05,-1.5530790907336818,0.0,0.0008285501714110792,-1.14
346,11,-1.4172945336880124e-05,15.984315191311307,8.570086956024171e-06,0.0006465871534172897,-1.13
347,12,-9.103623443880553e-06,18.67049515623687,1.9495038576023557e-06,0.0003995294160866323,-1.22
350,03,-2.0140387961912898e-05,4.352542552004578,6.198341231192312e-05,0.0004389440757035161,-1.54
352,05,-3.326288808405293e-05,-18.37616691179173,0.0,0.0006870887521260839,-0.98
353,06,-3.476253857051133e-05,-32.52892781643338,0.0,0.0008564286241224787,-0.86
354,07,-3.577182100015043e-05,-18.878891244211506,0.0,0.0011261872946572934,-0.87
355,08,-3.3834556450724496e-05,-9.036356891591062,0.0,0.001041277370647549,-1.08
356,09,-2.5189189388381943e-05,-2.5223080678304033,0.0,0.0009044781553824899,-1.07
357,10,-1.8222273044254205e-05,6.518695762716314,1.0895472700877858e-09,0.0008543528111196123,-1.12
359,12,-6.623100362498576e-06,8.910789440196046,3.1098793911677535e-05,0.00043185676473623153,-1.05
360,01,-6.219402897665034e-06,13.638463789416898,0.00026115813434764905,0.0004136181822207933,-1.01
361,02,-6.55127283612057e-06,7.2258432279314295,5.497220584324428e-05,0.00047579284143406164,-0.85
362,03,-1.4006747319585248e-05,0.15545269151913163,4.5311066412156626e-07,0.0004989911271048672,-0.94
363,04,-2.2896213735516033e-05,-13.763160278998479,7.51813252766927e-09,0.0004889661802240576,-0.81
364,05,-3.152253704363203e-05,-24.89160391596312,0.0,0.0007151075125502661,-0.72
365,06,-3.4585202314802804e-05,-32.20444840494791,0.0,0.0007885755440597576,-0.06
366,07,-3.995988693131167e-05,-23.939954596078525,0.0,0.0009029157017727434,0.49
367,08,-3.326769469126164e-05,-18.63527480389995,0.0,0.0010581389043553269,0.52
369,10,-1.8213049179844e-05,4.716025361748153,0.0,0.0008116932342555208,0.56
371,12,-8.896478755051119e-06,9.686923075029926,0.0033527605789963914,0.00038589618015715004,0.96
372,01,-6.091251291421628e-06,2.9262350808420488,0.002126177963390145,0.0003629201125318107,0.93
374,03,-1.4227020407356234e-05,-0.1344084672825314,1.3550689143519247e-05,0.0004143901391054961,1.31
375,04,-2.4690822054900404e-05,-20.66956467929416,2.4727185567220055e-07,0.0004912910699575554,0.49
377,06,-3.182083758476639e-05,-35.711798379855686,0.0,0.0008911056623261983,-1.33
378,07,-3.4407490462771055e-05,-31.11366353779454,0.0,0.0012401764772639779,-2.43
379,08,-3.27152816781925e-05,-15.088779016966459,0.0,0.0010051635737900273,-2.4
380,09,-2.3803562745282155e-05,-1.7829848341200085,0.0,0.0008983746668693987,-2.28
382,11,-1.1904203317903414e-05,4.708053307088217,0.0002805316183302138,0.000539917925373298,-2.04
383,12,-7.738160395268594e-06,4.967533013128466,0.006288984498670025,0.00034308914540316133,-1.91
384,01,-4.432973011169315e-06,15.641597058367989,0.000611914046349064,0.00040994079856436554,-1.83
386,03,-1.235675504704564e-05,-6.3443144091534345,0.00019613219461133403,0.00039190909222795576,-1.79
387,04,-2.5035789431644346e-05,-14.869033695136176,0.0,0.0005911379486306348,-1.74
390,07,-3.7348723895911946e-05,-18.427609645064162,0.0,0.0009686399827052652,-0.86
392,09,-2.5484862159343414e-05,2.648160398695204,0.0,0.0010463940876720393,-1.16
394,11,-8.12447487300637e-06,7.208228931681314,0.0,0.0006513960211994212,-1.21
396,01,-9.557997748420493e-06,23.492998173539362,3.76804490243235e-05,0.00043240021513436713,-1.08
397,02,-6.941694202459045e-06,2.77444112036694,0.0013561625960229456,0.0004849237747458461,-0.67
398,03,-1.1845709033173812e-05,-9.130659757880753,5.560450656439668e-06,0.00044616643216331627,-0.59
399,04,-2.412122515035865e-05,-15.116672309705946,0.0,0.0005342435015494618,-0.43
400,05,-3.2719707248821014e-05,-19.41600187732328,0.0,0.0008146372657843473,-0.35
401,06,-3.633841799156573e-05,-15.284035491265191,0.0,0.0009098009567069676,-0.28
403,08,-3.664081436780238e-05,-14.530181596981583,0.0,0.0010329766651933964,-0.06
404,09,-2.780254297756781e-05,-4.337274759928387,0.0,0.0009458465725743282,-0.32
405,10,-1.749340033099435e-05,6.576196681525118,1.6571373067876343e-08,0.0009416702161500776,-0.22
407,12,-8.270612005098982e-06,23.135962751162953,0.0004308112231633996,0.0005064767144187343,-0.07
408,01,-7.079607454118081e-06,9.77005108642578,0.0024007742763847433,0.000497766507189808,-0.05
409,02,-9.82560560788399e-06,1.2790957768758144,0.0007189501410438901,0.0003367882807537607,-0.07
412,05,-2.7662325821888435e-05,-23.158452428017892,0.0,0.0006636143321345607,-0.71
413,06,-3.319209287441886e-05,-26.815010833062065,0.0,0.0008767861766169669,-1.18
414,07,-3.405638901301333e-05,-27.630988150319745,0.0,0.0009992564759155084,-0.85
415,08,-3.2683108437937644e-05,-17.84199171037572,0.0,0.0008798842714115641,-0.5
416,09,-2.475842662511746e-05,-8.054260448540582,0.0,0.0009952416975374742,-0.38
417,10,-1.765674730958508e-05,13.677036990258001,0.0,0.0007650325017121314,-0.16
418,11,-1.2026654228591521e-05,13.685960133870443,8.762069013383654e-05,0.0006722915904273629,-0.18
419,12,-9.44601224512954e-06,28.97793200421077,5.1136837210706475e-05,0.0005743988471772425,-0.35
420,01,-8.580053124215514e-06,22.96357862870411,1.0653635506988855e-05,0.0004570045449137564,-0.51
423,04,-2.3883861623916246e-05,-16.521862002224392,0.0,0.0007145584834816368,-0.16
424,05,-3.2321809314922687e-05,-17.350711201329386,5.8457146408737335e-06,0.0007860145196551182,-0.18
425,06,-3.645346474101341e-05,-28.120134918891054,0.0,0.0007369192126624208,-0.01
426,07,-3.570791800838603e-05,-18.498887496784167,0.0,0.0012707728695600497,0.32
427,08,-3.5946427165531874e-05,-15.756697428713563,0.0,0.00083940602619154,0.16
428,09,-2.0748739615697153e-05,-9.244409510294595,0.0,0.0007514128688763474,-0.15
429,10,-1.6616273676728237e-05,8.951883064844276,0.0,0.0007536827149327755,0.07
430,11,-1.0089955154782932e-05,6.784489759657117,3.112157185872396e-08,0.0007041661412425191,0.34
431,12,-1.0581146033268115e-05,22.95546643394552,0.0004054831791949528,0.00047802787376777174,0.34
432,01,-9.2527426375611e-06,26.340960131573418,0.00016244323407450028,0.000489844752344597,0.23
433,02,-8.153189459681882e-06,8.31590086110433,9.767446773392813e-05,0.0003498088643584164,0.05
434,03,-1.5915630637317265e-05,-1.6360386480515998,2.4049384619600027e-06,0.00042303985436162447,0.13
435,04,-2.4346638547669703e-05,-22.934988667466907,9.625487857394749e-09,0.0005260060907692656,0.35
436,05,-3.070366395367009e-05,-25.76910455847299,0.0,0.0007177736570713329,0.96
437,06,-3.477750818122634e-05,-31.860220404391814,0.0,0.0009790266007457542,1.85
439,08,-3.326061218056918e-05,-12.586229408838417,0.0,0.0013657396460582901,1.92
440,09,-2.5603061031688413e-05,-1.6679924726698132,0.0,0.0007566028229298049,2.21
443,12,-8.385574634596725e-06,33.275967709449034,0.0,0.0007795188684168917,1.9
444,01,-9.004527324929857e-06,20.359526514525058,9.698816525038853e-05,0.000488436789451965,1.94
445,02,-1.2519085415486441e-05,14.879537966322628,1.52496250196435e-05,0.000396557157183862,1.81
446,03,-1.4810545610421827e-05,-5.396197126162949,3.62938924502301e-05,0.00045848496732475713,1.31
447,04,-2.7581765115751797e-05,-20.820068422105575,1.3241238064236113e-07,0.0004367676396880408,1.33
448,05,-3.16294027814815e-05,-19.310568396455505,0.0,0.0007176550833915553,1.26
449,06,-3.356170396635004e-05,-23.02242342732747,0.0,0.0010927039331910299,0.36
450,07,-3.758493633006676e-05,-22.269790681900524,0.0,0.0010440241232438279,-0.51
451,08,-3.3272750999810424e-05,-17.014684508621052,0.0,0.0010487866989167115,-0.28
452,09,-2.4645985519115736e-05,-7.889081433783638,0.0,0.0009151321535124882,-0.34
453,10,-1.526362983537594e-05,-3.798430909843855,0.0,0.0005933222717686742,-0.6
454,11,-1.1750765303218536e-05,10.89123139716254,3.956906927956475e-05,0.0005619674263660951,-0.51
455,12,-4.447676278540448e-06,15.633635981405934,3.86891185596425e-06,0.000560933945176403,-0.34
456,01,-6.416161365773257e-06,12.223324068787278,0.00022398640519829207,0.00038658891371489107,-0.41
458,03,-1.5800369091061108e-05,2.527072602630943,0.0,0.0006005471790666234,-0.58
459,04,-2.5679135762624757e-05,-26.331729773288306,0.0,0.00046593889041503434,-0.21
460,05,-2.9667726341906155e-05,-25.198657173730993,0.0,0.0009037413714048589,0.17
461,06,-3.566179110415154e-05,-31.36642959594727,0.0,0.0011968786994141958,-0.29
462,07,-3.888270218750779e-05,-23.176640851420746,0.0,0.0012087215603821659,-0.7
463,08,-3.333480648354688e-05,-12.395997953681537,0.0,0.0010214693359917133,-0.77
464,09,-2.5415033401845397e-05,-5.530321179199219,0.0,0.0008053615700507684,-0.8
465,10,-2.0550294828412475e-05,15.281469091599986,0.0,0.000977998422354175,-0.63
466,11,-1.2597567349661808e-05,15.910226154920792,3.65040037367079e-07,0.0005069242515831825,-0.63
467,12,-7.748080553331723e-06,20.40142875687794,0.0006995919622400755,0.0004944631197981608,-0.73
468,01,-8.493993727101315e-06,23.796599253992884,1.641540501707344e-05,0.0004060688798143667,-0.77
469,02,-1.1806723732206594e-05,-2.6082788761683875,9.837871222268968e-05,0.0002829947456795624,-0.7
470,03,-1.3339704251535219e-05,-6.768148279333628,0.00012620726580260901,0.00046114679775602243,-0.79
473,06,-3.447691067930363e-05,-33.33076165534125,0.0,0.0009423105013197868,-0.51
475,08,-3.324744642680256e-05,-25.59706884437479,0.0,0.0010718811275108415,0.36
477,10,-1.717439320385384e-05,2.0582064438686585,1.104806956424508e-05,0.0008625090847966448,0.41
478,11,-1.049799736220949e-05,11.533768935139973,4.4242540995279946e-07,0.0007007089032915043,0.26
479,12,-7.425197422547768e-06,21.47761040308142,5.2109628595331655e-05,0.0005544804356621699,0.13
483,04,-2.786484313502215e-05,-15.88577495863173,0.0,0.0003912166226224751,0.33
484,05,-2.8741963674400066e-05,-37.081440074305384,0.0,0.0006720132131989082,0.26
486,07,-3.625940142692049e-05,-31.74150496025496,0.0,0.001190152164367206,0.24
487,08,-3.404563471354698e-05,-17.337182702177312,0.0,0.0009153493840614355,0.3
488,09,-2.6543087166161665e-05,-4.24653964674208,0.0,0.0009920191406140525,0.15
491,12,-8.260583359534854e-06,25.078029959073632,0.0,0.0006186688043578876,0.41
492,01,-6.012859741277161e-06,22.106840989635838,1.4043623401272683e-08,0.0005441964545661171,0.29
493,02,-1.5386156723984276e-05,31.748662168305497,1.7729275528041798e-05,0.0006172183049920366,0.3
494,03,-1.9840231885472768e-05,-1.8349693298339842,0.0,0.00044156570029401656,0.15
495,04,-2.7043378228700023e-05,-24.0670989525689,0.0,0.00044264087076846477,-0.11
496,05,-2.995519203009721e-05,-45.04488896819084,0.0,0.0006991983233638057,-0.24
497,06,-3.546342912159163e-05,-30.903872137790252,0.0,0.0009531023765690003,-0.73
498,07,-3.552329937512147e-05,-24.55973527871409,0.0,0.0011676926252908862,-1.0
500,09,-2.4679065476549213e-05,-6.537764871215822,0.0,0.0009814041400650556,-1.19
502,11,-1.0186800306089735e-05,15.631692754109702,0.0,0.0007050563983345021,-1.15
503,12,-6.893300624729055e-06,15.732371215492165,1.2867758350987586e-06,0.0004749457487080894,-1.16
504,01,-7.860778656987515e-06,14.34612370152627,3.849816578690723e-05,0.0004323260738559914,-1.2
505,02,-9.005972841740524e-06,9.622026147751583,0.0020311918883096605,0.000539877978493261,-0.95
506,03,-1.5948935392546162e-05,-0.9029574194467195,8.298632919147451e-08,0.0004469089032667109,-0.79
507,04,-2.588563685021654e-05,-27.98602328389486,1.457011964586046e-05,0.0003414452638194754,-0.96
508,05,-3.230829694098981e-05,-22.4746828918457,0.0,0.0005485733494364279,-1.06
509,06,-3.7502937650666964e-05,-26.38411481492784,0.0,0.0010744130859948195,-1.11
510,07,-3.6336240956178925e-05,-19.074829963273896,0.0,0.001075812178065009,-1.53
511,08,-3.444879628501263e-05,-12.903870650096605,0.0,0.000943864032105035,-1.34
512,09,-2.3354238802332672e-05,-7.743464881388346,0.0,0.0009716396207307595,-1.41
513,10,-1.864643046111826e-05,14.62936670381279,0.0,0.0007882013383125549,-1.47
514,11,-1.0072340758698473e-05,9.36498726196289,2.1571267975701224e-05,0.000526706469721909,-1.4
