,month,MER,MSSHF,RH,t2m,msl
0,01,-7.186377549426466e-06,5.464709561255669,62.6901256937955,271.0374221375988,482.2611
1,02,-7.399999772068052e-06,2.729709174746558,52.295623941567676,272.4365299592699,235.08263
3,04,-2.191347909663616e-05,-15.59233038906521,62.41300571294825,280.35185083779226,-19.82788
4,05,-2.839083756912113e-05,-16.16055940262989,64.02205650719006,284.1894770028719,-175.62997
5,06,-3.330413338050373e-05,-22.16353809509278,52.028707694198026,287.5916414632162,-420.79517
6,07,-3.0671342559486147e-05,-22.637875941122733,53.00265082314577,288.5937503051758,-485.04364
7,08,-2.8487004876296853e-05,-12.56110269165039,50.14281140049425,288.49456290886997,-385.76572
8,09,-2.3132900744369383e-05,-4.023202255249023,42.3501046719922,287.08609388970274,-131.27644
9,10,-1.6345863611966567e-05,2.642213581372333,56.92965585534547,284.1524093375258,66.34599
10,11,-1.1569333000928361e-05,13.890767045423724,49.679388139549886,279.5115746341281,317.9602
11,12,-1.207531024335357e-05,24.691616260159407,64.98245628347064,278.9589235103156,356.53525
12,01,-5.795284385228985e-06,8.867661568262244,49.01821534482766,273.9435328466764,488.26984
14,03,-1.4070489600584629e-05,-6.186828353717764,55.02083505403355,277.7412255432786,254.1963
15,04,-2.282624180893941e-05,-17.872287172783746,48.97103869282801,280.6358343542311,16.293594
16,05,-2.9285246377967465e-05,-30.998830406271004,47.47244699586335,284.48860593045146,-233.14354
17,06,-3.014735746900341e-05,-26.066622504679362,62.37913317463399,287.3835177541096,-446.5196
18,07,-3.1905643976779664e-05,-14.025872309859079,48.67037434149174,288.3328994714881,-495.01712
19,08,-3.1051088017916934e-05,-11.540256553403795,47.008779259716306,289.8567247478526,-414.18445
20,09,-2.365392635981859e-05,-3.0327022542317708,42.946886476458445,288.5418778632271,-158.57771
21,10,-2.1172643707369163e-05,7.590982919672484,58.4636376896443,282.9430969840429,103.909485
22,11,-1.4279194747299093e-05,14.235161112806532,54.54851769668525,278.42969395684133,194.9133
23,12,-7.873070872231058e-06,26.063403682913826,61.380955716897084,277.40736817940336,462.63782
24,01,-7.860688640385075e-06,20.899533713063885,47.875411116570554,276.2877688055551,606.9618
25,02,-8.991757432514056e-06,2.888394768487839,50.11619150138895,274.87796189149225,401.02792
26,03,-1.2076194787720939e-05,11.89821663673975,73.37905685201383,280.6608627738133,180.53253
27,04,-2.2320882245185202e-05,-19.334173597547743,50.02077896680037,280.8875384987725,-70.63493
28,05,-3.0310256707952082e-05,-17.47440350473055,59.34436809112436,285.6955955049248,-184.04619
29,06,-3.0904296795920855e-05,-15.787571440294057,51.69619375912348,286.96279334038627,-391.44397
31,08,-2.8741253340065727e-05,-19.03508228654759,42.77699926753197,289.5996995383643,-407.78125
32,09,-2.269007780640903e-05,-3.5648343312581385,46.85175361700852,288.2523063490126,-155.44765
33,10,-2.174942796122078e-05,9.781940688922843,60.93410625634399,282.36856040909464,87.511604
35,12,-7.687594037497059e-06,8.885675470167591,67.75924336626196,273.28184220705754,430.74115
37,02,-7.864293709969517e-06,5.468580898829869,51.56958197040644,276.0330576188678,327.15137
38,03,-1.6001877676116956e-05,1.792558938959594,55.95160838729334,278.2745939710473,122.42143
40,05,-2.9170486620455693e-05,-20.4214844770534,47.92201473479629,285.1203722468551,-221.31097
42,07,-3.416977696542745e-05,-21.999847670688425,39.2781192299025,291.04000476303924,-494.43866
43,08,-3.1963929242763654e-05,-15.790871219429917,46.55304641459066,290.1174927072832,-426.0518
45,10,-1.6551261839878706e-05,3.491510892150223,54.79260846710333,284.4179603883477,14.831394
49,02,-1.1685804688698098e-05,2.732715975443522,46.129101684696614,274.1075286789849,459.00092
50,03,-1.3839232150540515e-05,-0.5926843497983868,57.115805566785156,278.44128489291285,287.60257
51,04,-2.090864053300013e-05,-10.60586452026367,65.75529212030038,281.01254923197433,-119.34236
52,05,-2.6606813441591635e-05,-11.409518621957432,66.050863289825,283.5180301421791,-239.92416
53,06,-3.6603149109497395e-05,-25.008415187242296,46.266101067479454,288.4321055046929,-320.2587
54,07,-3.282222612492611e-05,-33.091220865229126,44.1499227373741,291.918114544284,-501.52405
55,08,-2.6941880611302234e-05,-27.08358682743196,31.77761535606461,290.7689338021227,-448.05435
57,10,-2.1395454446465794e-05,12.186390243366201,47.91972020449689,284.1974871086613,40.48535
58,11,-9.367185011372688e-06,10.117007967122396,41.05919099200301,280.0425614195929,268.1501
59,12,-8.522425015388596e-06,21.808005747805364,57.410435429080856,277.4857788941578,435.42178
60,01,-1.1848107099418698e-05,28.771229348787696,56.9102486772409,276.7842754120365,547.34753
61,02,-9.682757584759485e-06,6.4267875001403105,47.08914505602986,275.46569391803087,531.45654
62,03,-1.3818876191033916e-05,-6.2181760956138685,56.610379949503034,277.09370695126444,284.22992
63,04,-2.3066575134180317e-05,-21.124448284233942,53.13685258980724,280.480126296997,-73.87485
64,05,-2.301351515928619e-05,-21.276121071107926,61.30564291210714,282.87292314492504,-242.257
65,06,-3.0384449369921637e-05,-25.249517172580298,53.14751710217263,286.0332354305691,-460.17142
66,07,-3.052118788760435e-05,-16.333257173927887,51.58020934386151,288.32212674803367,-529.26135
67,08,-2.8069958612225798e-05,-17.017802792784988,42.472240740586344,290.61531108601883,-425.4274
69,10,-1.5594664512004833e-05,12.420039781796033,52.5519555827328,284.94581760332665,55.266205
70,11,-1.2000811908506469e-05,17.20852971835666,62.11537896577253,281.5467750801086,248.12015
71,12,-7.343828446024142e-06,12.754345215500043,59.86620702467682,277.9717317575434,506.35333
72,01,-6.201572312694294e-06,7.789162023728894,59.71689801232405,270.81246475709895,555.6986
74,03,-1.1304150707112197e-05,-2.56875498781922,68.34861116093205,276.80950123838204,244.89507
76,05,-2.800802443084893e-05,-16.149492612120927,55.7763452255995,285.3065335752425,-247.56715
77,06,-3.090711121482552e-05,-17.990251360066733,61.34983533646531,286.164952170478,-447.84308
78,07,-3.447742918110781e-05,-15.274860501197074,50.75858460182529,289.64287729209974,-499.64578
79,08,-3.3271033724499884e-05,-4.3656862228557625,49.79625837316948,288.7357638382451,-456.71924
80,09,-2.244669017984254e-05,-3.3109654418945316,48.444472670045165,287.42453148261177,-135.93648
81,10,-1.5745955748394817e-05,1.4800897167574978,41.847355274659336,283.8836659237441,-13.263663
82,11,-1.5779393952086846e-05,2.730464919026692,53.6031213278585,276.48227231207954,246.8675
83,12,-6.748697063030508e-06,22.216181771555252,62.92255071562849,278.89900289527316,506.17804
84,01,-1.0488508364736625e-05,25.802121266682942,67.17732922877546,275.801350984922,520.75305
86,03,-1.09558865346488e-05,2.199697240357758,53.96111336709735,276.74076908246934,216.28285
87,04,-1.9242588071877733e-05,-14.953707265557181,61.57429541588492,278.83615111126363,-66.247536
89,06,-3.5890827366468634e-05,-24.274000357055662,43.53411597645681,288.4358594709608,-402.92596
91,08,-3.1366839325049225e-05,-20.726613564768147,49.22354232249208,288.36188031465264,-395.23828
92,09,-2.1116000810717296e-05,-5.870355172729491,52.886519872754164,284.9466449978299,-158.0254
94,11,-1.2770530823662637e-05,20.62896745435927,57.76803370095226,281.3988308635288,312.29773
97,02,-5.771432554432804e-06,6.824847212655203,67.52644709656069,275.3062230299087,411.32233
101,06,-2.8837502824555686e-05,-20.989433822292757,61.5306473079814,286.23068305765787,-355.735
102,07,-3.379324687933062e-05,-20.07741719498173,55.40260847481861,289.3334297852875,-469.05615
103,08,-3.0242934917310693e-05,-13.572054321945357,50.633880177582476,288.99911613021357,-410.00543
104,09,-2.5696148892024614e-05,-3.969099077690972,51.22118268649578,287.79776992187493,-213.94957
105,10,-1.9746457593286597e-05,13.28605210072507,59.41998880579267,284.1081416557065,109.307816
106,11,-1.2423982501220758e-05,8.69252590874566,58.77474638277293,280.28694883850955,333.94614
107,12,-5.659096497726741e-06,10.619382738339004,50.16868590621025,277.7222096857871,351.56366
108,01,-9.400724827868036e-06,23.76198229324177,64.8158600401199,279.10735159379686,431.11438
110,03,-1.4791143874625109e-05,4.141464673442225,71.63935923557511,278.11941827511527,231.50096
111,04,-2.4692344382775542e-05,-22.74501348402235,55.09817502149212,281.1784597961426,-35.747524
112,05,-3.182606770285695e-05,-15.882362545546664,52.83810746537357,286.42319685117656,-225.9368
113,06,-2.7714982728361462e-05,-28.63852083367242,47.29024293223089,287.1965049299452,-424.42822
114,07,-3.385038605679304e-05,-9.511822006717805,59.07058047961163,288.8184828294324,-534.37366
115,08,-3.211179117533902e-05,-13.866469908683532,47.473473327189375,289.36880185199044,-412.5935
116,09,-2.5435363158006416e-05,2.907980506727431,49.177534459747214,287.1028169921874,-186.82198
117,10,-1.6347254436593455e-05,7.273599919801116,47.520342997120274,284.2524626317998,83.706436
118,11,-1.0307503538792339e-05,7.8851572241889105,46.36847800110711,279.7681574443817,235.84457
120,01,-5.490775168401608e-06,12.580168148245866,46.32122026583841,278.0433618807229,358.27225
124,05,-3.2913617601255e-05,-32.404015432706444,43.15242019264416,286.4839753660796,-245.15436
125,06,-3.3498540398290464e-05,-35.047065074327264,55.710710440916486,288.0712565836589,-377.35388
126,07,-3.3625666249610085e-05,-27.510599928661055,42.19065745926929,290.43235706386776,-460.11435
128,09,-2.1827326350689368e-05,-6.781363076782227,44.02462579022247,288.6776379201254,-177.09312
129,10,-1.9913688146604526e-05,14.103063629806684,48.60193847477949,285.642628944643,1.6402221
131,12,-7.719866410816296e-06,20.033501539989185,45.286219627095804,278.14191156752395,405.47662
132,01,-9.708490018202875e-06,23.531725362798216,54.619796854420386,278.84542206019734,449.19077
133,02,-1.709957590030951e-05,31.83555304718018,59.52337883048256,280.50749825822743,271.74
134,03,-1.7018775953137494e-05,2.372058311872584,47.98838851665681,281.1010017314214,194.64078
135,04,-2.7999317039636173e-05,-19.276666238742408,46.732171709169286,281.5536805019803,-46.350155
137,06,-3.068480971400681e-05,-23.63770078192817,52.16888050745726,287.6530416948106,-463.9167
138,07,-3.559518055198981e-05,-33.07448882301904,37.832517702871755,289.3471467754405,-520.15735
139,08,-2.897321149455781e-05,-28.290339532667595,47.590817581110095,291.14238770975095,-413.9951
140,09,-2.7407515947157255e-05,-3.6402964202880854,48.108384553693405,286.55917945963546,-206.89294
141,10,-1.8407037761653066e-05,10.48773665069252,49.92561818830045,285.16074951352357,-6.863326
143,12,-1.0178729378000547e-05,19.264495642221096,49.02194799312469,277.58139236323046,343.6889
145,02,-6.996622216688376e-06,0.507544446309408,46.996895068120395,272.81969927006674,492.68256
146,03,-1.2629808311264428e-05,-0.5304674036169569,53.76618897918476,280.96131813873785,155.04332
147,04,-2.5889148811054637e-05,-18.50936585184733,50.20018549894757,281.06129239251874,5.451929
148,05,-2.5811937759284265e-05,-33.066711107479634,47.67298183366304,282.56432028493566,-191.84552
149,06,-2.987989489524302e-05,-20.686577268473304,57.62339900992447,285.44453116149896,-393.05927
150,07,-3.606362330103894e-05,-12.26554677852508,46.37869990175771,291.0611541531471,-520.2089
151,08,-2.9805839779475068e-05,-22.79464663072811,38.70661156831249,290.6213046195738,-404.42798
152,09,-2.1833397036001162e-05,-8.548686426798504,39.4321560544822,288.29770074191623,-137.84653
154,11,-1.4646135411648073e-05,14.444811823866104,60.08639300202131,279.0964361319648,305.02448
155,12,-7.654158530845394e-06,17.942148733159545,42.031411531264894,277.4903090515137,417.01776
156,01,-5.988280283046514e-06,9.900324605634134,41.55076964045469,276.29669176196023,490.10556
157,02,-7.568776633878318e-06,10.513905402874128,42.596786469010105,278.02707910182556,310.03925
158,03,-1.6743815379482177e-05,3.675611719931326,56.535387553599556,279.7299019205238,260.98862
159,04,-2.3724830210206465e-05,-12.979907084147134,60.15185276207658,281.38050007290315,-66.799034
160,05,-3.502280750303383e-05,-18.415903687507882,37.98684394011575,287.68378568587764,-162.25479
161,06,-3.339920427913765e-05,-25.873405965508358,43.36981476617124,289.51187445407453,-348.0427
162,07,-3.3542465003026134e-05,-26.574038988010855,46.61348771423679,290.8302553724063,-486.1989
163,08,-3.290884278264643e-05,-13.404264240552024,52.83446418771308,290.5360282891386,-381.3575
164,09,-2.5466491539959356e-05,-1.4094354346381297,48.6797681992597,287.5794175764296,-157.6069
165,10,-1.9484351597922247e-05,1.9587082073252686,58.379234332862715,281.5607008762565,108.04511
167,12,-8.425528942156701e-06,11.411874493342573,45.69198678764476,277.1291988499139,334.8207
168,01,-9.715480358609446e-06,34.39173987899288,57.42208674485646,278.0689588641915,426.42172
169,02,-8.449411843078754e-06,-1.1622854381742926,41.2482318814184,276.05196190389,407.38654
170,03,-1.4966802825774622e-05,-6.011914413616221,42.24266758934657,278.6799079442178,218.13979
171,04,-2.191761210872048e-05,-4.539731902737087,59.59964808656376,283.3900037384034,43.765694
172,05,-3.0932743489659034e-05,-26.541132331437964,51.168041845343446,286.5305111710743,-193.55673
173,06,-3.281592492067931e-05,-24.277929318237305,46.836056776909025,288.3121968231201,-425.74774
174,07,-3.3366269429406925e-05,-23.52127023184171,53.23872095220833,288.9670793329055,-491.47968
177,10,-1.798888249350155e-05,2.3637267239478326,43.9463890340828,282.4125413159196,94.60986
178,11,-1.1587640056374466e-05,-1.8295716874864363,52.225245416957804,275.9691254242791,305.88385
179,12,-9.250304196792702e-06,31.236705364924607,64.63241229699248,278.55954070281985,476.2269
180,01,-8.814763398506955e-06,28.086010490499522,59.814965074129006,278.4522831625169,434.93884
181,02,-9.681430163471391e-06,-2.9269207930791947,54.97462990093799,274.71976377387267,320.58435
182,03,-1.5868986940443404e-05,12.424105568506382,56.25959003628518,280.1386115247255,225.21292
183,04,-2.4481364455176743e-05,-15.54007357143826,53.21672202842236,281.15531175240415,-47.34792
184,05,-2.8615912740195944e-05,-19.306992470361852,50.8592781971834,284.95634343137016,-249.94673
187,08,-3.527003988845888e-05,-15.806742182249662,41.714041907468136,290.50995685306685,-462.14658
188,09,-2.649383951805552e-05,-2.2674784339057075,50.77799905458556,286.7490272650824,-144.04553
189,10,-1.8016295581522476e-05,4.47270425086893,52.33998963107474,282.91257732530823,110.75514
190,11,-8.92097842036795e-06,12.752254605102538,55.27824593100681,283.18030227940875,127.6774
191,12,-1.093666692604627e-05,22.757288210632986,53.902280609893545,279.09193974574924,477.48016
192,01,-1.2804497735976505e-05,25.385474410518523,57.77612080058489,277.2651151844968,548.99054
193,02,-1.271823695051786e-05,20.178666164579848,60.9734689490412,279.69789509668806,404.75116
194,03,-2.219248033328259e-05,-0.5256330294045062,56.57506640008187,278.52115150119414,222.95709
196,05,-3.3250014936618425e-05,-29.631465932538433,52.844916530618114,285.3548243562432,-202.87894
197,06,-3.44918315846169e-05,-24.446217814466692,49.08188772321145,287.09207231580945,-398.10925
198,07,-3.591561413959817e-05,-25.92438248894804,39.340810654867084,292.21608878154143,-523.1768
200,09,-2.6222378082234683e-05,-4.395296908230251,54.09243484116659,287.4659033938938,-138.60434
201,10,-1.4566836962311297e-05,5.514771194293934,41.310020164710224,286.1660483907064,22.955078
202,11,-1.3042386322538529e-05,9.068964893934462,58.53600206141338,280.4485377359602,195.66812
203,12,-8.991161045966975e-06,-5.598886509064706,48.51484771922968,272.8523069154063,562.76666
204,01,-7.460320452180465e-06,-0.4728464959257379,45.67560021059616,273.0739127290787,498.91937
205,02,-7.544903639281147e-06,5.38362545916678,55.18347650017959,273.61455346710375,424.6865
206,03,-1.2827322511164368e-05,-10.990242480862525,51.72073062135199,275.89573825737733,240.91
207,04,-2.0502408365953464e-05,-21.604367342122394,58.54018084150156,281.5059792378743,39.915962
208,05,-2.4253428110207234e-05,-26.022296560964275,51.92535755428705,283.0404211406093,-198.39925
209,06,-2.8253365109311642e-05,-38.732165323215064,41.61192797080808,287.7120379621718,-413.6282
210,07,-3.142641031134248e-05,-27.054918192217425,49.82263012584947,288.9736008786437,-465.12158
211,08,-2.9903093116464793e-05,-15.358725825155936,42.33743624172287,290.26938906532206,-379.25153
212,09,-2.534073391895315e-05,-7.00570699428982,43.673043699496326,286.062809048801,-203.89914
213,10,-1.7171301486478214e-05,8.106230379494288,51.02844809201841,284.35446074524754,36.920265
215,12,-8.836182103413613e-06,1.1414017176474303,51.832999992789766,274.0792455669526,369.05676
216,01,-3.583592048936e-06,-1.2817189340899076,35.36421269791357,272.25964624536164,451.30472
217,02,-9.97768289436776e-06,28.48145621345157,61.04910012837534,278.9320034816378,410.3058
218,03,-1.2413017713795421e-05,-3.0697627356744577,49.8996438915832,280.40703176859375,154.15985
221,06,-3.476727682935032e-05,-20.254541469319665,56.16686724849277,288.2355316602919,-414.0949
223,08,-3.064838395117496e-05,-15.397676236060358,39.11490551742816,293.2227237929478,-430.41806
226,11,-1.1372840429430654e-05,5.54297788119846,52.451002673839106,279.9875980561574,264.80865
227,12,-9.893875752236308e-06,16.98351939342868,60.12797338394067,278.3321768117105,373.25165
228,01,-1.1099072907757458e-05,24.386054642872143,54.87726956107148,277.9622745796942,561.1576
229,02,-7.893391973560764e-06,12.879144769577753,54.623768248409036,279.23413331127165,344.4981
230,03,-1.582076560769428e-05,4.910139277304372,64.38913835901599,280.3343201620861,242.69455
231,04,-2.2395207648413717e-05,-10.670934447903104,67.35853829729425,281.88296789105726,-119.76061
232,05,-3.182257207745645e-05,-20.036693252071256,51.31070372274871,286.9770894601474,-228.83931
234,07,-3.6390916169732936e-05,-13.917790471887077,46.5719772114318,288.9995175761561,-509.08438
235,08,-3.4686337675251e-05,-19.754633603331865,40.27667498864153,289.45330056729875,-408.9884
236,09,-2.4247977624205914e-05,0.3736279635959201,55.41774919654528,288.04718676249183,-239.63855
237,10,-2.3367591303340108e-05,14.50471792602539,57.49670259841796,283.2419490077521,7.4101686
238,11,-1.186565926222506e-05,4.6568576497395835,50.09492808050447,277.3990418517218,275.73566
240,01,-9.430198710966792e-06,24.63400003675235,61.44896206574927,278.42221806261614,419.9618
241,02,-1.079772392194216e-05,13.779260249546594,59.85849182345754,276.5846275064377,380.6319
243,04,-2.54553507465769e-05,-17.42901027967665,53.24983413987689,282.47727725253634,-111.89728
244,05,-3.422614240797327e-05,-20.88572949317194,50.723297991629586,286.46426943280625,-239.17749
245,06,-3.759346314859108e-05,-24.964019442409946,49.104056137108806,287.621155009969,-391.11447
246,07,-3.775679561435789e-05,-20.12216363230059,34.70881050790896,291.3305993268413,-541.97455
247,08,-3.318467006672979e-05,-13.657699137697938,45.50563225292391,290.35377914166196,-419.9404
249,10,-2.1588807777500546e-05,5.981483147405809,48.24640764357326,284.0889761727855,21.767132
250,11,-1.3179962080519347e-05,12.654008286878799,52.50058610761298,280.36134305237664,226.1254
251,12,-1.3700721242369786e-05,27.986750325848984,63.54783165261822,278.27631423343126,435.042
252,01,-6.553396535759588e-06,18.42038040095504,45.80448549491872,277.79516857783,458.1988
253,02,-1.2230161100386137e-05,18.65321454909752,54.35344561065067,278.9918639561445,424.79022
254,03,-1.4517082142339604e-05,-0.5979741453765541,58.83941007500695,279.74647602704783,202.2041
255,04,-2.355722367422762e-05,-12.813957029554578,60.681698268123455,282.30091152648924,-105.5162
256,05,-3.550879427684679e-05,-19.147158501081563,47.704144963514416,286.87483983849967,-316.19424
257,06,-3.750390542944741e-05,-27.016546727159287,42.780413097916714,288.429064964803,-421.43268
258,07,-3.168135436499142e-05,-21.668345875401656,51.88578506780696,288.20182105771954,-506.76276
260,09,-2.4486756719630248e-05,-2.020394458007812,56.817002186003,288.9522197736953,-191.18867
262,11,-1.5146696185204038e-05,20.892512133110895,68.07071139411661,281.02643124508324,371.98285
263,12,-1.1904006665214989e-05,20.81303864280127,63.79751548051194,278.4327853809069,474.66864
265,02,-9.421481274265325e-06,7.153048214503697,61.79020408172125,277.52430097507295,359.45844
267,04,-2.4765318735565716e-05,-15.737299090576174,60.65160554169682,281.0073699052598,-78.08217
268,05,-3.372209000100225e-05,-25.790908090242777,45.58359570831253,286.25971681492297,-296.46097
269,06,-3.303585196628976e-05,-31.827683939954966,48.06642211600013,287.6171802242279,-475.91156
270,07,-3.6646507612448495e-05,-24.41304970722813,43.035889669943884,291.0954466385379,-515.7539
272,09,-2.8629883362433853e-05,-3.361749937269423,60.89090815499625,286.7026010084364,-167.59192
273,10,-1.872843477780094e-05,15.499699002173642,52.0420637966638,287.358400129749,16.738554
274,11,-1.4045017091525046e-05,9.019137569173179,50.75557469189433,281.0378544276344,274.02536
275,12,-9.904081011676856e-06,14.487402564920403,52.82181985401466,276.8109058604907,566.71936
276,01,-6.60295483731882e-06,23.604068570044735,51.65779350411636,277.7092359037091,365.20383
277,02,-1.6342577849974034e-05,27.257544948032923,61.67323920420096,280.01173835877006,328.44968
279,04,-2.4829810814864887e-05,-14.182246478949653,49.20558492463959,282.0968799079047,-72.443596
280,05,-3.0134792006426703e-05,-17.31557953963741,52.31226475243542,285.91615550937445,-211.435
282,07,-3.594073215623134e-05,-17.96138944137737,48.60045512300026,290.12367375199517,-467.034
283,08,-3.0240783373966385e-05,-12.41071590333344,52.640142950275894,291.52933090636554,-406.7431
286,11,-9.433203981300014e-06,10.082439758300783,57.335292302331666,281.24613218036234,302.24905
287,12,-9.155090198257839e-06,-0.601292420089886,52.83887711868107,276.11271182759606,504.08414
288,01,-7.996820467572737e-06,16.024269751435966,52.92226850532075,276.0992543067932,532.6965
289,02,-9.213011075579354e-06,1.6289639434814458,40.65915042115535,275.1990847414562,351.2858
290,03,-1.4304734281419465e-05,-4.024482163624097,45.80751552796749,280.07939777218405,232.67181
291,04,-2.383696288773839e-05,-17.2942943037245,47.44735419490735,282.52701496353154,-47.832108
293,06,-3.491794925367785e-05,-29.63445593295627,48.58540389312637,290.1924542755127,-406.81268
294,07,-3.637924248004731e-05,-25.786057973554062,44.12265574810709,291.4632059519777,-507.51013
295,08,-3.1032737283929096e-05,-31.771135562691633,39.36124998163152,291.8428295599825,-368.21277
296,09,-2.437035215904568e-05,-12.497950702243381,40.21523504180775,287.9652745859782,-167.01361
297,10,-2.1305207502659715e-05,-2.352458050143333,49.86598729915773,281.3235289662679,75.59462
298,11,-8.746191556262298e-06,13.336127873399521,55.471923015075255,281.18456970901485,206.7931
299,12,-8.986315398414586e-06,16.75842543636855,56.42778465677845,277.70850726802377,450.42908
301,02,-1.1818901434843997e-05,12.780648606925178,58.06078212638148,277.98929517294346,381.62366
302,03,-1.5225630396960167e-05,1.0669384965794064,50.376974003080406,278.8729907035828,157.4451
304,05,-2.847669872224737e-05,-31.81054322043798,50.857990436966695,284.7821008097331,-269.62866
306,07,-3.5823426863228845e-05,-21.040274605699764,48.61712288511441,289.52838083738925,-455.2146
308,09,-3.09724094837697e-05,1.3779368174235027,41.60773183429904,288.3683370303683,-184.4647
309,10,-1.9737982986943505e-05,10.8786054316695,45.96995730125903,284.57554275028684,44.66948
311,12,-6.509792311736683e-06,12.651209838210898,41.13814304297201,277.18444233658494,441.5481
312,01,-1.0532949036563073e-05,27.835473567839585,50.62756816835045,278.5624613469442,520.6609
313,02,-1.0796667724878803e-05,1.9850640389578682,54.967533898224424,275.683474075272,484.14117
314,03,-1.2645556585016247e-05,2.2825399281491516,62.992716266741034,279.0753041903793,219.63965
315,04,-2.402455134354872e-05,-12.38321820203993,55.9102142579476,282.71948648647725,-39.804623
316,05,-3.3327865934669755e-05,-23.83920729967343,52.369123788558014,284.99818274778966,-200.5777
319,08,-3.320200081173924e-05,-14.21000237282374,41.28222914207624,289.1398493754069,-404.39178
320,09,-2.545146969718593e-05,-6.704652192857532,39.75358392157654,289.0389223130968,-208.79573
325,02,-8.8568046297561e-06,4.634872235616048,55.29220876641359,275.99080734402787,337.63766
326,03,-1.3873502668170125e-05,-4.782673361173239,59.930227692120816,276.79120616527274,95.14523
327,04,-2.37631702343909e-05,-18.782449027506512,53.65862876264652,281.3412661899143,-103.074135
328,05,-3.370682173148433e-05,-13.439136345319852,55.415879218805216,286.611448016423,-232.63945
329,06,-3.4785863751151034e-05,-27.11431088460287,44.96967633606062,288.7861003506131,-423.3339
331,08,-3.203818718891423e-05,-14.970106861073484,56.166526000266416,289.42563545177825,-441.89688
334,11,-1.6638314112929544e-05,21.698549422539603,51.20864173750348,282.7481851179335,179.2537
335,12,-1.1844671387852061e-05,21.158474252352146,51.61357204472506,280.0480408410102,426.26395
336,01,-1.3167410284109127e-05,32.71415653975292,54.798027210791915,280.3280024761898,483.0394
337,02,-9.635896793779033e-06,12.227102448962983,62.05461917357218,279.13144602752857,254.48233
338,03,-1.969343553138324e-05,2.858439688077537,50.951221448258686,280.9515473870718,196.65338
339,04,-2.5420359923575438e-05,-23.728481532796227,35.425640993569964,285.1133049407959,28.992527
340,05,-3.1186685044343005e-05,-23.42358186127037,55.67473245647261,286.3991220269972,-282.8838
341,06,-3.458860908376663e-05,-19.802041976589628,51.81401281598541,289.6702567504883,-452.7755
343,08,-3.430768915528969e-05,-11.902402343421853,46.669440629773256,290.0370085491878,-420.6581
344,09,-2.677926907070085e-05,-2.246240928141275,48.58724766878287,287.3048455885146,-218.21439
345,10,-1.4836711174446523e-05,-1.5530790907336818,46.4751422240952,283.5498818838469,94.09041
346,11,-1.4172945336880124e-05,15.984315191311307,55.0159122577058,280.5269208690644,271.8612
347,12,-9.103623443880553e-06,18.67049515623687,44.72693699303237,277.3368185319388,377.51404
348,01,-9.98381483742544e-06,30.50790186531313,59.32570013750177,279.4891412764929,544.60754
350,03,-2.0140387961912898e-05,4.352542552004578,67.29393991330491,278.8884844916969,86.82785
351,04,-2.446588194630345e-05,-15.287676639472116,50.48518859204715,281.5612035566542,-122.10661
352,05,-3.326288808405293e-05,-18.37616691179173,46.32872357566895,287.85736066133234,-239.88431
353,06,-3.476253857051133e-05,-32.52892781643338,47.80475471985869,288.7505925245497,-469.55963
354,07,-3.577182100015043e-05,-18.878891244211506,53.425692884929724,290.6381676658713,-533.0994
355,08,-3.3834556450724496e-05,-9.036356891591062,49.02626591384924,290.2695800380912,-414.82285
357,10,-1.8222273044254205e-05,6.518695762716314,54.30898137165141,283.49328779224686,12.31653
358,11,-1.2143508331428165e-05,12.723418456013999,55.05112889809742,280.38257168964805,258.28293
359,12,-6.623100362498576e-06,8.910789440196046,51.189781416840454,276.00092939651654,368.32504
360,01,-6.219402897665034e-06,13.638463789416898,56.756673166043,274.32254045474144,487.4906
361,02,-6.55127283612057e-06,7.2258432279314295,62.426701213981424,276.2893881261462,240.15211
362,03,-1.4006747319585248e-05,0.15545269151913163,60.10794240493287,279.1052625570399,102.18174
363,04,-2.2896213735516033e-05,-13.763160278998479,44.90089633327524,284.289430710517,-82.20805
364,05,-3.152253704363203e-05,-24.89160391596312,50.72287625494953,286.32759907055924,-240.72069
365,06,-3.4585202314802804e-05,-32.20444840494791,47.13420631794532,288.15789018961584,-379.28735
366,07,-3.995988693131167e-05,-23.939954596078525,46.67216465320125,290.62653678746375,-505.70905
367,08,-3.326769469126164e-05,-18.63527480389995,42.41847231385144,291.493365414199,-379.07117
368,09,-2.396435872586961e-05,-8.675344586181641,43.626415080409586,288.24405131666396,-174.95418
371,12,-8.896478755051119e-06,9.686923075029926,62.37685010996686,275.9152564712032,446.3064
372,01,-6.091251291421628e-06,2.9262350808420488,60.36061479552843,273.08482904479325,592.91504
373,02,-7.65345504045659e-06,5.717629487900508,61.53230691539674,274.59004296811423,416.91132
374,03,-1.4227020407356234e-05,-0.1344084672825314,56.345688745778084,278.93887998355336,193.16867
375,04,-2.4690822054900404e-05,-20.66956467929416,50.227940069592,281.97344993078445,-2.6496534
376,05,-2.827942739082006e-05,-27.387183430333288,51.416537502500645,283.07650033011487,-225.8768
377,06,-3.182083758476639e-05,-35.711798379855686,43.71565713060168,288.5699565473768,-409.92548
380,09,-2.3803562745282155e-05,-1.7829848341200085,47.799041656389505,286.8539448320178,-163.45035
381,10,-1.8914465963579488e-05,8.677334267236855,54.52403665949838,284.0074488248518,53.138256
382,11,-1.1904203317903414e-05,4.708053307088217,64.34552551558414,279.1010974715339,147.54532
383,12,-7.738160395268594e-06,4.967533013128466,56.59717789244652,272.7350027047024,311.24188
385,02,-7.274441715534998e-06,7.353929252261208,64.81677477946593,277.5559378022239,229.83588
386,03,-1.235675504704564e-05,-6.3443144091534345,43.386579177287324,278.86510410210394,292.66367
388,05,-3.0008848766624646e-05,-32.62149781881353,48.67582858574712,286.410771462061,-228.46295
390,07,-3.7348723895911946e-05,-18.427609645064162,51.34294977803511,288.60765880658556,-505.86545
391,08,-3.274760770019843e-05,-10.64563058373236,50.85391145080519,289.6281859905284,-430.99344
392,09,-2.5484862159343414e-05,2.648160398695204,48.54894579696125,288.68825934821234,-196.40837
393,10,-1.916051529891168e-05,8.726722329416583,41.10612051369683,284.83637540882887,22.80735
394,11,-8.12447487300637e-06,7.208228931681314,45.10324230610001,280.86535165697734,187.07983
395,12,-1.2744765838047034e-05,29.389911852764826,62.27082245179138,279.54841704272206,505.9886
396,01,-9.557997748420493e-06,23.492998173539362,55.985124487241116,278.0025916491273,551.81323
397,02,-6.941694202459045e-06,2.77444112036694,54.92825397600388,273.9540438470512,452.3239
398,03,-1.1845709033173812e-05,-9.130659757880753,42.53471919810516,280.5903991654509,133.10864
399,04,-2.412122515035865e-05,-15.116672309705946,65.52592149374486,281.0076457704756,-135.65305
400,05,-3.2719707248821014e-05,-19.41600187732328,54.71462800888861,286.39187647731336,-261.40546
401,06,-3.633841799156573e-05,-15.284035491265191,54.862410076340026,287.4815220364041,-462.19366
403,08,-3.664081436780238e-05,-14.530181596981583,48.63167088847007,291.1731117379793,-447.46588
404,09,-2.780254297756781e-05,-4.337274759928387,47.643611919113,287.3234092200385,-204.8426
405,10,-1.749340033099435e-05,6.576196681525118,62.883388684188155,283.75088245457476,62.779716
406,11,-9.782895505729057e-06,13.286790387301977,48.36725960095062,280.2187192969428,213.50601
408,01,-7.079607454118081e-06,9.77005108642578,59.36599973937003,275.1825925199447,449.91544
409,02,-9.82560560788399e-06,1.2790957768758144,54.799641565576906,274.82777969859893,389.66577
410,03,-1.6003138249269338e-05,-14.11737674147083,62.83003596656937,275.29698841222125,84.19392
411,04,-2.0434202846445263e-05,-16.983018215264217,45.651346360141694,280.441605447091,-53.721077
412,05,-2.7662325821888435e-05,-23.158452428017892,56.92952051083376,283.8569099442677,-268.25763
413,06,-3.319209287441886e-05,-26.815010833062065,45.349666944320994,287.4700203450521,-426.29105
414,07,-3.405638901301333e-05,-27.630988150319745,40.32137145659744,291.3996042135915,-560.937
415,08,-3.2683108437937644e-05,-17.84199171037572,39.46305893081491,290.9021847701535,-405.4411
416,09,-2.475842662511746e-05,-8.054260448540582,49.65095689521101,287.60815346442337,-216.38159
417,10,-1.765674730958508e-05,13.677036990258001,51.31546706972713,285.3490841153053,42.5697
418,11,-1.2026654228591521e-05,13.685960133870443,60.59634180396663,280.35682493527725,203.30688
419,12,-9.44601224512954e-06,28.97793200421077,55.46996279250422,279.21073650786695,392.99127
420,01,-8.580053124215514e-06,22.96357862870411,63.49304372530727,278.7270791265426,468.4924
422,03,-1.6731313326227373e-05,-1.3453218475669946,47.843510205716214,281.1189634679159,187.26804
423,04,-2.3883861623916246e-05,-16.521862002224392,58.86005653639768,284.4238784166124,10.961962
425,06,-3.645346474101341e-05,-28.120134918891054,43.231891095406475,288.60506283637153,-404.42038
426,07,-3.570791800838603e-05,-18.498887496784167,52.862582088247414,292.2635286937426,-504.47247
427,08,-3.5946427165531874e-05,-15.756697428713563,51.75170243226714,289.2081022578413,-364.6812
428,09,-2.0748739615697153e-05,-9.244409510294595,35.08465283191469,289.19143939514163,-172.59921
429,10,-1.6616273676728237e-05,8.951883064844276,46.06859467966968,286.6383070147115,47.280457
430,11,-1.0089955154782932e-05,6.784489759657117,59.376273723493675,281.4275366665734,268.1457
431,12,-1.0581146033268115e-05,22.95546643394552,54.273882943514856,278.36750006714686,481.1145
432,01,-9.2527426375611e-06,26.340960131573418,62.63006211892765,277.32805558928624,496.8963
433,02,-8.153189459681882e-06,8.31590086110433,48.93550452213628,276.6668339920044,375.70563
434,03,-1.5915630637317265e-05,-1.6360386480515998,44.90566300547765,279.08244967077115,218.69238
438,07,-3.7615658574522775e-05,-25.170489753641114,45.05531850020347,290.8353158631684,-495.75552
439,08,-3.326061218056918e-05,-12.586229408838417,52.3345120203854,291.25167575270126,-379.41898
440,09,-2.5603061031688413e-05,-1.6679924726698132,46.654843129608366,286.66352415195047,-160.22083
442,11,-1.4898132296588707e-05,27.46974549831814,55.57987919455502,283.10383579525416,217.5921
443,12,-8.385574634596725e-06,33.275967709449034,59.292129598577816,282.58162065858744,382.51483
444,01,-9.004527324929857e-06,20.359526514525058,60.00615774854665,278.0475291836237,615.0895
445,02,-1.2519085415486441e-05,14.879537966322628,54.698993667597065,277.78108298799367,513.2655
446,03,-1.4810545610421827e-05,-5.396197126162949,59.004922374092125,278.4155945600284,180.74983
447,04,-2.7581765115751797e-05,-20.820068422105575,57.557788026644126,281.36615560573995,-40.14256
448,05,-3.16294027814815e-05,-19.310568396455505,50.32535560724812,286.8687926589802,-256.3837
449,06,-3.356170396635004e-05,-23.02242342732747,60.87640379265148,289.0600437771266,-411.4336
450,07,-3.758493633006676e-05,-22.269790681900524,47.74635748879372,290.91323088844877,-527.1949
451,08,-3.3272750999810424e-05,-17.014684508621052,43.397001161080546,290.91866476046647,-383.2492
452,09,-2.4645985519115736e-05,-7.889081433783638,37.34792189491059,290.7287192874484,-203.47372
453,10,-1.526362983537594e-05,-3.798430909843855,48.34944315867911,283.3498556886078,146.55737
454,11,-1.1750765303218536e-05,10.89123139716254,54.5964946256227,279.20990362701417,315.96796
455,12,-4.447676278540448e-06,15.633635981405934,42.93341399640295,278.4459245055413,302.81525
458,03,-1.5800369091061108e-05,2.527072602630943,59.88884960889175,281.2226937955631,259.35114
459,04,-2.5679135762624757e-05,-26.331729773288306,46.84454056873057,281.41495227517026,-38.648987
460,05,-2.9667726341906155e-05,-25.198657173730993,56.839670298081565,287.2392350808421,-236.01617
462,07,-3.888270218750779e-05,-23.176640851420746,56.14024401203919,290.7070247267856,-509.6971
463,08,-3.333480648354688e-05,-12.395997953681537,44.035043613662005,290.3243722688408,-360.07663
464,09,-2.5415033401845397e-05,-5.530321179199219,52.86381167994076,287.1538292568631,-207.39908
465,10,-2.0550294828412475e-05,15.281469091599986,50.30405073937036,286.4926618480888,39.14549
466,11,-1.2597567349661808e-05,15.910226154920792,53.90823562632401,280.83419648060266,198.16333
468,01,-8.493993727101315e-06,23.796599253992884,55.116003269850566,278.53154294832297,534.93005
469,02,-1.1806723732206594e-05,-2.6082788761683875,46.30087924139698,274.0743940366564,358.63983
471,04,-2.4140652476206825e-05,-8.481860700141059,60.03202422682047,284.2523615995619,-20.254816
473,06,-3.447691067930363e-05,-33.33076165534125,39.74884000571834,289.49784020724826,-433.88202
474,07,-3.4126774513620195e-05,-44.31138712696363,36.16823902212164,292.90806091046085,-532.0751
476,09,-2.7110998255941223e-05,-4.088550005425346,48.59134079140956,288.21334796922474,-149.12868
477,10,-1.717439320385384e-05,2.0582064438686585,44.893768001867876,285.3938754693308,102.71988
478,11,-1.049799736220949e-05,11.533768935139973,58.11769115721252,280.0686911998748,285.7953
480,01,-8.170035396257738e-06,18.813249751593478,61.34680531404607,276.9462481465493,490.86084
481,02,-8.232899953890454e-06,13.675333238874163,51.283400613031226,279.191337246032,327.40097
483,04,-2.786484313502215e-05,-15.88577495863173,41.53150874974462,283.32113693033864,-35.625397
484,05,-2.8741963674400066e-05,-37.081440074305384,54.09692304540707,284.36448736465616,-189.84949
485,06,-3.9525050331051005e-05,-23.208365014648436,47.86380608810849,290.2859401516385,-419.29916
486,07,-3.625940142692049e-05,-31.74150496025496,48.734570516079984,291.26846290670414,-501.0103
487,08,-3.404563471354698e-05,-17.337182702177312,41.57153246440298,291.4738801791283,-411.25134
488,09,-2.6543087166161665e-05,-4.24653964674208,45.73786681658825,287.9392709560819,-211.74431
489,10,-1.8569231195137014e-05,10.235854191605762,54.45598049366731,284.78358039642666,37.820908
490,11,-1.0039879183467646e-05,10.335369747924807,64.20363267016013,279.8074893178728,335.38046
491,12,-8.260583359534854e-06,25.078029959073632,56.60606037604423,279.25270498681834,382.14462
492,01,-6.012859741277161e-06,22.106840989635838,48.67357203781476,279.3999776622403,383.1787
493,02,-1.5386156723984276e-05,31.748662168305497,64.97568837541958,280.04609204145413,349.14783
495,04,-2.7043378228700023e-05,-24.0670989525689,35.17819720014996,283.457096534729,29.87352
496,05,-2.995519203009721e-05,-45.04488896819084,46.51938461271666,285.6595867329259,-199.69568
497,06,-3.546342912159163e-05,-30.903872137790252,54.092656515480414,289.81179647657615,-419.74542
498,07,-3.552329937512147e-05,-24.55973527871409,49.31133174363516,289.7865116117744,-468.52924
500,09,-2.4679065476549213e-05,-6.537764871215822,41.4254565234277,288.42726283230246,-171.7009
501,10,-1.848353834580477e-05,14.114419966174706,59.132486595437086,284.57053201831286,73.479706
502,11,-1.0186800306089735e-05,15.631692754109702,47.969248177954896,282.13784168768984,291.08472
504,01,-7.860778656987515e-06,14.34612370152627,66.80461903254064,276.7231909807677,494.7453
506,03,-1.5948935392546162e-05,-0.9029574194467195,53.47545231677126,279.32064444773675,41.9269
507,04,-2.588563685021654e-05,-27.98602328389486,47.86236142485672,279.4237252683427,4.6909084
509,06,-3.7502937650666964e-05,-26.38411481492784,47.88007799596918,290.2330343007406,-385.8308
510,07,-3.6336240956178925e-05,-19.074829963273896,48.14752719921964,290.67390889748197,-518.9241
511,08,-3.444879628501263e-05,-12.903870650096605,45.419211714576655,289.92943471568117,-375.38864
512,09,-2.3354238802332672e-05,-7.743464881388346,41.71682162190013,289.1970728213839,-224.42473
513,10,-1.864643046111826e-05,14.62936670381279,46.729617401201246,285.1771994281072,101.39046
514,11,-1.0072340758698473e-05,9.36498726196289,49.88987413275507,281.017371949217,234.02872
