,month,MER,MSSHF,RH,tp,SCA
0,01,-7.186377549426466e-06,5.464709561255669,62.6901256937955,61.434043169021606,0.53
1,02,-7.399999772068052e-06,2.729709174746558,52.295623941567676,62.58125376701355,0.19
3,04,-2.191347909663616e-05,-15.59233038906521,62.41300571294825,65.13916850090027,0.22
4,05,-2.839083756912113e-05,-16.16055940262989,64.02205650719006,98.91896796226501,-0.38
5,06,-3.330413338050373e-05,-22.16353809509278,52.028707694198026,77.33350610733032,0.19
6,07,-3.0671342559486147e-05,-22.637875941122733,53.00265082314577,36.31914162635803,-1.45
7,08,-2.8487004876296853e-05,-12.56110269165039,50.14281140049425,84.36125612258911,0.38
8,09,-2.3132900744369383e-05,-4.023202255249023,42.3501046719922,43.01969242095947,-1.41
9,10,-1.6345863611966567e-05,2.642213581372333,56.92965585534547,56.921231508255005,1.26
10,11,-1.1569333000928361e-05,13.890767045423724,49.679388139549886,76.8632504940033,-0.15
11,12,-1.207531024335357e-05,24.691616260159407,64.98245628347064,131.76934385299683,0.35
12,01,-5.795284385228985e-06,8.867661568262244,49.01821534482766,58.65590763092041,0.44
13,02,-7.359469057738698e-06,6.865867059466484,53.581606617508264,60.54261493682861,0.82
14,03,-1.4070489600584629e-05,-6.186828353717764,55.02083505403355,70.78502440452576,1.27
15,04,-2.282624180893941e-05,-17.872287172783746,48.97103869282801,41.5899133682251,0.62
16,05,-2.9285246377967465e-05,-30.998830406271004,47.47244699586335,23.549720764160156,0.68
17,06,-3.014735746900341e-05,-26.066622504679362,62.37913317463399,87.7898542881012,0.32
18,07,-3.1905643976779664e-05,-14.025872309859079,48.67037434149174,142.42091464996338,0.63
19,08,-3.1051088017916934e-05,-11.540256553403795,47.008779259716306,67.59736728668213,-1.35
20,09,-2.365392635981859e-05,-3.0327022542317708,42.946886476458445,42.64728355407715,-0.14
23,12,-7.873070872231058e-06,26.063403682913826,61.380955716897084,73.57332229614258,-1.51
24,01,-7.860688640385075e-06,20.899533713063885,47.875411116570554,93.3958797454834,-0.75
25,02,-8.991757432514056e-06,2.888394768487839,50.11619150138895,42.9824595451355,0.59
26,03,-1.2076194787720939e-05,11.89821663673975,73.37905685201383,133.0828936100006,-0.87
27,04,-2.2320882245185202e-05,-19.334173597547743,50.02077896680037,35.788278102874756,-1.34
28,05,-3.0310256707952082e-05,-17.47440350473055,59.34436809112436,102.75372743606567,1.42
29,06,-3.0904296795920855e-05,-15.787571440294057,51.69619375912348,69.78700375556946,-1.07
30,07,-3.173775886429094e-05,-20.80200322239373,49.75860673643311,54.99441409111023,0.7
31,08,-2.8741253340065727e-05,-19.03508228654759,42.77699926753197,37.25814604759216,-0.05
32,09,-2.269007780640903e-05,-3.5648343312581385,46.85175361700852,61.64737391471863,-0.06
33,10,-2.174942796122078e-05,9.781940688922843,60.93410625634399,150.74281787872314,-1.35
35,12,-7.687594037497059e-06,8.885675470167591,67.75924336626196,63.80108118057251,-0.47
36,01,-5.276928763964617e-06,11.574925520045783,58.01885871766587,43.573694705963135,-0.77
37,02,-7.864293709969517e-06,5.468580898829869,51.56958197040644,18.835744380950928,0.73
38,03,-1.6001877676116956e-05,1.792558938959594,55.95160838729334,72.00946402549744,0.72
41,06,-3.17826830204164e-05,-27.949367026435006,48.16991035015053,93.72558498382568,-0.95
42,07,-3.416977696542745e-05,-21.999847670688425,39.2781192299025,32.713236570358276,0.39
43,08,-3.1963929242763654e-05,-15.790871219429917,46.55304641459066,88.86780834197998,-0.5
45,10,-1.6551261839878706e-05,3.491510892150223,54.79260846710333,104.26913022994995,1.47
46,11,-1.519573135911843e-05,20.401449884033198,56.70156626680825,70.76487922668457,0.21
47,12,-1.0313162028783104e-05,17.753608460457098,55.75187243828721,83.42955470085144,-0.28
49,02,-1.1685804688698098e-05,2.732715975443522,46.129101684696614,42.88707685470581,0.47
50,03,-1.3839232150540515e-05,-0.5926843497983868,57.115805566785156,81.02017283439636,-0.52
52,05,-2.6606813441591635e-05,-11.409518621957432,66.050863289825,118.89742398262024,1.48
53,06,-3.6603149109497395e-05,-25.008415187242296,46.266101067479454,40.00491166114807,-0.55
54,07,-3.282222612492611e-05,-33.091220865229126,44.1499227373741,22.25583553314209,0.74
56,09,-2.725831751290065e-05,0.9693071214463977,44.86737590899468,117.23978233337402,0.06
57,10,-2.1395454446465794e-05,12.186390243366201,47.91972020449689,59.156498670578,-1.87
58,11,-9.367185011372688e-06,10.117007967122396,41.05919099200301,59.34060025215149,-1.83
59,12,-8.522425015388596e-06,21.808005747805364,57.410435429080856,63.89762902259827,-1.87
60,01,-1.1848107099418698e-05,28.771229348787696,56.9102486772409,127.76513147354126,-0.46
61,02,-9.682757584759485e-06,6.4267875001403105,47.08914505602986,61.24871587753296,1.31
62,03,-1.3818876191033916e-05,-6.2181760956138685,56.610379949503034,62.89697480201721,1.46
63,04,-2.3066575134180317e-05,-21.124448284233942,53.13685258980724,21.789991855621338,1.51
64,05,-2.301351515928619e-05,-21.276121071107926,61.30564291210714,106.87018704414368,0.98
65,06,-3.0384449369921637e-05,-25.249517172580298,53.14751710217263,54.762237310409546,0.03
66,07,-3.052118788760435e-05,-16.333257173927887,51.58020934386151,95.44521999359131,-0.72
67,08,-2.8069958612225798e-05,-17.017802792784988,42.472240740586344,27.303098917007446,1.24
68,09,-2.2138291550658728e-05,-0.809648367987739,66.94727416271104,147.5589587688446,-0.38
69,10,-1.5594664512004833e-05,12.420039781796033,52.5519555827328,95.18328905105591,-0.3
70,11,-1.2000811908506469e-05,17.20852971835666,62.11537896577253,78.44082713127136,1.13
72,01,-6.201572312694294e-06,7.789162023728894,59.71689801232405,62.144726276397705,0.41
73,02,-7.646551471441942e-06,-7.170963860648018,49.17462651499538,9.736912250518799,-0.2
74,03,-1.1304150707112197e-05,-2.56875498781922,68.34861116093205,66.12149095535278,1.07
75,04,-2.3272295822324753e-05,-10.486857863362628,59.37646033687326,78.5594162940979,-0.88
76,05,-2.800802443084893e-05,-16.149492612120927,55.7763452255995,63.01261830329895,1.28
77,06,-3.090711121482552e-05,-17.990251360066733,61.34983533646531,126.5044174194336,0.11
78,07,-3.447742918110781e-05,-15.274860501197074,50.75858460182529,100.84526371955872,0.15
79,08,-3.3271033724499884e-05,-4.3656862228557625,49.79625837316948,104.17502427101135,0.25
81,10,-1.5745955748394817e-05,1.4800897167574978,41.847355274659336,36.53095197677612,0.37
82,11,-1.5779393952086846e-05,2.730464919026692,53.6031213278585,73.80068945884705,0.06
83,12,-6.748697063030508e-06,22.216181771555252,62.92255071562849,100.24923872947693,0.06
85,02,-9.105866422227595e-06,-15.737989101954868,41.279925076501705,5.396147966384888,0.94
86,03,-1.09558865346488e-05,2.199697240357758,53.96111336709735,80.05486178398132,1.15
87,04,-1.9242588071877733e-05,-14.953707265557181,61.57429541588492,64.68825125694275,0.39
88,05,-3.1224375424332516e-05,-18.680161248648037,54.14751819698144,49.02557110786438,0.14
89,06,-3.5890827366468634e-05,-24.274000357055662,43.53411597645681,56.932453870773315,1.4
91,08,-3.1366839325049225e-05,-20.726613564768147,49.22354232249208,85.93903732299805,0.55
93,10,-1.7202233669146365e-05,6.4104873591597356,48.62927366667281,94.80732774734497,-1.69
95,12,-1.128779906788603e-05,28.043287035542146,58.52688881322774,125.43024492263794,0.49
96,01,-8.849628261046861e-06,-8.473066081057311,52.03738375666833,40.21212434768677,0.18
97,02,-5.771432554432804e-06,6.824847212655203,67.52644709656069,35.931448459625244,-0.52
98,03,-1.3287096029671374e-05,-5.803373095440609,55.151999684815046,77.72802114486694,1.03
99,04,-2.2575659647211267e-05,-11.442104777696397,52.015024873095086,33.60578918457031,0.66
103,08,-3.0242934917310693e-05,-13.572054321945357,50.633880177582476,87.18918299674988,-1.65
104,09,-2.5696148892024614e-05,-3.969099077690972,51.22118268649578,66.9906599521637,-1.01
105,10,-1.9746457593286597e-05,13.28605210072507,59.41998880579267,102.30783081054688,1.4
106,11,-1.2423982501220758e-05,8.69252590874566,58.77474638277293,110.22080183029175,0.36
108,01,-9.400724827868036e-06,23.76198229324177,64.8158600401199,138.66146302223206,0.72
109,02,-1.553154618433063e-05,17.196350676788683,61.10995617006565,87.70584869384766,0.6
110,03,-1.4791143874625109e-05,4.141464673442225,71.63935923557511,114.518559217453,0.49
111,04,-2.4692344382775542e-05,-22.74501348402235,55.09817502149212,27.742077589035034,-0.96
112,05,-3.182606770285695e-05,-15.882362545546664,52.83810746537357,71.89129495620728,0.85
113,06,-2.7714982728361462e-05,-28.63852083367242,47.29024293223089,31.23433208465576,1.93
114,07,-3.385038605679304e-05,-9.511822006717805,59.07058047961163,151.79068851470947,0.81
115,08,-3.211179117533902e-05,-13.866469908683532,47.473473327189375,72.62528491020203,-0.19
116,09,-2.5435363158006416e-05,2.907980506727431,49.177534459747214,99.14269590377808,-1.08
117,10,-1.6347254436593455e-05,7.273599919801116,47.520342997120274,79.42021083831787,0.1
118,11,-1.0307503538792339e-05,7.8851572241889105,46.36847800110711,43.99460577964783,-1.75
119,12,-7.866494279115095e-06,20.208327730240367,52.71666673100892,61.15853786468506,-1.98
120,01,-5.490775168401608e-06,12.580168148245866,46.32122026583841,24.550368309020996,-0.31
121,02,-1.1993180484209699e-05,15.243881237211681,52.799659086113884,59.8443021774292,-1.14
122,03,-1.7582771425163286e-05,5.919001820882161,61.97907953674307,101.1904981136322,-0.62
123,04,-2.3728384267512105e-05,-15.711892689005532,62.36782957411343,78.43897438049316,1.96
125,06,-3.3498540398290464e-05,-35.047065074327264,55.710710440916486,67.16671657562256,0.78
126,07,-3.3625666249610085e-05,-27.510599928661055,42.19065745926929,59.59615159034729,0.2
127,08,-3.0036708770112647e-05,-17.0266568734774,43.458151734339296,58.18086361885071,0.21
128,09,-2.1827326350689368e-05,-6.781363076782227,44.02462579022247,52.75948238372803,0.59
129,10,-1.9913688146604526e-05,14.103063629806684,48.60193847477949,78.90591788291931,-0.65
130,11,-1.311930024130561e-05,7.912713109334308,43.72629240063826,36.57659721374512,0.89
132,01,-9.708490018202875e-06,23.531725362798216,54.619796854420386,62.73529887199402,0.16
133,02,-1.709957590030951e-05,31.83555304718018,59.52337883048256,96.37451434135437,-1.68
134,03,-1.7018775953137494e-05,2.372058311872584,47.98838851665681,25.981262683868408,-1.97
136,05,-3.125298669270236e-05,-34.3688931694441,36.06377147361027,35.43364858627319,0.74
137,06,-3.068480971400681e-05,-23.63770078192817,52.16888050745726,81.75433492660522,0.03
138,07,-3.559518055198981e-05,-33.07448882301904,37.832517702871755,43.237606048583984,-0.79
142,11,-1.0645134954231454e-05,8.876481322224937,54.38112868225972,88.05533337593079,-0.08
143,12,-1.0178729378000547e-05,19.264495642221096,49.02194799312469,71.35911726951599,-0.15
145,02,-6.996622216688376e-06,0.507544446309408,46.996895068120395,29.07620143890381,1.72
146,03,-1.2629808311264428e-05,-0.5304674036169569,53.76618897918476,29.050020217895508,0.92
148,05,-2.5811937759284265e-05,-33.066711107479634,47.67298183366304,35.415016651153564,-1.53
149,06,-2.987989489524302e-05,-20.686577268473304,57.62339900992447,100.81910800933838,-0.71
150,07,-3.606362330103894e-05,-12.26554677852508,46.37869990175771,86.47331523895264,-0.51
151,08,-2.9805839779475068e-05,-22.79464663072811,38.70661156831249,22.764347553253174,-0.28
152,09,-2.1833397036001162e-05,-8.548686426798504,39.4321560544822,69.85359048843384,-1.37
153,10,-2.004618059737534e-05,2.17344532234438,45.307421456006274,48.3614456653595,0.18
154,11,-1.4646135411648073e-05,14.444811823866104,60.08639300202131,121.3805501461029,0.02
155,12,-7.654158530845394e-06,17.942148733159545,42.031411531264894,44.35604405403137,0.01
156,01,-5.988280283046514e-06,9.900324605634134,41.55076964045469,40.05626130104065,-0.02
157,02,-7.568776633878318e-06,10.513905402874128,42.596786469010105,32.84419345855713,-0.03
158,03,-1.6743815379482177e-05,3.675611719931326,56.535387553599556,89.10991644859314,0.41
160,05,-3.502280750303383e-05,-18.415903687507882,37.98684394011575,48.60550785064697,-0.67
161,06,-3.339920427913765e-05,-25.873405965508358,43.36981476617124,52.09975528717041,2.34
162,07,-3.3542465003026134e-05,-26.574038988010855,46.61348771423679,62.71932125091553,-1.03
164,09,-2.5466491539959356e-05,-1.4094354346381297,48.6797681992597,66.03445959091187,1.59
165,10,-1.9484351597922247e-05,1.9587082073252686,58.379234332862715,99.88054394721985,-0.08
167,12,-8.425528942156701e-06,11.411874493342573,45.69198678764476,59.72125196456909,-0.18
168,01,-9.715480358609446e-06,34.39173987899288,57.42208674485646,79.51586604118347,-1.29
169,02,-8.449411843078754e-06,-1.1622854381742926,41.2482318814184,24.723291158676147,0.06
170,03,-1.4966802825774622e-05,-6.011914413616221,42.24266758934657,13.214776277542114,-0.1
171,04,-2.191761210872048e-05,-4.539731902737087,59.59964808656376,50.1136200428009,0.59
172,05,-3.0932743489659034e-05,-26.541132331437964,51.168041845343446,72.61612272262573,1.49
173,06,-3.281592492067931e-05,-24.277929318237305,46.836056776909025,49.03701114654541,-0.48
177,10,-1.798888249350155e-05,2.3637267239478326,43.9463890340828,80.44077348709106,0.76
178,11,-1.1587640056374466e-05,-1.8295716874864363,52.225245416957804,62.847052574157715,1.9
179,12,-9.250304196792702e-06,31.236705364924607,64.63241229699248,142.54706811904907,-0.04
180,01,-8.814763398506955e-06,28.086010490499522,59.814965074129006,85.40289497375488,-0.24
181,02,-9.681430163471391e-06,-2.9269207930791947,54.97462990093799,36.50040102005005,1.25
183,04,-2.4481364455176743e-05,-15.54007357143826,53.21672202842236,85.7735435962677,0.4
184,05,-2.8615912740195944e-05,-19.306992470361852,50.8592781971834,59.618553161621094,0.52
185,06,-3.390126228795352e-05,-22.424498955281575,49.86442946763436,51.52622365951538,-1.54
186,07,-3.466171150601792e-05,-32.442688338413035,36.16844127948567,21.875284671783447,0.6
187,08,-3.527003988845888e-05,-15.806742182249662,41.714041907468136,89.98871898651123,0.5
188,09,-2.649383951805552e-05,-2.2674784339057075,50.77799905458556,147.07339644432068,-0.02
189,10,-1.8016295581522476e-05,4.47270425086893,52.33998963107474,97.18963932991028,-1.33
190,11,-8.92097842036795e-06,12.752254605102538,55.27824593100681,50.59832048416138,-0.53
191,12,-1.093666692604627e-05,22.757288210632986,53.902280609893545,112.21855115890503,1.35
192,01,-1.2804497735976505e-05,25.385474410518523,57.77612080058489,129.8851613998413,-0.09
193,02,-1.271823695051786e-05,20.178666164579848,60.9734689490412,78.17547941207886,-2.08
194,03,-2.219248033328259e-05,-0.5256330294045062,56.57506640008187,94.79378461837769,-0.32
195,04,-2.3056703787511248e-05,-15.611610607231992,48.9374839578549,42.51542043685913,-0.98
197,06,-3.44918315846169e-05,-24.446217814466692,49.08188772321145,64.76006937026978,1.69
199,08,-3.331847033315239e-05,-31.29434137422295,33.68999910253863,22.496978521347046,0.06
200,09,-2.6222378082234683e-05,-4.395296908230251,54.09243484116659,112.6880235671997,0.22
202,11,-1.3042386322538529e-05,9.068964893934462,58.53600206141338,32.25963592529297,-0.25
203,12,-8.991161045966975e-06,-5.598886509064706,48.51484771922968,40.51283264160156,-0.89
204,01,-7.460320452180465e-06,-0.4728464959257379,45.67560021059616,16.127771615982056,2.86
205,02,-7.544903639281147e-06,5.38362545916678,55.18347650017959,60.068604469299316,-0.22
206,03,-1.2827322511164368e-05,-10.990242480862525,51.72073062135199,22.461695432662964,2.15
208,05,-2.4253428110207234e-05,-26.022296560964275,51.92535755428705,57.326932191848755,0.36
209,06,-2.8253365109311642e-05,-38.732165323215064,41.61192797080808,28.135314464569092,-0.33
210,07,-3.142641031134248e-05,-27.054918192217425,49.82263012584947,59.759037256240845,-1.59
211,08,-2.9903093116464793e-05,-15.358725825155936,42.33743624172287,98.74433755874634,2.93
213,10,-1.7171301486478214e-05,8.106230379494288,51.02844809201841,73.76016211509705,0.4
216,01,-3.583592048936e-06,-1.2817189340899076,35.36421269791357,8.55794882774353,0.07
217,02,-9.97768289436776e-06,28.48145621345157,61.04910012837534,84.60573077201843,-0.87
219,04,-2.201332183204714e-05,-17.60772253417969,50.15108422283994,28.14702796936035,-2.44
220,05,-3.085946982284968e-05,-22.07697987414944,55.658551038389554,78.28123354911804,-0.66
222,07,-3.376502295814329e-05,-20.43258258581674,48.29218798171063,69.49712204933167,2.61
223,08,-3.064838395117496e-05,-15.397676236060358,39.11490551742816,54.35530233383179,1.18
224,09,-2.7053925191669103e-05,-10.968042353990342,40.873450344501606,29.832056999206543,-1.42
225,10,-2.0736059433235615e-05,1.8364669255082322,46.07108195983722,81.02550506591797,-2.17
226,11,-1.1372840429430654e-05,5.54297788119846,52.451002673839106,56.97358417510986,1.42
227,12,-9.893875752236308e-06,16.98351939342868,60.12797338394067,77.3915023803711,0.61
228,01,-1.1099072907757458e-05,24.386054642872143,54.87726956107148,88.08339476585388,0.59
229,02,-7.893391973560764e-06,12.879144769577753,54.623768248409036,20.71983242034912,-0.56
230,03,-1.582076560769428e-05,4.910139277304372,64.38913835901599,89.45151329040527,-0.05
231,04,-2.2395207648413717e-05,-10.670934447903104,67.35853829729425,131.57473421096802,0.54
232,05,-3.182257207745645e-05,-20.036693252071256,51.31070372274871,44.95067262649536,0.25
233,06,-3.4082233544055876e-05,-13.138249787733287,60.09514157660935,136.99862432479858,-1.02
234,07,-3.6390916169732936e-05,-13.917790471887077,46.5719772114318,77.72835302352905,-1.63
235,08,-3.4686337675251e-05,-19.754633603331865,40.27667498864153,67.5933165550232,-2.19
236,09,-2.4247977624205914e-05,0.3736279635959201,55.41774919654528,154.75264143943787,1.41
238,11,-1.186565926222506e-05,4.6568576497395835,50.09492808050447,92.01937747001648,-0.37
240,01,-9.430198710966792e-06,24.63400003675235,61.44896206574927,91.57960391044617,-0.01
241,02,-1.079772392194216e-05,13.779260249546594,59.85849182345754,56.13470458984375,-1.71
242,03,-1.3397230129969535e-05,-0.9194605676794566,60.6708199271861,87.33539247512817,1.68
243,04,-2.54553507465769e-05,-17.42901027967665,53.24983413987689,65.29687428474426,-0.25
244,05,-3.422614240797327e-05,-20.88572949317194,50.723297991629586,63.86414575576782,-1.28
245,06,-3.759346314859108e-05,-24.964019442409946,49.104056137108806,86.7335524559021,0.49
246,07,-3.775679561435789e-05,-20.12216363230059,34.70881050790896,54.39849805831909,-0.01
247,08,-3.318467006672979e-05,-13.657699137697938,45.50563225292391,99.36693954467773,-0.39
248,09,-2.59650643648355e-05,-3.5717024329291456,50.26974016195536,83.68352055549622,1.24
249,10,-2.1588807777500546e-05,5.981483147405809,48.24640764357326,65.74780321121216,0.81
250,11,-1.3179962080519347e-05,12.654008286878799,52.50058610761298,52.17728924751282,-0.39
251,12,-1.3700721242369786e-05,27.986750325848984,63.54783165261822,142.15608167648315,-0.34
252,01,-6.553396535759588e-06,18.42038040095504,45.80448549491872,47.351823568344116,-1.02
254,03,-1.4517082142339604e-05,-0.5979741453765541,58.83941007500695,60.096646308898926,-0.92
255,04,-2.355722367422762e-05,-12.813957029554578,60.681698268123455,76.35283160209656,0.34
256,05,-3.550879427684679e-05,-19.147158501081563,47.704144963514416,97.27209305763245,0.27
257,06,-3.750390542944741e-05,-27.016546727159287,42.780413097916714,55.01609134674072,-1.14
259,08,-3.0941285219664524e-05,-19.063545700565466,39.65101154342005,51.30303931236267,-0.11
260,09,-2.4486756719630248e-05,-2.020394458007812,56.817002186003,85.14948225021362,1.42
261,10,-2.1893689024856883e-05,11.235235126454343,57.40779917159772,130.40920996665955,1.07
262,11,-1.5146696185204038e-05,20.892512133110895,68.07071139411661,131.4802393913269,1.91
263,12,-1.1904006665214989e-05,20.81303864280127,63.79751548051194,86.34993147850037,0.94
264,01,-6.723928980547147e-06,14.384707934964087,53.25762820807451,85.52192997932434,1.45
265,02,-9.421481274265325e-06,7.153048214503697,61.79020408172125,83.6603274345398,-0.07
266,03,-1.3063552253355424e-05,-6.242824222359606,58.59238742218351,86.2628161907196,-0.53
267,04,-2.4765318735565716e-05,-15.737299090576174,60.65160554169682,95.43563151359558,-0.52
268,05,-3.372209000100225e-05,-25.790908090242777,45.58359570831253,47.3751916885376,-0.73
269,06,-3.303585196628976e-05,-31.827683939954966,48.06642211600013,56.74857974052429,-0.58
270,07,-3.6646507612448495e-05,-24.41304970722813,43.035889669943884,87.7753267288208,0.57
272,09,-2.8629883362433853e-05,-3.361749937269423,60.89090815499625,144.1834967136383,0.45
275,12,-9.904081011676856e-06,14.487402564920403,52.82181985401466,73.46089029312134,0.68
276,01,-6.60295483731882e-06,23.604068570044735,51.65779350411636,67.26308727264404,-0.7
277,02,-1.6342577849974034e-05,27.257544948032923,61.67323920420096,111.30836725234985,-1.61
278,03,-1.718439095667989e-05,-2.8514695644583754,52.573686629964456,40.98473596572876,-0.39
279,04,-2.4829810814864887e-05,-14.182246478949653,49.20558492463959,60.53001356124878,0.94
280,05,-3.0134792006426703e-05,-17.31557953963741,52.31226475243542,64.66420650482178,1.3
281,06,-3.5836119472898846e-05,-20.466573669433593,50.7506326838851,77.7912917137146,-0.43
282,07,-3.594073215623134e-05,-17.96138944137737,48.60045512300026,94.12360286712646,0.2
283,08,-3.0240783373966385e-05,-12.41071590333344,52.640142950275894,146.93423414230347,1.22
284,09,-2.726855740998468e-05,-6.606480073716904,41.46046437310777,57.52717709541321,0.88
285,10,-2.2813934475604865e-05,5.003235001430717,55.25826176021304,87.43804001808167,0.06
286,11,-9.433203981300014e-06,10.082439758300783,57.335292302331666,88.66095638275146,0.8
287,12,-9.155090198257839e-06,-0.601292420089886,52.83887711868107,93.86429786682129,0.96
288,01,-7.996820467572737e-06,16.024269751435966,52.92226850532075,73.5739049911499,-0.51
289,02,-9.213011075579354e-06,1.6289639434814458,40.65915042115535,23.336631298065186,1.55
290,03,-1.4304734281419465e-05,-4.024482163624097,45.80751552796749,22.1645565032959,-0.36
291,04,-2.383696288773839e-05,-17.2942943037245,47.44735419490735,51.56433296203613,0.9
292,05,-3.0977665722578726e-05,-19.48317038226384,57.695412786129985,85.30281352996826,-0.67
293,06,-3.491794925367785e-05,-29.63445593295627,48.58540389312637,47.240581035614014,-0.77
294,07,-3.637924248004731e-05,-25.786057973554062,44.12265574810709,76.22430467605591,1.01
295,08,-3.1032737283929096e-05,-31.771135562691633,39.36124998163152,22.521544456481934,-1.31
297,10,-2.1305207502659715e-05,-2.352458050143333,49.86598729915773,74.57617855072021,-0.62
298,11,-8.746191556262298e-06,13.336127873399521,55.471923015075255,56.468339920043945,1.51
299,12,-8.986315398414586e-06,16.75842543636855,56.42778465677845,90.1946873664856,-0.94
302,03,-1.5225630396960167e-05,1.0669384965794064,50.376974003080406,47.67586803436279,1.12
303,04,-2.4217375733618005e-05,-11.611916856553819,59.49211039767795,45.28127717971802,1.04
304,05,-2.847669872224737e-05,-31.81054322043798,50.857990436966695,37.014437675476074,-1.53
305,06,-3.421590459786078e-05,-30.121984181382924,54.56608841220009,70.646568775177,-1.26
306,07,-3.5823426863228845e-05,-21.040274605699764,48.61712288511441,104.08150887489319,-0.5
307,08,-3.442271008691844e-05,-10.630728795861687,53.4802156332962,153.6393961906433,0.55
308,09,-3.09724094837697e-05,1.3779368174235027,41.60773183429904,68.27244329452515,-0.21
309,10,-1.9737982986943505e-05,10.8786054316695,45.96995730125903,55.872933864593506,0.55
310,11,-1.219442167142309e-05,8.63346869269477,52.650442458646836,66.66378116607666,-0.97
311,12,-6.509792311736683e-06,12.651209838210898,41.13814304297201,54.07814908027649,0.13
313,02,-1.0796667724878803e-05,1.9850640389578682,54.967533898224424,50.05322074890137,0.74
314,03,-1.2645556585016247e-05,2.2825399281491516,62.992716266741034,63.6138596534729,-0.69
315,04,-2.402455134354872e-05,-12.38321820203993,55.9102142579476,77.4074821472168,0.17
316,05,-3.3327865934669755e-05,-23.83920729967343,52.369123788558014,76.4442777633667,-1.49
317,06,-3.715115132452208e-05,-30.632264646063906,50.84424858076307,55.748387813568115,-0.44
318,07,-3.409394384040644e-05,-23.561669685609886,47.80977541725482,109.44811034202576,0.68
319,08,-3.320200081173924e-05,-14.21000237282374,41.28222914207624,101.65014147758484,0.0
320,09,-2.545146969718593e-05,-6.704652192857532,39.75358392157654,79.9967360496521,-0.5
322,11,-1.4535249143672345e-05,9.326381112670902,61.63253474075529,66.79116821289062,0.49
323,12,-9.12172876785682e-06,14.485518746324761,56.37181309181387,50.890292167663574,0.94
328,05,-3.370682173148433e-05,-13.439136345319852,55.415879218805216,97.34957218170166,0.13
331,08,-3.203818718891423e-05,-14.970106861073484,56.166526000266416,192.56933999061584,1.89
332,09,-2.4569920312832332e-05,-1.9050392035590278,48.50952039943403,31.076144695281982,0.45
333,10,-2.0357669840078775e-05,8.929626497002058,49.91160704086961,104.8823778629303,1.22
334,11,-1.6638314112929544e-05,21.698549422539603,51.20864173750348,79.28392601013184,-0.45
335,12,-1.1844671387852061e-05,21.158474252352146,51.61357204472506,99.22530603408813,-0.04
336,01,-1.3167410284109127e-05,32.71415653975292,54.798027210791915,116.52486562728882,-2.33
337,02,-9.635896793779033e-06,12.227102448962983,62.05461917357218,88.80820941925049,0.54
339,04,-2.5420359923575438e-05,-23.728481532796227,35.425640993569964,1.6051898002624512,-1.32
340,05,-3.1186685044343005e-05,-23.42358186127037,55.67473245647261,116.55266427993774,0.42
342,07,-4.0491175616739144e-05,-14.380545316962786,51.51913973191349,166.44169425964355,-0.2
343,08,-3.430768915528969e-05,-11.902402343421853,46.669440629773256,52.89487075805664,-0.13
344,09,-2.677926907070085e-05,-2.246240928141275,48.58724766878287,74.65286588668823,-0.53
346,11,-1.4172945336880124e-05,15.984315191311307,55.0159122577058,63.65782594680786,-0.81
347,12,-9.103623443880553e-06,18.67049515623687,44.72693699303237,75.82493901252747,0.43
348,01,-9.98381483742544e-06,30.50790186531313,59.32570013750177,98.90966415405273,0.46
349,02,-9.733829621899499e-06,11.488472740085646,43.235250111784055,39.91739559173584,-0.21
351,04,-2.446588194630345e-05,-15.287676639472116,50.48518859204715,37.05441331863403,0.18
353,06,-3.476253857051133e-05,-32.52892781643338,47.80475471985869,40.78405427932739,-0.15
357,10,-1.8222273044254205e-05,6.518695762716314,54.30898137165141,92.71740341186523,-0.97
358,11,-1.2143508331428165e-05,12.723418456013999,55.05112889809742,87.03951120376587,-0.71
359,12,-6.623100362498576e-06,8.910789440196046,51.189781416840454,32.103607177734375,0.38
360,01,-6.219402897665034e-06,13.638463789416898,56.756673166043,59.60752511024475,0.06
363,04,-2.2896213735516033e-05,-13.763160278998479,44.90089633327524,23.97039556503296,-0.12
364,05,-3.152253704363203e-05,-24.89160391596312,50.72287625494953,51.12992525100708,0.38
365,06,-3.4585202314802804e-05,-32.20444840494791,47.13420631794532,75.43589448928833,0.27
366,07,-3.995988693131167e-05,-23.939954596078525,46.67216465320125,103.68392610549927,-1.13
367,08,-3.326769469126164e-05,-18.63527480389995,42.41847231385144,46.274324893951416,-0.21
368,09,-2.396435872586961e-05,-8.675344586181641,43.626415080409586,40.19728755950928,-0.8
369,10,-1.8213049179844e-05,4.716025361748153,49.256211021474606,74.3879747390747,-0.74
371,12,-8.896478755051119e-06,9.686923075029926,62.37685010996686,98.37137460708618,0.86
374,03,-1.4227020407356234e-05,-0.1344084672825314,56.345688745778084,56.222103118896484,-0.4
375,04,-2.4690822054900404e-05,-20.66956467929416,50.227940069592,27.15949821472168,-0.33
376,05,-2.827942739082006e-05,-27.387183430333288,51.416537502500645,63.4017915725708,0.47
380,09,-2.3803562745282155e-05,-1.7829848341200085,47.799041656389505,93.05310916900635,0.5
381,10,-1.8914465963579488e-05,8.677334267236855,54.52403665949838,76.19713640213013,0.33
382,11,-1.1904203317903414e-05,4.708053307088217,64.34552551558414,80.79510045051575,-0.08
383,12,-7.738160395268594e-06,4.967533013128466,56.59717789244652,51.991679430007935,0.6
384,01,-4.432973011169315e-06,15.641597058367989,49.85520389962581,71.90442681312561,-0.24
387,04,-2.5035789431644346e-05,-14.869033695136176,49.48712501599656,17.25916814804077,-0.4
388,05,-3.0008848766624646e-05,-32.62149781881353,48.67582858574712,34.52233028411865,-1.08
390,07,-3.7348723895911946e-05,-18.427609645064162,51.34294977803511,163.95448088645935,2.48
391,08,-3.274760770019843e-05,-10.64563058373236,50.85391145080519,128.73549723625183,0.24
392,09,-2.5484862159343414e-05,2.648160398695204,48.54894579696125,68.3792371749878,-0.61
393,10,-1.916051529891168e-05,8.726722329416583,41.10612051369683,69.30626606941223,-0.27
394,11,-8.12447487300637e-06,7.208228931681314,45.10324230610001,17.076764583587646,0.62
395,12,-1.2744765838047034e-05,29.389911852764826,62.27082245179138,135.77323961257935,0.53
396,01,-9.557997748420493e-06,23.492998173539362,55.985124487241116,90.29691076278687,0.57
397,02,-6.941694202459045e-06,2.77444112036694,54.92825397600388,25.181623220443726,0.34
398,03,-1.1845709033173812e-05,-9.130659757880753,42.53471919810516,29.57355237007141,-0.47
399,04,-2.412122515035865e-05,-15.116672309705946,65.52592149374486,93.77713108062744,-0.93
401,06,-3.633841799156573e-05,-15.284035491265191,54.862410076340026,122.0042052268982,-1.42
402,07,-3.9630504535585143e-05,-18.105863085346844,55.33667580591222,133.29841899871826,-0.56
403,08,-3.664081436780238e-05,-14.530181596981583,48.63167088847007,90.66671252250671,0.85
404,09,-2.780254297756781e-05,-4.337274759928387,47.643611919113,79.25185561180115,-0.93
405,10,-1.749340033099435e-05,6.576196681525118,62.883388684188155,131.10860514640808,-0.28
406,11,-9.782895505729057e-06,13.286790387301977,48.36725960095062,62.30052351951599,0.68
410,03,-1.6003138249269338e-05,-14.11737674147083,62.83003596656937,46.14034557342529,-0.57
413,06,-3.319209287441886e-05,-26.815010833062065,45.349666944320994,63.59688186645508,0.3
416,09,-2.475842662511746e-05,-8.054260448540582,49.65095689521101,81.32235813140869,0.38
417,10,-1.765674730958508e-05,13.677036990258001,51.31546706972713,135.23726177215576,0.67
418,11,-1.2026654228591521e-05,13.685960133870443,60.59634180396663,95.3849720954895,-0.7
419,12,-9.44601224512954e-06,28.97793200421077,55.46996279250422,74.25229167938232,-0.73
421,02,-1.1990748406116751e-05,26.598223410470148,61.15281964255657,81.80759859085083,1.1
422,03,-1.6731313326227373e-05,-1.3453218475669946,47.843510205716214,34.10970735549927,-0.47
423,04,-2.3883861623916246e-05,-16.521862002224392,58.86005653639768,52.129727363586426,-0.66
425,06,-3.645346474101341e-05,-28.120134918891054,43.231891095406475,53.205344676971436,0.19
426,07,-3.570791800838603e-05,-18.498887496784167,52.862582088247414,91.65657234191895,1.56
427,08,-3.5946427165531874e-05,-15.756697428713563,51.75170243226714,126.34322667121887,-0.59
430,11,-1.0089955154782932e-05,6.784489759657117,59.376273723493675,64.11601209640503,1.77
432,01,-9.2527426375611e-06,26.340960131573418,62.63006211892765,107.20374536514282,-0.18
434,03,-1.5915630637317265e-05,-1.6360386480515998,44.90566300547765,61.79024076461792,0.39
435,04,-2.4346638547669703e-05,-22.934988667466907,50.17846367060873,27.186142444610596,-1.49
436,05,-3.070366395367009e-05,-25.76910455847299,53.73915812349191,61.485331535339355,-2.15
438,07,-3.7615658574522775e-05,-25.170489753641114,45.05531850020347,95.02099466323853,-1.11
439,08,-3.326061218056918e-05,-12.586229408838417,52.3345120203854,123.28978443145752,0.87
440,09,-2.5603061031688413e-05,-1.6679924726698132,46.654843129608366,98.359215259552,1.09
441,10,-1.3186316454061119e-05,-1.463842040031187,51.45971762442205,34.89073657989502,0.62
442,11,-1.4898132296588707e-05,27.46974549831814,55.57987919455502,119.42508697509766,-0.4
444,01,-9.004527324929857e-06,20.359526514525058,60.00615774854665,107.9379734992981,-0.68
445,02,-1.2519085415486441e-05,14.879537966322628,54.698993667597065,72.69394779205322,-0.54
446,03,-1.4810545610421827e-05,-5.396197126162949,59.004922374092125,69.4955415725708,-0.23
447,04,-2.7581765115751797e-05,-20.820068422105575,57.557788026644126,67.43884038925171,-0.11
450,07,-3.758493633006676e-05,-22.269790681900524,47.74635748879372,56.59930372238159,-0.7
452,09,-2.4645985519115736e-05,-7.889081433783638,37.34792189491059,28.704333305358887,-0.99
453,10,-1.526362983537594e-05,-3.798430909843855,48.34944315867911,57.946226596832275,1.05
454,11,-1.1750765303218536e-05,10.89123139716254,54.5964946256227,75.84917688369751,-0.06
455,12,-4.447676278540448e-06,15.633635981405934,42.93341399640295,19.911759853363037,-1.18
456,01,-6.416161365773257e-06,12.223324068787278,48.97643718384928,56.35315418243408,0.17
460,05,-2.9667726341906155e-05,-25.198657173730993,56.839670298081565,37.424317359924316,0.95
461,06,-3.566179110415154e-05,-31.36642959594727,52.944568701901716,63.719133377075195,-1.43
462,07,-3.888270218750779e-05,-23.176640851420746,56.14024401203919,125.55045461654663,0.03
463,08,-3.333480648354688e-05,-12.395997953681537,44.035043613662005,75.39064645767212,-1.57
464,09,-2.5415033401845397e-05,-5.530321179199219,52.86381167994076,131.7170844078064,0.46
465,10,-2.0550294828412475e-05,15.281469091599986,50.30405073937036,63.67462873458862,0.3
467,12,-7.748080553331723e-06,20.40142875687794,63.311030514205655,122.76686382293701,-0.48
468,01,-8.493993727101315e-06,23.796599253992884,55.116003269850566,94.42302966117859,0.44
469,02,-1.1806723732206594e-05,-2.6082788761683875,46.30087924139698,28.985047340393066,0.43
470,03,-1.3339704251535219e-05,-6.768148279333628,63.03257818707726,81.36417293548584,-0.81
471,04,-2.4140652476206825e-05,-8.481860700141059,60.03202422682047,102.50590419769287,0.32
472,05,-3.631899526441482e-05,-17.44638056798135,47.40056218499266,48.21310758590698,1.69
473,06,-3.447691067930363e-05,-33.33076165534125,39.74884000571834,26.889825344085693,-0.77
474,07,-3.4126774513620195e-05,-44.31138712696363,36.16823902212164,19.791842460632324,2.27
475,08,-3.324744642680256e-05,-25.59706884437479,43.61733073811633,94.60595369338989,-1.05
476,09,-2.7110998255941223e-05,-4.088550005425346,48.59134079140956,68.28795766830444,-0.74
477,10,-1.717439320385384e-05,2.0582064438686585,44.893768001867876,34.76789951324463,-1.11
478,11,-1.049799736220949e-05,11.533768935139973,58.11769115721252,34.97020101547241,1.89
479,12,-7.425197422547768e-06,21.47761040308142,53.53903508252609,89.45121669769287,1.35
480,01,-8.170035396257738e-06,18.813249751593478,61.34680531404607,48.710402965545654,-0.09
481,02,-8.232899953890454e-06,13.675333238874163,51.283400613031226,53.84524393081665,-0.4
482,03,-1.7898125718357898e-05,7.876527682396675,54.192069970153995,101.83904027938843,-0.93
483,04,-2.786484313502215e-05,-15.88577495863173,41.53150874974462,32.68497180938721,2.09
484,05,-2.8741963674400066e-05,-37.081440074305384,54.09692304540707,39.454394817352295,-0.11
486,07,-3.625940142692049e-05,-31.74150496025496,48.734570516079984,49.36154794692993,-0.69
487,08,-3.404563471354698e-05,-17.337182702177312,41.57153246440298,76.33737087249756,-2.09
488,09,-2.6543087166161665e-05,-4.24653964674208,45.73786681658825,112.17082786560059,-0.52
489,10,-1.8569231195137014e-05,10.235854191605762,54.45598049366731,119.96327877044678,0.16
492,01,-6.012859741277161e-06,22.106840989635838,48.67357203781476,60.42203378677368,-0.55
493,02,-1.5386156723984276e-05,31.748662168305497,64.97568837541958,131.38312101364136,-2.69
494,03,-1.9840231885472768e-05,-1.8349693298339842,46.56073982853019,49.32469892501831,-0.88
495,04,-2.7043378228700023e-05,-24.0670989525689,35.17819720014996,24.384860515594482,-1.52
496,05,-2.995519203009721e-05,-45.04488896819084,46.51938461271666,17.802208423614502,-2.37
497,06,-3.546342912159163e-05,-30.903872137790252,54.092656515480414,67.27775382995605,0.58
498,07,-3.552329937512147e-05,-24.55973527871409,49.31133174363516,73.53353977203369,-2.29
499,08,-3.48960954878191e-05,-17.491402352609946,46.845165995435046,91.37486410140991,-1.56
500,09,-2.4679065476549213e-05,-6.537764871215822,41.4254565234277,61.862966537475586,-0.47
501,10,-1.848353834580477e-05,14.114419966174706,59.132486595437086,137.80672430992126,1.45
502,11,-1.0186800306089735e-05,15.631692754109702,47.969248177954896,45.380624771118164,-0.11
503,12,-6.893300624729055e-06,15.732371215492165,60.65007041392917,109.63903760910034,2.33
504,01,-7.860778656987515e-06,14.34612370152627,66.80461903254064,90.61761569976807,0.31
505,02,-9.005972841740524e-06,9.622026147751583,54.51137783175566,60.75168180465698,0.31
506,03,-1.5948935392546162e-05,-0.9029574194467195,53.47545231677126,54.85542392730713,-0.93
507,04,-2.588563685021654e-05,-27.98602328389486,47.86236142485672,51.77638530731201,-1.16
508,05,-3.230829694098981e-05,-22.4746828918457,60.26473778712485,118.6035623550415,-1.06
509,06,-3.7502937650666964e-05,-26.38411481492784,47.88007799596918,106.48373031616211,-0.11
510,07,-3.6336240956178925e-05,-19.074829963273896,48.14752719921964,97.35786199569702,1.48
511,08,-3.444879628501263e-05,-12.903870650096605,45.419211714576655,99.27522611618042,-1.4
512,09,-2.3354238802332672e-05,-7.743464881388346,41.71682162190013,33.61188364028931,-0.14
514,11,-1.0072340758698473e-05,9.36498726196289,49.88987413275507,67.49459075927734,-0.77
