,month,MER,MSSHF,RH,t2m,tp
0,01,-7.186377549426466e-06,5.464709561255669,62.6901256937955,271.0374221375988,61.434043169021606
1,02,-7.399999772068052e-06,2.729709174746558,52.295623941567676,272.4365299592699,62.58125376701355
2,03,-1.408509512223264e-05,7.08405715679866,62.090667984242096,277.5071083010602,107.00708317756653
3,04,-2.191347909663616e-05,-15.59233038906521,62.41300571294825,280.35185083779226,65.13916850090027
4,05,-2.839083756912113e-05,-16.16055940262989,64.02205650719006,284.1894770028719,98.91896796226501
5,06,-3.330413338050373e-05,-22.16353809509278,52.028707694198026,287.5916414632162,77.33350610733032
8,09,-2.3132900744369383e-05,-4.023202255249023,42.3501046719922,287.08609388970274,43.01969242095947
9,10,-1.6345863611966567e-05,2.642213581372333,56.92965585534547,284.1524093375258,56.921231508255005
10,11,-1.1569333000928361e-05,13.890767045423724,49.679388139549886,279.5115746341281,76.8632504940033
12,01,-5.795284385228985e-06,8.867661568262244,49.01821534482766,273.9435328466764,58.65590763092041
14,03,-1.4070489600584629e-05,-6.186828353717764,55.02083505403355,277.7412255432786,70.78502440452576
15,04,-2.282624180893941e-05,-17.872287172783746,48.97103869282801,280.6358343542311,41.5899133682251
16,05,-2.9285246377967465e-05,-30.998830406271004,47.47244699586335,284.48860593045146,23.549720764160156
17,06,-3.014735746900341e-05,-26.066622504679362,62.37913317463399,287.3835177541096,87.7898542881012
18,07,-3.1905643976779664e-05,-14.025872309859079,48.67037434149174,288.3328994714881,142.42091464996338
19,08,-3.1051088017916934e-05,-11.540256553403795,47.008779259716306,289.8567247478526,67.59736728668213
22,11,-1.4279194747299093e-05,14.235161112806532,54.54851769668525,278.42969395684133,72.95901393890381
23,12,-7.873070872231058e-06,26.063403682913826,61.380955716897084,277.40736817940336,73.57332229614258
24,01,-7.860688640385075e-06,20.899533713063885,47.875411116570554,276.2877688055551,93.3958797454834
25,02,-8.991757432514056e-06,2.888394768487839,50.11619150138895,274.87796189149225,42.9824595451355
26,03,-1.2076194787720939e-05,11.89821663673975,73.37905685201383,280.6608627738133,133.0828936100006
28,05,-3.0310256707952082e-05,-17.47440350473055,59.34436809112436,285.6955955049248,102.75372743606567
30,07,-3.173775886429094e-05,-20.80200322239373,49.75860673643311,289.0546993070213,54.99441409111023
32,09,-2.269007780640903e-05,-3.5648343312581385,46.85175361700852,288.2523063490126,61.64737391471863
33,10,-2.174942796122078e-05,9.781940688922843,60.93410625634399,282.36856040909464,150.74281787872314
34,11,-1.4328458308167076e-05,19.586548003133142,54.57233108670976,280.54755887637674,79.1025390625
35,12,-7.687594037497059e-06,8.885675470167591,67.75924336626196,273.28184220705754,63.80108118057251
36,01,-5.276928763964617e-06,11.574925520045783,58.01885871766587,274.71989871035333,43.573694705963135
38,03,-1.6001877676116956e-05,1.792558938959594,55.95160838729334,278.2745939710473,72.00946402549744
39,04,-2.3437909088230905e-05,-21.874123499891493,46.11000325809585,280.3653982337103,35.43097186088562
41,06,-3.17826830204164e-05,-27.949367026435006,48.16991035015053,288.8242188401964,93.72558498382568
42,07,-3.416977696542745e-05,-21.999847670688425,39.2781192299025,291.04000476303924,32.713236570358276
43,08,-3.1963929242763654e-05,-15.790871219429917,46.55304641459066,290.1174927072832,88.86780834197998
46,11,-1.519573135911843e-05,20.401449884033198,56.70156626680825,281.542423581526,70.76487922668457
47,12,-1.0313162028783104e-05,17.753608460457098,55.75187243828721,277.1484120603172,83.42955470085144
49,02,-1.1685804688698098e-05,2.732715975443522,46.129101684696614,274.1075286789849,42.88707685470581
50,03,-1.3839232150540515e-05,-0.5926843497983868,57.115805566785156,278.44128489291285,81.02017283439636
51,04,-2.090864053300013e-05,-10.60586452026367,65.75529212030038,281.01254923197433,105.42021083831787
52,05,-2.6606813441591635e-05,-11.409518621957432,66.050863289825,283.5180301421791,118.89742398262024
53,06,-3.6603149109497395e-05,-25.008415187242296,46.266101067479454,288.4321055046929,40.00491166114807
54,07,-3.282222612492611e-05,-33.091220865229126,44.1499227373741,291.918114544284,22.25583553314209
55,08,-2.6941880611302234e-05,-27.08358682743196,31.77761535606461,290.7689338021227,31.294189929962158
56,09,-2.725831751290065e-05,0.9693071214463977,44.86737590899468,287.3565667371962,117.23978233337402
59,12,-8.522425015388596e-06,21.808005747805364,57.410435429080856,277.4857788941578,63.89762902259827
60,01,-1.1848107099418698e-05,28.771229348787696,56.9102486772409,276.7842754120365,127.76513147354126
61,02,-9.682757584759485e-06,6.4267875001403105,47.08914505602986,275.46569391803087,61.24871587753296
63,04,-2.3066575134180317e-05,-21.124448284233942,53.13685258980724,280.480126296997,21.789991855621338
64,05,-2.301351515928619e-05,-21.276121071107926,61.30564291210714,282.87292314492504,106.87018704414368
65,06,-3.0384449369921637e-05,-25.249517172580298,53.14751710217263,286.0332354305691,54.762237310409546
66,07,-3.052118788760435e-05,-16.333257173927887,51.58020934386151,288.32212674803367,95.44521999359131
67,08,-2.8069958612225798e-05,-17.017802792784988,42.472240740586344,290.61531108601883,27.303098917007446
69,10,-1.5594664512004833e-05,12.420039781796033,52.5519555827328,284.94581760332665,95.18328905105591
70,11,-1.2000811908506469e-05,17.20852971835666,62.11537896577253,281.5467750801086,78.44082713127136
74,03,-1.1304150707112197e-05,-2.56875498781922,68.34861116093205,276.80950123838204,66.12149095535278
75,04,-2.3272295822324753e-05,-10.486857863362628,59.37646033687326,281.0197640380859,78.5594162940979
76,05,-2.800802443084893e-05,-16.149492612120927,55.7763452255995,285.3065335752425,63.01261830329895
77,06,-3.090711121482552e-05,-17.990251360066733,61.34983533646531,286.164952170478,126.5044174194336
80,09,-2.244669017984254e-05,-3.3109654418945316,48.444472670045165,287.42453148261177,48.915464639663696
81,10,-1.5745955748394817e-05,1.4800897167574978,41.847355274659336,283.8836659237441,36.53095197677612
83,12,-6.748697063030508e-06,22.216181771555252,62.92255071562849,278.89900289527316,100.24923872947693
85,02,-9.105866422227595e-06,-15.737989101954868,41.279925076501705,269.8368100568681,5.396147966384888
86,03,-1.09558865346488e-05,2.199697240357758,53.96111336709735,276.74076908246934,80.05486178398132
87,04,-1.9242588071877733e-05,-14.953707265557181,61.57429541588492,278.83615111126363,64.68825125694275
91,08,-3.1366839325049225e-05,-20.726613564768147,49.22354232249208,288.36188031465264,85.93903732299805
92,09,-2.1116000810717296e-05,-5.870355172729491,52.886519872754164,284.9466449978299,48.16365933418274
93,10,-1.7202233669146365e-05,6.4104873591597356,48.62927366667281,284.73838183753725,94.80732774734497
94,11,-1.2770530823662637e-05,20.62896745435927,57.76803370095226,281.3988308635288,84.64354729652405
96,01,-8.849628261046861e-06,-8.473066081057311,52.03738375666833,271.0571230804279,40.21212434768677
97,02,-5.771432554432804e-06,6.824847212655203,67.52644709656069,275.3062230299087,35.931448459625244
99,04,-2.2575659647211267e-05,-11.442104777696397,52.015024873095086,282.7985634870741,33.60578918457031
100,05,-2.791426425801057e-05,-28.103053294192083,60.924986691195485,282.72152383422844,69.35014915466309
101,06,-2.8837502824555686e-05,-20.989433822292757,61.5306473079814,286.23068305765787,96.28858280181885
102,07,-3.379324687933062e-05,-20.07741719498173,55.40260847481861,289.3334297852875,134.5398542881012
103,08,-3.0242934917310693e-05,-13.572054321945357,50.633880177582476,288.99911613021357,87.18918299674988
104,09,-2.5696148892024614e-05,-3.969099077690972,51.22118268649578,287.79776992187493,66.9906599521637
105,10,-1.9746457593286597e-05,13.28605210072507,59.41998880579267,284.1081416557065,102.30783081054688
106,11,-1.2423982501220758e-05,8.69252590874566,58.77474638277293,280.28694883850955,110.22080183029175
107,12,-5.659096497726741e-06,10.619382738339004,50.16868590621025,277.7222096857871,47.003796100616455
108,01,-9.400724827868036e-06,23.76198229324177,64.8158600401199,279.10735159379686,138.66146302223206
109,02,-1.553154618433063e-05,17.196350676788683,61.10995617006565,277.7702740127738,87.70584869384766
110,03,-1.4791143874625109e-05,4.141464673442225,71.63935923557511,278.11941827511527,114.518559217453
111,04,-2.4692344382775542e-05,-22.74501348402235,55.09817502149212,281.1784597961426,27.742077589035034
112,05,-3.182606770285695e-05,-15.882362545546664,52.83810746537357,286.42319685117656,71.89129495620728
114,07,-3.385038605679304e-05,-9.511822006717805,59.07058047961163,288.8184828294324,151.79068851470947
115,08,-3.211179117533902e-05,-13.866469908683532,47.473473327189375,289.36880185199044,72.62528491020203
118,11,-1.0307503538792339e-05,7.8851572241889105,46.36847800110711,279.7681574443817,43.99460577964783
119,12,-7.866494279115095e-06,20.208327730240367,52.71666673100892,280.1574802909768,61.15853786468506
120,01,-5.490775168401608e-06,12.580168148245866,46.32122026583841,278.0433618807229,24.550368309020996
121,02,-1.1993180484209699e-05,15.243881237211681,52.799659086113884,278.5967229493005,59.8443021774292
122,03,-1.7582771425163286e-05,5.919001820882161,61.97907953674307,280.92673047006264,101.1904981136322
123,04,-2.3728384267512105e-05,-15.711892689005532,62.36782957411343,279.7644985144721,78.43897438049316
125,06,-3.3498540398290464e-05,-35.047065074327264,55.710710440916486,288.0712565836589,67.16671657562256
127,08,-3.0036708770112647e-05,-17.0266568734774,43.458151734339296,290.0662455388552,58.18086361885071
128,09,-2.1827326350689368e-05,-6.781363076782227,44.02462579022247,288.6776379201254,52.75948238372803
130,11,-1.311930024130561e-05,7.912713109334308,43.72629240063826,279.22501226437885,36.57659721374512
132,01,-9.708490018202875e-06,23.531725362798216,54.619796854420386,278.84542206019734,62.73529887199402
133,02,-1.709957590030951e-05,31.83555304718018,59.52337883048256,280.50749825822743,96.37451434135437
135,04,-2.7999317039636173e-05,-19.276666238742408,46.732171709169286,281.5536805019803,64.46329927444458
136,05,-3.125298669270236e-05,-34.3688931694441,36.06377147361027,286.42458363949356,35.43364858627319
137,06,-3.068480971400681e-05,-23.63770078192817,52.16888050745726,287.6530416948106,81.75433492660522
138,07,-3.559518055198981e-05,-33.07448882301904,37.832517702871755,289.3471467754405,43.237606048583984
140,09,-2.7407515947157255e-05,-3.6402964202880854,48.108384553693405,286.55917945963546,93.28326845169067
141,10,-1.8407037761653066e-05,10.48773665069252,49.92561818830045,285.16074951352357,70.05437111854553
142,11,-1.0645134954231454e-05,8.876481322224937,54.38112868225972,279.7035436231401,88.05533337593079
143,12,-1.0178729378000547e-05,19.264495642221096,49.02194799312469,277.58139236323046,71.35911726951599
145,02,-6.996622216688376e-06,0.507544446309408,46.996895068120395,272.81969927006674,29.07620143890381
146,03,-1.2629808311264428e-05,-0.5304674036169569,53.76618897918476,280.96131813873785,29.050020217895508
147,04,-2.5889148811054637e-05,-18.50936585184733,50.20018549894757,281.06129239251874,46.967238903045654
150,07,-3.606362330103894e-05,-12.26554677852508,46.37869990175771,291.0611541531471,86.47331523895264
152,09,-2.1833397036001162e-05,-8.548686426798504,39.4321560544822,288.29770074191623,69.85359048843384
155,12,-7.654158530845394e-06,17.942148733159545,42.031411531264894,277.4903090515137,44.35604405403137
156,01,-5.988280283046514e-06,9.900324605634134,41.55076964045469,276.29669176196023,40.05626130104065
157,02,-7.568776633878318e-06,10.513905402874128,42.596786469010105,278.02707910182556,32.84419345855713
158,03,-1.6743815379482177e-05,3.675611719931326,56.535387553599556,279.7299019205238,89.10991644859314
159,04,-2.3724830210206465e-05,-12.979907084147134,60.15185276207658,281.38050007290315,57.617363929748535
160,05,-3.502280750303383e-05,-18.415903687507882,37.98684394011575,287.68378568587764,48.60550785064697
161,06,-3.339920427913765e-05,-25.873405965508358,43.36981476617124,289.51187445407453,52.09975528717041
162,07,-3.3542465003026134e-05,-26.574038988010855,46.61348771423679,290.8302553724063,62.71932125091553
163,08,-3.290884278264643e-05,-13.404264240552024,52.83446418771308,290.5360282891386,128.27770042419434
164,09,-2.5466491539959356e-05,-1.4094354346381297,48.6797681992597,287.5794175764296,66.03445959091187
165,10,-1.9484351597922247e-05,1.9587082073252686,58.379234332862715,281.5607008762565,99.88054394721985
166,11,-1.321692710625939e-05,23.694389510769323,50.96693710040848,281.2424108364529,114.02044343948364
167,12,-8.425528942156701e-06,11.411874493342573,45.69198678764476,277.1291988499139,59.72125196456909
168,01,-9.715480358609446e-06,34.39173987899288,57.42208674485646,278.0689588641915,79.51586604118347
169,02,-8.449411843078754e-06,-1.1622854381742926,41.2482318814184,276.05196190389,24.723291158676147
170,03,-1.4966802825774622e-05,-6.011914413616221,42.24266758934657,278.6799079442178,13.214776277542114
171,04,-2.191761210872048e-05,-4.539731902737087,59.59964808656376,283.3900037384034,50.1136200428009
173,06,-3.281592492067931e-05,-24.277929318237305,46.836056776909025,288.3121968231201,49.03701114654541
174,07,-3.3366269429406925e-05,-23.52127023184171,53.23872095220833,288.9670793329055,138.4921417236328
175,08,-3.234485571499712e-05,-11.285276480397874,49.79429166342623,288.38119730434624,65.69953942298889
176,09,-2.2725771390226628e-05,-2.4448908416748045,57.50485973500145,286.37938309156635,149.34324550628662
177,10,-1.798888249350155e-05,2.3637267239478326,43.9463890340828,282.4125413159196,80.44077348709106
178,11,-1.1587640056374466e-05,-1.8295716874864363,52.225245416957804,275.9691254242791,62.847052574157715
180,01,-8.814763398506955e-06,28.086010490499522,59.814965074129006,278.4522831625169,85.40289497375488
181,02,-9.681430163471391e-06,-2.9269207930791947,54.97462990093799,274.71976377387267,36.50040102005005
182,03,-1.5868986940443404e-05,12.424105568506382,56.25959003628518,280.1386115247255,94.18527913093567
183,04,-2.4481364455176743e-05,-15.54007357143826,53.21672202842236,281.15531175240415,85.7735435962677
184,05,-2.8615912740195944e-05,-19.306992470361852,50.8592781971834,284.95634343137016,59.618553161621094
186,07,-3.466171150601792e-05,-32.442688338413035,36.16844127948567,293.29159473148474,21.875284671783447
187,08,-3.527003988845888e-05,-15.806742182249662,41.714041907468136,290.50995685306685,89.98871898651123
188,09,-2.649383951805552e-05,-2.2674784339057075,50.77799905458556,286.7490272650824,147.07339644432068
189,10,-1.8016295581522476e-05,4.47270425086893,52.33998963107474,282.91257732530823,97.18963932991028
190,11,-8.92097842036795e-06,12.752254605102538,55.27824593100681,283.18030227940875,50.59832048416138
194,03,-2.219248033328259e-05,-0.5256330294045062,56.57506640008187,278.52115150119414,94.79378461837769
196,05,-3.3250014936618425e-05,-29.631465932538433,52.844916530618114,285.3548243562432,94.81036853790283
197,06,-3.44918315846169e-05,-24.446217814466692,49.08188772321145,287.09207231580945,64.76006937026978
198,07,-3.591561413959817e-05,-25.92438248894804,39.340810654867084,292.21608878154143,45.93726992607117
199,08,-3.331847033315239e-05,-31.29434137422295,33.68999910253863,292.1374796096639,22.496978521347046
200,09,-2.6222378082234683e-05,-4.395296908230251,54.09243484116659,287.4659033938938,112.6880235671997
201,10,-1.4566836962311297e-05,5.514771194293934,41.310020164710224,286.1660483907064,18.715614557266235
202,11,-1.3042386322538529e-05,9.068964893934462,58.53600206141338,280.4485377359602,32.25963592529297
203,12,-8.991161045966975e-06,-5.598886509064706,48.51484771922968,272.8523069154063,40.51283264160156
205,02,-7.544903639281147e-06,5.38362545916678,55.18347650017959,273.61455346710375,60.068604469299316
206,03,-1.2827322511164368e-05,-10.990242480862525,51.72073062135199,275.89573825737733,22.461695432662964
207,04,-2.0502408365953464e-05,-21.604367342122394,58.54018084150156,281.5059792378743,11.859672546386719
208,05,-2.4253428110207234e-05,-26.022296560964275,51.92535755428705,283.0404211406093,57.326932191848755
209,06,-2.8253365109311642e-05,-38.732165323215064,41.61192797080808,287.7120379621718,28.135314464569092
210,07,-3.142641031134248e-05,-27.054918192217425,49.82263012584947,288.9736008786437,59.759037256240845
211,08,-2.9903093116464793e-05,-15.358725825155936,42.33743624172287,290.26938906532206,98.74433755874634
212,09,-2.534073391895315e-05,-7.00570699428982,43.673043699496326,286.062809048801,48.277573585510254
213,10,-1.7171301486478214e-05,8.106230379494288,51.02844809201841,284.35446074524754,73.76016211509705
215,12,-8.836182103413613e-06,1.1414017176474303,51.832999992789766,274.0792455669526,45.02203106880188
217,02,-9.97768289436776e-06,28.48145621345157,61.04910012837534,278.9320034816378,84.60573077201843
218,03,-1.2413017713795421e-05,-3.0697627356744577,49.8996438915832,280.40703176859375,28.955554485321045
219,04,-2.201332183204714e-05,-17.60772253417969,50.15108422283994,280.5644874141693,28.14702796936035
220,05,-3.085946982284968e-05,-22.07697987414944,55.658551038389554,285.1017764521773,78.28123354911804
222,07,-3.376502295814329e-05,-20.43258258581674,48.29218798171063,290.03099838158397,69.49712204933167
223,08,-3.064838395117496e-05,-15.397676236060358,39.11490551742816,293.2227237929478,54.35530233383179
224,09,-2.7053925191669103e-05,-10.968042353990342,40.873450344501606,287.54944601949063,29.832056999206543
225,10,-2.0736059433235615e-05,1.8364669255082322,46.07108195983722,283.2611740620521,81.02550506591797
226,11,-1.1372840429430654e-05,5.54297788119846,52.451002673839106,279.9875980561574,56.97358417510986
227,12,-9.893875752236308e-06,16.98351939342868,60.12797338394067,278.3321768117105,77.3915023803711
228,01,-1.1099072907757458e-05,24.386054642872143,54.87726956107148,277.9622745796942,88.08339476585388
231,04,-2.2395207648413717e-05,-10.670934447903104,67.35853829729425,281.88296789105726,131.57473421096802
232,05,-3.182257207745645e-05,-20.036693252071256,51.31070372274871,286.9770894601474,44.95067262649536
233,06,-3.4082233544055876e-05,-13.138249787733287,60.09514157660935,288.37100996331105,136.99862432479858
234,07,-3.6390916169732936e-05,-13.917790471887077,46.5719772114318,288.9995175761561,77.72835302352905
235,08,-3.4686337675251e-05,-19.754633603331865,40.27667498864153,289.45330056729875,67.5933165550232
236,09,-2.4247977624205914e-05,0.3736279635959201,55.41774919654528,288.04718676249183,154.75264143943787
237,10,-2.3367591303340108e-05,14.50471792602539,57.49670259841796,283.2419490077521,178.64887976646423
238,11,-1.186565926222506e-05,4.6568576497395835,50.09492808050447,277.3990418517218,92.01937747001648
239,12,-8.802920268002493e-06,22.454611907630838,51.308709990082264,277.97066255097747,78.07752561569214
240,01,-9.430198710966792e-06,24.63400003675235,61.44896206574927,278.42221806261614,91.57960391044617
241,02,-1.079772392194216e-05,13.779260249546594,59.85849182345754,276.5846275064377,56.13470458984375
242,03,-1.3397230129969535e-05,-0.9194605676794566,60.6708199271861,280.0196965524407,87.33539247512817
243,04,-2.54553507465769e-05,-17.42901027967665,53.24983413987689,282.47727725253634,65.29687428474426
245,06,-3.759346314859108e-05,-24.964019442409946,49.104056137108806,287.621155009969,86.7335524559021
246,07,-3.775679561435789e-05,-20.12216363230059,34.70881050790896,291.3305993268413,54.39849805831909
247,08,-3.318467006672979e-05,-13.657699137697938,45.50563225292391,290.35377914166196,99.36693954467773
249,10,-2.1588807777500546e-05,5.981483147405809,48.24640764357326,284.0889761727855,65.74780321121216
250,11,-1.3179962080519347e-05,12.654008286878799,52.50058610761298,280.36134305237664,52.17728924751282
252,01,-6.553396535759588e-06,18.42038040095504,45.80448549491872,277.79516857783,47.351823568344116
254,03,-1.4517082142339604e-05,-0.5979741453765541,58.83941007500695,279.74647602704783,60.096646308898926
255,04,-2.355722367422762e-05,-12.813957029554578,60.681698268123455,282.30091152648924,76.35283160209656
256,05,-3.550879427684679e-05,-19.147158501081563,47.704144963514416,286.87483983849967,97.27209305763245
257,06,-3.750390542944741e-05,-27.016546727159287,42.780413097916714,288.429064964803,55.01609134674072
258,07,-3.168135436499142e-05,-21.668345875401656,51.88578506780696,288.20182105771954,102.94842576980591
259,08,-3.0941285219664524e-05,-19.063545700565466,39.65101154342005,290.2980615874259,51.30303931236267
260,09,-2.4486756719630248e-05,-2.020394458007812,56.817002186003,288.9522197736953,85.14948225021362
261,10,-2.1893689024856883e-05,11.235235126454343,57.40779917159772,284.6498967747843,130.40920996665955
262,11,-1.5146696185204038e-05,20.892512133110895,68.07071139411661,281.02643124508324,131.4802393913269
263,12,-1.1904006665214989e-05,20.81303864280127,63.79751548051194,278.4327853809069,86.34993147850037
264,01,-6.723928980547147e-06,14.384707934964087,53.25762820807451,275.96743091123847,85.52192997932434
267,04,-2.4765318735565716e-05,-15.737299090576174,60.65160554169682,281.0073699052598,95.43563151359558
268,05,-3.372209000100225e-05,-25.790908090242777,45.58359570831253,286.25971681492297,47.3751916885376
269,06,-3.303585196628976e-05,-31.827683939954966,48.06642211600013,287.6171802242279,56.74857974052429
270,07,-3.6646507612448495e-05,-24.41304970722813,43.035889669943884,291.0954466385379,87.7753267288208
271,08,-3.349079792080317e-05,-13.273838911159066,49.470468634774605,291.26248715078697,107.7295401096344
272,09,-2.8629883362433853e-05,-3.361749937269423,60.89090815499625,286.7026010084364,144.1834967136383
273,10,-1.872843477780094e-05,15.499699002173642,52.0420637966638,287.358400129749,73.23751926422119
274,11,-1.4045017091525046e-05,9.019137569173179,50.75557469189433,281.0378544276344,85.68967199325562
275,12,-9.904081011676856e-06,14.487402564920403,52.82181985401466,276.8109058604907,73.46089029312134
276,01,-6.60295483731882e-06,23.604068570044735,51.65779350411636,277.7092359037091,67.26308727264404
277,02,-1.6342577849974034e-05,27.257544948032923,61.67323920420096,280.01173835877006,111.30836725234985
278,03,-1.718439095667989e-05,-2.8514695644583754,52.573686629964456,280.1865670277176,40.98473596572876
280,05,-3.0134792006426703e-05,-17.31557953963741,52.31226475243542,285.91615550937445,64.66420650482178
281,06,-3.5836119472898846e-05,-20.466573669433593,50.7506326838851,289.008934870402,77.7912917137146
282,07,-3.594073215623134e-05,-17.96138944137737,48.60045512300026,290.12367375199517,94.12360286712646
283,08,-3.0240783373966385e-05,-12.41071590333344,52.640142950275894,291.52933090636554,146.93423414230347
284,09,-2.726855740998468e-05,-6.606480073716904,41.46046437310777,288.12181282060413,57.52717709541321
285,10,-2.2813934475604865e-05,5.003235001430717,55.25826176021304,283.04481736857923,87.43804001808167
287,12,-9.155090198257839e-06,-0.601292420089886,52.83887711868107,276.11271182759606,93.86429786682129
288,01,-7.996820467572737e-06,16.024269751435966,52.92226850532075,276.0992543067932,73.5739049911499
289,02,-9.213011075579354e-06,1.6289639434814458,40.65915042115535,275.1990847414562,23.336631298065186
290,03,-1.4304734281419465e-05,-4.024482163624097,45.80751552796749,280.07939777218405,22.1645565032959
291,04,-2.383696288773839e-05,-17.2942943037245,47.44735419490735,282.52701496353154,51.56433296203613
293,06,-3.491794925367785e-05,-29.63445593295627,48.58540389312637,290.1924542755127,47.240581035614014
294,07,-3.637924248004731e-05,-25.786057973554062,44.12265574810709,291.4632059519777,76.22430467605591
295,08,-3.1032737283929096e-05,-31.771135562691633,39.36124998163152,291.8428295599825,22.521544456481934
296,09,-2.437035215904568e-05,-12.497950702243381,40.21523504180775,287.9652745859782,46.90879726409912
297,10,-2.1305207502659715e-05,-2.352458050143333,49.86598729915773,281.3235289662679,74.57617855072021
298,11,-8.746191556262298e-06,13.336127873399521,55.471923015075255,281.18456970901485,56.468339920043945
299,12,-8.986315398414586e-06,16.75842543636855,56.42778465677845,277.70850726802377,90.1946873664856
300,01,-8.992702947169514e-06,20.66453995308825,64.87525535803712,277.01399096031605,107.22431802749634
301,02,-1.1818901434843997e-05,12.780648606925178,58.06078212638148,277.98929517294346,64.95090794563293
302,03,-1.5225630396960167e-05,1.0669384965794064,50.376974003080406,278.8729907035828,47.67586803436279
303,04,-2.4217375733618005e-05,-11.611916856553819,59.49211039767795,283.0342345699735,45.28127717971802
305,06,-3.421590459786078e-05,-30.121984181382924,54.56608841220009,288.26498307020404,70.646568775177
306,07,-3.5823426863228845e-05,-21.040274605699764,48.61712288511441,289.52838083738925,104.08150887489319
308,09,-3.09724094837697e-05,1.3779368174235027,41.60773183429904,288.3683370303683,68.27244329452515
309,10,-1.9737982986943505e-05,10.8786054316695,45.96995730125903,284.57554275028684,55.872933864593506
310,11,-1.219442167142309e-05,8.63346869269477,52.650442458646836,280.0218678001404,66.66378116607666
311,12,-6.509792311736683e-06,12.651209838210898,41.13814304297201,277.18444233658494,54.07814908027649
312,01,-1.0532949036563073e-05,27.835473567839585,50.62756816835045,278.5624613469442,53.984177112579346
313,02,-1.0796667724878803e-05,1.9850640389578682,54.967533898224424,275.683474075272,50.05322074890137
314,03,-1.2645556585016247e-05,2.2825399281491516,62.992716266741034,279.0753041903793,63.6138596534729
315,04,-2.402455134354872e-05,-12.38321820203993,55.9102142579476,282.71948648647725,77.4074821472168
316,05,-3.3327865934669755e-05,-23.83920729967343,52.369123788558014,284.99818274778966,76.4442777633667
317,06,-3.715115132452208e-05,-30.632264646063906,50.84424858076307,288.991852593655,55.748387813568115
319,08,-3.320200081173924e-05,-14.21000237282374,41.28222914207624,289.1398493754069,101.65014147758484
320,09,-2.545146969718593e-05,-6.704652192857532,39.75358392157654,289.0389223130968,79.9967360496521
321,10,-1.7187334372416657e-05,10.538457600583316,41.694871458662455,286.6108520703879,58.746543884277344
322,11,-1.4535249143672345e-05,9.326381112670902,61.63253474075529,280.7140452206929,66.79116821289062
323,12,-9.12172876785682e-06,14.485518746324761,56.37181309181387,277.6781497156286,50.890292167663574
324,01,-6.5253165958961526e-06,7.280853728591756,43.42763289413273,274.90674294572244,18.287110328674316
325,02,-8.8568046297561e-06,4.634872235616048,55.29220876641359,275.99080734402787,57.903024673461914
326,03,-1.3873502668170125e-05,-4.782673361173239,59.930227692120816,276.79120616527274,63.244534492492676
327,04,-2.37631702343909e-05,-18.782449027506512,53.65862876264652,281.3412661899143,51.75546956062317
328,05,-3.370682173148433e-05,-13.439136345319852,55.415879218805216,286.611448016423,97.34957218170166
329,06,-3.4785863751151034e-05,-27.11431088460287,44.96967633606062,288.7861003506131,34.651726484298706
332,09,-2.4569920312832332e-05,-1.9050392035590278,48.50952039943403,290.8846295525445,31.076144695281982
333,10,-2.0357669840078775e-05,8.929626497002058,49.91160704086961,286.9078280718404,104.8823778629303
334,11,-1.6638314112929544e-05,21.698549422539603,51.20864173750348,282.7481851179335,79.28392601013184
335,12,-1.1844671387852061e-05,21.158474252352146,51.61357204472506,280.0480408410102,99.22530603408813
336,01,-1.3167410284109127e-05,32.71415653975292,54.798027210791915,280.3280024761898,116.52486562728882
337,02,-9.635896793779033e-06,12.227102448962983,62.05461917357218,279.13144602752857,88.80820941925049
338,03,-1.969343553138324e-05,2.858439688077537,50.951221448258686,280.9515473870718,65.31020927429199
339,04,-2.5420359923575438e-05,-23.728481532796227,35.425640993569964,285.1133049407959,1.6051898002624512
341,06,-3.458860908376663e-05,-19.802041976589628,51.81401281598541,289.6702567504883,100.40370607376099
342,07,-4.0491175616739144e-05,-14.380545316962786,51.51913973191349,289.65608735082475,166.44169425964355
343,08,-3.430768915528969e-05,-11.902402343421853,46.669440629773256,290.0370085491878,52.89487075805664
344,09,-2.677926907070085e-05,-2.246240928141275,48.58724766878287,287.3048455885146,74.65286588668823
345,10,-1.4836711174446523e-05,-1.5530790907336818,46.4751422240952,283.5498818838469,38.23624563217163
346,11,-1.4172945336880124e-05,15.984315191311307,55.0159122577058,280.5269208690644,63.65782594680786
347,12,-9.103623443880553e-06,18.67049515623687,44.72693699303237,277.3368185319388,75.82493901252747
348,01,-9.98381483742544e-06,30.50790186531313,59.32570013750177,279.4891412764929,98.90966415405273
350,03,-2.0140387961912898e-05,4.352542552004578,67.29393991330491,278.8884844916969,110.58221864700317
352,05,-3.326288808405293e-05,-18.37616691179173,46.32872357566895,287.85736066133234,58.6919801235199
353,06,-3.476253857051133e-05,-32.52892781643338,47.80475471985869,288.7505925245497,40.78405427932739
354,07,-3.577182100015043e-05,-18.878891244211506,53.425692884929724,290.6381676658713,105.99103903770447
355,08,-3.3834556450724496e-05,-9.036356891591062,49.02626591384924,290.2695800380912,114.81742095947266
357,10,-1.8222273044254205e-05,6.518695762716314,54.30898137165141,283.49328779224686,92.71740341186523
358,11,-1.2143508331428165e-05,12.723418456013999,55.05112889809742,280.38257168964805,87.03951120376587
359,12,-6.623100362498576e-06,8.910789440196046,51.189781416840454,276.00092939651654,32.103607177734375
360,01,-6.219402897665034e-06,13.638463789416898,56.756673166043,274.32254045474144,59.60752511024475
361,02,-6.55127283612057e-06,7.2258432279314295,62.426701213981424,276.2893881261462,62.01654672622681
362,03,-1.4006747319585248e-05,0.15545269151913163,60.10794240493287,279.1052625570399,55.8788948059082
363,04,-2.2896213735516033e-05,-13.763160278998479,44.90089633327524,284.289430710517,23.97039556503296
364,05,-3.152253704363203e-05,-24.89160391596312,50.72287625494953,286.32759907055924,51.12992525100708
365,06,-3.4585202314802804e-05,-32.20444840494791,47.13420631794532,288.15789018961584,75.43589448928833
367,08,-3.326769469126164e-05,-18.63527480389995,42.41847231385144,291.493365414199,46.274324893951416
368,09,-2.396435872586961e-05,-8.675344586181641,43.626415080409586,288.24405131666396,40.19728755950928
370,11,-1.3997967538165946e-05,28.005924584282763,63.3120259418408,282.6301770416684,119.02290868759155
371,12,-8.896478755051119e-06,9.686923075029926,62.37685010996686,275.9152564712032,98.37137460708618
373,02,-7.65345504045659e-06,5.717629487900508,61.53230691539674,274.59004296811423,91.62952327728271
374,03,-1.4227020407356234e-05,-0.1344084672825314,56.345688745778084,278.93887998355336,56.222103118896484
376,05,-2.827942739082006e-05,-27.387183430333288,51.416537502500645,283.07650033011487,63.4017915725708
379,08,-3.27152816781925e-05,-15.088779016966459,50.057286181364006,289.71709932881015,146.2640986442566
380,09,-2.3803562745282155e-05,-1.7829848341200085,47.799041656389505,286.8539448320178,93.05310916900635
381,10,-1.8914465963579488e-05,8.677334267236855,54.52403665949838,284.0074488248518,76.19713640213013
382,11,-1.1904203317903414e-05,4.708053307088217,64.34552551558414,279.1010974715339,80.79510045051575
383,12,-7.738160395268594e-06,4.967533013128466,56.59717789244652,272.7350027047024,51.991679430007935
384,01,-4.432973011169315e-06,15.641597058367989,49.85520389962581,276.640032220861,71.90442681312561
385,02,-7.274441715534998e-06,7.353929252261208,64.81677477946593,277.5559378022239,54.225329875946045
386,03,-1.235675504704564e-05,-6.3443144091534345,43.386579177287324,278.86510410210394,20.28888177871704
388,05,-3.0008848766624646e-05,-32.62149781881353,48.67582858574712,286.410771462061,34.52233028411865
389,06,-3.4230032604055946e-05,-25.01744469502767,49.43961729888122,288.6127736097548,94.74681329727173
390,07,-3.7348723895911946e-05,-18.427609645064162,51.34294977803511,288.60765880658556,163.95448088645935
391,08,-3.274760770019843e-05,-10.64563058373236,50.85391145080519,289.6281859905284,128.73549723625183
392,09,-2.5484862159343414e-05,2.648160398695204,48.54894579696125,288.68825934821234,68.3792371749878
393,10,-1.916051529891168e-05,8.726722329416583,41.10612051369683,284.83637540882887,69.30626606941223
394,11,-8.12447487300637e-06,7.208228931681314,45.10324230610001,280.86535165697734,17.076764583587646
396,01,-9.557997748420493e-06,23.492998173539362,55.985124487241116,278.0025916491273,90.29691076278687
397,02,-6.941694202459045e-06,2.77444112036694,54.92825397600388,273.9540438470512,25.181623220443726
399,04,-2.412122515035865e-05,-15.116672309705946,65.52592149374486,281.0076457704756,93.77713108062744
400,05,-3.2719707248821014e-05,-19.41600187732328,54.71462800888861,286.39187647731336,68.41745948791504
402,07,-3.9630504535585143e-05,-18.105863085346844,55.33667580591222,289.83332058683004,133.29841899871826
406,11,-9.782895505729057e-06,13.286790387301977,48.36725960095062,280.2187192969428,62.30052351951599
407,12,-8.270612005098982e-06,23.135962751162953,68.44660146777348,278.1779153431308,126.01667380332947
409,02,-9.82560560788399e-06,1.2790957768758144,54.799641565576906,274.82777969859893,42.50241231918335
410,03,-1.6003138249269338e-05,-14.11737674147083,62.83003596656937,275.29698841222125,46.14034557342529
412,05,-2.7662325821888435e-05,-23.158452428017892,56.92952051083376,283.8569099442677,89.41290044784546
413,06,-3.319209287441886e-05,-26.815010833062065,45.349666944320994,287.4700203450521,63.59688186645508
414,07,-3.405638901301333e-05,-27.630988150319745,40.32137145659744,291.3996042135915,58.30738687515259
415,08,-3.2683108437937644e-05,-17.84199171037572,39.46305893081491,290.9021847701535,40.892261028289795
417,10,-1.765674730958508e-05,13.677036990258001,51.31546706972713,285.3490841153053,135.23726177215576
419,12,-9.44601224512954e-06,28.97793200421077,55.46996279250422,279.21073650786695,74.25229167938232
420,01,-8.580053124215514e-06,22.96357862870411,63.49304372530727,278.7270791265426,90.50502729415894
423,04,-2.3883861623916246e-05,-16.521862002224392,58.86005653639768,284.4238784166124,52.129727363586426
424,05,-3.2321809314922687e-05,-17.350711201329386,63.11191008513332,286.0054483229113,111.14941215515137
425,06,-3.645346474101341e-05,-28.120134918891054,43.231891095406475,288.60506283637153,53.205344676971436
426,07,-3.570791800838603e-05,-18.498887496784167,52.862582088247414,292.2635286937426,91.65657234191895
427,08,-3.5946427165531874e-05,-15.756697428713563,51.75170243226714,289.2081022578413,126.34322667121887
429,10,-1.6616273676728237e-05,8.951883064844276,46.06859467966968,286.6383070147115,79.9614315032959
430,11,-1.0089955154782932e-05,6.784489759657117,59.376273723493675,281.4275366665734,64.11601209640503
431,12,-1.0581146033268115e-05,22.95546643394552,54.273882943514856,278.36750006714686,89.71414184570312
432,01,-9.2527426375611e-06,26.340960131573418,62.63006211892765,277.32805558928624,107.20374536514282
433,02,-8.153189459681882e-06,8.31590086110433,48.93550452213628,276.6668339920044,54.84558963775635
434,03,-1.5915630637317265e-05,-1.6360386480515998,44.90566300547765,279.08244967077115,61.79024076461792
436,05,-3.070366395367009e-05,-25.76910455847299,53.73915812349191,284.7904129192393,61.485331535339355
437,06,-3.477750818122634e-05,-31.860220404391814,46.7203716229452,288.02580254245345,35.5678129196167
438,07,-3.7615658574522775e-05,-25.170489753641114,45.05531850020347,290.8353158631684,95.02099466323853
439,08,-3.326061218056918e-05,-12.586229408838417,52.3345120203854,291.25167575270126,123.28978443145752
440,09,-2.5603061031688413e-05,-1.6679924726698132,46.654843129608366,286.66352415195047,98.359215259552
441,10,-1.3186316454061119e-05,-1.463842040031187,51.45971762442205,283.4427843608241,34.89073657989502
443,12,-8.385574634596725e-06,33.275967709449034,59.292129598577816,282.58162065858744,54.18260717391968
444,01,-9.004527324929857e-06,20.359526514525058,60.00615774854665,278.0475291836237,107.9379734992981
445,02,-1.2519085415486441e-05,14.879537966322628,54.698993667597065,277.78108298799367,72.69394779205322
446,03,-1.4810545610421827e-05,-5.396197126162949,59.004922374092125,278.4155945600284,69.4955415725708
447,04,-2.7581765115751797e-05,-20.820068422105575,57.557788026644126,281.36615560573995,67.43884038925171
448,05,-3.16294027814815e-05,-19.310568396455505,50.32535560724812,286.8687926589802,61.365638256073
449,06,-3.356170396635004e-05,-23.02242342732747,60.87640379265148,289.0600437771266,113.14722728729248
450,07,-3.758493633006676e-05,-22.269790681900524,47.74635748879372,290.91323088844877,56.59930372238159
451,08,-3.3272750999810424e-05,-17.014684508621052,43.397001161080546,290.91866476046647,57.580533027648926
452,09,-2.4645985519115736e-05,-7.889081433783638,37.34792189491059,290.7287192874484,28.704333305358887
453,10,-1.526362983537594e-05,-3.798430909843855,48.34944315867911,283.3498556886078,57.946226596832275
454,11,-1.1750765303218536e-05,10.89123139716254,54.5964946256227,279.20990362701417,75.84917688369751
455,12,-4.447676278540448e-06,15.633635981405934,42.93341399640295,278.4459245055413,19.911759853363037
456,01,-6.416161365773257e-06,12.223324068787278,48.97643718384928,275.05028467830533,56.35315418243408
457,02,-8.18821650381367e-06,12.903916228158135,62.959067062718525,277.86915778559734,67.99254751205444
458,03,-1.5800369091061108e-05,2.527072602630943,59.88884960889175,281.2226937955631,58.12478494644165
459,04,-2.5679135762624757e-05,-26.331729773288306,46.84454056873057,281.41495227517026,30.59126615524292
460,05,-2.9667726341906155e-05,-25.198657173730993,56.839670298081565,287.2392350808421,37.424317359924316
461,06,-3.566179110415154e-05,-31.36642959594727,52.944568701901716,290.51245804307734,63.719133377075195
462,07,-3.888270218750779e-05,-23.176640851420746,56.14024401203919,290.7070247267856,125.55045461654663
463,08,-3.333480648354688e-05,-12.395997953681537,44.035043613662005,290.3243722688408,75.39064645767212
464,09,-2.5415033401845397e-05,-5.530321179199219,52.86381167994076,287.1538292568631,131.7170844078064
465,10,-2.0550294828412475e-05,15.281469091599986,50.30405073937036,286.4926618480888,63.67462873458862
468,01,-8.493993727101315e-06,23.796599253992884,55.116003269850566,278.53154294832297,94.42302966117859
469,02,-1.1806723732206594e-05,-2.6082788761683875,46.30087924139698,274.0743940366564,28.985047340393066
470,03,-1.3339704251535219e-05,-6.768148279333628,63.03257818707726,277.2524915700113,81.36417293548584
472,05,-3.631899526441482e-05,-17.44638056798135,47.40056218499266,288.52215093042514,48.21310758590698
473,06,-3.447691067930363e-05,-33.33076165534125,39.74884000571834,289.49784020724826,26.889825344085693
475,08,-3.324744642680256e-05,-25.59706884437479,43.61733073811633,291.3618514305854,94.60595369338989
476,09,-2.7110998255941223e-05,-4.088550005425346,48.59134079140956,288.21334796922474,68.28795766830444
477,10,-1.717439320385384e-05,2.0582064438686585,44.893768001867876,285.3938754693308,34.76789951324463
479,12,-7.425197422547768e-06,21.47761040308142,53.53903508252609,279.4785891970973,89.45121669769287
480,01,-8.170035396257738e-06,18.813249751593478,61.34680531404607,276.9462481465493,48.710402965545654
481,02,-8.232899953890454e-06,13.675333238874163,51.283400613031226,279.191337246032,53.84524393081665
483,04,-2.786484313502215e-05,-15.88577495863173,41.53150874974462,283.32113693033864,32.68497180938721
484,05,-2.8741963674400066e-05,-37.081440074305384,54.09692304540707,284.36448736465616,39.454394817352295
486,07,-3.625940142692049e-05,-31.74150496025496,48.734570516079984,291.26846290670414,49.36154794692993
487,08,-3.404563471354698e-05,-17.337182702177312,41.57153246440298,291.4738801791283,76.33737087249756
488,09,-2.6543087166161665e-05,-4.24653964674208,45.73786681658825,287.9392709560819,112.17082786560059
490,11,-1.0039879183467646e-05,10.335369747924807,64.20363267016013,279.8074893178728,74.31336832046509
491,12,-8.260583359534854e-06,25.078029959073632,56.60606037604423,279.25270498681834,84.95069599151611
492,01,-6.012859741277161e-06,22.106840989635838,48.67357203781476,279.3999776622403,60.42203378677368
493,02,-1.5386156723984276e-05,31.748662168305497,64.97568837541958,280.04609204145413,131.38312101364136
495,04,-2.7043378228700023e-05,-24.0670989525689,35.17819720014996,283.457096534729,24.384860515594482
496,05,-2.995519203009721e-05,-45.04488896819084,46.51938461271666,285.6595867329259,17.802208423614502
497,06,-3.546342912159163e-05,-30.903872137790252,54.092656515480414,289.81179647657615,67.27775382995605
498,07,-3.552329937512147e-05,-24.55973527871409,49.31133174363516,289.7865116117744,73.53353977203369
499,08,-3.48960954878191e-05,-17.491402352609946,46.845165995435046,292.9717935617098,91.37486410140991
500,09,-2.4679065476549213e-05,-6.537764871215822,41.4254565234277,288.42726283230246,61.862966537475586
501,10,-1.848353834580477e-05,14.114419966174706,59.132486595437086,284.57053201831286,137.80672430992126
502,11,-1.0186800306089735e-05,15.631692754109702,47.969248177954896,282.13784168768984,45.380624771118164
503,12,-6.893300624729055e-06,15.732371215492165,60.65007041392917,278.8222056623889,109.63903760910034
504,01,-7.860778656987515e-06,14.34612370152627,66.80461903254064,276.7231909807677,90.61761569976807
505,02,-9.005972841740524e-06,9.622026147751583,54.51137783175566,276.8945384240831,60.75168180465698
506,03,-1.5948935392546162e-05,-0.9029574194467195,53.47545231677126,279.32064444773675,54.85542392730713
507,04,-2.588563685021654e-05,-27.98602328389486,47.86236142485672,279.4237252683427,51.77638530731201
508,05,-3.230829694098981e-05,-22.4746828918457,60.26473778712485,283.8163767559092,118.6035623550415
509,06,-3.7502937650666964e-05,-26.38411481492784,47.88007799596918,290.2330343007406,106.48373031616211
510,07,-3.6336240956178925e-05,-19.074829963273896,48.14752719921964,290.67390889748197,97.35786199569702
512,09,-2.3354238802332672e-05,-7.743464881388346,41.71682162190013,289.1970728213839,33.61188364028931
513,10,-1.864643046111826e-05,14.62936670381279,46.729617401201246,285.1771994281072,138.24248218536377
514,11,-1.0072340758698473e-05,9.36498726196289,49.88987413275507,281.017371949217,67.49459075927734
