,month,MER,MSSHF,RH,tp,z
1,02,-7.399999772068052e-06,2.729709174746558,52.295623941567676,62.58125376701355,-11722.644
3,04,-2.191347909663616e-05,-15.59233038906521,62.41300571294825,65.13916850090027,-3403.7007
4,05,-2.839083756912113e-05,-16.16055940262989,64.02205650719006,98.91896796226501,2592.6968
5,06,-3.330413338050373e-05,-22.16353809509278,52.028707694198026,77.33350610733032,9049.103
6,07,-3.0671342559486147e-05,-22.637875941122733,53.00265082314577,36.31914162635803,12601.661
7,08,-2.8487004876296853e-05,-12.56110269165039,50.14281140049425,84.36125612258911,11198.93
8,09,-2.3132900744369383e-05,-4.023202255249023,42.3501046719922,43.01969242095947,7491.0444
9,10,-1.6345863611966567e-05,2.642213581372333,56.92965585534547,56.921231508255005,649.53796
10,11,-1.1569333000928361e-05,13.890767045423724,49.679388139549886,76.8632504940033,-3859.559
11,12,-1.207531024335357e-05,24.691616260159407,64.98245628347064,131.76934385299683,-8639.834
12,01,-5.795284385228985e-06,8.867661568262244,49.01821534482766,58.65590763092041,-12917.979
13,02,-7.359469057738698e-06,6.865867059466484,53.581606617508264,60.54261493682861,-13619.42
14,03,-1.4070489600584629e-05,-6.186828353717764,55.02083505403355,70.78502440452576,-10414.988
15,04,-2.282624180893941e-05,-17.872287172783746,48.97103869282801,41.5899133682251,-4151.6655
17,06,-3.014735746900341e-05,-26.066622504679362,62.37913317463399,87.7898542881012,9083.737
19,08,-3.1051088017916934e-05,-11.540256553403795,47.008779259716306,67.59736728668213,12188.477
20,09,-2.365392635981859e-05,-3.0327022542317708,42.946886476458445,42.64728355407715,7385.048
21,10,-2.1172643707369163e-05,7.590982919672484,58.4636376896443,107.7690110206604,517.5398
22,11,-1.4279194747299093e-05,14.235161112806532,54.54851769668525,72.95901393890381,-5568.302
25,02,-8.991757432514056e-06,2.888394768487839,50.11619150138895,42.9824595451355,-11540.665
26,03,-1.2076194787720939e-05,11.89821663673975,73.37905685201383,133.0828936100006,-10434.416
27,04,-2.2320882245185202e-05,-19.334173597547743,50.02077896680037,35.788278102874756,-3016.8857
28,05,-3.0310256707952082e-05,-17.47440350473055,59.34436809112436,102.75372743606567,2601.8005
31,08,-2.8741253340065727e-05,-19.03508228654759,42.77699926753197,37.25814604759216,12482.07
32,09,-2.269007780640903e-05,-3.5648343312581385,46.85175361700852,61.64737391471863,7777.195
33,10,-2.174942796122078e-05,9.781940688922843,60.93410625634399,150.74281787872314,2081.8955
35,12,-7.687594037497059e-06,8.885675470167591,67.75924336626196,63.80108118057251,-10053.41
36,01,-5.276928763964617e-06,11.574925520045783,58.01885871766587,43.573694705963135,-12768.819
37,02,-7.864293709969517e-06,5.468580898829869,51.56958197040644,18.835744380950928,-11928.402
38,03,-1.6001877676116956e-05,1.792558938959594,55.95160838729334,72.00946402549744,-9523.067
40,05,-2.9170486620455693e-05,-20.4214844770534,47.92201473479629,53.242250204086304,3243.767
41,06,-3.17826830204164e-05,-27.949367026435006,48.16991035015053,93.72558498382568,7273.1787
42,07,-3.416977696542745e-05,-21.999847670688425,39.2781192299025,32.713236570358276,11967.229
43,08,-3.1963929242763654e-05,-15.790871219429917,46.55304641459066,88.86780834197998,11928.316
46,11,-1.519573135911843e-05,20.401449884033198,56.70156626680825,70.76487922668457,-5393.618
47,12,-1.0313162028783104e-05,17.753608460457098,55.75187243828721,83.42955470085144,-9734.572
48,01,-1.1369238679367056e-05,31.70380508160335,51.86229076744793,104.55150389671326,-12125.506
49,02,-1.1685804688698098e-05,2.732715975443522,46.129101684696614,42.88707685470581,-13635.125
50,03,-1.3839232150540515e-05,-0.5926843497983868,57.115805566785156,81.02017283439636,-9403.272
51,04,-2.090864053300013e-05,-10.60586452026367,65.75529212030038,105.42021083831787,-3047.8716
52,05,-2.6606813441591635e-05,-11.409518621957432,66.050863289825,118.89742398262024,2248.7964
53,06,-3.6603149109497395e-05,-25.008415187242296,46.266101067479454,40.00491166114807,7696.5293
54,07,-3.282222612492611e-05,-33.091220865229126,44.1499227373741,22.25583553314209,12289.625
55,08,-2.6941880611302234e-05,-27.08358682743196,31.77761535606461,31.294189929962158,13164.399
56,09,-2.725831751290065e-05,0.9693071214463977,44.86737590899468,117.23978233337402,8061.0093
58,11,-9.367185011372688e-06,10.117007967122396,41.05919099200301,59.34060025215149,-5513.006
59,12,-8.522425015388596e-06,21.808005747805364,57.410435429080856,63.89762902259827,-10114.766
60,01,-1.1848107099418698e-05,28.771229348787696,56.9102486772409,127.76513147354126,-11819.695
61,02,-9.682757584759485e-06,6.4267875001403105,47.08914505602986,61.24871587753296,-11579.064
62,03,-1.3818876191033916e-05,-6.2181760956138685,56.610379949503034,62.89697480201721,-10272.869
63,04,-2.3066575134180317e-05,-21.124448284233942,53.13685258980724,21.789991855621338,-3498.6318
64,05,-2.301351515928619e-05,-21.276121071107926,61.30564291210714,106.87018704414368,2606.0327
65,06,-3.0384449369921637e-05,-25.249517172580298,53.14751710217263,54.762237310409546,8191.5303
66,07,-3.052118788760435e-05,-16.333257173927887,51.58020934386151,95.44521999359131,12345.454
67,08,-2.8069958612225798e-05,-17.017802792784988,42.472240740586344,27.303098917007446,12310.258
68,09,-2.2138291550658728e-05,-0.809648367987739,66.94727416271104,147.5589587688446,6684.916
71,12,-7.343828446024142e-06,12.754345215500043,59.86620702467682,57.75411510467529,-9700.596
72,01,-6.201572312694294e-06,7.789162023728894,59.71689801232405,62.144726276397705,-14585.744
73,02,-7.646551471441942e-06,-7.170963860648018,49.17462651499538,9.736912250518799,-11640.039
74,03,-1.1304150707112197e-05,-2.56875498781922,68.34861116093205,66.12149095535278,-8798.277
77,06,-3.090711121482552e-05,-17.990251360066733,61.34983533646531,126.5044174194336,7210.428
78,07,-3.447742918110781e-05,-15.274860501197074,50.75858460182529,100.84526371955872,11538.3545
79,08,-3.3271033724499884e-05,-4.3656862228557625,49.79625837316948,104.17502427101135,12307.855
80,09,-2.244669017984254e-05,-3.3109654418945316,48.444472670045165,48.915464639663696,7751.866
81,10,-1.5745955748394817e-05,1.4800897167574978,41.847355274659336,36.53095197677612,1592.1195
82,11,-1.5779393952086846e-05,2.730464919026692,53.6031213278585,73.80068945884705,-5219.797
83,12,-6.748697063030508e-06,22.216181771555252,62.92255071562849,100.24923872947693,-11303.533
84,01,-1.0488508364736625e-05,25.802121266682942,67.17732922877546,118.28075385093689,-12913.879
87,04,-1.9242588071877733e-05,-14.953707265557181,61.57429541588492,64.68825125694275,-2472.7776
88,05,-3.1224375424332516e-05,-18.680161248648037,54.14751819698144,49.02557110786438,2770.709
89,06,-3.5890827366468634e-05,-24.274000357055662,43.53411597645681,56.932453870773315,7863.067
90,07,-3.000731417455182e-05,-30.125119514383297,48.19723509739805,53.75952363014221,12561.805
92,09,-2.1116000810717296e-05,-5.870355172729491,52.886519872754164,48.16365933418274,8279.701
93,10,-1.7202233669146365e-05,6.4104873591597356,48.62927366667281,94.80732774734497,1611.7988
94,11,-1.2770530823662637e-05,20.62896745435927,57.76803370095226,84.64354729652405,-4969.808
95,12,-1.128779906788603e-05,28.043287035542146,58.52688881322774,125.43024492263794,-10521.392
97,02,-5.771432554432804e-06,6.824847212655203,67.52644709656069,35.931448459625244,-12062.38
98,03,-1.3287096029671374e-05,-5.803373095440609,55.151999684815046,77.72802114486694,-9386.663
100,05,-2.791426425801057e-05,-28.103053294192083,60.924986691195485,69.35014915466309,3018.1255
101,06,-2.8837502824555686e-05,-20.989433822292757,61.5306473079814,96.28858280181885,8464.459
103,08,-3.0242934917310693e-05,-13.572054321945357,50.633880177582476,87.18918299674988,11830.361
105,10,-1.9746457593286597e-05,13.28605210072507,59.41998880579267,102.30783081054688,2071.5996
106,11,-1.2423982501220758e-05,8.69252590874566,58.77474638277293,110.22080183029175,-4794.066
108,01,-9.400724827868036e-06,23.76198229324177,64.8158600401199,138.66146302223206,-12924.125
109,02,-1.553154618433063e-05,17.196350676788683,61.10995617006565,87.70584869384766,-12452.131
110,03,-1.4791143874625109e-05,4.141464673442225,71.63935923557511,114.518559217453,-8974.987
111,04,-2.4692344382775542e-05,-22.74501348402235,55.09817502149212,27.742077589035034,-3437.9048
112,05,-3.182606770285695e-05,-15.882362545546664,52.83810746537357,71.89129495620728,2586.1545
113,06,-2.7714982728361462e-05,-28.63852083367242,47.29024293223089,31.23433208465576,8659.133
114,07,-3.385038605679304e-05,-9.511822006717805,59.07058047961163,151.79068851470947,13014.079
116,09,-2.5435363158006416e-05,2.907980506727431,49.177534459747214,99.14269590377808,8878.081
118,11,-1.0307503538792339e-05,7.8851572241889105,46.36847800110711,43.99460577964783,-5240.2573
119,12,-7.866494279115095e-06,20.208327730240367,52.71666673100892,61.15853786468506,-9408.583
120,01,-5.490775168401608e-06,12.580168148245866,46.32122026583841,24.550368309020996,-11008.751
121,02,-1.1993180484209699e-05,15.243881237211681,52.799659086113884,59.8443021774292,-10415.528
122,03,-1.7582771425163286e-05,5.919001820882161,61.97907953674307,101.1904981136322,-7863.2417
123,04,-2.3728384267512105e-05,-15.711892689005532,62.36782957411343,78.43897438049316,-3103.9648
124,05,-3.2913617601255e-05,-32.404015432706444,43.15242019264416,14.875389337539673,3792.9531
125,06,-3.3498540398290464e-05,-35.047065074327264,55.710710440916486,67.16671657562256,9210.02
126,07,-3.3625666249610085e-05,-27.510599928661055,42.19065745926929,59.59615159034729,13934.174
127,08,-3.0036708770112647e-05,-17.0266568734774,43.458151734339296,58.18086361885071,12075.6875
128,09,-2.1827326350689368e-05,-6.781363076782227,44.02462579022247,52.75948238372803,8480.449
130,11,-1.311930024130561e-05,7.912713109334308,43.72629240063826,36.57659721374512,-4562.3804
131,12,-7.719866410816296e-06,20.033501539989185,45.286219627095804,99.99442100524902,-10392.779
132,01,-9.708490018202875e-06,23.531725362798216,54.619796854420386,62.73529887199402,-12867.828
133,02,-1.709957590030951e-05,31.83555304718018,59.52337883048256,96.37451434135437,-9950.151
134,03,-1.7018775953137494e-05,2.372058311872584,47.98838851665681,25.981262683868408,-6742.3765
135,04,-2.7999317039636173e-05,-19.276666238742408,46.732171709169286,64.46329927444458,-2510.8594
136,05,-3.125298669270236e-05,-34.3688931694441,36.06377147361027,35.43364858627319,2816.6003
137,06,-3.068480971400681e-05,-23.63770078192817,52.16888050745726,81.75433492660522,8577.045
138,07,-3.559518055198981e-05,-33.07448882301904,37.832517702871755,43.237606048583984,12554.125
139,08,-2.897321149455781e-05,-28.290339532667595,47.590817581110095,43.99504566192627,12527.697
140,09,-2.7407515947157255e-05,-3.6402964202880854,48.108384553693405,93.28326845169067,8074.51
141,10,-1.8407037761653066e-05,10.48773665069252,49.92561818830045,70.05437111854553,2733.9092
142,11,-1.0645134954231454e-05,8.876481322224937,54.38112868225972,88.05533337593079,-2598.0676
146,03,-1.2629808311264428e-05,-0.5304674036169569,53.76618897918476,29.050020217895508,-8291.893
148,05,-2.5811937759284265e-05,-33.066711107479634,47.67298183366304,35.415016651153564,3460.7617
149,06,-2.987989489524302e-05,-20.686577268473304,57.62339900992447,100.81910800933838,9082.421
150,07,-3.606362330103894e-05,-12.26554677852508,46.37869990175771,86.47331523895264,12234.615
152,09,-2.1833397036001162e-05,-8.548686426798504,39.4321560544822,69.85359048843384,7903.88
153,10,-2.004618059737534e-05,2.17344532234438,45.307421456006274,48.3614456653595,3317.8376
154,11,-1.4646135411648073e-05,14.444811823866104,60.08639300202131,121.3805501461029,-4193.83
155,12,-7.654158530845394e-06,17.942148733159545,42.031411531264894,44.35604405403137,-9286.163
156,01,-5.988280283046514e-06,9.900324605634134,41.55076964045469,40.05626130104065,-12499.951
157,02,-7.568776633878318e-06,10.513905402874128,42.596786469010105,32.84419345855713,-12027.982
158,03,-1.6743815379482177e-05,3.675611719931326,56.535387553599556,89.10991644859314,-8785.836
160,05,-3.502280750303383e-05,-18.415903687507882,37.98684394011575,48.60550785064697,3251.1729
161,06,-3.339920427913765e-05,-25.873405965508358,43.36981476617124,52.09975528717041,7459.884
163,08,-3.290884278264643e-05,-13.404264240552024,52.83446418771308,128.27770042419434,11823.756
164,09,-2.5466491539959356e-05,-1.4094354346381297,48.6797681992597,66.03445959091187,7623.251
165,10,-1.9484351597922247e-05,1.9587082073252686,58.379234332862715,99.88054394721985,1714.6744
166,11,-1.321692710625939e-05,23.694389510769323,50.96693710040848,114.02044343948364,-4759.5356
167,12,-8.425528942156701e-06,11.411874493342573,45.69198678764476,59.72125196456909,-8460.551
168,01,-9.715480358609446e-06,34.39173987899288,57.42208674485646,79.51586604118347,-11345.807
169,02,-8.449411843078754e-06,-1.1622854381742926,41.2482318814184,24.723291158676147,-11642.176
171,04,-2.191761210872048e-05,-4.539731902737087,59.59964808656376,50.1136200428009,-4875.8076
172,05,-3.0932743489659034e-05,-26.541132331437964,51.168041845343446,72.61612272262573,1806.3256
173,06,-3.281592492067931e-05,-24.277929318237305,46.836056776909025,49.03701114654541,7351.6367
175,08,-3.234485571499712e-05,-11.285276480397874,49.79429166342623,65.69953942298889,12348.191
178,11,-1.1587640056374466e-05,-1.8295716874864363,52.225245416957804,62.847052574157715,-4320.6045
181,02,-9.681430163471391e-06,-2.9269207930791947,54.97462990093799,36.50040102005005,-12577.378
182,03,-1.5868986940443404e-05,12.424105568506382,56.25959003628518,94.18527913093567,-8489.344
183,04,-2.4481364455176743e-05,-15.54007357143826,53.21672202842236,85.7735435962677,-3734.8604
184,05,-2.8615912740195944e-05,-19.306992470361852,50.8592781971834,59.618553161621094,2255.9102
185,06,-3.390126228795352e-05,-22.424498955281575,49.86442946763436,51.52622365951538,8986.372
186,07,-3.466171150601792e-05,-32.442688338413035,36.16844127948567,21.875284671783447,12549.742
187,08,-3.527003988845888e-05,-15.806742182249662,41.714041907468136,89.98871898651123,12595.984
188,09,-2.649383951805552e-05,-2.2674784339057075,50.77799905458556,147.07339644432068,8968.742
189,10,-1.8016295581522476e-05,4.47270425086893,52.33998963107474,97.18963932991028,2797.1855
190,11,-8.92097842036795e-06,12.752254605102538,55.27824593100681,50.59832048416138,-3391.6436
191,12,-1.093666692604627e-05,22.757288210632986,53.902280609893545,112.21855115890503,-9258.906
192,01,-1.2804497735976505e-05,25.385474410518523,57.77612080058489,129.8851613998413,-11691.255
195,04,-2.3056703787511248e-05,-15.611610607231992,48.9374839578549,42.51542043685913,-3922.522
196,05,-3.3250014936618425e-05,-29.631465932538433,52.844916530618114,94.81036853790283,2267.1094
197,06,-3.44918315846169e-05,-24.446217814466692,49.08188772321145,64.76006937026978,8508.723
198,07,-3.591561413959817e-05,-25.92438248894804,39.340810654867084,45.93726992607117,11769.102
199,08,-3.331847033315239e-05,-31.29434137422295,33.68999910253863,22.496978521347046,12207.094
200,09,-2.6222378082234683e-05,-4.395296908230251,54.09243484116659,112.6880235671997,7550.5244
202,11,-1.3042386322538529e-05,9.068964893934462,58.53600206141338,32.25963592529297,-4057.8672
203,12,-8.991161045966975e-06,-5.598886509064706,48.51484771922968,40.51283264160156,-10582.256
204,01,-7.460320452180465e-06,-0.4728464959257379,45.67560021059616,16.127771615982056,-12531.482
205,02,-7.544903639281147e-06,5.38362545916678,55.18347650017959,60.068604469299316,-11480.775
206,03,-1.2827322511164368e-05,-10.990242480862525,51.72073062135199,22.461695432662964,-8979.709
207,04,-2.0502408365953464e-05,-21.604367342122394,58.54018084150156,11.859672546386719,-5120.427
208,05,-2.4253428110207234e-05,-26.022296560964275,51.92535755428705,57.326932191848755,2890.0288
209,06,-2.8253365109311642e-05,-38.732165323215064,41.61192797080808,28.135314464569092,9013.164
210,07,-3.142641031134248e-05,-27.054918192217425,49.82263012584947,59.759037256240845,13298.357
211,08,-2.9903093116464793e-05,-15.358725825155936,42.33743624172287,98.74433755874634,12886.277
212,09,-2.534073391895315e-05,-7.00570699428982,43.673043699496326,48.277573585510254,7055.7085
213,10,-1.7171301486478214e-05,8.106230379494288,51.02844809201841,73.76016211509705,1741.8628
216,01,-3.583592048936e-06,-1.2817189340899076,35.36421269791357,8.55794882774353,-12688.854
218,03,-1.2413017713795421e-05,-3.0697627356744577,49.8996438915832,28.955554485321045,-8824.844
219,04,-2.201332183204714e-05,-17.60772253417969,50.15108422283994,28.14702796936035,-4020.951
221,06,-3.476727682935032e-05,-20.254541469319665,56.16686724849277,112.482257604599,7822.1826
222,07,-3.376502295814329e-05,-20.43258258581674,48.29218798171063,69.49712204933167,12158.064
223,08,-3.064838395117496e-05,-15.397676236060358,39.11490551742816,54.35530233383179,12437.048
224,09,-2.7053925191669103e-05,-10.968042353990342,40.873450344501606,29.832056999206543,7775.005
225,10,-2.0736059433235615e-05,1.8364669255082322,46.07108195983722,81.02550506591797,1934.4526
226,11,-1.1372840429430654e-05,5.54297788119846,52.451002673839106,56.97358417510986,-5217.008
227,12,-9.893875752236308e-06,16.98351939342868,60.12797338394067,77.3915023803711,-10273.275
229,02,-7.893391973560764e-06,12.879144769577753,54.623768248409036,20.71983242034912,-11532.795
230,03,-1.582076560769428e-05,4.910139277304372,64.38913835901599,89.45151329040527,-8228.387
231,04,-2.2395207648413717e-05,-10.670934447903104,67.35853829729425,131.57473421096802,-2435.9634
232,05,-3.182257207745645e-05,-20.036693252071256,51.31070372274871,44.95067262649536,3860.521
233,06,-3.4082233544055876e-05,-13.138249787733287,60.09514157660935,136.99862432479858,9727.47
234,07,-3.6390916169732936e-05,-13.917790471887077,46.5719772114318,77.72835302352905,13444.304
235,08,-3.4686337675251e-05,-19.754633603331865,40.27667498864153,67.5933165550232,13801.785
237,10,-2.3367591303340108e-05,14.50471792602539,57.49670259841796,178.64887976646423,3214.6597
238,11,-1.186565926222506e-05,4.6568576497395835,50.09492808050447,92.01937747001648,-5558.626
240,01,-9.430198710966792e-06,24.63400003675235,61.44896206574927,91.57960391044617,-11374.178
242,03,-1.3397230129969535e-05,-0.9194605676794566,60.6708199271861,87.33539247512817,-9491.318
243,04,-2.54553507465769e-05,-17.42901027967665,53.24983413987689,65.29687428474426,-2257.8833
244,05,-3.422614240797327e-05,-20.88572949317194,50.723297991629586,63.86414575576782,3486.696
246,07,-3.775679561435789e-05,-20.12216363230059,34.70881050790896,54.39849805831909,13158.387
247,08,-3.318467006672979e-05,-13.657699137697938,45.50563225292391,99.36693954467773,11947.96
248,09,-2.59650643648355e-05,-3.5717024329291456,50.26974016195536,83.68352055549622,8123.7373
249,10,-2.1588807777500546e-05,5.981483147405809,48.24640764357326,65.74780321121216,2170.3003
251,12,-1.3700721242369786e-05,27.986750325848984,63.54783165261822,142.15608167648315,-8061.8115
252,01,-6.553396535759588e-06,18.42038040095504,45.80448549491872,47.351823568344116,-10196.25
253,02,-1.2230161100386137e-05,18.65321454909752,54.35344561065067,98.67708921432495,-12807.021
254,03,-1.4517082142339604e-05,-0.5979741453765541,58.83941007500695,60.096646308898926,-9434.423
255,04,-2.355722367422762e-05,-12.813957029554578,60.681698268123455,76.35283160209656,-2855.2388
257,06,-3.750390542944741e-05,-27.016546727159287,42.780413097916714,55.01609134674072,8790.315
258,07,-3.168135436499142e-05,-21.668345875401656,51.88578506780696,102.94842576980591,12840.867
259,08,-3.0941285219664524e-05,-19.063545700565466,39.65101154342005,51.30303931236267,13307.584
260,09,-2.4486756719630248e-05,-2.020394458007812,56.817002186003,85.14948225021362,8205.669
261,10,-2.1893689024856883e-05,11.235235126454343,57.40779917159772,130.40920996665955,1745.1399
262,11,-1.5146696185204038e-05,20.892512133110895,68.07071139411661,131.4802393913269,-5200.8833
263,12,-1.1904006665214989e-05,20.81303864280127,63.79751548051194,86.34993147850037,-11346.662
264,01,-6.723928980547147e-06,14.384707934964087,53.25762820807451,85.52192997932434,-12942.022
265,02,-9.421481274265325e-06,7.153048214503697,61.79020408172125,83.6603274345398,-12690.25
266,03,-1.3063552253355424e-05,-6.242824222359606,58.59238742218351,86.2628161907196,-9057.355
267,04,-2.4765318735565716e-05,-15.737299090576174,60.65160554169682,95.43563151359558,-2408.225
268,05,-3.372209000100225e-05,-25.790908090242777,45.58359570831253,47.3751916885376,3720.538
269,06,-3.303585196628976e-05,-31.827683939954966,48.06642211600013,56.74857974052429,8360.344
270,07,-3.6646507612448495e-05,-24.41304970722813,43.035889669943884,87.7753267288208,12991.445
271,08,-3.349079792080317e-05,-13.273838911159066,49.470468634774605,107.7295401096344,13158.127
272,09,-2.8629883362433853e-05,-3.361749937269423,60.89090815499625,144.1834967136383,8153.7812
273,10,-1.872843477780094e-05,15.499699002173642,52.0420637966638,73.23751926422119,2219.9937
276,01,-6.60295483731882e-06,23.604068570044735,51.65779350411636,67.26308727264404,-11380.014
277,02,-1.6342577849974034e-05,27.257544948032923,61.67323920420096,111.30836725234985,-10201.497
278,03,-1.718439095667989e-05,-2.8514695644583754,52.573686629964456,40.98473596572876,-8694.682
279,04,-2.4829810814864887e-05,-14.182246478949653,49.20558492463959,60.53001356124878,-1736.3517
283,08,-3.0240783373966385e-05,-12.41071590333344,52.640142950275894,146.93423414230347,12585.839
284,09,-2.726855740998468e-05,-6.606480073716904,41.46046437310777,57.52717709541321,8711.885
285,10,-2.2813934475604865e-05,5.003235001430717,55.25826176021304,87.43804001808167,651.1373
287,12,-9.155090198257839e-06,-0.601292420089886,52.83887711868107,93.86429786682129,-11313.584
288,01,-7.996820467572737e-06,16.024269751435966,52.92226850532075,73.5739049911499,-12361.365
290,03,-1.4304734281419465e-05,-4.024482163624097,45.80751552796749,22.1645565032959,-9066.803
291,04,-2.383696288773839e-05,-17.2942943037245,47.44735419490735,51.56433296203613,-3041.029
293,06,-3.491794925367785e-05,-29.63445593295627,48.58540389312637,47.240581035614014,8065.2964
294,07,-3.637924248004731e-05,-25.786057973554062,44.12265574810709,76.22430467605591,13240.504
295,08,-3.1032737283929096e-05,-31.771135562691633,39.36124998163152,22.521544456481934,13131.578
297,10,-2.1305207502659715e-05,-2.352458050143333,49.86598729915773,74.57617855072021,2307.3862
299,12,-8.986315398414586e-06,16.75842543636855,56.42778465677845,90.1946873664856,-8583.719
300,01,-8.992702947169514e-06,20.66453995308825,64.87525535803712,107.22431802749634,-12573.294
302,03,-1.5225630396960167e-05,1.0669384965794064,50.376974003080406,47.67586803436279,-6934.3936
303,04,-2.4217375733618005e-05,-11.611916856553819,59.49211039767795,45.28127717971802,-3966.74
305,06,-3.421590459786078e-05,-30.121984181382924,54.56608841220009,70.646568775177,8657.673
306,07,-3.5823426863228845e-05,-21.040274605699764,48.61712288511441,104.08150887489319,12278.956
307,08,-3.442271008691844e-05,-10.630728795861687,53.4802156332962,153.6393961906433,11855.99
308,09,-3.09724094837697e-05,1.3779368174235027,41.60773183429904,68.27244329452515,9220.908
309,10,-1.9737982986943505e-05,10.8786054316695,45.96995730125903,55.872933864593506,2698.31
310,11,-1.219442167142309e-05,8.63346869269477,52.650442458646836,66.66378116607666,-3188.8809
311,12,-6.509792311736683e-06,12.651209838210898,41.13814304297201,54.07814908027649,-8508.187
312,01,-1.0532949036563073e-05,27.835473567839585,50.62756816835045,53.984177112579346,-10847.617
313,02,-1.0796667724878803e-05,1.9850640389578682,54.967533898224424,50.05322074890137,-10983.479
315,04,-2.402455134354872e-05,-12.38321820203993,55.9102142579476,77.4074821472168,-2388.3306
316,05,-3.3327865934669755e-05,-23.83920729967343,52.369123788558014,76.4442777633667,2701.19
317,06,-3.715115132452208e-05,-30.632264646063906,50.84424858076307,55.748387813568115,8327.044
318,07,-3.409394384040644e-05,-23.561669685609886,47.80977541725482,109.44811034202576,13347.096
319,08,-3.320200081173924e-05,-14.21000237282374,41.28222914207624,101.65014147758484,12861.645
321,10,-1.7187334372416657e-05,10.538457600583316,41.694871458662455,58.746543884277344,3528.6934
322,11,-1.4535249143672345e-05,9.326381112670902,61.63253474075529,66.79116821289062,-3236.531
323,12,-9.12172876785682e-06,14.485518746324761,56.37181309181387,50.890292167663574,-10094.328
324,01,-6.5253165958961526e-06,7.280853728591756,43.42763289413273,18.287110328674316,-11509.343
325,02,-8.8568046297561e-06,4.634872235616048,55.29220876641359,57.903024673461914,-11288.2295
326,03,-1.3873502668170125e-05,-4.782673361173239,59.930227692120816,63.244534492492676,-8612.768
327,04,-2.37631702343909e-05,-18.782449027506512,53.65862876264652,51.75546956062317,-2626.9421
328,05,-3.370682173148433e-05,-13.439136345319852,55.415879218805216,97.34957218170166,3686.0046
330,07,-3.3670624993676266e-05,-35.11209074615151,34.7803111832411,25.724807262420654,12967.246
332,09,-2.4569920312832332e-05,-1.9050392035590278,48.50952039943403,31.076144695281982,8795.181
333,10,-2.0357669840078775e-05,8.929626497002058,49.91160704086961,104.8823778629303,2224.4893
334,11,-1.6638314112929544e-05,21.698549422539603,51.20864173750348,79.28392601013184,-3399.462
335,12,-1.1844671387852061e-05,21.158474252352146,51.61357204472506,99.22530603408813,-9110.903
336,01,-1.3167410284109127e-05,32.71415653975292,54.798027210791915,116.52486562728882,-10312.234
338,03,-1.969343553138324e-05,2.858439688077537,50.951221448258686,65.31020927429199,-7305.868
340,05,-3.1186685044343005e-05,-23.42358186127037,55.67473245647261,116.55266427993774,3208.0786
341,06,-3.458860908376663e-05,-19.802041976589628,51.81401281598541,100.40370607376099,8750.535
342,07,-4.0491175616739144e-05,-14.380545316962786,51.51913973191349,166.44169425964355,11976.331
343,08,-3.430768915528969e-05,-11.902402343421853,46.669440629773256,52.89487075805664,12759.374
344,09,-2.677926907070085e-05,-2.246240928141275,48.58724766878287,74.65286588668823,9123.607
345,10,-1.4836711174446523e-05,-1.5530790907336818,46.4751422240952,38.23624563217163,3287.2812
346,11,-1.4172945336880124e-05,15.984315191311307,55.0159122577058,63.65782594680786,-4752.949
347,12,-9.103623443880553e-06,18.67049515623687,44.72693699303237,75.82493901252747,-9075.965
349,02,-9.733829621899499e-06,11.488472740085646,43.235250111784055,39.91739559173584,-11777.826
350,03,-2.0140387961912898e-05,4.352542552004578,67.29393991330491,110.58221864700317,-7485.114
351,04,-2.446588194630345e-05,-15.287676639472116,50.48518859204715,37.05441331863403,-1644.9038
352,05,-3.326288808405293e-05,-18.37616691179173,46.32872357566895,58.6919801235199,2214.1387
354,07,-3.577182100015043e-05,-18.878891244211506,53.425692884929724,105.99103903770447,12840.803
355,08,-3.3834556450724496e-05,-9.036356891591062,49.02626591384924,114.81742095947266,11962.991
357,10,-1.8222273044254205e-05,6.518695762716314,54.30898137165141,92.71740341186523,3259.1292
358,11,-1.2143508331428165e-05,12.723418456013999,55.05112889809742,87.03951120376587,-3643.147
359,12,-6.623100362498576e-06,8.910789440196046,51.189781416840454,32.103607177734375,-7729.34
360,01,-6.219402897665034e-06,13.638463789416898,56.756673166043,59.60752511024475,-11221.947
361,02,-6.55127283612057e-06,7.2258432279314295,62.426701213981424,62.01654672622681,-10707.09
363,04,-2.2896213735516033e-05,-13.763160278998479,44.90089633327524,23.97039556503296,-2849.7214
364,05,-3.152253704363203e-05,-24.89160391596312,50.72287625494953,51.12992525100708,2934.4414
365,06,-3.4585202314802804e-05,-32.20444840494791,47.13420631794532,75.43589448928833,8020.904
366,07,-3.995988693131167e-05,-23.939954596078525,46.67216465320125,103.68392610549927,11895.468
367,08,-3.326769469126164e-05,-18.63527480389995,42.41847231385144,46.274324893951416,12258.844
369,10,-1.8213049179844e-05,4.716025361748153,49.256211021474606,74.3879747390747,1252.4927
370,11,-1.3997967538165946e-05,28.005924584282763,63.3120259418408,119.02290868759155,-4009.3896
372,01,-6.091251291421628e-06,2.9262350808420488,60.36061479552843,49.821874141693115,-11983.57
373,02,-7.65345504045659e-06,5.717629487900508,61.53230691539674,91.62952327728271,-12865.428
374,03,-1.4227020407356234e-05,-0.1344084672825314,56.345688745778084,56.222103118896484,-8840.43
375,04,-2.4690822054900404e-05,-20.66956467929416,50.227940069592,27.15949821472168,-3164.2349
376,05,-2.827942739082006e-05,-27.387183430333288,51.416537502500645,63.4017915725708,3399.6235
377,06,-3.182083758476639e-05,-35.711798379855686,43.71565713060168,33.73767280578613,9439.519
378,07,-3.4407490462771055e-05,-31.11366353779454,49.13440625845617,68.74052047729492,14078.664
379,08,-3.27152816781925e-05,-15.088779016966459,50.057286181364006,146.2640986442566,13818.33
380,09,-2.3803562745282155e-05,-1.7829848341200085,47.799041656389505,93.05310916900635,8409.692
381,10,-1.8914465963579488e-05,8.677334267236855,54.52403665949838,76.19713640213013,1777.2764
382,11,-1.1904203317903414e-05,4.708053307088217,64.34552551558414,80.79510045051575,-3268.2422
383,12,-7.738160395268594e-06,4.967533013128466,56.59717789244652,51.991679430007935,-8063.981
384,01,-4.432973011169315e-06,15.641597058367989,49.85520389962581,71.90442681312561,-12099.318
385,02,-7.274441715534998e-06,7.353929252261208,64.81677477946593,54.225329875946045,-11382.59
386,03,-1.235675504704564e-05,-6.3443144091534345,43.386579177287324,20.28888177871704,-8784.168
387,04,-2.5035789431644346e-05,-14.869033695136176,49.48712501599656,17.25916814804077,-3810.8047
388,05,-3.0008848766624646e-05,-32.62149781881353,48.67582858574712,34.52233028411865,2982.1655
389,06,-3.4230032604055946e-05,-25.01744469502767,49.43961729888122,94.74681329727173,8482.473
392,09,-2.5484862159343414e-05,2.648160398695204,48.54894579696125,68.3792371749878,8062.0703
393,10,-1.916051529891168e-05,8.726722329416583,41.10612051369683,69.30626606941223,2792.0557
394,11,-8.12447487300637e-06,7.208228931681314,45.10324230610001,17.076764583587646,-4262.9805
395,12,-1.2744765838047034e-05,29.389911852764826,62.27082245179138,135.77323961257935,-8285.406
396,01,-9.557997748420493e-06,23.492998173539362,55.985124487241116,90.29691076278687,-11757.902
397,02,-6.941694202459045e-06,2.77444112036694,54.92825397600388,25.181623220443726,-12316.152
398,03,-1.1845709033173812e-05,-9.130659757880753,42.53471919810516,29.57355237007141,-8233.688
399,04,-2.412122515035865e-05,-15.116672309705946,65.52592149374486,93.77713108062744,-2488.0479
400,05,-3.2719707248821014e-05,-19.41600187732328,54.71462800888861,68.41745948791504,4422.588
401,06,-3.633841799156573e-05,-15.284035491265191,54.862410076340026,122.0042052268982,9055.207
404,09,-2.780254297756781e-05,-4.337274759928387,47.643611919113,79.25185561180115,9582.095
405,10,-1.749340033099435e-05,6.576196681525118,62.883388684188155,131.10860514640808,2456.8965
406,11,-9.782895505729057e-06,13.286790387301977,48.36725960095062,62.30052351951599,-3637.6694
407,12,-8.270612005098982e-06,23.135962751162953,68.44660146777348,126.01667380332947,-9500.602
408,01,-7.079607454118081e-06,9.77005108642578,59.36599973937003,56.091444969177246,-12129.646
409,02,-9.82560560788399e-06,1.2790957768758144,54.799641565576906,42.50241231918335,-11218.075
410,03,-1.6003138249269338e-05,-14.11737674147083,62.83003596656937,46.14034557342529,-8768.028
412,05,-2.7662325821888435e-05,-23.158452428017892,56.92952051083376,89.41290044784546,4290.9355
413,06,-3.319209287441886e-05,-26.815010833062065,45.349666944320994,63.59688186645508,9269.147
414,07,-3.405638901301333e-05,-27.630988150319745,40.32137145659744,58.30738687515259,13328.206
416,09,-2.475842662511746e-05,-8.054260448540582,49.65095689521101,81.32235813140869,8703.549
417,10,-1.765674730958508e-05,13.677036990258001,51.31546706972713,135.23726177215576,3170.0278
418,11,-1.2026654228591521e-05,13.685960133870443,60.59634180396663,95.3849720954895,-2648.5415
419,12,-9.44601224512954e-06,28.97793200421077,55.46996279250422,74.25229167938232,-8348.555
420,01,-8.580053124215514e-06,22.96357862870411,63.49304372530727,90.50502729415894,-12828.008
421,02,-1.1990748406116751e-05,26.598223410470148,61.15281964255657,81.80759859085083,-11535.375
423,04,-2.3883861623916246e-05,-16.521862002224392,58.86005653639768,52.129727363586426,-3057.49
424,05,-3.2321809314922687e-05,-17.350711201329386,63.11191008513332,111.14941215515137,4422.824
426,07,-3.570791800838603e-05,-18.498887496784167,52.862582088247414,91.65657234191895,13065.183
427,08,-3.5946427165531874e-05,-15.756697428713563,51.75170243226714,126.34322667121887,13150.357
428,09,-2.0748739615697153e-05,-9.244409510294595,35.08465283191469,25.215217113494873,8490.098
429,10,-1.6616273676728237e-05,8.951883064844276,46.06859467966968,79.9614315032959,2355.2817
431,12,-1.0581146033268115e-05,22.95546643394552,54.273882943514856,89.71414184570312,-8258.912
432,01,-9.2527426375611e-06,26.340960131573418,62.63006211892765,107.20374536514282,-10173.055
433,02,-8.153189459681882e-06,8.31590086110433,48.93550452213628,54.84558963775635,-10021.3545
434,03,-1.5915630637317265e-05,-1.6360386480515998,44.90566300547765,61.79024076461792,-7071.7046
435,04,-2.4346638547669703e-05,-22.934988667466907,50.17846367060873,27.186142444610596,-2739.402
436,05,-3.070366395367009e-05,-25.76910455847299,53.73915812349191,61.485331535339355,3143.5215
438,07,-3.7615658574522775e-05,-25.170489753641114,45.05531850020347,95.02099466323853,12397.167
439,08,-3.326061218056918e-05,-12.586229408838417,52.3345120203854,123.28978443145752,13551.18
440,09,-2.5603061031688413e-05,-1.6679924726698132,46.654843129608366,98.359215259552,9799.36
441,10,-1.3186316454061119e-05,-1.463842040031187,51.45971762442205,34.89073657989502,2587.8667
442,11,-1.4898132296588707e-05,27.46974549831814,55.57987919455502,119.42508697509766,-2292.2607
443,12,-8.385574634596725e-06,33.275967709449034,59.292129598577816,54.18260717391968,-8126.4316
444,01,-9.004527324929857e-06,20.359526514525058,60.00615774854665,107.9379734992981,-12849.164
446,03,-1.4810545610421827e-05,-5.396197126162949,59.004922374092125,69.4955415725708,-7805.7114
447,04,-2.7581765115751797e-05,-20.820068422105575,57.557788026644126,67.43884038925171,-3238.3284
448,05,-3.16294027814815e-05,-19.310568396455505,50.32535560724812,61.365638256073,4114.8477
449,06,-3.356170396635004e-05,-23.02242342732747,60.87640379265148,113.14722728729248,9905.863
450,07,-3.758493633006676e-05,-22.269790681900524,47.74635748879372,56.59930372238159,14226.297
451,08,-3.3272750999810424e-05,-17.014684508621052,43.397001161080546,57.580533027648926,14503.941
453,10,-1.526362983537594e-05,-3.798430909843855,48.34944315867911,57.946226596832275,1808.4661
454,11,-1.1750765303218536e-05,10.89123139716254,54.5964946256227,75.84917688369751,-3772.0781
456,01,-6.416161365773257e-06,12.223324068787278,48.97643718384928,56.35315418243408,-10720.634
457,02,-8.18821650381367e-06,12.903916228158135,62.959067062718525,67.99254751205444,-10791.352
458,03,-1.5800369091061108e-05,2.527072602630943,59.88884960889175,58.12478494644165,-7274.5586
459,04,-2.5679135762624757e-05,-26.331729773288306,46.84454056873057,30.59126615524292,-3091.0828
460,05,-2.9667726341906155e-05,-25.198657173730993,56.839670298081565,37.424317359924316,3439.706
461,06,-3.566179110415154e-05,-31.36642959594727,52.944568701901716,63.719133377075195,8265.604
464,09,-2.5415033401845397e-05,-5.530321179199219,52.86381167994076,131.7170844078064,8926.31
465,10,-2.0550294828412475e-05,15.281469091599986,50.30405073937036,63.67462873458862,3256.2314
466,11,-1.2597567349661808e-05,15.910226154920792,53.90823562632401,71.56626224517822,-3028.5366
467,12,-7.748080553331723e-06,20.40142875687794,63.311030514205655,122.76686382293701,-8133.2427
468,01,-8.493993727101315e-06,23.796599253992884,55.116003269850566,94.42302966117859,-10319.998
469,02,-1.1806723732206594e-05,-2.6082788761683875,46.30087924139698,28.985047340393066,-10517.119
471,04,-2.4140652476206825e-05,-8.481860700141059,60.03202422682047,102.50590419769287,-2902.8354
473,06,-3.447691067930363e-05,-33.33076165534125,39.74884000571834,26.889825344085693,9009.439
474,07,-3.4126774513620195e-05,-44.31138712696363,36.16823902212164,19.791842460632324,15104.258
476,09,-2.7110998255941223e-05,-4.088550005425346,48.59134079140956,68.28795766830444,9779.269
478,11,-1.049799736220949e-05,11.533768935139973,58.11769115721252,34.97020101547241,-3982.2397
479,12,-7.425197422547768e-06,21.47761040308142,53.53903508252609,89.45121669769287,-8715.058
481,02,-8.232899953890454e-06,13.675333238874163,51.283400613031226,53.84524393081665,-10584.464
484,05,-2.8741963674400066e-05,-37.081440074305384,54.09692304540707,39.454394817352295,2878.4648
485,06,-3.9525050331051005e-05,-23.208365014648436,47.86380608810849,106.98088932037354,9535.35
486,07,-3.625940142692049e-05,-31.74150496025496,48.734570516079984,49.36154794692993,13063.56
487,08,-3.404563471354698e-05,-17.337182702177312,41.57153246440298,76.33737087249756,13298.295
488,09,-2.6543087166161665e-05,-4.24653964674208,45.73786681658825,112.17082786560059,9469.471
489,10,-1.8569231195137014e-05,10.235854191605762,54.45598049366731,119.96327877044678,4048.093
490,11,-1.0039879183467646e-05,10.335369747924807,64.20363267016013,74.31336832046509,-3543.371
491,12,-8.260583359534854e-06,25.078029959073632,56.60606037604423,84.95069599151611,-8701.43
492,01,-6.012859741277161e-06,22.106840989635838,48.67357203781476,60.42203378677368,-9725.486
493,02,-1.5386156723984276e-05,31.748662168305497,64.97568837541958,131.38312101364136,-9819.481
494,03,-1.9840231885472768e-05,-1.8349693298339842,46.56073982853019,49.32469892501831,-5242.818
495,04,-2.7043378228700023e-05,-24.0670989525689,35.17819720014996,24.384860515594482,-2520.56
498,07,-3.552329937512147e-05,-24.55973527871409,49.31133174363516,73.53353977203369,13857.521
499,08,-3.48960954878191e-05,-17.491402352609946,46.845165995435046,91.37486410140991,12734.286
500,09,-2.4679065476549213e-05,-6.537764871215822,41.4254565234277,61.862966537475586,9939.525
501,10,-1.848353834580477e-05,14.114419966174706,59.132486595437086,137.80672430992126,3842.585
502,11,-1.0186800306089735e-05,15.631692754109702,47.969248177954896,45.380624771118164,-2168.2007
503,12,-6.893300624729055e-06,15.732371215492165,60.65007041392917,109.63903760910034,-9319.838
505,02,-9.005972841740524e-06,9.622026147751583,54.51137783175566,60.75168180465698,-10628.682
506,03,-1.5948935392546162e-05,-0.9029574194467195,53.47545231677126,54.85542392730713,-5845.3657
508,05,-3.230829694098981e-05,-22.4746828918457,60.26473778712485,118.6035623550415,3565.6597
510,07,-3.6336240956178925e-05,-19.074829963273896,48.14752719921964,97.35786199569702,14983.484
511,08,-3.444879628501263e-05,-12.903870650096605,45.419211714576655,99.27522611618042,14137.076
512,09,-2.3354238802332672e-05,-7.743464881388346,41.71682162190013,33.61188364028931,9564.363
