,month,MER,MSSHF,RH,t2m,NAO
1,02,-7.399999772068052e-06,2.729709174746558,52.295623941567676,272.4365299592699,-1.2
2,03,-1.408509512223264e-05,7.08405715679866,62.090667984242096,277.5071083010602,0.41
3,04,-2.191347909663616e-05,-15.59233038906521,62.41300571294825,280.35185083779226,-2.01
4,05,-2.839083756912113e-05,-16.16055940262989,64.02205650719006,284.1894770028719,-0.9
5,06,-3.330413338050373e-05,-22.16353809509278,52.028707694198026,287.5916414632162,1.92
6,07,-3.0671342559486147e-05,-22.637875941122733,53.00265082314577,288.5937503051758,0.86
7,08,-2.8487004876296853e-05,-12.56110269165039,50.14281140049425,288.49456290886997,1.11
8,09,-2.3132900744369383e-05,-4.023202255249023,42.3501046719922,287.08609388970274,1.13
10,11,-1.1569333000928361e-05,13.890767045423724,49.679388139549886,279.5115746341281,0.42
11,12,-1.207531024335357e-05,24.691616260159407,64.98245628347064,278.9589235103156,0.84
12,01,-5.795284385228985e-06,8.867661568262244,49.01821534482766,273.9435328466764,-1.38
13,02,-7.359469057738698e-06,6.865867059466484,53.581606617508264,277.9200598216879,-0.39
14,03,-1.4070489600584629e-05,-6.186828353717764,55.02083505403355,277.7412255432786,-0.73
15,04,-2.282624180893941e-05,-17.872287172783746,48.97103869282801,280.6358343542311,1.26
16,05,-2.9285246377967465e-05,-30.998830406271004,47.47244699586335,284.48860593045146,-1.34
17,06,-3.014735746900341e-05,-26.066622504679362,62.37913317463399,287.3835177541096,-0.07
19,08,-3.1051088017916934e-05,-11.540256553403795,47.008779259716306,289.8567247478526,-3.01
20,09,-2.365392635981859e-05,-3.0327022542317708,42.946886476458445,288.5418778632271,0.79
22,11,-1.4279194747299093e-05,14.235161112806532,54.54851769668525,278.42969395684133,-0.52
23,12,-7.873070872231058e-06,26.063403682913826,61.380955716897084,277.40736817940336,0.63
24,01,-7.860688640385075e-06,20.899533713063885,47.875411116570554,276.2877688055551,-0.08
25,02,-8.991757432514056e-06,2.888394768487839,50.11619150138895,274.87796189149225,0.6
26,03,-1.2076194787720939e-05,11.89821663673975,73.37905685201383,280.6608627738133,-1.65
28,05,-3.0310256707952082e-05,-17.47440350473055,59.34436809112436,285.6955955049248,0.24
29,06,-3.0904296795920855e-05,-15.787571440294057,51.69619375912348,286.96279334038627,-0.15
30,07,-3.173775886429094e-05,-20.80200322239373,49.75860673643311,289.0546993070213,0.08
31,08,-2.8741253340065727e-05,-19.03508228654759,42.77699926753197,289.5996995383643,0.38
32,09,-2.269007780640903e-05,-3.5648343312581385,46.85175361700852,288.2523063490126,-1.27
33,10,-2.174942796122078e-05,9.781940688922843,60.93410625634399,282.36856040909464,-0.96
34,11,-1.4328458308167076e-05,19.586548003133142,54.57233108670976,280.54755887637674,-0.53
35,12,-7.687594037497059e-06,8.885675470167591,67.75924336626196,273.28184220705754,-0.11
36,01,-5.276928763964617e-06,11.574925520045783,58.01885871766587,274.71989871035333,-1.55
37,02,-7.864293709969517e-06,5.468580898829869,51.56958197040644,276.0330576188678,0.86
38,03,-1.6001877676116956e-05,1.792558938959594,55.95160838729334,278.2745939710473,0.8
39,04,-2.3437909088230905e-05,-21.874123499891493,46.11000325809585,280.3653982337103,-0.04
42,07,-3.416977696542745e-05,-21.999847670688425,39.2781192299025,291.04000476303924,1.18
43,08,-3.1963929242763654e-05,-15.790871219429917,46.55304641459066,290.1174927072832,0.21
45,10,-1.6551261839878706e-05,3.491510892150223,54.79260846710333,284.4179603883477,-0.29
46,11,-1.519573135911843e-05,20.401449884033198,56.70156626680825,281.542423581526,1.55
47,12,-1.0313162028783104e-05,17.753608460457098,55.75187243828721,277.1484120603172,1.56
48,01,-1.1369238679367056e-05,31.70380508160335,51.86229076744793,279.3915269172832,1.34
49,02,-1.1685804688698098e-05,2.732715975443522,46.129101684696614,274.1075286789849,-1.04
51,04,-2.090864053300013e-05,-10.60586452026367,65.75529212030038,281.01254923197433,-1.07
52,05,-2.6606813441591635e-05,-11.409518621957432,66.050863289825,283.5180301421791,-0.01
53,06,-3.6603149109497395e-05,-25.008415187242296,46.266101067479454,288.4321055046929,1.31
54,07,-3.282222612492611e-05,-33.091220865229126,44.1499227373741,291.918114544284,1.22
55,08,-2.6941880611302234e-05,-27.08358682743196,31.77761535606461,290.7689338021227,1.95
56,09,-2.725831751290065e-05,0.9693071214463977,44.86737590899468,287.3565667371962,-0.95
57,10,-2.1395454446465794e-05,12.186390243366201,47.91972020449689,284.1974871086613,1.22
58,11,-9.367185011372688e-06,10.117007967122396,41.05919099200301,280.0425614195929,-1.16
59,12,-8.522425015388596e-06,21.808005747805364,57.410435429080856,277.4857788941578,0.18
60,01,-1.1848107099418698e-05,28.771229348787696,56.9102486772409,276.7842754120365,1.42
61,02,-9.682757584759485e-06,6.4267875001403105,47.08914505602986,275.46569391803087,0.37
62,03,-1.3818876191033916e-05,-6.2181760956138685,56.610379949503034,277.09370695126444,-0.79
66,07,-3.052118788760435e-05,-16.333257173927887,51.58020934386151,288.32212674803367,-0.04
67,08,-2.8069958612225798e-05,-17.017802792784988,42.472240740586344,290.61531108601883,1.35
68,09,-2.2138291550658728e-05,-0.809648367987739,66.94727416271104,286.73494841105145,0.31
69,10,-1.5594664512004833e-05,12.420039781796033,52.5519555827328,284.94581760332665,0.43
70,11,-1.2000811908506469e-05,17.20852971835666,62.11537896577253,281.5467750801086,-0.2
71,12,-7.343828446024142e-06,12.754345215500043,59.86620702467682,277.9717317575434,-0.09
72,01,-6.201572312694294e-06,7.789162023728894,59.71689801232405,270.81246475709895,-2.38
73,02,-7.646551471441942e-06,-7.170963860648018,49.17462651499538,272.6459450080508,-1.0
75,04,-2.3272295822324753e-05,-10.486857863362628,59.37646033687326,281.0197640380859,0.2
76,05,-2.800802443084893e-05,-16.149492612120927,55.7763452255995,285.3065335752425,-0.4
77,06,-3.090711121482552e-05,-17.990251360066733,61.34983533646531,286.164952170478,-0.5
78,07,-3.447742918110781e-05,-15.274860501197074,50.75858460182529,289.64287729209974,1.25
79,08,-3.3271033724499884e-05,-4.3656862228557625,49.79625837316948,288.7357638382451,-0.74
80,09,-2.244669017984254e-05,-3.3109654418945316,48.444472670045165,287.42453148261177,-0.36
81,10,-1.5745955748394817e-05,1.4800897167574978,41.847355274659336,283.8836659237441,1.49
82,11,-1.5779393952086846e-05,2.730464919026692,53.6031213278585,276.48227231207954,-0.84
83,12,-6.748697063030508e-06,22.216181771555252,62.92255071562849,278.89900289527316,0.11
86,03,-1.09558865346488e-05,2.199697240357758,53.96111336709735,276.74076908246934,1.39
87,04,-1.9242588071877733e-05,-14.953707265557181,61.57429541588492,278.83615111126363,-0.79
88,05,-3.1224375424332516e-05,-18.680161248648037,54.14751819698144,285.4117867415233,0.84
89,06,-3.5890827366468634e-05,-24.274000357055662,43.53411597645681,288.4358594709608,1.54
90,07,-3.000731417455182e-05,-30.125119514383297,48.19723509739805,289.44563059620185,0.15
91,08,-3.1366839325049225e-05,-20.726613564768147,49.22354232249208,288.36188031465264,-1.53
93,10,-1.7202233669146365e-05,6.4104873591597356,48.62927366667281,284.73838183753725,2.2
94,11,-1.2770530823662637e-05,20.62896745435927,57.76803370095226,281.3988308635288,2.27
95,12,-1.128779906788603e-05,28.043287035542146,58.52688881322774,278.653770938135,0.83
96,01,-8.849628261046861e-06,-8.473066081057311,52.03738375666833,271.0571230804279,-1.85
98,03,-1.3287096029671374e-05,-5.803373095440609,55.151999684815046,275.18381564716617,-0.26
99,04,-2.2575659647211267e-05,-11.442104777696397,52.015024873095086,282.7985634870741,2.03
100,05,-2.791426425801057e-05,-28.103053294192083,60.924986691195485,282.72152383422844,0.96
101,06,-2.8837502824555686e-05,-20.989433822292757,61.5306473079814,286.23068305765787,-1.53
102,07,-3.379324687933062e-05,-20.07741719498173,55.40260847481861,289.3334297852875,0.55
103,08,-3.0242934917310693e-05,-13.572054321945357,50.633880177582476,288.99911613021357,-1.19
104,09,-2.5696148892024614e-05,-3.969099077690972,51.22118268649578,287.79776992187493,-1.04
105,10,-1.9746457593286597e-05,13.28605210072507,59.41998880579267,284.1081416557065,0.66
107,12,-5.659096497726741e-06,10.619382738339004,50.16868590621025,277.7222096857871,0.21
108,01,-9.400724827868036e-06,23.76198229324177,64.8158600401199,279.10735159379686,0.68
109,02,-1.553154618433063e-05,17.196350676788683,61.10995617006565,277.7702740127738,0.42
110,03,-1.4791143874625109e-05,4.141464673442225,71.63935923557511,278.11941827511527,-0.58
112,05,-3.182606770285695e-05,-15.882362545546664,52.83810746537357,286.42319685117656,0.64
113,06,-2.7714982728361462e-05,-28.63852083367242,47.29024293223089,287.1965049299452,1.19
114,07,-3.385038605679304e-05,-9.511822006717805,59.07058047961163,288.8184828294324,-0.32
115,08,-3.211179117533902e-05,-13.866469908683532,47.473473327189375,289.36880185199044,-0.07
116,09,-2.5435363158006416e-05,2.907980506727431,49.177534459747214,287.1028169921874,-0.82
119,12,-7.866494279115095e-06,20.208327730240367,52.71666673100892,280.1574802909768,0.48
120,01,-5.490775168401608e-06,12.580168148245866,46.32122026583841,278.0433618807229,0.85
122,03,-1.7582771425163286e-05,5.919001820882161,61.97907953674307,280.92673047006264,1.54
124,05,-3.2913617601255e-05,-32.404015432706444,43.15242019264416,286.4839753660796,1.33
125,06,-3.3498540398290464e-05,-35.047065074327264,55.710710440916486,288.0712565836589,0.03
126,07,-3.3625666249610085e-05,-27.510599928661055,42.19065745926929,290.43235706386776,1.0
127,08,-3.0036708770112647e-05,-17.0266568734774,43.458151734339296,290.0662455388552,-0.11
128,09,-2.1827326350689368e-05,-6.781363076782227,44.02462579022247,288.6776379201254,2.15
129,10,-1.9913688146604526e-05,14.103063629806684,48.60193847477949,285.642628944643,0.48
131,12,-7.719866410816296e-06,20.033501539989185,45.286219627095804,278.14191156752395,-1.15
132,01,-9.708490018202875e-06,23.531725362798216,54.619796854420386,278.84542206019734,0.7
133,02,-1.709957590030951e-05,31.83555304718018,59.52337883048256,280.50749825822743,1.16
134,03,-1.7018775953137494e-05,2.372058311872584,47.98838851665681,281.1010017314214,1.13
135,04,-2.7999317039636173e-05,-19.276666238742408,46.732171709169286,281.5536805019803,2.03
136,05,-3.125298669270236e-05,-34.3688931694441,36.06377147361027,286.42458363949356,-1.37
137,06,-3.068480971400681e-05,-23.63770078192817,52.16888050745726,287.6530416948106,0.29
139,08,-2.897321149455781e-05,-28.290339532667595,47.590817581110095,291.14238770975095,1.12
140,09,-2.7407515947157255e-05,-3.6402964202880854,48.108384553693405,286.55917945963546,1.18
142,11,-1.0645134954231454e-05,8.876481322224937,54.38112868225972,279.7035436231401,-0.39
143,12,-1.0178729378000547e-05,19.264495642221096,49.02194799312469,277.58139236323046,0.11
144,01,-9.804670876438911e-06,24.167181801416536,38.86062395377826,276.4995654494993,0.49
145,02,-6.996622216688376e-06,0.507544446309408,46.996895068120395,272.81969927006674,0.74
148,05,-2.5811937759284265e-05,-33.066711107479634,47.67298183366304,282.56432028493566,0.12
150,07,-3.606362330103894e-05,-12.26554677852508,46.37869990175771,291.0611541531471,-0.46
151,08,-2.9805839779475068e-05,-22.79464663072811,38.70661156831249,290.6213046195738,1.46
152,09,-2.1833397036001162e-05,-8.548686426798504,39.4321560544822,288.29770074191623,0.61
153,10,-2.004618059737534e-05,2.17344532234438,45.307421456006274,283.64651159085514,0.3
154,11,-1.4646135411648073e-05,14.444811823866104,60.08639300202131,279.0964361319648,0.37
157,02,-7.568776633878318e-06,10.513905402874128,42.596786469010105,278.02707910182556,0.77
158,03,-1.6743815379482177e-05,3.675611719931326,56.535387553599556,279.7299019205238,0.51
159,04,-2.3724830210206465e-05,-12.979907084147134,60.15185276207658,281.38050007290315,1.88
160,05,-3.502280750303383e-05,-18.415903687507882,37.98684394011575,287.68378568587764,2.49
161,06,-3.339920427913765e-05,-25.873405965508358,43.36981476617124,289.51187445407453,0.51
162,07,-3.3542465003026134e-05,-26.574038988010855,46.61348771423679,290.8302553724063,0.19
163,08,-3.290884278264643e-05,-13.404264240552024,52.83446418771308,290.5360282891386,0.97
164,09,-2.5466491539959356e-05,-1.4094354346381297,48.6797681992597,287.5794175764296,-0.28
165,10,-1.9484351597922247e-05,1.9587082073252686,58.379234332862715,281.5607008762565,-1.4
166,11,-1.321692710625939e-05,23.694389510769323,50.96693710040848,281.2424108364529,1.12
169,02,-8.449411843078754e-06,-1.1622854381742926,41.2482318814184,276.05196190389,0.12
170,03,-1.4966802825774622e-05,-6.011914413616221,42.24266758934657,278.6799079442178,0.3
171,04,-2.191761210872048e-05,-4.539731902737087,59.59964808656376,283.3900037384034,0.91
172,05,-3.0932743489659034e-05,-26.541132331437964,51.168041845343446,286.5305111710743,-0.67
173,06,-3.281592492067931e-05,-24.277929318237305,46.836056776909025,288.3121968231201,-0.29
174,07,-3.3366269429406925e-05,-23.52127023184171,53.23872095220833,288.9670793329055,-3.14
175,08,-3.234485571499712e-05,-11.285276480397874,49.79429166342623,288.38119730434624,0.03
176,09,-2.2725771390226628e-05,-2.4448908416748045,57.50485973500145,286.37938309156635,-0.41
177,10,-1.798888249350155e-05,2.3637267239478326,43.9463890340828,282.4125413159196,-0.26
179,12,-9.250304196792702e-06,31.236705364924607,64.63241229699248,278.55954070281985,1.36
180,01,-8.814763398506955e-06,28.086010490499522,59.814965074129006,278.4522831625169,0.7
181,02,-9.681430163471391e-06,-2.9269207930791947,54.97462990093799,274.71976377387267,0.08
182,03,-1.5868986940443404e-05,12.424105568506382,56.25959003628518,280.1386115247255,0.92
183,04,-2.4481364455176743e-05,-15.54007357143826,53.21672202842236,281.15531175240415,1.1
184,05,-2.8615912740195944e-05,-19.306992470361852,50.8592781971834,284.95634343137016,-0.48
185,06,-3.390126228795352e-05,-22.424498955281575,49.86442946763436,287.7325351216634,1.84
186,07,-3.466171150601792e-05,-32.442688338413035,36.16844127948567,293.29159473148474,1.34
189,10,-1.8016295581522476e-05,4.47270425086893,52.33998963107474,282.91257732530823,-0.54
190,11,-8.92097842036795e-06,12.752254605102538,55.27824593100681,283.18030227940875,0.54
192,01,-1.2804497735976505e-05,25.385474410518523,57.77612080058489,277.2651151844968,0.57
193,02,-1.271823695051786e-05,20.178666164579848,60.9734689490412,279.69789509668806,0.85
195,04,-2.3056703787511248e-05,-15.611610607231992,48.9374839578549,281.70371436835387,-1.07
196,05,-3.3250014936618425e-05,-29.631465932538433,52.844916530618114,285.3548243562432,-1.33
197,06,-3.44918315846169e-05,-24.446217814466692,49.08188772321145,287.09207231580945,0.44
198,07,-3.591561413959817e-05,-25.92438248894804,39.340810654867084,292.21608878154143,-0.19
200,09,-2.6222378082234683e-05,-4.395296908230251,54.09243484116659,287.4659033938938,0.45
201,10,-1.4566836962311297e-05,5.514771194293934,41.310020164710224,286.1660483907064,0.72
205,02,-7.544903639281147e-06,5.38362545916678,55.18347650017959,273.61455346710375,-0.52
206,03,-1.2827322511164368e-05,-10.990242480862525,51.72073062135199,275.89573825737733,-0.66
207,04,-2.0502408365953464e-05,-21.604367342122394,58.54018084150156,281.5059792378743,-0.33
208,05,-2.4253428110207234e-05,-26.022296560964275,51.92535755428705,283.0404211406093,-0.93
210,07,-3.142641031134248e-05,-27.054918192217425,49.82263012584947,288.9736008786437,0.7
211,08,-2.9903093116464793e-05,-15.358725825155936,42.33743624172287,290.26938906532206,1.19
212,09,-2.534073391895315e-05,-7.00570699428982,43.673043699496326,286.062809048801,-0.69
213,10,-1.7171301486478214e-05,8.106230379494288,51.02844809201841,284.35446074524754,0.15
215,12,-8.836182103413613e-06,1.1414017176474303,51.832999992789766,274.0792455669526,-1.4
216,01,-3.583592048936e-06,-1.2817189340899076,35.36421269791357,272.25964624536164,-1.08
217,02,-9.97768289436776e-06,28.48145621345157,61.04910012837534,278.9320034816378,1.48
218,03,-1.2413017713795421e-05,-3.0697627356744577,49.8996438915832,280.40703176859375,1.13
220,05,-3.085946982284968e-05,-22.07697987414944,55.658551038389554,285.1017764521773,-0.21
223,08,-3.064838395117496e-05,-15.397676236060358,39.11490551742816,293.2227237929478,0.94
225,10,-2.0736059433235615e-05,1.8364669255082322,46.07108195983722,283.2611740620521,-1.34
226,11,-1.1372840429430654e-05,5.54297788119846,52.451002673839106,279.9875980561574,-1.08
228,01,-1.1099072907757458e-05,24.386054642872143,54.87726956107148,277.9622745796942,-0.05
230,03,-1.582076560769428e-05,4.910139277304372,64.38913835901599,280.3343201620861,0.51
231,04,-2.2395207648413717e-05,-10.670934447903104,67.35853829729425,281.88296789105726,-0.88
232,05,-3.182257207745645e-05,-20.036693252071256,51.31070372274871,286.9770894601474,-1.17
233,06,-3.4082233544055876e-05,-13.138249787733287,60.09514157660935,288.37100996331105,-2.44
236,09,-2.4247977624205914e-05,0.3736279635959201,55.41774919654528,288.04718676249183,-1.8
237,10,-2.3367591303340108e-05,14.50471792602539,57.49670259841796,283.2419490077521,0.2
238,11,-1.186565926222506e-05,4.6568576497395835,50.09492808050447,277.3990418517218,-0.43
239,12,-8.802920268002493e-06,22.454611907630838,51.308709990082264,277.97066255097747,0.72
240,01,-9.430198710966792e-06,24.63400003675235,61.44896206574927,278.42221806261614,0.39
241,02,-1.079772392194216e-05,13.779260249546594,59.85849182345754,276.5846275064377,-0.11
242,03,-1.3397230129969535e-05,-0.9194605676794566,60.6708199271861,280.0196965524407,-0.16
243,04,-2.54553507465769e-05,-17.42901027967665,53.24983413987689,282.47727725253634,-1.18
244,05,-3.422614240797327e-05,-20.88572949317194,50.723297991629586,286.46426943280625,0.9
246,07,-3.775679561435789e-05,-20.12216363230059,34.70881050790896,291.3305993268413,-0.87
247,08,-3.318467006672979e-05,-13.657699137697938,45.50563225292391,290.35377914166196,0.38
248,09,-2.59650643648355e-05,-3.5717024329291456,50.26974016195536,290.39740791795515,0.5
250,11,-1.3179962080519347e-05,12.654008286878799,52.50058610761298,280.36134305237664,0.55
251,12,-1.3700721242369786e-05,27.986750325848984,63.54783165261822,278.27631423343126,1.4
252,01,-6.553396535759588e-06,18.42038040095504,45.80448549491872,277.79516857783,0.19
253,02,-1.2230161100386137e-05,18.65321454909752,54.35344561065067,278.9918639561445,1.48
255,04,-2.355722367422762e-05,-12.813957029554578,60.681698268123455,282.30091152648924,-0.18
256,05,-3.550879427684679e-05,-19.147158501081563,47.704144963514416,286.87483983849967,1.52
257,06,-3.750390542944741e-05,-27.016546727159287,42.780413097916714,288.429064964803,0.28
259,08,-3.0941285219664524e-05,-19.063545700565466,39.65101154342005,290.2980615874259,-0.5
261,10,-2.1893689024856883e-05,11.235235126454343,57.40779917159772,284.6498967747843,1.51
262,11,-1.5146696185204038e-05,20.892512133110895,68.07071139411661,281.02643124508324,-1.1
263,12,-1.1904006665214989e-05,20.81303864280127,63.79751548051194,278.4327853809069,-0.63
264,01,-6.723928980547147e-06,14.384707934964087,53.25762820807451,275.96743091123847,-0.22
266,03,-1.3063552253355424e-05,-6.242824222359606,58.59238742218351,277.80964705756395,-1.73
267,04,-2.4765318735565716e-05,-15.737299090576174,60.65160554169682,281.0073699052598,-0.15
269,06,-3.303585196628976e-05,-31.827683939954966,48.06642211600013,287.6171802242279,0.11
270,07,-3.6646507612448495e-05,-24.41304970722813,43.035889669943884,291.0954466385379,-0.22
271,08,-3.349079792080317e-05,-13.273838911159066,49.470468634774605,291.26248715078697,-0.22
272,09,-2.8629883362433853e-05,-3.361749937269423,60.89090815499625,286.7026010084364,-0.49
274,11,-1.4045017091525046e-05,9.019137569173179,50.75557469189433,281.0378544276344,0.53
275,12,-9.904081011676856e-06,14.487402564920403,52.82181985401466,276.8109058604907,-0.86
277,02,-1.6342577849974034e-05,27.257544948032923,61.67323920420096,280.01173835877006,0.8
278,03,-1.718439095667989e-05,-2.8514695644583754,52.573686629964456,280.1865670277176,0.32
279,04,-2.4829810814864887e-05,-14.182246478949653,49.20558492463959,282.0968799079047,1.14
280,05,-3.0134792006426703e-05,-17.31557953963741,52.31226475243542,285.91615550937445,-0.15
281,06,-3.5836119472898846e-05,-20.466573669433593,50.7506326838851,289.008934870402,0.69
282,07,-3.594073215623134e-05,-17.96138944137737,48.60045512300026,290.12367375199517,0.65
283,08,-3.0240783373966385e-05,-12.41071590333344,52.640142950275894,291.52933090636554,0.36
284,09,-2.726855740998468e-05,-6.606480073716904,41.46046437310777,288.12181282060413,-0.54
285,10,-2.2813934475604865e-05,5.003235001430717,55.25826176021304,283.04481736857923,-1.97
286,11,-9.433203981300014e-06,10.082439758300783,57.335292302331666,281.24613218036234,-0.32
287,12,-9.155090198257839e-06,-0.601292420089886,52.83887711868107,276.11271182759606,-0.96
288,01,-7.996820467572737e-06,16.024269751435966,52.92226850532075,276.0992543067932,-0.32
291,04,-2.383696288773839e-05,-17.2942943037245,47.44735419490735,282.52701496353154,-0.34
293,06,-3.491794925367785e-05,-29.63445593295627,48.58540389312637,290.1924542755127,0.24
294,07,-3.637924248004731e-05,-25.786057973554062,44.12265574810709,291.4632059519777,0.16
295,08,-3.1032737283929096e-05,-31.771135562691633,39.36124998163152,291.8428295599825,-0.22
296,09,-2.437035215904568e-05,-12.497950702243381,40.21523504180775,287.9652745859782,0.16
297,10,-2.1305207502659715e-05,-2.352458050143333,49.86598729915773,281.3235289662679,-0.86
298,11,-8.746191556262298e-06,13.336127873399521,55.471923015075255,281.18456970901485,0.77
299,12,-8.986315398414586e-06,16.75842543636855,56.42778465677845,277.70850726802377,0.5
300,01,-8.992702947169514e-06,20.66453995308825,64.87525535803712,277.01399096031605,-0.85
301,02,-1.1818901434843997e-05,12.780648606925178,58.06078212638148,277.98929517294346,-0.6
302,03,-1.5225630396960167e-05,1.0669384965794064,50.376974003080406,278.8729907035828,0.67
303,04,-2.4217375733618005e-05,-11.611916856553819,59.49211039767795,283.0342345699735,1.11
304,05,-2.847669872224737e-05,-31.81054322043798,50.857990436966695,284.7821008097331,0.23
305,06,-3.421590459786078e-05,-30.121984181382924,54.56608841220009,288.26498307020404,-0.59
306,07,-3.5823426863228845e-05,-21.040274605699764,48.61712288511441,289.52838083738925,1.16
307,08,-3.442271008691844e-05,-10.630728795861687,53.4802156332962,291.53894050384855,-0.74
308,09,-3.09724094837697e-05,1.3779368174235027,41.60773183429904,288.3683370303683,0.52
309,10,-1.9737982986943505e-05,10.8786054316695,45.96995730125903,284.57554275028684,-0.69
310,11,-1.219442167142309e-05,8.63346869269477,52.650442458646836,280.0218678001404,0.63
311,12,-6.509792311736683e-06,12.651209838210898,41.13814304297201,277.18444233658494,1.03
312,01,-1.0532949036563073e-05,27.835473567839585,50.62756816835045,278.5624613469442,1.26
313,02,-1.0796667724878803e-05,1.9850640389578682,54.967533898224424,275.683474075272,-0.51
314,03,-1.2645556585016247e-05,2.2825399281491516,62.992716266741034,279.0753041903793,-2.32
315,04,-2.402455134354872e-05,-12.38321820203993,55.9102142579476,282.71948648647725,-0.47
316,05,-3.3327865934669755e-05,-23.83920729967343,52.369123788558014,284.99818274778966,-1.11
317,06,-3.715115132452208e-05,-30.632264646063906,50.84424858076307,288.991852593655,0.26
318,07,-3.409394384040644e-05,-23.561669685609886,47.80977541725482,290.1906704429708,-0.48
319,08,-3.320200081173924e-05,-14.21000237282374,41.28222914207624,289.1398493754069,0.35
320,09,-2.545146969718593e-05,-6.704652192857532,39.75358392157654,289.0389223130968,0.76
321,10,-1.7187334372416657e-05,10.538457600583316,41.694871458662455,286.6108520703879,-0.55
322,11,-1.4535249143672345e-05,9.326381112670902,61.63253474075529,280.7140452206929,-0.46
323,12,-9.12172876785682e-06,14.485518746324761,56.37181309181387,277.6781497156286,-0.5
324,01,-6.5253165958961526e-06,7.280853728591756,43.42763289413273,274.90674294572244,0.97
326,03,-1.3873502668170125e-05,-4.782673361173239,59.930227692120816,276.79120616527274,-1.75
327,04,-2.37631702343909e-05,-18.782449027506512,53.65862876264652,281.3412661899143,1.2
328,05,-3.370682173148433e-05,-13.439136345319852,55.415879218805216,286.611448016423,-1.01
329,06,-3.4785863751151034e-05,-27.11431088460287,44.96967633606062,288.7861003506131,1.15
332,09,-2.4569920312832332e-05,-1.9050392035590278,48.50952039943403,290.8846295525445,-1.43
333,10,-2.0357669840078775e-05,8.929626497002058,49.91160704086961,286.9078280718404,-1.92
334,11,-1.6638314112929544e-05,21.698549422539603,51.20864173750348,282.7481851179335,0.33
335,12,-1.1844671387852061e-05,21.158474252352146,51.61357204472506,280.0480408410102,1.15
336,01,-1.3167410284109127e-05,32.71415653975292,54.798027210791915,280.3280024761898,-0.25
337,02,-9.635896793779033e-06,12.227102448962983,62.05461917357218,279.13144602752857,-0.98
338,03,-1.969343553138324e-05,2.858439688077537,50.951221448258686,280.9515473870718,1.11
339,04,-2.5420359923575438e-05,-23.728481532796227,35.425640993569964,285.1133049407959,0.04
342,07,-4.0491175616739144e-05,-14.380545316962786,51.51913973191349,289.65608735082475,-0.55
343,08,-3.430768915528969e-05,-11.902402343421853,46.669440629773256,290.0370085491878,-0.31
344,09,-2.677926907070085e-05,-2.246240928141275,48.58724766878287,287.3048455885146,0.85
345,10,-1.4836711174446523e-05,-1.5530790907336818,46.4751422240952,283.5498818838469,1.0
346,11,-1.4172945336880124e-05,15.984315191311307,55.0159122577058,280.5269208690644,0.48
347,12,-9.103623443880553e-06,18.67049515623687,44.72693699303237,277.3368185319388,0.23
348,01,-9.98381483742544e-06,30.50790186531313,59.32570013750177,279.4891412764929,0.53
350,03,-2.0140387961912898e-05,4.352542552004578,67.29393991330491,278.8884844916969,-0.32
351,04,-2.446588194630345e-05,-15.287676639472116,50.48518859204715,281.5612035566542,-1.31
352,05,-3.326288808405293e-05,-18.37616691179173,46.32872357566895,287.85736066133234,-1.55
353,06,-3.476253857051133e-05,-32.52892781643338,47.80475471985869,288.7505925245497,-1.09
354,07,-3.577182100015043e-05,-18.878891244211506,53.425692884929724,290.6381676658713,-1.24
355,08,-3.3834556450724496e-05,-9.036356891591062,49.02626591384924,290.2695800380912,-1.62
356,09,-2.5189189388381943e-05,-2.5223080678304033,46.95382839618127,286.9092003065321,1.14
360,01,-6.219402897665034e-06,13.638463789416898,56.756673166043,274.32254045474144,-0.52
361,02,-6.55127283612057e-06,7.2258432279314295,62.426701213981424,276.2893881261462,-0.38
362,03,-1.4006747319585248e-05,0.15545269151913163,60.10794240493287,279.1052625570399,0.19
363,04,-2.2896213735516033e-05,-13.763160278998479,44.90089633327524,284.289430710517,-0.36
365,06,-3.4585202314802804e-05,-32.20444840494791,47.13420631794532,288.15789018961584,-0.91
367,08,-3.326769469126164e-05,-18.63527480389995,42.41847231385144,291.493365414199,-0.37
368,09,-2.396435872586961e-05,-8.675344586181641,43.626415080409586,288.24405131666396,1.62
369,10,-1.8213049179844e-05,4.716025361748153,49.256211021474606,284.11453383484707,-0.61
370,11,-1.3997967538165946e-05,28.005924584282763,63.3120259418408,282.6301770416684,-0.16
371,12,-8.896478755051119e-06,9.686923075029926,62.37685010996686,275.9152564712032,-1.88
372,01,-6.091251291421628e-06,2.9262350808420488,60.36061479552843,273.08482904479325,-1.8
373,02,-7.65345504045659e-06,5.717629487900508,61.53230691539674,274.59004296811423,-2.69
374,03,-1.4227020407356234e-05,-0.1344084672825314,56.345688745778084,278.93887998355336,-1.33
377,06,-3.182083758476639e-05,-35.711798379855686,43.71565713060168,288.5699565473768,-0.52
378,07,-3.4407490462771055e-05,-31.11366353779454,49.13440625845617,291.94731353169107,-0.39
380,09,-2.3803562745282155e-05,-1.7829848341200085,47.799041656389505,286.8539448320178,-0.62
381,10,-1.8914465963579488e-05,8.677334267236855,54.52403665949838,284.0074488248518,-0.5
382,11,-1.1904203317903414e-05,4.708053307088217,64.34552551558414,279.1010974715339,-1.84
383,12,-7.738160395268594e-06,4.967533013128466,56.59717789244652,272.7350027047024,-1.8
384,01,-4.432973011169315e-06,15.641597058367989,49.85520389962581,276.640032220861,-1.53
387,04,-2.5035789431644346e-05,-14.869033695136176,49.48712501599656,285.153135196601,2.55
388,05,-3.0008848766624646e-05,-32.62149781881353,48.67582858574712,286.410771462061,-0.01
389,06,-3.4230032604055946e-05,-25.01744469502767,49.43961729888122,288.6127736097548,-0.98
390,07,-3.7348723895911946e-05,-18.427609645064162,51.34294977803511,288.60765880658556,-1.48
391,08,-3.274760770019843e-05,-10.64563058373236,50.85391145080519,289.6281859905284,-1.85
393,10,-1.916051529891168e-05,8.726722329416583,41.10612051369683,284.83637540882887,0.94
394,11,-8.12447487300637e-06,7.208228931681314,45.10324230610001,280.86535165697734,1.3
395,12,-1.2744765838047034e-05,29.389911852764826,62.27082245179138,279.54841704272206,2.25
396,01,-9.557997748420493e-06,23.492998173539362,55.985124487241116,278.0025916491273,0.86
397,02,-6.941694202459045e-06,2.77444112036694,54.92825397600388,273.9540438470512,0.03
398,03,-1.1845709033173812e-05,-9.130659757880753,42.53471919810516,280.5903991654509,0.93
399,04,-2.412122515035865e-05,-15.116672309705946,65.52592149374486,281.0076457704756,0.37
400,05,-3.2719707248821014e-05,-19.41600187732328,54.71462800888861,286.39187647731336,-0.79
401,06,-3.633841799156573e-05,-15.284035491265191,54.862410076340026,287.4815220364041,-2.25
402,07,-3.9630504535585143e-05,-18.105863085346844,55.33667580591222,289.83332058683004,-1.29
403,08,-3.664081436780238e-05,-14.530181596981583,48.63167088847007,291.1731117379793,-1.39
405,10,-1.749340033099435e-05,6.576196681525118,62.883388684188155,283.75088245457476,-1.73
406,11,-9.782895505729057e-06,13.286790387301977,48.36725960095062,280.2187192969428,-0.74
407,12,-8.270612005098982e-06,23.135962751162953,68.44660146777348,278.1779153431308,0.07
408,01,-7.079607454118081e-06,9.77005108642578,59.36599973937003,275.1825925199447,-0.11
409,02,-9.82560560788399e-06,1.2790957768758144,54.799641565576906,274.82777969859893,-0.96
411,04,-2.0434202846445263e-05,-16.983018215264217,45.651346360141694,280.441605447091,0.6
412,05,-2.7662325821888435e-05,-23.158452428017892,56.92952051083376,283.8569099442677,0.58
413,06,-3.319209287441886e-05,-26.815010833062065,45.349666944320994,287.4700203450521,0.83
414,07,-3.405638901301333e-05,-27.630988150319745,40.32137145659744,291.3996042135915,0.7
416,09,-2.475842662511746e-05,-8.054260448540582,49.65095689521101,287.60815346442337,0.38
417,10,-1.765674730958508e-05,13.677036990258001,51.31546706972713,285.3490841153053,-0.88
418,11,-1.2026654228591521e-05,13.685960133870443,60.59634180396663,280.35682493527725,0.81
421,02,-1.1990748406116751e-05,26.598223410470148,61.15281964255657,279.40804705011277,1.07
423,04,-2.3883861623916246e-05,-16.521862002224392,58.86005653639768,284.4238784166124,0.19
424,05,-3.2321809314922687e-05,-17.350711201329386,63.11191008513332,286.0054483229113,-0.8
425,06,-3.645346474101341e-05,-28.120134918891054,43.231891095406475,288.60506283637153,-0.67
426,07,-3.570791800838603e-05,-18.498887496784167,52.862582088247414,292.2635286937426,0.21
427,08,-3.5946427165531874e-05,-15.756697428713563,51.75170243226714,289.2081022578413,-2.28
428,09,-2.0748739615697153e-05,-9.244409510294595,35.08465283191469,289.19143939514163,1.72
430,11,-1.0089955154782932e-05,6.784489759657117,59.376273723493675,281.4275366665734,0.58
432,01,-9.2527426375611e-06,26.340960131573418,62.63006211892765,277.32805558928624,1.57
433,02,-8.153189459681882e-06,8.31590086110433,48.93550452213628,276.6668339920044,1.05
434,03,-1.5915630637317265e-05,-1.6360386480515998,44.90566300547765,279.08244967077115,1.12
436,05,-3.070366395367009e-05,-25.76910455847299,53.73915812349191,284.7904129192393,0.19
437,06,-3.477750818122634e-05,-31.860220404391814,46.7203716229452,288.02580254245345,0.24
438,07,-3.7615658574522775e-05,-25.170489753641114,45.05531850020347,290.8353158631684,-3.14
440,09,-2.5603061031688413e-05,-1.6679924726698132,46.654843129608366,286.66352415195047,-0.49
441,10,-1.3186316454061119e-05,-1.463842040031187,51.45971762442205,283.4427843608241,0.99
443,12,-8.385574634596725e-06,33.275967709449034,59.292129598577816,282.58162065858744,1.99
444,01,-9.004527324929857e-06,20.359526514525058,60.00615774854665,278.0475291836237,-0.37
445,02,-1.2519085415486441e-05,14.879537966322628,54.698993667597065,277.78108298799367,1.35
446,03,-1.4810545610421827e-05,-5.396197126162949,59.004922374092125,278.4155945600284,0.37
447,04,-2.7581765115751797e-05,-20.820068422105575,57.557788026644126,281.36615560573995,0.26
449,06,-3.356170396635004e-05,-23.02242342732747,60.87640379265148,289.0600437771266,-0.13
450,07,-3.758493633006676e-05,-22.269790681900524,47.74635748879372,290.91323088844877,-1.72
453,10,-1.526362983537594e-05,-3.798430909843855,48.34944315867911,283.3498556886078,0.96
457,02,-8.18821650381367e-06,12.903916228158135,62.959067062718525,277.86915778559734,0.69
458,03,-1.5800369091061108e-05,2.527072602630943,59.88884960889175,281.2226937955631,0.37
460,05,-2.9667726341906155e-05,-25.198657173730993,56.839670298081565,287.2392350808421,-1.72
461,06,-3.566179110415154e-05,-31.36642959594727,52.944568701901716,290.51245804307734,0.35
462,07,-3.888270218750779e-05,-23.176640851420746,56.14024401203919,290.7070247267856,1.28
464,09,-2.5415033401845397e-05,-5.530321179199219,52.86381167994076,287.1538292568631,-0.45
465,10,-2.0550294828412475e-05,15.281469091599986,50.30405073937036,286.4926618480888,0.71
466,11,-1.2597567349661808e-05,15.910226154920792,53.90823562632401,280.83419648060266,-0.14
467,12,-7.748080553331723e-06,20.40142875687794,63.311030514205655,278.2219712722122,0.73
469,02,-1.1806723732206594e-05,-2.6082788761683875,46.30087924139698,274.0743940366564,1.34
470,03,-1.3339704251535219e-05,-6.768148279333628,63.03257818707726,277.2524915700113,-1.38
471,04,-2.4140652476206825e-05,-8.481860700141059,60.03202422682047,284.2523615995619,1.2
474,07,-3.4126774513620195e-05,-44.31138712696363,36.16823902212164,292.90806091046085,1.42
475,08,-3.324744642680256e-05,-25.59706884437479,43.61733073811633,291.3618514305854,2.4
477,10,-1.717439320385384e-05,2.0582064438686585,44.893768001867876,285.3938754693308,1.53
478,11,-1.049799736220949e-05,11.533768935139973,58.11769115721252,280.0686911998748,-0.25
479,12,-7.425197422547768e-06,21.47761040308142,53.53903508252609,279.4785891970973,0.48
480,01,-8.170035396257738e-06,18.813249751593478,61.34680531404607,276.9462481465493,0.18
481,02,-8.232899953890454e-06,13.675333238874163,51.283400613031226,279.191337246032,-0.11
482,03,-1.7898125718357898e-05,7.876527682396675,54.192069970153995,280.7588669757638,0.89
483,04,-2.786484313502215e-05,-15.88577495863173,41.53150874974462,283.32113693033864,0.36
484,05,-2.8741963674400066e-05,-37.081440074305384,54.09692304540707,284.36448736465616,-2.38
485,06,-3.9525050331051005e-05,-23.208365014648436,47.86380608810849,290.2859401516385,-0.79
487,08,-3.404563471354698e-05,-17.337182702177312,41.57153246440298,291.4738801791283,-1.62
488,09,-2.6543087166161665e-05,-4.24653964674208,45.73786681658825,287.9392709560819,-0.01
489,10,-1.8569231195137014e-05,10.235854191605762,54.45598049366731,284.78358039642666,-1.03
490,11,-1.0039879183467646e-05,10.335369747924807,64.20363267016013,279.8074893178728,0.16
491,12,-8.260583359534854e-06,25.078029959073632,56.60606037604423,279.25270498681834,1.02
492,01,-6.012859741277161e-06,22.106840989635838,48.67357203781476,279.3999776622403,1.05
493,02,-1.5386156723984276e-05,31.748662168305497,64.97568837541958,280.04609204145413,0.98
494,03,-1.9840231885472768e-05,-1.8349693298339842,46.56073982853019,279.7202150045004,0.66
495,04,-2.7043378228700023e-05,-24.0670989525689,35.17819720014996,283.457096534729,-1.26
496,05,-2.995519203009721e-05,-45.04488896819084,46.51938461271666,285.6595867329259,-0.33
498,07,-3.552329937512147e-05,-24.55973527871409,49.31133174363516,289.7865116117744,-1.19
499,08,-3.48960954878191e-05,-17.491402352609946,46.845165995435046,292.9717935617098,0.03
500,09,-2.4679065476549213e-05,-6.537764871215822,41.4254565234277,288.42726283230246,1.11
501,10,-1.848353834580477e-05,14.114419966174706,59.132486595437086,284.57053201831286,-0.2
502,11,-1.0186800306089735e-05,15.631692754109702,47.969248177954896,282.13784168768984,2.54
503,12,-6.893300624729055e-06,15.732371215492165,60.65007041392917,278.8222056623889,-0.37
504,01,-7.860778656987515e-06,14.34612370152627,66.80461903254064,276.7231909807677,-1.8
505,02,-9.005972841740524e-06,9.622026147751583,54.51137783175566,276.8945384240831,-0.29
506,03,-1.5948935392546162e-05,-0.9029574194467195,53.47545231677126,279.32064444773675,0.36
507,04,-2.588563685021654e-05,-27.98602328389486,47.86236142485672,279.4237252683427,-1.69
508,05,-3.230829694098981e-05,-22.4746828918457,60.26473778712485,283.8163767559092,-1.1
509,06,-3.7502937650666964e-05,-26.38411481492784,47.88007799596918,290.2330343007406,1.08
511,08,-3.444879628501263e-05,-12.903870650096605,45.419211714576655,289.92943471568117,-0.49
512,09,-2.3354238802332672e-05,-7.743464881388346,41.71682162190013,289.1970728213839,-0.06
514,11,-1.0072340758698473e-05,9.36498726196289,49.88987413275507,281.017371949217,-0.33
