,month,MER,MSSHF,RH,SD,t2m
0,01,-7.186377549426466e-06,5.464709561255669,62.6901256937955,0.010292715281568547,271.0374221375988
2,03,-1.408509512223264e-05,7.08405715679866,62.090667984242096,0.00040960040271923105,277.5071083010602
3,04,-2.191347909663616e-05,-15.59233038906521,62.41300571294825,3.557954761717054e-05,280.35185083779226
4,05,-2.839083756912113e-05,-16.16055940262989,64.02205650719006,4.408267492889076e-05,284.1894770028719
5,06,-3.330413338050373e-05,-22.16353809509278,52.028707694198026,0.0,287.5916414632162
6,07,-3.0671342559486147e-05,-22.637875941122733,53.00265082314577,0.0,288.5937503051758
7,08,-2.8487004876296853e-05,-12.56110269165039,50.14281140049425,0.0,288.49456290886997
8,09,-2.3132900744369383e-05,-4.023202255249023,42.3501046719922,0.0,287.08609388970274
9,10,-1.6345863611966567e-05,2.642213581372333,56.92965585534547,5.061999700402701e-05,284.1524093375258
10,11,-1.1569333000928361e-05,13.890767045423724,49.679388139549886,8.024262719684175e-05,279.5115746341281
12,01,-5.795284385228985e-06,8.867661568262244,49.01821534482766,0.000661063572411896,273.9435328466764
13,02,-7.359469057738698e-06,6.865867059466484,53.581606617508264,0.00011199214540678879,277.9200598216879
15,04,-2.282624180893941e-05,-17.872287172783746,48.97103869282801,0.0,280.6358343542311
16,05,-2.9285246377967465e-05,-30.998830406271004,47.47244699586335,0.0,284.48860593045146
17,06,-3.014735746900341e-05,-26.066622504679362,62.37913317463399,0.0,287.3835177541096
20,09,-2.365392635981859e-05,-3.0327022542317708,42.946886476458445,0.0,288.5418778632271
21,10,-2.1172643707369163e-05,7.590982919672484,58.4636376896443,0.0,282.9430969840429
22,11,-1.4279194747299093e-05,14.235161112806532,54.54851769668525,0.0015326325999365914,278.42969395684133
23,12,-7.873070872231058e-06,26.063403682913826,61.380955716897084,0.0016069860227646364,277.40736817940336
24,01,-7.860688640385075e-06,20.899533713063885,47.875411116570554,0.0019344636983768915,276.2877688055551
25,02,-8.991757432514056e-06,2.888394768487839,50.11619150138895,0.0005664595067501069,274.87796189149225
28,05,-3.0310256707952082e-05,-17.47440350473055,59.34436809112436,9.34754648516255e-08,285.6955955049248
29,06,-3.0904296795920855e-05,-15.787571440294057,51.69619375912348,0.0,286.96279334038627
30,07,-3.173775886429094e-05,-20.80200322239373,49.75860673643311,0.0,289.0546993070213
31,08,-2.8741253340065727e-05,-19.03508228654759,42.77699926753197,0.0,289.5996995383643
32,09,-2.269007780640903e-05,-3.5648343312581385,46.85175361700852,0.0,288.2523063490126
33,10,-2.174942796122078e-05,9.781940688922843,60.93410625634399,0.0,282.36856040909464
35,12,-7.687594037497059e-06,8.885675470167591,67.75924336626196,0.012596724167946844,273.28184220705754
36,01,-5.276928763964617e-06,11.574925520045783,58.01885871766587,0.0001972472347239012,274.71989871035333
37,02,-7.864293709969517e-06,5.468580898829869,51.56958197040644,2.739869412921724e-07,276.0330576188678
39,04,-2.3437909088230905e-05,-21.874123499891493,46.11000325809585,2.168152067396376e-08,280.3653982337103
40,05,-2.9170486620455693e-05,-20.4214844770534,47.92201473479629,0.0,285.1203722468551
41,06,-3.17826830204164e-05,-27.949367026435006,48.16991035015053,0.0,288.8242188401964
42,07,-3.416977696542745e-05,-21.999847670688425,39.2781192299025,0.0,291.04000476303924
43,08,-3.1963929242763654e-05,-15.790871219429917,46.55304641459066,0.0,290.1174927072832
44,09,-2.1331834113273846e-05,-6.238656323920356,43.43915766518911,0.0,288.8515710662842
45,10,-1.6551261839878706e-05,3.491510892150223,54.79260846710333,0.0,284.4179603883477
46,11,-1.519573135911843e-05,20.401449884033198,56.70156626680825,5.0221549140082464e-08,281.542423581526
47,12,-1.0313162028783104e-05,17.753608460457098,55.75187243828721,4.658237964876236e-05,277.1484120603172
48,01,-1.1369238679367056e-05,31.70380508160335,51.86229076744793,0.00012911142713280135,279.3915269172832
49,02,-1.1685804688698098e-05,2.732715975443522,46.129101684696614,0.00031034646715436665,274.1075286789849
50,03,-1.3839232150540515e-05,-0.5926843497983868,57.115805566785156,2.071826688704952e-05,278.44128489291285
52,05,-2.6606813441591635e-05,-11.409518621957432,66.050863289825,0.0,283.5180301421791
53,06,-3.6603149109497395e-05,-25.008415187242296,46.266101067479454,0.0,288.4321055046929
54,07,-3.282222612492611e-05,-33.091220865229126,44.1499227373741,0.0,291.918114544284
55,08,-2.6941880611302234e-05,-27.08358682743196,31.77761535606461,0.0,290.7689338021227
57,10,-2.1395454446465794e-05,12.186390243366201,47.91972020449689,0.0,284.1974871086613
59,12,-8.522425015388596e-06,21.808005747805364,57.410435429080856,2.6479295504990444e-05,277.4857788941578
61,02,-9.682757584759485e-06,6.4267875001403105,47.08914505602986,8.748411584174497e-05,275.46569391803087
62,03,-1.3818876191033916e-05,-6.2181760956138685,56.610379949503034,9.418372313181559e-05,277.09370695126444
63,04,-2.3066575134180317e-05,-21.124448284233942,53.13685258980724,5.596658653683133e-05,280.480126296997
64,05,-2.301351515928619e-05,-21.276121071107926,61.30564291210714,3.1990530670330086e-06,282.87292314492504
65,06,-3.0384449369921637e-05,-25.249517172580298,53.14751710217263,0.0,286.0332354305691
66,07,-3.052118788760435e-05,-16.333257173927887,51.58020934386151,0.0,288.32212674803367
67,08,-2.8069958612225798e-05,-17.017802792784988,42.472240740586344,0.0,290.61531108601883
69,10,-1.5594664512004833e-05,12.420039781796033,52.5519555827328,0.0,284.94581760332665
71,12,-7.343828446024142e-06,12.754345215500043,59.86620702467682,1.1825137240912326e-05,277.9717317575434
72,01,-6.201572312694294e-06,7.789162023728894,59.71689801232405,0.006257890532093664,270.81246475709895
74,03,-1.1304150707112197e-05,-2.56875498781922,68.34861116093205,0.0002458149412626861,276.80950123838204
75,04,-2.3272295822324753e-05,-10.486857863362628,59.37646033687326,3.632929590013292e-07,281.0197640380859
76,05,-2.800802443084893e-05,-16.149492612120927,55.7763452255995,0.0,285.3065335752425
77,06,-3.090711121482552e-05,-17.990251360066733,61.34983533646531,0.0,286.164952170478
79,08,-3.3271033724499884e-05,-4.3656862228557625,49.79625837316948,0.0,288.7357638382451
80,09,-2.244669017984254e-05,-3.3109654418945316,48.444472670045165,0.0,287.42453148261177
82,11,-1.5779393952086846e-05,2.730464919026692,53.6031213278585,0.0001320727745691935,276.48227231207954
85,02,-9.105866422227595e-06,-15.737989101954868,41.279925076501705,0.0001222507996218545,269.8368100568681
86,03,-1.09558865346488e-05,2.199697240357758,53.96111336709735,0.0001382134986180131,276.74076908246934
87,04,-1.9242588071877733e-05,-14.953707265557181,61.57429541588492,7.426198323567707e-06,278.83615111126363
88,05,-3.1224375424332516e-05,-18.680161248648037,54.14751819698144,0.0,285.4117867415233
90,07,-3.000731417455182e-05,-30.125119514383297,48.19723509739805,0.0,289.44563059620185
91,08,-3.1366839325049225e-05,-20.726613564768147,49.22354232249208,0.0,288.36188031465264
92,09,-2.1116000810717296e-05,-5.870355172729491,52.886519872754164,0.0,284.9466449978299
94,11,-1.2770530823662637e-05,20.62896745435927,57.76803370095226,4.2331218719482425e-08,281.3988308635288
96,01,-8.849628261046861e-06,-8.473066081057311,52.03738375666833,0.0005335850459273144,271.0571230804279
97,02,-5.771432554432804e-06,6.824847212655203,67.52644709656069,0.00025317513942718504,275.3062230299087
98,03,-1.3287096029671374e-05,-5.803373095440609,55.151999684815046,7.337508534872401e-05,275.18381564716617
99,04,-2.2575659647211267e-05,-11.442104777696397,52.015024873095086,1.2648238076104058e-07,282.7985634870741
101,06,-2.8837502824555686e-05,-20.989433822292757,61.5306473079814,0.0,286.23068305765787
102,07,-3.379324687933062e-05,-20.07741719498173,55.40260847481861,0.0,289.3334297852875
103,08,-3.0242934917310693e-05,-13.572054321945357,50.633880177582476,0.0,288.99911613021357
104,09,-2.5696148892024614e-05,-3.969099077690972,51.22118268649578,0.0,287.79776992187493
105,10,-1.9746457593286597e-05,13.28605210072507,59.41998880579267,0.0,284.1081416557065
106,11,-1.2423982501220758e-05,8.69252590874566,58.77474638277293,0.0,280.28694883850955
108,01,-9.400724827868036e-06,23.76198229324177,64.8158600401199,0.0002939996052813786,279.10735159379686
110,03,-1.4791143874625109e-05,4.141464673442225,71.63935923557511,3.25570567961662e-05,278.11941827511527
111,04,-2.4692344382775542e-05,-22.74501348402235,55.09817502149212,0.0,281.1784597961426
113,06,-2.7714982728361462e-05,-28.63852083367242,47.29024293223089,0.0,287.1965049299452
114,07,-3.385038605679304e-05,-9.511822006717805,59.07058047961163,0.0,288.8184828294324
115,08,-3.211179117533902e-05,-13.866469908683532,47.473473327189375,0.0,289.36880185199044
116,09,-2.5435363158006416e-05,2.907980506727431,49.177534459747214,0.0,287.1028169921874
117,10,-1.6347254436593455e-05,7.273599919801116,47.520342997120274,0.0,284.2524626317998
118,11,-1.0307503538792339e-05,7.8851572241889105,46.36847800110711,7.3817332585652676e-06,279.7681574443817
119,12,-7.866494279115095e-06,20.208327730240367,52.71666673100892,0.0,280.1574802909768
121,02,-1.1993180484209699e-05,15.243881237211681,52.799659086113884,4.026403029759725e-06,278.5967229493005
123,04,-2.3728384267512105e-05,-15.711892689005532,62.36782957411343,7.404155201382107e-06,279.7644985144721
125,06,-3.3498540398290464e-05,-35.047065074327264,55.710710440916486,0.0,288.0712565836589
126,07,-3.3625666249610085e-05,-27.510599928661055,42.19065745926929,0.0,290.43235706386776
127,08,-3.0036708770112647e-05,-17.0266568734774,43.458151734339296,0.0,290.0662455388552
129,10,-1.9913688146604526e-05,14.103063629806684,48.60193847477949,0.0,285.642628944643
130,11,-1.311930024130561e-05,7.912713109334308,43.72629240063826,7.664759953816732e-08,279.22501226437885
132,01,-9.708490018202875e-06,23.531725362798216,54.619796854420386,3.920951197224279e-06,278.84542206019734
133,02,-1.709957590030951e-05,31.83555304718018,59.52337883048256,2.0835172562372115e-06,280.50749825822743
134,03,-1.7018775953137494e-05,2.372058311872584,47.98838851665681,2.4298456407362414e-05,281.1010017314214
135,04,-2.7999317039636173e-05,-19.276666238742408,46.732171709169286,0.0,281.5536805019803
136,05,-3.125298669270236e-05,-34.3688931694441,36.06377147361027,0.0,286.42458363949356
137,06,-3.068480971400681e-05,-23.63770078192817,52.16888050745726,0.0,287.6530416948106
138,07,-3.559518055198981e-05,-33.07448882301904,37.832517702871755,0.0,289.3471467754405
139,08,-2.897321149455781e-05,-28.290339532667595,47.590817581110095,0.0,291.14238770975095
142,11,-1.0645134954231454e-05,8.876481322224937,54.38112868225972,1.7197676499684652e-05,279.7035436231401
143,12,-1.0178729378000547e-05,19.264495642221096,49.02194799312469,0.00010385854269868586,277.58139236323046
145,02,-6.996622216688376e-06,0.507544446309408,46.996895068120395,0.002555922939663842,272.81969927006674
147,04,-2.5889148811054637e-05,-18.50936585184733,50.20018549894757,1.8495678901672365e-06,281.06129239251874
149,06,-2.987989489524302e-05,-20.686577268473304,57.62339900992447,0.0,285.44453116149896
150,07,-3.606362330103894e-05,-12.26554677852508,46.37869990175771,0.0,291.0611541531471
151,08,-2.9805839779475068e-05,-22.79464663072811,38.70661156831249,0.0,290.6213046195738
152,09,-2.1833397036001162e-05,-8.548686426798504,39.4321560544822,0.0,288.29770074191623
154,11,-1.4646135411648073e-05,14.444811823866104,60.08639300202131,2.8859506713019477e-05,279.0964361319648
155,12,-7.654158530845394e-06,17.942148733159545,42.031411531264894,5.5359345610423755e-06,277.4903090515137
157,02,-7.568776633878318e-06,10.513905402874128,42.596786469010105,3.7069602944385046e-05,278.02707910182556
158,03,-1.6743815379482177e-05,3.675611719931326,56.535387553599556,1.1341134707132974e-05,279.7299019205238
159,04,-2.3724830210206465e-05,-12.979907084147134,60.15185276207658,2.5939941406250002e-08,281.38050007290315
160,05,-3.502280750303383e-05,-18.415903687507882,37.98684394011575,0.0,287.68378568587764
161,06,-3.339920427913765e-05,-25.873405965508358,43.36981476617124,0.0,289.51187445407453
162,07,-3.3542465003026134e-05,-26.574038988010855,46.61348771423679,0.0,290.8302553724063
163,08,-3.290884278264643e-05,-13.404264240552024,52.83446418771308,0.0,290.5360282891386
164,09,-2.5466491539959356e-05,-1.4094354346381297,48.6797681992597,0.0,287.5794175764296
165,10,-1.9484351597922247e-05,1.9587082073252686,58.379234332862715,1.8078127214985508e-06,281.5607008762565
167,12,-8.425528942156701e-06,11.411874493342573,45.69198678764476,3.2269544498894803e-06,277.1291988499139
168,01,-9.715480358609446e-06,34.39173987899288,57.42208674485646,4.798289268247543e-07,278.0689588641915
169,02,-8.449411843078754e-06,-1.1622854381742926,41.2482318814184,0.0001454247690382458,276.05196190389
170,03,-1.4966802825774622e-05,-6.011914413616221,42.24266758934657,0.00013486407008222353,278.6799079442178
171,04,-2.191761210872048e-05,-4.539731902737087,59.59964808656376,0.0,283.3900037384034
172,05,-3.0932743489659034e-05,-26.541132331437964,51.168041845343446,0.0,286.5305111710743
173,06,-3.281592492067931e-05,-24.277929318237305,46.836056776909025,0.0,288.3121968231201
176,09,-2.2725771390226628e-05,-2.4448908416748045,57.50485973500145,0.0,286.37938309156635
177,10,-1.798888249350155e-05,2.3637267239478326,43.9463890340828,0.0,282.4125413159196
178,11,-1.1587640056374466e-05,-1.8295716874864363,52.225245416957804,0.00015719194677140975,275.9691254242791
179,12,-9.250304196792702e-06,31.236705364924607,64.63241229699248,0.00020338165888222312,278.55954070281985
180,01,-8.814763398506955e-06,28.086010490499522,59.814965074129006,6.143172710172592e-05,278.4522831625169
181,02,-9.681430163471391e-06,-2.9269207930791947,54.97462990093799,0.0003871754450457437,274.71976377387267
182,03,-1.5868986940443404e-05,12.424105568506382,56.25959003628518,9.499826738911291e-08,280.1386115247255
184,05,-2.8615912740195944e-05,-19.306992470361852,50.8592781971834,0.0,284.95634343137016
185,06,-3.390126228795352e-05,-22.424498955281575,49.86442946763436,0.0,287.7325351216634
186,07,-3.466171150601792e-05,-32.442688338413035,36.16844127948567,0.0,293.29159473148474
187,08,-3.527003988845888e-05,-15.806742182249662,41.714041907468136,0.0,290.50995685306685
188,09,-2.649383951805552e-05,-2.2674784339057075,50.77799905458556,0.0,286.7490272650824
189,10,-1.8016295581522476e-05,4.47270425086893,52.33998963107474,0.0,282.91257732530823
190,11,-8.92097842036795e-06,12.752254605102538,55.27824593100681,0.0,283.18030227940875
191,12,-1.093666692604627e-05,22.757288210632986,53.902280609893545,6.536950347244099e-07,279.09193974574924
192,01,-1.2804497735976505e-05,25.385474410518523,57.77612080058489,0.0009627563479126142,277.2651151844968
194,03,-2.219248033328259e-05,-0.5256330294045062,56.57506640008187,0.00016835869896796444,278.52115150119414
195,04,-2.3056703787511248e-05,-15.611610607231992,48.9374839578549,0.0,281.70371436835387
196,05,-3.3250014936618425e-05,-29.631465932538433,52.844916530618114,0.0,285.3548243562432
198,07,-3.591561413959817e-05,-25.92438248894804,39.340810654867084,0.0,292.21608878154143
200,09,-2.6222378082234683e-05,-4.395296908230251,54.09243484116659,0.0,287.4659033938938
204,01,-7.460320452180465e-06,-0.4728464959257379,45.67560021059616,0.00023015245699113416,273.0739127290787
206,03,-1.2827322511164368e-05,-10.990242480862525,51.72073062135199,2.0419359207153323e-05,275.89573825737733
207,04,-2.0502408365953464e-05,-21.604367342122394,58.54018084150156,2.815988328721788e-08,281.5059792378743
208,05,-2.4253428110207234e-05,-26.022296560964275,51.92535755428705,0.0,283.0404211406093
209,06,-2.8253365109311642e-05,-38.732165323215064,41.61192797080808,0.0,287.7120379621718
210,07,-3.142641031134248e-05,-27.054918192217425,49.82263012584947,0.0,288.9736008786437
211,08,-2.9903093116464793e-05,-15.358725825155936,42.33743624172287,0.0,290.26938906532206
212,09,-2.534073391895315e-05,-7.00570699428982,43.673043699496326,0.0,286.062809048801
213,10,-1.7171301486478214e-05,8.106230379494288,51.02844809201841,0.0,284.35446074524754
214,11,-1.4551765714713837e-05,14.46901237657335,58.72207561985916,0.00012027359008789062,279.4499412578582
215,12,-8.836182103413613e-06,1.1414017176474303,51.832999992789766,0.00011574836187465217,274.0792455669526
216,01,-3.583592048936e-06,-1.2817189340899076,35.36421269791357,0.00038023888808424755,272.25964624536164
217,02,-9.97768289436776e-06,28.48145621345157,61.04910012837534,6.829840796334402e-08,278.9320034816378
219,04,-2.201332183204714e-05,-17.60772253417969,50.15108422283994,0.0,280.5644874141693
220,05,-3.085946982284968e-05,-22.07697987414944,55.658551038389554,0.0,285.1017764521773
222,07,-3.376502295814329e-05,-20.43258258581674,48.29218798171063,0.0,290.03099838158397
223,08,-3.064838395117496e-05,-15.397676236060358,39.11490551742816,0.0,293.2227237929478
224,09,-2.7053925191669103e-05,-10.968042353990342,40.873450344501606,0.0,287.54944601949063
225,10,-2.0736059433235615e-05,1.8364669255082322,46.07108195983722,0.0,283.2611740620521
226,11,-1.1372840429430654e-05,5.54297788119846,52.451002673839106,0.0,279.9875980561574
227,12,-9.893875752236308e-06,16.98351939342868,60.12797338394067,1.687051532089069e-05,278.3321768117105
228,01,-1.1099072907757458e-05,24.386054642872143,54.87726956107148,2.2409808251165574e-07,277.9622745796942
229,02,-7.893391973560764e-06,12.879144769577753,54.623768248409036,3.740382904098147e-05,279.23413331127165
230,03,-1.582076560769428e-05,4.910139277304372,64.38913835901599,1.3940626575100807e-05,280.3343201620861
231,04,-2.2395207648413717e-05,-10.670934447903104,67.35853829729425,2.9785103268093537e-07,281.88296789105726
232,05,-3.182257207745645e-05,-20.036693252071256,51.31070372274871,0.0,286.9770894601474
233,06,-3.4082233544055876e-05,-13.138249787733287,60.09514157660935,0.0,288.37100996331105
234,07,-3.6390916169732936e-05,-13.917790471887077,46.5719772114318,0.0,288.9995175761561
236,09,-2.4247977624205914e-05,0.3736279635959201,55.41774919654528,0.0,288.04718676249183
239,12,-8.802920268002493e-06,22.454611907630838,51.308709990082264,0.00011667215695945164,277.97066255097747
240,01,-9.430198710966792e-06,24.63400003675235,61.44896206574927,0.00020755073460199501,278.42221806261614
241,02,-1.079772392194216e-05,13.779260249546594,59.85849182345754,0.0025613292994953337,276.5846275064377
242,03,-1.3397230129969535e-05,-0.9194605676794566,60.6708199271861,8.536538770121912e-08,280.0196965524407
243,04,-2.54553507465769e-05,-17.42901027967665,53.24983413987689,8.541558848487004e-06,282.47727725253634
244,05,-3.422614240797327e-05,-20.88572949317194,50.723297991629586,0.0,286.46426943280625
245,06,-3.759346314859108e-05,-24.964019442409946,49.104056137108806,0.0,287.621155009969
246,07,-3.775679561435789e-05,-20.12216363230059,34.70881050790896,0.0,291.3305993268413
247,08,-3.318467006672979e-05,-13.657699137697938,45.50563225292391,0.0,290.35377914166196
248,09,-2.59650643648355e-05,-3.5717024329291456,50.26974016195536,0.0,290.39740791795515
249,10,-2.1588807777500546e-05,5.981483147405809,48.24640764357326,0.0,284.0889761727855
250,11,-1.3179962080519347e-05,12.654008286878799,52.50058610761298,2.0961513784196646e-05,280.36134305237664
251,12,-1.3700721242369786e-05,27.986750325848984,63.54783165261822,0.0004829321933049028,278.27631423343126
253,02,-1.2230161100386137e-05,18.65321454909752,54.35344561065067,3.605513052008618e-05,278.9918639561445
254,03,-1.4517082142339604e-05,-0.5979741453765541,58.83941007500695,2.188550656841647e-05,279.74647602704783
255,04,-2.355722367422762e-05,-12.813957029554578,60.681698268123455,8.329312006632488e-07,282.30091152648924
256,05,-3.550879427684679e-05,-19.147158501081563,47.704144963514416,0.0,286.87483983849967
257,06,-3.750390542944741e-05,-27.016546727159287,42.780413097916714,0.0,288.429064964803
258,07,-3.168135436499142e-05,-21.668345875401656,51.88578506780696,0.0,288.20182105771954
259,08,-3.0941285219664524e-05,-19.063545700565466,39.65101154342005,0.0,290.2980615874259
260,09,-2.4486756719630248e-05,-2.020394458007812,56.817002186003,0.0,288.9522197736953
261,10,-2.1893689024856883e-05,11.235235126454343,57.40779917159772,0.0,284.6498967747843
262,11,-1.5146696185204038e-05,20.892512133110895,68.07071139411661,0.0,281.02643124508324
263,12,-1.1904006665214989e-05,20.81303864280127,63.79751548051194,0.0006958496250132079,278.4327853809069
264,01,-6.723928980547147e-06,14.384707934964087,53.25762820807451,0.00041049615926640003,275.96743091123847
265,02,-9.421481274265325e-06,7.153048214503697,61.79020408172125,0.0006544472773869832,277.52430097507295
266,03,-1.3063552253355424e-05,-6.242824222359606,58.59238742218351,0.00027922883085025255,277.80964705756395
267,04,-2.4765318735565716e-05,-15.737299090576174,60.65160554169682,6.594268480936686e-06,281.0073699052598
268,05,-3.372209000100225e-05,-25.790908090242777,45.58359570831253,0.0,286.25971681492297
269,06,-3.303585196628976e-05,-31.827683939954966,48.06642211600013,0.0,287.6171802242279
271,08,-3.349079792080317e-05,-13.273838911159066,49.470468634774605,0.0,291.26248715078697
272,09,-2.8629883362433853e-05,-3.361749937269423,60.89090815499625,0.0,286.7026010084364
273,10,-1.872843477780094e-05,15.499699002173642,52.0420637966638,0.0,287.358400129749
274,11,-1.4045017091525046e-05,9.019137569173179,50.75557469189433,0.0,281.0378544276344
275,12,-9.904081011676856e-06,14.487402564920403,52.82181985401466,0.00022924734956474715,276.8109058604907
277,02,-1.6342577849974034e-05,27.257544948032923,61.67323920420096,5.277034782228017e-06,280.01173835877006
278,03,-1.718439095667989e-05,-2.8514695644583754,52.573686629964456,1.5001514906524331e-06,280.1865670277176
279,04,-2.4829810814864887e-05,-14.182246478949653,49.20558492463959,0.0,282.0968799079047
280,05,-3.0134792006426703e-05,-17.31557953963741,52.31226475243542,0.0,285.91615550937445
281,06,-3.5836119472898846e-05,-20.466573669433593,50.7506326838851,0.0,289.008934870402
282,07,-3.594073215623134e-05,-17.96138944137737,48.60045512300026,0.0,290.12367375199517
284,09,-2.726855740998468e-05,-6.606480073716904,41.46046437310777,0.0,288.12181282060413
285,10,-2.2813934475604865e-05,5.003235001430717,55.25826176021304,0.0,283.04481736857923
287,12,-9.155090198257839e-06,-0.601292420089886,52.83887711868107,1.2510566301243278e-09,276.11271182759606
288,01,-7.996820467572737e-06,16.024269751435966,52.92226850532075,0.00044667841542151673,276.0992543067932
289,02,-9.213011075579354e-06,1.6289639434814458,40.65915042115535,0.000368756529830751,275.1990847414562
294,07,-3.637924248004731e-05,-25.786057973554062,44.12265574810709,0.0,291.4632059519777
295,08,-3.1032737283929096e-05,-31.771135562691633,39.36124998163152,0.0,291.8428295599825
296,09,-2.437035215904568e-05,-12.497950702243381,40.21523504180775,0.0,287.9652745859782
297,10,-2.1305207502659715e-05,-2.352458050143333,49.86598729915773,1.9682761161558088e-06,281.3235289662679
298,11,-8.746191556262298e-06,13.336127873399521,55.471923015075255,0.0,281.18456970901485
299,12,-8.986315398414586e-06,16.75842543636855,56.42778465677845,1.2960655714875909e-05,277.70850726802377
300,01,-8.992702947169514e-06,20.66453995308825,64.87525535803712,0.0007110370653931812,277.01399096031605
301,02,-1.1818901434843997e-05,12.780648606925178,58.06078212638148,0.0004339445432027181,277.98929517294346
303,04,-2.4217375733618005e-05,-11.611916856553819,59.49211039767795,0.0,283.0342345699735
304,05,-2.847669872224737e-05,-31.81054322043798,50.857990436966695,0.0,284.7821008097331
306,07,-3.5823426863228845e-05,-21.040274605699764,48.61712288511441,0.0,289.52838083738925
307,08,-3.442271008691844e-05,-10.630728795861687,53.4802156332962,0.0,291.53894050384855
308,09,-3.09724094837697e-05,1.3779368174235027,41.60773183429904,0.0,288.3683370303683
309,10,-1.9737982986943505e-05,10.8786054316695,45.96995730125903,0.0,284.57554275028684
311,12,-6.509792311736683e-06,12.651209838210898,41.13814304297201,0.000107577202140644,277.18444233658494
312,01,-1.0532949036563073e-05,27.835473567839585,50.62756816835045,0.0002284056717349637,278.5624613469442
313,02,-1.0796667724878803e-05,1.9850640389578682,54.967533898224424,0.00020228017086074463,275.683474075272
314,03,-1.2645556585016247e-05,2.2825399281491516,62.992716266741034,0.002058747031355417,279.0753041903793
315,04,-2.402455134354872e-05,-12.38321820203993,55.9102142579476,0.0,282.71948648647725
316,05,-3.3327865934669755e-05,-23.83920729967343,52.369123788558014,0.0,284.99818274778966
317,06,-3.715115132452208e-05,-30.632264646063906,50.84424858076307,0.0,288.991852593655
319,08,-3.320200081173924e-05,-14.21000237282374,41.28222914207624,0.0,289.1398493754069
320,09,-2.545146969718593e-05,-6.704652192857532,39.75358392157654,0.0,289.0389223130968
321,10,-1.7187334372416657e-05,10.538457600583316,41.694871458662455,0.0,286.6108520703879
323,12,-9.12172876785682e-06,14.485518746324761,56.37181309181387,0.0003240881030277539,277.6781497156286
324,01,-6.5253165958961526e-06,7.280853728591756,43.42763289413273,0.00014880976241122009,274.90674294572244
325,02,-8.8568046297561e-06,4.634872235616048,55.29220876641359,0.00010614823585464838,275.99080734402787
326,03,-1.3873502668170125e-05,-4.782673361173239,59.930227692120816,0.0004253186384836833,276.79120616527274
328,05,-3.370682173148433e-05,-13.439136345319852,55.415879218805216,0.0,286.611448016423
329,06,-3.4785863751151034e-05,-27.11431088460287,44.96967633606062,0.0,288.7861003506131
331,08,-3.203818718891423e-05,-14.970106861073484,56.166526000266416,0.0,289.42563545177825
332,09,-2.4569920312832332e-05,-1.9050392035590278,48.50952039943403,0.0,290.8846295525445
333,10,-2.0357669840078775e-05,8.929626497002058,49.91160704086961,0.0,286.9078280718404
334,11,-1.6638314112929544e-05,21.698549422539603,51.20864173750348,6.023910310533312e-08,282.7481851179335
335,12,-1.1844671387852061e-05,21.158474252352146,51.61357204472506,1.2561005930746755e-06,280.0480408410102
336,01,-1.3167410284109127e-05,32.71415653975292,54.798027210791915,7.495572490076866e-08,280.3280024761898
338,03,-1.969343553138324e-05,2.858439688077537,50.951221448258686,8.514286369405767e-07,280.9515473870718
339,04,-2.5420359923575438e-05,-23.728481532796227,35.425640993569964,0.0,285.1133049407959
340,05,-3.1186685044343005e-05,-23.42358186127037,55.67473245647261,0.0,286.3991220269972
341,06,-3.458860908376663e-05,-19.802041976589628,51.81401281598541,0.0,289.6702567504883
342,07,-4.0491175616739144e-05,-14.380545316962786,51.51913973191349,0.0,289.65608735082475
344,09,-2.677926907070085e-05,-2.246240928141275,48.58724766878287,0.0,287.3048455885146
345,10,-1.4836711174446523e-05,-1.5530790907336818,46.4751422240952,0.0,283.5498818838469
346,11,-1.4172945336880124e-05,15.984315191311307,55.0159122577058,8.570086956024171e-06,280.5269208690644
347,12,-9.103623443880553e-06,18.67049515623687,44.72693699303237,1.9495038576023557e-06,277.3368185319388
348,01,-9.98381483742544e-06,30.50790186531313,59.32570013750177,3.1635838170205394e-06,279.4891412764929
350,03,-2.0140387961912898e-05,4.352542552004578,67.29393991330491,6.198341231192312e-05,278.8884844916969
352,05,-3.326288808405293e-05,-18.37616691179173,46.32872357566895,0.0,287.85736066133234
354,07,-3.577182100015043e-05,-18.878891244211506,53.425692884929724,0.0,290.6381676658713
356,09,-2.5189189388381943e-05,-2.5223080678304033,46.95382839618127,0.0,286.9092003065321
357,10,-1.8222273044254205e-05,6.518695762716314,54.30898137165141,1.0895472700877858e-09,283.49328779224686
358,11,-1.2143508331428165e-05,12.723418456013999,55.05112889809742,0.00035360905991660223,280.38257168964805
359,12,-6.623100362498576e-06,8.910789440196046,51.189781416840454,3.1098793911677535e-05,276.00092939651654
360,01,-6.219402897665034e-06,13.638463789416898,56.756673166043,0.00026115813434764905,274.32254045474144
362,03,-1.4006747319585248e-05,0.15545269151913163,60.10794240493287,4.5311066412156626e-07,279.1052625570399
363,04,-2.2896213735516033e-05,-13.763160278998479,44.90089633327524,7.51813252766927e-09,284.289430710517
365,06,-3.4585202314802804e-05,-32.20444840494791,47.13420631794532,0.0,288.15789018961584
366,07,-3.995988693131167e-05,-23.939954596078525,46.67216465320125,0.0,290.62653678746375
367,08,-3.326769469126164e-05,-18.63527480389995,42.41847231385144,0.0,291.493365414199
368,09,-2.396435872586961e-05,-8.675344586181641,43.626415080409586,0.0,288.24405131666396
369,10,-1.8213049179844e-05,4.716025361748153,49.256211021474606,0.0,284.11453383484707
370,11,-1.3997967538165946e-05,28.005924584282763,63.3120259418408,7.164478302001954e-09,282.6301770416684
371,12,-8.896478755051119e-06,9.686923075029926,62.37685010996686,0.0033527605789963914,275.9152564712032
373,02,-7.65345504045659e-06,5.717629487900508,61.53230691539674,0.0021790685525962285,274.59004296811423
374,03,-1.4227020407356234e-05,-0.1344084672825314,56.345688745778084,1.3550689143519247e-05,278.93887998355336
375,04,-2.4690822054900404e-05,-20.66956467929416,50.227940069592,2.4727185567220055e-07,281.97344993078445
376,05,-2.827942739082006e-05,-27.387183430333288,51.416537502500645,0.0,283.07650033011487
377,06,-3.182083758476639e-05,-35.711798379855686,43.71565713060168,0.0,288.5699565473768
378,07,-3.4407490462771055e-05,-31.11366353779454,49.13440625845617,0.0,291.94731353169107
379,08,-3.27152816781925e-05,-15.088779016966459,50.057286181364006,0.0,289.71709932881015
382,11,-1.1904203317903414e-05,4.708053307088217,64.34552551558414,0.0002805316183302138,279.1010974715339
383,12,-7.738160395268594e-06,4.967533013128466,56.59717789244652,0.006288984498670025,272.7350027047024
384,01,-4.432973011169315e-06,15.641597058367989,49.85520389962581,0.000611914046349064,276.640032220861
385,02,-7.274441715534998e-06,7.353929252261208,64.81677477946593,0.00014321758775483995,277.5559378022239
386,03,-1.235675504704564e-05,-6.3443144091534345,43.386579177287324,0.00019613219461133403,278.86510410210394
387,04,-2.5035789431644346e-05,-14.869033695136176,49.48712501599656,0.0,285.153135196601
388,05,-3.0008848766624646e-05,-32.62149781881353,48.67582858574712,0.0,286.410771462061
392,09,-2.5484862159343414e-05,2.648160398695204,48.54894579696125,0.0,288.68825934821234
393,10,-1.916051529891168e-05,8.726722329416583,41.10612051369683,1.6692376905871977e-07,284.83637540882887
394,11,-8.12447487300637e-06,7.208228931681314,45.10324230610001,0.0,280.86535165697734
397,02,-6.941694202459045e-06,2.77444112036694,54.92825397600388,0.0013561625960229456,273.9540438470512
398,03,-1.1845709033173812e-05,-9.130659757880753,42.53471919810516,5.560450656439668e-06,280.5903991654509
399,04,-2.412122515035865e-05,-15.116672309705946,65.52592149374486,0.0,281.0076457704756
400,05,-3.2719707248821014e-05,-19.41600187732328,54.71462800888861,0.0,286.39187647731336
401,06,-3.633841799156573e-05,-15.284035491265191,54.862410076340026,0.0,287.4815220364041
402,07,-3.9630504535585143e-05,-18.105863085346844,55.33667580591222,0.0,289.83332058683004
403,08,-3.664081436780238e-05,-14.530181596981583,48.63167088847007,0.0,291.1731117379793
405,10,-1.749340033099435e-05,6.576196681525118,62.883388684188155,1.6571373067876343e-08,283.75088245457476
406,11,-9.782895505729057e-06,13.286790387301977,48.36725960095062,0.0,280.2187192969428
407,12,-8.270612005098982e-06,23.135962751162953,68.44660146777348,0.0004308112231633996,278.1779153431308
408,01,-7.079607454118081e-06,9.77005108642578,59.36599973937003,0.0024007742763847433,275.1825925199447
409,02,-9.82560560788399e-06,1.2790957768758144,54.799641565576906,0.0007189501410438901,274.82777969859893
410,03,-1.6003138249269338e-05,-14.11737674147083,62.83003596656937,0.00018706004465779953,275.29698841222125
411,04,-2.0434202846445263e-05,-16.983018215264217,45.651346360141694,0.0,280.441605447091
412,05,-2.7662325821888435e-05,-23.158452428017892,56.92952051083376,0.0,283.8569099442677
413,06,-3.319209287441886e-05,-26.815010833062065,45.349666944320994,0.0,287.4700203450521
414,07,-3.405638901301333e-05,-27.630988150319745,40.32137145659744,0.0,291.3996042135915
415,08,-3.2683108437937644e-05,-17.84199171037572,39.46305893081491,0.0,290.9021847701535
416,09,-2.475842662511746e-05,-8.054260448540582,49.65095689521101,0.0,287.60815346442337
417,10,-1.765674730958508e-05,13.677036990258001,51.31546706972713,0.0,285.3490841153053
418,11,-1.2026654228591521e-05,13.685960133870443,60.59634180396663,8.762069013383654e-05,280.35682493527725
419,12,-9.44601224512954e-06,28.97793200421077,55.46996279250422,5.1136837210706475e-05,279.21073650786695
420,01,-8.580053124215514e-06,22.96357862870411,63.49304372530727,1.0653635506988855e-05,278.7270791265426
421,02,-1.1990748406116751e-05,26.598223410470148,61.15281964255657,1.0926482223329089e-06,279.40804705011277
424,05,-3.2321809314922687e-05,-17.350711201329386,63.11191008513332,5.8457146408737335e-06,286.0054483229113
425,06,-3.645346474101341e-05,-28.120134918891054,43.231891095406475,0.0,288.60506283637153
426,07,-3.570791800838603e-05,-18.498887496784167,52.862582088247414,0.0,292.2635286937426
427,08,-3.5946427165531874e-05,-15.756697428713563,51.75170243226714,0.0,289.2081022578413
429,10,-1.6616273676728237e-05,8.951883064844276,46.06859467966968,0.0,286.6383070147115
430,11,-1.0089955154782932e-05,6.784489759657117,59.376273723493675,3.112157185872396e-08,281.4275366665734
431,12,-1.0581146033268115e-05,22.95546643394552,54.273882943514856,0.0004054831791949528,278.36750006714686
432,01,-9.2527426375611e-06,26.340960131573418,62.63006211892765,0.00016244323407450028,277.32805558928624
433,02,-8.153189459681882e-06,8.31590086110433,48.93550452213628,9.767446773392813e-05,276.6668339920044
434,03,-1.5915630637317265e-05,-1.6360386480515998,44.90566300547765,2.4049384619600027e-06,279.08244967077115
435,04,-2.4346638547669703e-05,-22.934988667466907,50.17846367060873,9.625487857394749e-09,281.46281248359685
437,06,-3.477750818122634e-05,-31.860220404391814,46.7203716229452,0.0,288.02580254245345
439,08,-3.326061218056918e-05,-12.586229408838417,52.3345120203854,0.0,291.25167575270126
441,10,-1.3186316454061119e-05,-1.463842040031187,51.45971762442205,0.0,283.4427843608241
442,11,-1.4898132296588707e-05,27.46974549831814,55.57987919455502,4.5776367187500004e-09,283.10383579525416
443,12,-8.385574634596725e-06,33.275967709449034,59.292129598577816,0.0,282.58162065858744
444,01,-9.004527324929857e-06,20.359526514525058,60.00615774854665,9.698816525038853e-05,278.0475291836237
445,02,-1.2519085415486441e-05,14.879537966322628,54.698993667597065,1.52496250196435e-05,277.78108298799367
446,03,-1.4810545610421827e-05,-5.396197126162949,59.004922374092125,3.62938924502301e-05,278.4155945600284
447,04,-2.7581765115751797e-05,-20.820068422105575,57.557788026644126,1.3241238064236113e-07,281.36615560573995
450,07,-3.758493633006676e-05,-22.269790681900524,47.74635748879372,0.0,290.91323088844877
454,11,-1.1750765303218536e-05,10.89123139716254,54.5964946256227,3.956906927956475e-05,279.20990362701417
456,01,-6.416161365773257e-06,12.223324068787278,48.97643718384928,0.00022398640519829207,275.05028467830533
458,03,-1.5800369091061108e-05,2.527072602630943,59.88884960889175,0.0,281.2226937955631
460,05,-2.9667726341906155e-05,-25.198657173730993,56.839670298081565,0.0,287.2392350808421
461,06,-3.566179110415154e-05,-31.36642959594727,52.944568701901716,0.0,290.51245804307734
462,07,-3.888270218750779e-05,-23.176640851420746,56.14024401203919,0.0,290.7070247267856
463,08,-3.333480648354688e-05,-12.395997953681537,44.035043613662005,0.0,290.3243722688408
464,09,-2.5415033401845397e-05,-5.530321179199219,52.86381167994076,0.0,287.1538292568631
465,10,-2.0550294828412475e-05,15.281469091599986,50.30405073937036,0.0,286.4926618480888
466,11,-1.2597567349661808e-05,15.910226154920792,53.90823562632401,3.65040037367079e-07,280.83419648060266
467,12,-7.748080553331723e-06,20.40142875687794,63.311030514205655,0.0006995919622400755,278.2219712722122
468,01,-8.493993727101315e-06,23.796599253992884,55.116003269850566,1.641540501707344e-05,278.53154294832297
469,02,-1.1806723732206594e-05,-2.6082788761683875,46.30087924139698,9.837871222268968e-05,274.0743940366564
470,03,-1.3339704251535219e-05,-6.768148279333628,63.03257818707726,0.00012620726580260901,277.2524915700113
471,04,-2.4140652476206825e-05,-8.481860700141059,60.03202422682047,0.0,284.2523615995619
472,05,-3.631899526441482e-05,-17.44638056798135,47.40056218499266,0.0,288.52215093042514
473,06,-3.447691067930363e-05,-33.33076165534125,39.74884000571834,0.0,289.49784020724826
474,07,-3.4126774513620195e-05,-44.31138712696363,36.16823902212164,0.0,292.90806091046085
475,08,-3.324744642680256e-05,-25.59706884437479,43.61733073811633,0.0,291.3618514305854
476,09,-2.7110998255941223e-05,-4.088550005425346,48.59134079140956,0.0,288.21334796922474
478,11,-1.049799736220949e-05,11.533768935139973,58.11769115721252,4.4242540995279946e-07,280.0686911998748
479,12,-7.425197422547768e-06,21.47761040308142,53.53903508252609,5.2109628595331655e-05,279.4785891970973
480,01,-8.170035396257738e-06,18.813249751593478,61.34680531404607,0.0003725200532585062,276.9462481465493
481,02,-8.232899953890454e-06,13.675333238874163,51.283400613031226,6.108944188980828e-05,279.191337246032
482,03,-1.7898125718357898e-05,7.876527682396675,54.192069970153995,0.0,280.7588669757638
483,04,-2.786484313502215e-05,-15.88577495863173,41.53150874974462,0.0,283.32113693033864
484,05,-2.8741963674400066e-05,-37.081440074305384,54.09692304540707,0.0,284.36448736465616
485,06,-3.9525050331051005e-05,-23.208365014648436,47.86380608810849,0.0,290.2859401516385
486,07,-3.625940142692049e-05,-31.74150496025496,48.734570516079984,0.0,291.26846290670414
487,08,-3.404563471354698e-05,-17.337182702177312,41.57153246440298,0.0,291.4738801791283
488,09,-2.6543087166161665e-05,-4.24653964674208,45.73786681658825,0.0,287.9392709560819
489,10,-1.8569231195137014e-05,10.235854191605762,54.45598049366731,0.0,284.78358039642666
490,11,-1.0039879183467646e-05,10.335369747924807,64.20363267016013,0.0,279.8074893178728
492,01,-6.012859741277161e-06,22.106840989635838,48.67357203781476,1.4043623401272683e-08,279.3999776622403
493,02,-1.5386156723984276e-05,31.748662168305497,64.97568837541958,1.7729275528041798e-05,280.04609204145413
494,03,-1.9840231885472768e-05,-1.8349693298339842,46.56073982853019,0.0,279.7202150045004
496,05,-2.995519203009721e-05,-45.04488896819084,46.51938461271666,0.0,285.6595867329259
497,06,-3.546342912159163e-05,-30.903872137790252,54.092656515480414,0.0,289.81179647657615
498,07,-3.552329937512147e-05,-24.55973527871409,49.31133174363516,0.0,289.7865116117744
499,08,-3.48960954878191e-05,-17.491402352609946,46.845165995435046,0.0,292.9717935617098
500,09,-2.4679065476549213e-05,-6.537764871215822,41.4254565234277,0.0,288.42726283230246
501,10,-1.848353834580477e-05,14.114419966174706,59.132486595437086,0.0,284.57053201831286
502,11,-1.0186800306089735e-05,15.631692754109702,47.969248177954896,0.0,282.13784168768984
503,12,-6.893300624729055e-06,15.732371215492165,60.65007041392917,1.2867758350987586e-06,278.8222056623889
504,01,-7.860778656987515e-06,14.34612370152627,66.80461903254064,3.849816578690723e-05,276.7231909807677
505,02,-9.005972841740524e-06,9.622026147751583,54.51137783175566,0.0020311918883096605,276.8945384240831
506,03,-1.5948935392546162e-05,-0.9029574194467195,53.47545231677126,8.298632919147451e-08,279.32064444773675
507,04,-2.588563685021654e-05,-27.98602328389486,47.86236142485672,1.457011964586046e-05,279.4237252683427
511,08,-3.444879628501263e-05,-12.903870650096605,45.419211714576655,0.0,289.92943471568117
512,09,-2.3354238802332672e-05,-7.743464881388346,41.71682162190013,0.0,289.1970728213839
513,10,-1.864643046111826e-05,14.62936670381279,46.729617401201246,0.0,285.1771994281072
514,11,-1.0072340758698473e-05,9.36498726196289,49.88987413275507,2.1571267975701224e-05,281.017371949217
