,month,MER,MSSHF,RH,TCC,SCA
0,01,-7.186377549426466e-06,5.464709561255669,62.6901256937955,0.7674197445941228,0.53
1,02,-7.399999772068052e-06,2.729709174746558,52.295623941567676,0.8322987442470734,0.19
3,04,-2.191347909663616e-05,-15.59233038906521,62.41300571294825,0.7183522930145264,0.22
4,05,-2.839083756912113e-05,-16.16055940262989,64.02205650719006,0.6820745509978263,-0.38
5,06,-3.330413338050373e-05,-22.16353809509278,52.028707694198026,0.624286894607544,0.19
6,07,-3.0671342559486147e-05,-22.637875941122733,53.00265082314577,0.6923592846778133,-1.45
7,08,-2.8487004876296853e-05,-12.56110269165039,50.14281140049425,0.6369957595332977,0.38
8,09,-2.3132900744369383e-05,-4.023202255249023,42.3501046719922,0.6538724135504828,-1.41
10,11,-1.1569333000928361e-05,13.890767045423724,49.679388139549886,0.7361187914530437,-0.15
11,12,-1.207531024335357e-05,24.691616260159407,64.98245628347064,0.8025561436478809,0.35
12,01,-5.795284385228985e-06,8.867661568262244,49.01821534482766,0.7199518989645025,0.44
13,02,-7.359469057738698e-06,6.865867059466484,53.581606617508264,0.797145370790328,0.82
14,03,-1.4070489600584629e-05,-6.186828353717764,55.02083505403355,0.837744382468603,1.27
15,04,-2.282624180893941e-05,-17.872287172783746,48.97103869282801,0.5745583197275798,0.62
17,06,-3.014735746900341e-05,-26.066622504679362,62.37913317463399,0.7134443809085422,0.32
18,07,-3.1905643976779664e-05,-14.025872309859079,48.67037434149174,0.7010493204260383,0.63
19,08,-3.1051088017916934e-05,-11.540256553403795,47.008779259716306,0.7037623250407558,-1.35
20,09,-2.365392635981859e-05,-3.0327022542317708,42.946886476458445,0.653931602774726,-0.14
21,10,-2.1172643707369163e-05,7.590982919672484,58.4636376896443,0.7753540998069188,-1.17
23,12,-7.873070872231058e-06,26.063403682913826,61.380955716897084,0.7685965811616633,-1.51
25,02,-8.991757432514056e-06,2.888394768487839,50.11619150138895,0.7581164837337676,0.59
26,03,-1.2076194787720939e-05,11.89821663673975,73.37905685201383,0.8891850105203607,-0.87
28,05,-3.0310256707952082e-05,-17.47440350473055,59.34436809112436,0.6752075911491151,1.42
31,08,-2.8741253340065727e-05,-19.03508228654759,42.77699926753197,0.6846821722625404,-0.05
32,09,-2.269007780640903e-05,-3.5648343312581385,46.85175361700852,0.6221041914621989,-0.06
34,11,-1.4328458308167076e-05,19.586548003133142,54.57233108670976,0.7831729083591039,-0.69
35,12,-7.687594037497059e-06,8.885675470167591,67.75924336626196,0.8372953305808447,-0.47
36,01,-5.276928763964617e-06,11.574925520045783,58.01885871766587,0.6630252150668892,-0.77
37,02,-7.864293709969517e-06,5.468580898829869,51.56958197040644,0.6381152653467087,0.73
38,03,-1.6001877676116956e-05,1.792558938959594,55.95160838729334,0.6297853519890898,0.72
39,04,-2.3437909088230905e-05,-21.874123499891493,46.11000325809585,0.6042834651523166,-1.57
41,06,-3.17826830204164e-05,-27.949367026435006,48.16991035015053,0.6107106636047364,-0.95
43,08,-3.1963929242763654e-05,-15.790871219429917,46.55304641459066,0.6299341235417194,-0.5
44,09,-2.1331834113273846e-05,-6.238656323920356,43.43915766518911,0.6479369944254556,-0.3
45,10,-1.6551261839878706e-05,3.491510892150223,54.79260846710333,0.7931934629460816,1.47
46,11,-1.519573135911843e-05,20.401449884033198,56.70156626680825,0.757184676700168,0.21
47,12,-1.0313162028783104e-05,17.753608460457098,55.75187243828721,0.7608326711347028,-0.28
48,01,-1.1369238679367056e-05,31.70380508160335,51.86229076744793,0.7840179075425671,-1.33
49,02,-1.1685804688698098e-05,2.732715975443522,46.129101684696614,0.5929144132704963,0.47
50,03,-1.3839232150540515e-05,-0.5926843497983868,57.115805566785156,0.7865977866470174,-0.52
51,04,-2.090864053300013e-05,-10.60586452026367,65.75529212030038,0.742861790678236,1.24
52,05,-2.6606813441591635e-05,-11.409518621957432,66.050863289825,0.7823214301242624,1.48
53,06,-3.6603149109497395e-05,-25.008415187242296,46.266101067479454,0.5639335038079155,-0.55
56,09,-2.725831751290065e-05,0.9693071214463977,44.86737590899468,0.705576475101047,0.06
57,10,-2.1395454446465794e-05,12.186390243366201,47.91972020449689,0.7011912768374208,-1.87
58,11,-9.367185011372688e-06,10.117007967122396,41.05919099200301,0.6633599039289689,-1.83
59,12,-8.522425015388596e-06,21.808005747805364,57.410435429080856,0.7373599862129457,-1.87
60,01,-1.1848107099418698e-05,28.771229348787696,56.9102486772409,0.7091302516896237,-0.46
61,02,-9.682757584759485e-06,6.4267875001403105,47.08914505602986,0.6832505156856844,1.31
62,03,-1.3818876191033916e-05,-6.2181760956138685,56.610379949503034,0.7108914005730743,1.46
63,04,-2.3066575134180317e-05,-21.124448284233942,53.13685258980724,0.5456292518191869,1.51
64,05,-2.301351515928619e-05,-21.276121071107926,61.30564291210714,0.8077163047380344,0.98
65,06,-3.0384449369921637e-05,-25.249517172580298,53.14751710217263,0.6465512983110214,0.03
66,07,-3.052118788760435e-05,-16.333257173927887,51.58020934386151,0.7022927988934261,-0.72
67,08,-2.8069958612225798e-05,-17.017802792784988,42.472240740586344,0.4993924576133809,1.24
68,09,-2.2138291550658728e-05,-0.809648367987739,66.94727416271104,0.8249710806952584,-0.38
69,10,-1.5594664512004833e-05,12.420039781796033,52.5519555827328,0.7500587646730484,-0.3
70,11,-1.2000811908506469e-05,17.20852971835666,62.11537896577253,0.7200436461130779,1.13
72,01,-6.201572312694294e-06,7.789162023728894,59.71689801232405,0.7623330554757067,0.41
73,02,-7.646551471441942e-06,-7.170963860648018,49.17462651499538,0.6680685249964396,-0.2
74,03,-1.1304150707112197e-05,-2.56875498781922,68.34861116093205,0.8015634798439599,1.07
75,04,-2.3272295822324753e-05,-10.486857863362628,59.37646033687326,0.7217336557176378,-0.88
78,07,-3.447742918110781e-05,-15.274860501197074,50.75858460182529,0.6424117790960497,0.15
79,08,-3.3271033724499884e-05,-4.3656862228557625,49.79625837316948,0.6493248435810047,0.25
80,09,-2.244669017984254e-05,-3.3109654418945316,48.444472670045165,0.6852785703870988,-2.12
81,10,-1.5745955748394817e-05,1.4800897167574978,41.847355274659336,0.6145378556200252,0.37
82,11,-1.5779393952086846e-05,2.730464919026692,53.6031213278585,0.7467017175886366,0.06
84,01,-1.0488508364736625e-05,25.802121266682942,67.17732922877546,0.7623722744193129,0.16
85,02,-9.105866422227595e-06,-15.737989101954868,41.279925076501705,0.6196731731323969,0.94
86,03,-1.09558865346488e-05,2.199697240357758,53.96111336709735,0.6894126181243568,1.15
87,04,-1.9242588071877733e-05,-14.953707265557181,61.57429541588492,0.7479030370076497,0.39
88,05,-3.1224375424332516e-05,-18.680161248648037,54.14751819698144,0.5674221288209321,0.14
89,06,-3.5890827366468634e-05,-24.274000357055662,43.53411597645681,0.5244118612077501,1.4
90,07,-3.000731417455182e-05,-30.125119514383297,48.19723509739805,0.6702686336066134,-1.95
91,08,-3.1366839325049225e-05,-20.726613564768147,49.22354232249208,0.686836864348381,0.55
92,09,-2.1116000810717296e-05,-5.870355172729491,52.886519872754164,0.7167194254557292,-2.04
93,10,-1.7202233669146365e-05,6.4104873591597356,48.62927366667281,0.714295039597378,-1.69
95,12,-1.128779906788603e-05,28.043287035542146,58.52688881322774,0.7719007456789735,0.49
96,01,-8.849628261046861e-06,-8.473066081057311,52.03738375666833,0.7138544017422582,0.18
97,02,-5.771432554432804e-06,6.824847212655203,67.52644709656069,0.8714824445361185,-0.52
98,03,-1.3287096029671374e-05,-5.803373095440609,55.151999684815046,0.6475759961938345,1.03
99,04,-2.2575659647211267e-05,-11.442104777696397,52.015024873095086,0.6293081595102947,0.66
101,06,-2.8837502824555686e-05,-20.989433822292757,61.5306473079814,0.7672273565504287,0.32
102,07,-3.379324687933062e-05,-20.07741719498173,55.40260847481861,0.6694636565998037,-0.97
103,08,-3.0242934917310693e-05,-13.572054321945357,50.633880177582476,0.7321427008105863,-1.65
104,09,-2.5696148892024614e-05,-3.969099077690972,51.22118268649578,0.696313075680203,-1.01
106,11,-1.2423982501220758e-05,8.69252590874566,58.77474638277293,0.8495418824089899,0.36
107,12,-5.659096497726741e-06,10.619382738339004,50.16868590621025,0.841202174976308,-1.38
108,01,-9.400724827868036e-06,23.76198229324177,64.8158600401199,0.8154185586744739,0.72
110,03,-1.4791143874625109e-05,4.141464673442225,71.63935923557511,0.8021229802613616,0.49
111,04,-2.4692344382775542e-05,-22.74501348402235,55.09817502149212,0.6086693189409044,-0.96
112,05,-3.182606770285695e-05,-15.882362545546664,52.83810746537357,0.6065327840825564,0.85
113,06,-2.7714982728361462e-05,-28.63852083367242,47.29024293223089,0.787963741853502,1.93
116,09,-2.5435363158006416e-05,2.907980506727431,49.177534459747214,0.6917857957204183,-1.08
117,10,-1.6347254436593455e-05,7.273599919801116,47.520342997120274,0.740862602603051,0.1
118,11,-1.0307503538792339e-05,7.8851572241889105,46.36847800110711,0.7081493649376763,-1.75
120,01,-5.490775168401608e-06,12.580168148245866,46.32122026583841,0.6960385644974246,-0.31
122,03,-1.7582771425163286e-05,5.919001820882161,61.97907953674307,0.7666241719235656,-0.62
123,04,-2.3728384267512105e-05,-15.711892689005532,62.36782957411343,0.7619601530710854,1.96
124,05,-3.2913617601255e-05,-32.404015432706444,43.15242019264416,0.41460931174985816,-1.85
126,07,-3.3625666249610085e-05,-27.510599928661055,42.19065745926929,0.5743446630662487,0.2
127,08,-3.0036708770112647e-05,-17.0266568734774,43.458151734339296,0.6336386088709678,0.21
128,09,-2.1827326350689368e-05,-6.781363076782227,44.02462579022247,0.6201116107092963,0.59
129,10,-1.9913688146604526e-05,14.103063629806684,48.60193847477949,0.7060558088159049,-0.65
130,11,-1.311930024130561e-05,7.912713109334308,43.72629240063826,0.5709897992451987,0.89
131,12,-7.719866410816296e-06,20.033501539989185,45.286219627095804,0.760264010439637,-1.58
133,02,-1.709957590030951e-05,31.83555304718018,59.52337883048256,0.6681059597560336,-1.68
134,03,-1.7018775953137494e-05,2.372058311872584,47.98838851665681,0.6078018044502504,-1.97
135,04,-2.7999317039636173e-05,-19.276666238742408,46.732171709169286,0.4856501743316651,-0.72
136,05,-3.125298669270236e-05,-34.3688931694441,36.06377147361027,0.4253419031943044,0.74
137,06,-3.068480971400681e-05,-23.63770078192817,52.16888050745726,0.7518713474273683,0.03
138,07,-3.559518055198981e-05,-33.07448882301904,37.832517702871755,0.48145341713197765,-0.79
139,08,-2.897321149455781e-05,-28.290339532667595,47.590817581110095,0.5299162357699487,-0.15
141,10,-1.8407037761653066e-05,10.48773665069252,49.92561818830045,0.6475190929289786,1.22
143,12,-1.0178729378000547e-05,19.264495642221096,49.02194799312469,0.741313444240119,-0.15
144,01,-9.804670876438911e-06,24.167181801416536,38.86062395377826,0.5920816008865194,0.0
145,02,-6.996622216688376e-06,0.507544446309408,46.996895068120395,0.6594038436526344,1.72
146,03,-1.2629808311264428e-05,-0.5304674036169569,53.76618897918476,0.6779174129937285,0.92
147,04,-2.5889148811054637e-05,-18.50936585184733,50.20018549894757,0.5432910179562039,-0.86
148,05,-2.5811937759284265e-05,-33.066711107479634,47.67298183366304,0.6777907446994578,-1.53
150,07,-3.606362330103894e-05,-12.26554677852508,46.37869990175771,0.6136622345216813,-0.51
152,09,-2.1833397036001162e-05,-8.548686426798504,39.4321560544822,0.6042274455176458,-1.37
153,10,-2.004618059737534e-05,2.17344532234438,45.307421456006274,0.6938537020939652,0.18
154,11,-1.4646135411648073e-05,14.444811823866104,60.08639300202131,0.7607454043918185,0.02
155,12,-7.654158530845394e-06,17.942148733159545,42.031411531264894,0.6701996401715022,0.01
156,01,-5.988280283046514e-06,9.900324605634134,41.55076964045469,0.7391515630906629,-0.02
157,02,-7.568776633878318e-06,10.513905402874128,42.596786469010105,0.6980748454126818,-0.03
158,03,-1.6743815379482177e-05,3.675611719931326,56.535387553599556,0.7537755890712943,0.41
159,04,-2.3724830210206465e-05,-12.979907084147134,60.15185276207658,0.687911747233073,0.32
160,05,-3.502280750303383e-05,-18.415903687507882,37.98684394011575,0.40541161912487395,-0.67
161,06,-3.339920427913765e-05,-25.873405965508358,43.36981476617124,0.5821381435394287,2.34
162,07,-3.3542465003026134e-05,-26.574038988010855,46.61348771423679,0.5979461164987215,-1.03
163,08,-3.290884278264643e-05,-13.404264240552024,52.83446418771308,0.6783674054709815,-1.24
164,09,-2.5466491539959356e-05,-1.4094354346381297,48.6797681992597,0.6656476938883462,1.59
165,10,-1.9484351597922247e-05,1.9587082073252686,58.379234332862715,0.6918505046393281,-0.08
167,12,-8.425528942156701e-06,11.411874493342573,45.69198678764476,0.710687043384839,-0.18
168,01,-9.715480358609446e-06,34.39173987899288,57.42208674485646,0.7435397178896012,-1.29
169,02,-8.449411843078754e-06,-1.1622854381742926,41.2482318814184,0.7323262315023513,0.06
170,03,-1.4966802825774622e-05,-6.011914413616221,42.24266758934657,0.5090522961360152,-0.1
172,05,-3.0932743489659034e-05,-26.541132331437964,51.168041845343446,0.5782415237426759,1.49
173,06,-3.281592492067931e-05,-24.277929318237305,46.836056776909025,0.6491131579928928,-0.48
175,08,-3.234485571499712e-05,-11.285276480397874,49.79429166342623,0.65965662880354,-0.63
176,09,-2.2725771390226628e-05,-2.4448908416748045,57.50485973500145,0.8023041222466362,1.18
177,10,-1.798888249350155e-05,2.3637267239478326,43.9463890340828,0.6776582923807124,0.76
178,11,-1.1587640056374466e-05,-1.8295716874864363,52.225245416957804,0.6554577938927545,1.9
179,12,-9.250304196792702e-06,31.236705364924607,64.63241229699248,0.7918248019884992,-0.04
180,01,-8.814763398506955e-06,28.086010490499522,59.814965074129006,0.7457029264716692,-0.24
181,02,-9.681430163471391e-06,-2.9269207930791947,54.97462990093799,0.6523898104713076,1.25
182,03,-1.5868986940443404e-05,12.424105568506382,56.25959003628518,0.7475124271761985,-0.72
183,04,-2.4481364455176743e-05,-15.54007357143826,53.21672202842236,0.6873039249420165,0.4
184,05,-2.8615912740195944e-05,-19.306992470361852,50.8592781971834,0.7416989493011147,0.52
185,06,-3.390126228795352e-05,-22.424498955281575,49.86442946763436,0.6148267804887558,-1.54
186,07,-3.466171150601792e-05,-32.442688338413035,36.16844127948567,0.471899675594863,0.6
187,08,-3.527003988845888e-05,-15.806742182249662,41.714041907468136,0.6527889345640778,0.5
189,10,-1.8016295581522476e-05,4.47270425086893,52.33998963107474,0.7289226303100587,-1.33
190,11,-8.92097842036795e-06,12.752254605102538,55.27824593100681,0.8463350632985434,-0.53
192,01,-1.2804497735976505e-05,25.385474410518523,57.77612080058489,0.769013130639189,-0.09
193,02,-1.271823695051786e-05,20.178666164579848,60.9734689490412,0.7695771319071454,-2.08
194,03,-2.219248033328259e-05,-0.5256330294045062,56.57506640008187,0.5997859655810941,-0.32
196,05,-3.3250014936618425e-05,-29.631465932538433,52.844916530618114,0.6325727252755113,-0.35
198,07,-3.591561413959817e-05,-25.92438248894804,39.340810654867084,0.500560249123522,-0.36
199,08,-3.331847033315239e-05,-31.29434137422295,33.68999910253863,0.4308684326910203,0.06
200,09,-2.6222378082234683e-05,-4.395296908230251,54.09243484116659,0.7176794152577717,0.22
201,10,-1.4566836962311297e-05,5.514771194293934,41.310020164710224,0.7215961416100943,0.69
203,12,-8.991161045966975e-06,-5.598886509064706,48.51484771922968,0.6904451063012563,-0.89
204,01,-7.460320452180465e-06,-0.4728464959257379,45.67560021059616,0.6517847482004473,2.86
205,02,-7.544903639281147e-06,5.38362545916678,55.18347650017959,0.8090819851228561,-0.22
206,03,-1.2827322511164368e-05,-10.990242480862525,51.72073062135199,0.6624436052794098,2.15
207,04,-2.0502408365953464e-05,-21.604367342122394,58.54018084150156,0.6166294084760878,1.24
209,06,-2.8253365109311642e-05,-38.732165323215064,41.61192797080808,0.6266733358171251,-0.33
210,07,-3.142641031134248e-05,-27.054918192217425,49.82263012584947,0.6206146289046092,-1.59
211,08,-2.9903093116464793e-05,-15.358725825155936,42.33743624172287,0.5714169844350507,2.93
213,10,-1.7171301486478214e-05,8.106230379494288,51.02844809201841,0.7336558953972274,0.4
215,12,-8.836182103413613e-06,1.1414017176474303,51.832999992789766,0.728104033603463,-0.19
217,02,-9.97768289436776e-06,28.48145621345157,61.04910012837534,0.778791059085301,-0.87
219,04,-2.201332183204714e-05,-17.60772253417969,50.15108422283994,0.6222039408365886,-2.44
220,05,-3.085946982284968e-05,-22.07697987414944,55.658551038389554,0.6941719493250693,-0.66
221,06,-3.476727682935032e-05,-20.254541469319665,56.16686724849277,0.6510188685946994,1.64
222,07,-3.376502295814329e-05,-20.43258258581674,48.29218798171063,0.6023651400330248,2.61
223,08,-3.064838395117496e-05,-15.397676236060358,39.11490551742816,0.5104240398612073,1.18
224,09,-2.7053925191669103e-05,-10.968042353990342,40.873450344501606,0.6161735351138645,-1.42
225,10,-2.0736059433235615e-05,1.8364669255082322,46.07108195983722,0.6453099249973092,-2.17
226,11,-1.1372840429430654e-05,5.54297788119846,52.451002673839106,0.8336406787872315,1.42
227,12,-9.893875752236308e-06,16.98351939342868,60.12797338394067,0.8134230110004383,0.61
228,01,-1.1099072907757458e-05,24.386054642872143,54.87726956107148,0.706566690711565,0.59
229,02,-7.893391973560764e-06,12.879144769577753,54.623768248409036,0.6531332498732068,-0.56
230,03,-1.582076560769428e-05,4.910139277304372,64.38913835901599,0.8158999442233833,-0.05
232,05,-3.182257207745645e-05,-20.036693252071256,51.31070372274871,0.6138791913678568,0.25
233,06,-3.4082233544055876e-05,-13.138249787733287,60.09514157660935,0.734693268415663,-1.02
234,07,-3.6390916169732936e-05,-13.917790471887077,46.5719772114318,0.7049917125496812,-1.63
235,08,-3.4686337675251e-05,-19.754633603331865,40.27667498864153,0.617704378968926,-2.19
236,09,-2.4247977624205914e-05,0.3736279635959201,55.41774919654528,0.7025377028147378,1.41
237,10,-2.3367591303340108e-05,14.50471792602539,57.49670259841796,0.7994241635312314,-0.49
238,11,-1.186565926222506e-05,4.6568576497395835,50.09492808050447,0.695817248280843,-0.37
239,12,-8.802920268002493e-06,22.454611907630838,51.308709990082264,0.7541032600402832,-0.95
241,02,-1.079772392194216e-05,13.779260249546594,59.85849182345754,0.7323656735647293,-1.71
242,03,-1.3397230129969535e-05,-0.9194605676794566,60.6708199271861,0.7651577397008096,1.68
243,04,-2.54553507465769e-05,-17.42901027967665,53.24983413987689,0.5809090511745877,-0.25
244,05,-3.422614240797327e-05,-20.88572949317194,50.723297991629586,0.6588638867203909,-1.28
245,06,-3.759346314859108e-05,-24.964019442409946,49.104056137108806,0.5561656050364175,0.49
246,07,-3.775679561435789e-05,-20.12216363230059,34.70881050790896,0.5384588477842269,-0.01
247,08,-3.318467006672979e-05,-13.657699137697938,45.50563225292391,0.7109437208688386,-0.39
250,11,-1.3179962080519347e-05,12.654008286878799,52.50058610761298,0.7561134220971003,-0.39
251,12,-1.3700721242369786e-05,27.986750325848984,63.54783165261822,0.7595967111074798,-0.34
252,01,-6.553396535759588e-06,18.42038040095504,45.80448549491872,0.7846040913571595,-1.02
254,03,-1.4517082142339604e-05,-0.5979741453765541,58.83941007500695,0.8120778655595677,-0.92
256,05,-3.550879427684679e-05,-19.147158501081563,47.704144963514416,0.6232741373944026,0.27
257,06,-3.750390542944741e-05,-27.016546727159287,42.780413097916714,0.5791649541642931,-1.14
258,07,-3.168135436499142e-05,-21.668345875401656,51.88578506780696,0.7779165895933747,1.46
261,10,-2.1893689024856883e-05,11.235235126454343,57.40779917159772,0.7329834721472954,1.07
262,11,-1.5146696185204038e-05,20.892512133110895,68.07071139411661,0.7944869282616509,1.91
263,12,-1.1904006665214989e-05,20.81303864280127,63.79751548051194,0.7176606500276956,0.94
264,01,-6.723928980547147e-06,14.384707934964087,53.25762820807451,0.6732578391208444,1.45
265,02,-9.421481274265325e-06,7.153048214503697,61.79020408172125,0.7992697193509057,-0.07
266,03,-1.3063552253355424e-05,-6.242824222359606,58.59238742218351,0.8346674006472352,-0.53
268,05,-3.372209000100225e-05,-25.790908090242777,45.58359570831253,0.5665124677432481,-0.73
269,06,-3.303585196628976e-05,-31.827683939954966,48.06642211600013,0.6896868352678089,-0.58
270,07,-3.6646507612448495e-05,-24.41304970722813,43.035889669943884,0.609202791316535,0.57
272,09,-2.8629883362433853e-05,-3.361749937269423,60.89090815499625,0.7758285717010498,0.45
273,10,-1.872843477780094e-05,15.499699002173642,52.0420637966638,0.7502056204683036,1.32
274,11,-1.4045017091525046e-05,9.019137569173179,50.75557469189433,0.8206311488681369,-2.06
275,12,-9.904081011676856e-06,14.487402564920403,52.82181985401466,0.6670834625408213,0.68
279,04,-2.4829810814864887e-05,-14.182246478949653,49.20558492463959,0.6064626646253799,0.94
280,05,-3.0134792006426703e-05,-17.31557953963741,52.31226475243542,0.6915594408178842,1.3
281,06,-3.5836119472898846e-05,-20.466573669433593,50.7506326838851,0.6739444850497776,-0.43
282,07,-3.594073215623134e-05,-17.96138944137737,48.60045512300026,0.6706292401795746,0.2
283,08,-3.0240783373966385e-05,-12.41071590333344,52.640142950275894,0.6742144519846925,1.22
284,09,-2.726855740998468e-05,-6.606480073716904,41.46046437310777,0.6465029381222195,0.88
286,11,-9.433203981300014e-06,10.082439758300783,57.335292302331666,0.7533690906524658,0.8
288,01,-7.996820467572737e-06,16.024269751435966,52.92226850532075,0.7041166410138531,-0.51
289,02,-9.213011075579354e-06,1.6289639434814458,40.65915042115535,0.44601174649738135,1.55
290,03,-1.4304734281419465e-05,-4.024482163624097,45.80751552796749,0.4610075515008742,-0.36
291,04,-2.383696288773839e-05,-17.2942943037245,47.44735419490735,0.5701265349917942,0.9
293,06,-3.491794925367785e-05,-29.63445593295627,48.58540389312637,0.6205100622389051,-0.77
294,07,-3.637924248004731e-05,-25.786057973554062,44.12265574810709,0.5639495347135811,1.01
295,08,-3.1032737283929096e-05,-31.771135562691633,39.36124998163152,0.5673176327366982,-1.31
296,09,-2.437035215904568e-05,-12.497950702243381,40.21523504180775,0.5334368985493979,-0.13
297,10,-2.1305207502659715e-05,-2.352458050143333,49.86598729915773,0.6066881419356149,-0.62
298,11,-8.746191556262298e-06,13.336127873399521,55.471923015075255,0.747657346555922,1.51
299,12,-8.986315398414586e-06,16.75842543636855,56.42778465677845,0.7093791133921633,-0.94
301,02,-1.1818901434843997e-05,12.780648606925178,58.06078212638148,0.7371907467019968,-0.14
302,03,-1.5225630396960167e-05,1.0669384965794064,50.376974003080406,0.6286395969185776,1.12
303,04,-2.4217375733618005e-05,-11.611916856553819,59.49211039767795,0.6849287313249376,1.04
305,06,-3.421590459786078e-05,-30.121984181382924,54.56608841220009,0.6948014066060384,-1.26
307,08,-3.442271008691844e-05,-10.630728795861687,53.4802156332962,0.7090089703221474,0.55
308,09,-3.09724094837697e-05,1.3779368174235027,41.60773183429904,0.5963927018059625,-0.21
309,10,-1.9737982986943505e-05,10.8786054316695,45.96995730125903,0.6458563955163442,0.55
310,11,-1.219442167142309e-05,8.63346869269477,52.650442458646836,0.8075169110616047,-0.97
311,12,-6.509792311736683e-06,12.651209838210898,41.13814304297201,0.7556278750922091,0.13
312,01,-1.0532949036563073e-05,27.835473567839585,50.62756816835045,0.6568636556645875,-0.36
313,02,-1.0796667724878803e-05,1.9850640389578682,54.967533898224424,0.6938661958603632,0.74
315,04,-2.402455134354872e-05,-12.38321820203993,55.9102142579476,0.5803865731981066,0.17
316,05,-3.3327865934669755e-05,-23.83920729967343,52.369123788558014,0.6124563446455105,-1.49
317,06,-3.715115132452208e-05,-30.632264646063906,50.84424858076307,0.5993636985354953,-0.44
319,08,-3.320200081173924e-05,-14.21000237282374,41.28222914207624,0.5909341664057907,0.0
320,09,-2.545146969718593e-05,-6.704652192857532,39.75358392157654,0.5590018055809869,-0.5
321,10,-1.7187334372416657e-05,10.538457600583316,41.694871458662455,0.5593414502297677,0.48
323,12,-9.12172876785682e-06,14.485518746324761,56.37181309181387,0.7231649466483824,0.94
324,01,-6.5253165958961526e-06,7.280853728591756,43.42763289413273,0.6964808228195354,2.11
325,02,-8.8568046297561e-06,4.634872235616048,55.29220876641359,0.8162552454812186,0.12
327,04,-2.37631702343909e-05,-18.782449027506512,53.65862876264652,0.6540204958173964,-0.11
328,05,-3.370682173148433e-05,-13.439136345319852,55.415879218805216,0.6765318221635718,0.13
329,06,-3.4785863751151034e-05,-27.11431088460287,44.96967633606062,0.5200850902981229,-0.11
331,08,-3.203818718891423e-05,-14.970106861073484,56.166526000266416,0.7095366280258342,1.89
332,09,-2.4569920312832332e-05,-1.9050392035590278,48.50952039943403,0.581430229356554,0.45
338,03,-1.969343553138324e-05,2.858439688077537,50.951221448258686,0.5542246515827793,0.53
339,04,-2.5420359923575438e-05,-23.728481532796227,35.425640993569964,0.4152809864044189,-1.32
340,05,-3.1186685044343005e-05,-23.42358186127037,55.67473245647261,0.6321231530302314,0.42
342,07,-4.0491175616739144e-05,-14.380545316962786,51.51913973191349,0.6446249584074942,-0.2
343,08,-3.430768915528969e-05,-11.902402343421853,46.669440629773256,0.646553179505051,-0.13
344,09,-2.677926907070085e-05,-2.246240928141275,48.58724766878287,0.7133160124460857,-0.53
345,10,-1.4836711174446523e-05,-1.5530790907336818,46.4751422240952,0.701923614009734,-0.16
346,11,-1.4172945336880124e-05,15.984315191311307,55.0159122577058,0.7046124215443929,-0.81
347,12,-9.103623443880553e-06,18.67049515623687,44.72693699303237,0.6842597386760096,0.43
348,01,-9.98381483742544e-06,30.50790186531313,59.32570013750177,0.7874816801830005,0.46
349,02,-9.733829621899499e-06,11.488472740085646,43.235250111784055,0.617157705548166,-0.21
350,03,-2.0140387961912898e-05,4.352542552004578,67.29393991330491,0.734719601292764,-1.76
351,04,-2.446588194630345e-05,-15.287676639472116,50.48518859204715,0.6687994009229871,0.18
353,06,-3.476253857051133e-05,-32.52892781643338,47.80475471985869,0.614883675257365,-0.15
354,07,-3.577182100015043e-05,-18.878891244211506,53.425692884929724,0.656665866605697,1.33
355,08,-3.3834556450724496e-05,-9.036356891591062,49.02626591384924,0.6873497964182208,-0.28
357,10,-1.8222273044254205e-05,6.518695762716314,54.30898137165141,0.7249526161686066,-0.97
358,11,-1.2143508331428165e-05,12.723418456013999,55.05112889809742,0.825160391023424,-0.71
359,12,-6.623100362498576e-06,8.910789440196046,51.189781416840454,0.6488331320977981,0.38
360,01,-6.219402897665034e-06,13.638463789416898,56.756673166043,0.7386991263769006,0.06
361,02,-6.55127283612057e-06,7.2258432279314295,62.426701213981424,0.8361105517886935,0.53
362,03,-1.4006747319585248e-05,0.15545269151913163,60.10794240493287,0.7025409626294208,-0.51
363,04,-2.2896213735516033e-05,-13.763160278998479,44.90089633327524,0.48498084653218587,-0.12
364,05,-3.152253704363203e-05,-24.89160391596312,50.72287625494953,0.5892127600639097,0.38
366,07,-3.995988693131167e-05,-23.939954596078525,46.67216465320125,0.5932403564042943,-1.13
367,08,-3.326769469126164e-05,-18.63527480389995,42.41847231385144,0.5826293396078129,-0.21
369,10,-1.8213049179844e-05,4.716025361748153,49.256211021474606,0.7351699196600144,-0.74
370,11,-1.3997967538165946e-05,28.005924584282763,63.3120259418408,0.7561563105689154,0.82
371,12,-8.896478755051119e-06,9.686923075029926,62.37685010996686,0.773688859754993,0.86
372,01,-6.091251291421628e-06,2.9262350808420488,60.36061479552843,0.8002005400298742,1.23
373,02,-7.65345504045659e-06,5.717629487900508,61.53230691539674,0.840362766038804,1.04
374,03,-1.4227020407356234e-05,-0.1344084672825314,56.345688745778084,0.7215320573622181,-0.4
376,05,-2.827942739082006e-05,-27.387183430333288,51.416537502500645,0.6631700312706732,0.47
377,06,-3.182083758476639e-05,-35.711798379855686,43.71565713060168,0.5540890511406792,-0.55
380,09,-2.3803562745282155e-05,-1.7829848341200085,47.799041656389505,0.723202462302314,0.5
381,10,-1.8914465963579488e-05,8.677334267236855,54.52403665949838,0.6923922203228039,0.33
382,11,-1.1904203317903414e-05,4.708053307088217,64.34552551558414,0.8344782119750976,-0.08
383,12,-7.738160395268594e-06,4.967533013128466,56.59717789244652,0.8155857144017373,0.6
384,01,-4.432973011169315e-06,15.641597058367989,49.85520389962581,0.7540054655997985,-0.24
386,03,-1.235675504704564e-05,-6.3443144091534345,43.386579177287324,0.5508660727059971,-0.98
388,05,-3.0008848766624646e-05,-32.62149781881353,48.67582858574712,0.5843146355331587,-1.08
390,07,-3.7348723895911946e-05,-18.427609645064162,51.34294977803511,0.6786915706101284,2.48
391,08,-3.274760770019843e-05,-10.64563058373236,50.85391145080519,0.7099633308328608,0.24
392,09,-2.5484862159343414e-05,2.648160398695204,48.54894579696125,0.6202911757998997,-0.61
393,10,-1.916051529891168e-05,8.726722329416583,41.10612051369683,0.5575945420624107,-0.27
394,11,-8.12447487300637e-06,7.208228931681314,45.10324230610001,0.701429992167155,0.62
395,12,-1.2744765838047034e-05,29.389911852764826,62.27082245179138,0.7914767973705006,0.53
396,01,-9.557997748420493e-06,23.492998173539362,55.985124487241116,0.6659661495249759,0.57
397,02,-6.941694202459045e-06,2.77444112036694,54.92825397600388,0.6845141228862192,0.34
398,03,-1.1845709033173812e-05,-9.130659757880753,42.53471919810516,0.5974054069108861,-0.47
399,04,-2.412122515035865e-05,-15.116672309705946,65.52592149374486,0.7068757977379695,-0.93
400,05,-3.2719707248821014e-05,-19.41600187732328,54.71462800888861,0.6124644136736471,-0.58
401,06,-3.633841799156573e-05,-15.284035491265191,54.862410076340026,0.687191437657674,-1.42
402,07,-3.9630504535585143e-05,-18.105863085346844,55.33667580591222,0.5855628573920137,-0.56
404,09,-2.780254297756781e-05,-4.337274759928387,47.643611919113,0.6738562953525119,-0.93
406,11,-9.782895505729057e-06,13.286790387301977,48.36725960095062,0.7111550628238256,0.68
407,12,-8.270612005098982e-06,23.135962751162953,68.44660146777348,0.7871684615842758,2.0
409,02,-9.82560560788399e-06,1.2790957768758144,54.799641565576906,0.7582939325514294,1.0
411,04,-2.0434202846445263e-05,-16.983018215264217,45.651346360141694,0.6542446823967828,-1.1
412,05,-2.7662325821888435e-05,-23.158452428017892,56.92952051083376,0.7251711857703425,0.48
413,06,-3.319209287441886e-05,-26.815010833062065,45.349666944320994,0.6919906041463215,0.3
414,07,-3.405638901301333e-05,-27.630988150319745,40.32137145659744,0.6092420989415978,-0.03
415,08,-3.2683108437937644e-05,-17.84199171037572,39.46305893081491,0.5766515417201544,-0.82
416,09,-2.475842662511746e-05,-8.054260448540582,49.65095689521101,0.6528738148583305,0.38
417,10,-1.765674730958508e-05,13.677036990258001,51.31546706972713,0.6837250661952521,0.67
418,11,-1.2026654228591521e-05,13.685960133870443,60.59634180396663,0.8003848901536729,-0.7
419,12,-9.44601224512954e-06,28.97793200421077,55.46996279250422,0.7417389381162581,-0.73
420,01,-8.580053124215514e-06,22.96357862870411,63.49304372530727,0.7983653154680804,1.75
421,02,-1.1990748406116751e-05,26.598223410470148,61.15281964255657,0.6781761727560135,1.1
423,04,-2.3883861623916246e-05,-16.521862002224392,58.86005653639768,0.6785136405097115,-0.66
424,05,-3.2321809314922687e-05,-17.350711201329386,63.11191008513332,0.6571485758955761,-0.49
425,06,-3.645346474101341e-05,-28.120134918891054,43.231891095406475,0.5881563861846926,0.19
426,07,-3.570791800838603e-05,-18.498887496784167,52.862582088247414,0.6470219174046671,1.56
427,08,-3.5946427165531874e-05,-15.756697428713563,51.75170243226714,0.6329949576265069,-0.59
430,11,-1.0089955154782932e-05,6.784489759657117,59.376273723493675,0.7732809034559462,1.77
431,12,-1.0581146033268115e-05,22.95546643394552,54.273882943514856,0.7436095230348649,-0.4
433,02,-8.153189459681882e-06,8.31590086110433,48.93550452213628,0.6187316334588188,-0.37
434,03,-1.5915630637317265e-05,-1.6360386480515998,44.90566300547765,0.6124300711847119,0.39
435,04,-2.4346638547669703e-05,-22.934988667466907,50.17846367060873,0.5820095488230386,-1.49
436,05,-3.070366395367009e-05,-25.76910455847299,53.73915812349191,0.6242730488520797,-2.15
437,06,-3.477750818122634e-05,-31.860220404391814,46.7203716229452,0.5883308154635959,-1.52
438,07,-3.7615658574522775e-05,-25.170489753641114,45.05531850020347,0.5755130044670517,-1.11
439,08,-3.326061218056918e-05,-12.586229408838417,52.3345120203854,0.6391717044871341,0.87
440,09,-2.5603061031688413e-05,-1.6679924726698132,46.654843129608366,0.6096027513292099,1.09
441,10,-1.3186316454061119e-05,-1.463842040031187,51.45971762442205,0.6930619200019426,0.62
442,11,-1.4898132296588707e-05,27.46974549831814,55.57987919455502,0.7604801555633546,-0.4
443,12,-8.385574634596725e-06,33.275967709449034,59.292129598577816,0.8201382914307299,0.08
444,01,-9.004527324929857e-06,20.359526514525058,60.00615774854665,0.7548654516896893,-0.68
445,02,-1.2519085415486441e-05,14.879537966322628,54.698993667597065,0.6743794851193482,-0.54
446,03,-1.4810545610421827e-05,-5.396197126162949,59.004922374092125,0.7097408081382832,-0.23
447,04,-2.7581765115751797e-05,-20.820068422105575,57.557788026644126,0.636205225669013,-0.11
448,05,-3.16294027814815e-05,-19.310568396455505,50.32535560724812,0.6191458486331407,1.05
450,07,-3.758493633006676e-05,-22.269790681900524,47.74635748879372,0.6224200283583774,-0.7
452,09,-2.4645985519115736e-05,-7.889081433783638,37.34792189491059,0.524225977367825,-0.99
453,10,-1.526362983537594e-05,-3.798430909843855,48.34944315867911,0.6597179581426803,1.05
454,11,-1.1750765303218536e-05,10.89123139716254,54.5964946256227,0.707203536605835,-0.06
456,01,-6.416161365773257e-06,12.223324068787278,48.97643718384928,0.6294768250988375,0.17
457,02,-8.18821650381367e-06,12.903916228158135,62.959067062718525,0.7587214859099616,0.67
458,03,-1.5800369091061108e-05,2.527072602630943,59.88884960889175,0.6677468735889723,-1.02
459,04,-2.5679135762624757e-05,-26.331729773288306,46.84454056873057,0.5841366430070666,-1.45
460,05,-2.9667726341906155e-05,-25.198657173730993,56.839670298081565,0.6373602849898801,0.95
461,06,-3.566179110415154e-05,-31.36642959594727,52.944568701901716,0.6336122379302978,-1.43
462,07,-3.888270218750779e-05,-23.176640851420746,56.14024401203919,0.7181722790707824,0.03
463,08,-3.333480648354688e-05,-12.395997953681537,44.035043613662005,0.6615275659868795,-1.57
464,09,-2.5415033401845397e-05,-5.530321179199219,52.86381167994076,0.6659469718509251,0.46
465,10,-2.0550294828412475e-05,15.281469091599986,50.30405073937036,0.7391711337592011,0.3
467,12,-7.748080553331723e-06,20.40142875687794,63.311030514205655,0.8281377038853143,-0.48
468,01,-8.493993727101315e-06,23.796599253992884,55.116003269850566,0.773939332449308,0.44
470,03,-1.3339704251535219e-05,-6.768148279333628,63.03257818707726,0.7746929998910554,-0.81
471,04,-2.4140652476206825e-05,-8.481860700141059,60.03202422682047,0.6661409033033583,0.32
472,05,-3.631899526441482e-05,-17.44638056798135,47.40056218499266,0.5143529167175294,1.69
473,06,-3.447691067930363e-05,-33.33076165534125,39.74884000571834,0.6253157601250542,-0.77
474,07,-3.4126774513620195e-05,-44.31138712696363,36.16823902212164,0.37328913009807624,2.27
476,09,-2.7110998255941223e-05,-4.088550005425346,48.59134079140956,0.6058865221235487,-0.74
477,10,-1.717439320385384e-05,2.0582064438686585,44.893768001867876,0.639095217099754,-1.11
478,11,-1.049799736220949e-05,11.533768935139973,58.11769115721252,0.6753578060574001,1.89
480,01,-8.170035396257738e-06,18.813249751593478,61.34680531404607,0.7528509053055958,-0.09
483,04,-2.786484313502215e-05,-15.88577495863173,41.53150874974462,0.4812803420596652,2.09
485,06,-3.9525050331051005e-05,-23.208365014648436,47.86380608810849,0.5841832686954074,-0.16
486,07,-3.625940142692049e-05,-31.74150496025496,48.734570516079984,0.5832159745411206,-0.69
487,08,-3.404563471354698e-05,-17.337182702177312,41.57153246440298,0.5233138246843891,-2.09
488,09,-2.6543087166161665e-05,-4.24653964674208,45.73786681658825,0.6424437209659153,-0.52
490,11,-1.0039879183467646e-05,10.335369747924807,64.20363267016013,0.7561230901506213,1.45
491,12,-8.260583359534854e-06,25.078029959073632,56.60606037604423,0.7474534945334158,0.84
492,01,-6.012859741277161e-06,22.106840989635838,48.67357203781476,0.7904847107343776,-0.55
493,02,-1.5386156723984276e-05,31.748662168305497,64.97568837541958,0.7392679562185004,-2.69
494,03,-1.9840231885472768e-05,-1.8349693298339842,46.56073982853019,0.5246091230248892,-0.88
495,04,-2.7043378228700023e-05,-24.0670989525689,35.17819720014996,0.3913077477349175,-1.52
496,05,-2.995519203009721e-05,-45.04488896819084,46.51938461271666,0.46418218013804446,-2.37
497,06,-3.546342912159163e-05,-30.903872137790252,54.092656515480414,0.661922571267022,0.58
498,07,-3.552329937512147e-05,-24.55973527871409,49.31133174363516,0.6232217548739526,-2.29
499,08,-3.48960954878191e-05,-17.491402352609946,46.845165995435046,0.5777176292583507,-1.56
500,09,-2.4679065476549213e-05,-6.537764871215822,41.4254565234277,0.5480422061920166,-0.47
501,10,-1.848353834580477e-05,14.114419966174706,59.132486595437086,0.7742676958063597,1.45
502,11,-1.0186800306089735e-05,15.631692754109702,47.969248177954896,0.7008724307590062,-0.11
504,01,-7.860778656987515e-06,14.34612370152627,66.80461903254064,0.8221443897780552,0.31
508,05,-3.230829694098981e-05,-22.4746828918457,60.26473778712485,0.6661243219273064,-1.06
509,06,-3.7502937650666964e-05,-26.38411481492784,47.88007799596918,0.6145602842542861,-0.11
510,07,-3.6336240956178925e-05,-19.074829963273896,48.14752719921964,0.6512409119554747,1.48
511,08,-3.444879628501263e-05,-12.903870650096605,45.419211714576655,0.6586032222214565,-1.4
513,10,-1.864643046111826e-05,14.62936670381279,46.729617401201246,0.7194449672083701,-0.18
514,11,-1.0072340758698473e-05,9.36498726196289,49.88987413275507,0.77442657178243,-0.77
