,target
0,62.58125376701355
1,107.00708317756653
3,98.91896796226501
4,77.33350610733032
5,36.31914162635803
6,84.36125612258911
7,43.01969242095947
8,56.921231508255005
10,131.76934385299683
11,58.65590763092041
12,60.54261493682861
13,70.78502440452576
14,41.5899133682251
15,23.549720764160156
17,142.42091464996338
18,67.59736728668213
19,42.64728355407715
20,107.7690110206604
21,72.95901393890381
23,93.3958797454834
25,133.0828936100006
26,35.788278102874756
28,69.78700375556946
31,61.64737391471863
32,150.74281787872314
34,63.80108118057251
35,43.573694705963135
36,18.835744380950928
37,72.00946402549744
38,35.43097186088562
39,53.242250204086304
41,32.713236570358276
43,59.11188769340515
44,104.26913022994995
45,70.76487922668457
46,83.42955470085144
47,104.55150389671326
48,42.88707685470581
49,81.02017283439636
50,105.42021083831787
51,118.89742398262024
52,40.00491166114807
53,22.25583553314209
56,59.156498670578
57,59.34060025215149
58,63.89762902259827
59,127.76513147354126
60,61.24871587753296
61,62.89697480201721
62,21.789991855621338
63,106.87018704414368
64,54.762237310409546
65,95.44521999359131
66,27.303098917007446
67,147.5589587688446
68,95.18328905105591
69,78.44082713127136
70,57.75411510467529
72,9.736912250518799
73,66.12149095535278
74,78.5594162940979
75,63.01261830329895
78,104.17502427101135
79,48.915464639663696
80,36.53095197677612
81,73.80068945884705
82,100.24923872947693
84,5.396147966384888
85,80.05486178398132
86,64.68825125694275
87,49.02557110786438
88,56.932453870773315
89,53.75952363014221
90,85.93903732299805
91,48.16365933418274
92,94.80732774734497
93,84.64354729652405
95,40.21212434768677
96,35.931448459625244
97,77.72802114486694
98,33.60578918457031
99,69.35014915466309
101,134.5398542881012
102,87.18918299674988
103,66.9906599521637
104,102.30783081054688
106,47.003796100616455
107,138.66146302223206
108,87.70584869384766
110,27.742077589035034
111,71.89129495620728
112,31.23433208465576
113,151.79068851470947
116,79.42021083831787
117,43.99460577964783
118,61.15853786468506
120,59.8443021774292
122,78.43897438049316
123,14.875389337539673
124,67.16671657562256
126,58.18086361885071
127,52.75948238372803
128,78.90591788291931
129,36.57659721374512
130,99.99442100524902
131,62.73529887199402
133,25.981262683868408
134,64.46329927444458
135,35.43364858627319
136,81.75433492660522
137,43.237606048583984
138,43.99504566192627
139,93.28326845169067
141,88.05533337593079
143,65.73154544830322
144,29.07620143890381
145,29.050020217895508
146,46.967238903045654
147,35.415016651153564
148,100.81910800933838
150,22.764347553253174
152,48.3614456653595
153,121.3805501461029
154,44.35604405403137
155,40.05626130104065
156,32.84419345855713
157,89.10991644859314
158,57.617363929748535
159,48.60550785064697
160,52.09975528717041
161,62.71932125091553
162,128.27770042419434
163,66.03445959091187
164,99.88054394721985
165,114.02044343948364
167,79.51586604118347
168,24.723291158676147
169,13.214776277542114
170,50.1136200428009
172,49.03701114654541
173,138.4921417236328
175,149.34324550628662
176,80.44077348709106
177,62.847052574157715
178,142.54706811904907
179,85.40289497375488
180,36.50040102005005
181,94.18527913093567
182,85.7735435962677
183,59.618553161621094
184,51.52622365951538
185,21.875284671783447
186,89.98871898651123
187,147.07339644432068
189,50.59832048416138
190,112.21855115890503
192,78.17547941207886
193,94.79378461837769
194,42.51542043685913
196,64.76006937026978
198,22.496978521347046
199,112.6880235671997
200,18.715614557266235
201,32.25963592529297
203,16.127771615982056
204,60.068604469299316
205,22.461695432662964
206,11.859672546386719
207,57.326932191848755
209,59.759037256240845
210,98.74433755874634
211,48.277573585510254
213,130.48207330703735
215,8.55794882774353
217,28.955554485321045
219,78.28123354911804
220,112.482257604599
221,69.49712204933167
222,54.35530233383179
223,29.832056999206543
224,81.02550506591797
225,56.97358417510986
226,77.3915023803711
227,88.08339476585388
228,20.71983242034912
229,89.45151329040527
230,131.57473421096802
232,136.99862432479858
233,77.72835302352905
234,67.5933165550232
235,154.75264143943787
236,178.64887976646423
237,92.01937747001648
238,78.07752561569214
239,91.57960391044617
241,87.33539247512817
242,65.29687428474426
243,63.86414575576782
244,86.7335524559021
245,54.39849805831909
246,99.36693954467773
247,83.68352055549622
250,142.15608167648315
251,47.351823568344116
252,98.67708921432495
254,76.35283160209656
256,55.01609134674072
257,102.94842576980591
258,51.30303931236267
261,131.4802393913269
262,86.34993147850037
263,85.52192997932434
264,83.6603274345398
265,86.2628161907196
266,95.43563151359558
268,56.74857974052429
269,87.7753267288208
270,107.7295401096344
272,73.23751926422119
273,85.68967199325562
274,73.46089029312134
275,67.26308727264404
279,64.66420650482178
280,77.7912917137146
281,94.12360286712646
282,146.93423414230347
283,57.52717709541321
284,87.43804001808167
286,93.86429786682129
288,23.336631298065186
289,22.1645565032959
290,51.56433296203613
291,85.30281352996826
293,76.22430467605591
294,22.521544456481934
295,46.90879726409912
296,74.57617855072021
297,56.468339920043945
298,90.1946873664856
299,107.22431802749634
301,47.67586803436279
302,45.28127717971802
303,37.014437675476074
305,104.08150887489319
307,68.27244329452515
308,55.872933864593506
309,66.66378116607666
310,54.07814908027649
311,53.984177112579346
312,50.05322074890137
313,63.6138596534729
315,76.4442777633667
316,55.748387813568115
317,109.44811034202576
319,79.9967360496521
320,58.746543884277344
321,66.79116821289062
323,18.287110328674316
324,57.903024673461914
325,63.244534492492676
327,97.34957218170166
328,34.651726484298706
329,25.724807262420654
331,31.076144695281982
332,104.8823778629303
338,1.6051898002624512
339,116.55266427993774
340,100.40370607376099
342,52.89487075805664
343,74.65286588668823
344,38.23624563217163
345,63.65782594680786
346,75.82493901252747
347,98.90966415405273
348,39.91739559173584
349,110.58221864700317
350,37.05441331863403
351,58.6919801235199
353,105.99103903770447
354,114.81742095947266
355,79.74637937545776
357,87.03951120376587
358,32.103607177734375
359,59.60752511024475
360,62.01654672622681
361,55.8788948059082
362,23.97039556503296
363,51.12992525100708
364,75.43589448928833
366,46.274324893951416
367,40.19728755950928
369,119.02290868759155
370,98.37137460708618
371,49.821874141693115
372,91.62952327728271
373,56.222103118896484
374,27.15949821472168
376,33.73767280578613
377,68.74052047729492
380,76.19713640213013
381,80.79510045051575
382,51.991679430007935
383,71.90442681312561
384,54.225329875946045
386,17.25916814804077
388,94.74681329727173
390,128.73549723625183
391,68.3792371749878
392,69.30626606941223
393,17.076764583587646
394,135.77323961257935
395,90.29691076278687
396,25.181623220443726
397,29.57355237007141
398,93.77713108062744
399,68.41745948791504
400,122.0042052268982
401,133.29841899871826
402,90.66671252250671
404,131.10860514640808
406,126.01667380332947
407,56.091444969177246
409,46.14034557342529
411,89.41290044784546
412,63.59688186645508
413,58.30738687515259
414,40.892261028289795
415,81.32235813140869
416,135.23726177215576
417,95.3849720954895
418,74.25229167938232
419,90.50502729415894
420,81.80759859085083
421,34.10970735549927
423,111.14941215515137
424,53.205344676971436
425,91.65657234191895
426,126.34322667121887
427,25.215217113494873
430,89.71414184570312
431,107.20374536514282
433,61.79024076461792
434,27.186142444610596
435,61.485331535339355
436,35.5678129196167
437,95.02099466323853
438,123.28978443145752
439,98.359215259552
440,34.89073657989502
441,119.42508697509766
442,54.18260717391968
443,107.9379734992981
444,72.69394779205322
445,69.4955415725708
446,67.43884038925171
447,61.365638256073
448,113.14722728729248
450,57.580533027648926
452,57.946226596832275
453,75.84917688369751
454,19.911759853363037
456,67.99254751205444
457,58.12478494644165
458,30.59126615524292
459,37.424317359924316
460,63.719133377075195
461,125.55045461654663
462,75.39064645767212
463,131.7170844078064
464,63.67462873458862
465,71.56626224517822
467,94.42302966117859
468,28.985047340393066
470,102.50590419769287
471,48.21310758590698
472,26.889825344085693
473,19.791842460632324
474,94.60595369338989
476,34.76789951324463
477,34.97020101547241
478,89.45121669769287
480,53.84524393081665
483,39.454394817352295
485,49.36154794692993
486,76.33737087249756
487,112.17082786560059
488,119.96327877044678
490,84.95069599151611
491,60.42203378677368
492,131.38312101364136
493,49.32469892501831
494,24.384860515594482
495,17.802208423614502
496,67.27775382995605
497,73.53353977203369
498,91.37486410140991
499,61.862966537475586
500,137.80672430992126
501,45.380624771118164
502,109.63903760910034
504,60.75168180465698
508,106.48373031616211
509,97.35786199569702
510,99.27522611618042
511,33.61188364028931
513,67.49459075927734
514,69.24348545074463
