,month,MER,MSSHF,RH,SH,t2m
0,01,-7.186377549426466e-06,5.464709561255669,62.6901256937955,0.00035855482704265606,271.0374221375988
1,02,-7.399999772068052e-06,2.729709174746558,52.295623941567676,0.0003947880218570064,272.4365299592699
2,03,-1.408509512223264e-05,7.08405715679866,62.090667984242096,0.00044260006009506144,277.5071083010602
3,04,-2.191347909663616e-05,-15.59233038906521,62.41300571294825,0.00044040625960559647,280.35185083779226
4,05,-2.839083756912113e-05,-16.16055940262989,64.02205650719006,0.0007071434940667084,284.1894770028719
5,06,-3.330413338050373e-05,-22.16353809509278,52.028707694198026,0.0009014931640296304,287.5916414632162
7,08,-2.8487004876296853e-05,-12.56110269165039,50.14281140049425,0.0009515669327950404,288.49456290886997
8,09,-2.3132900744369383e-05,-4.023202255249023,42.3501046719922,0.0009334240310760934,287.08609388970274
9,10,-1.6345863611966567e-05,2.642213581372333,56.92965585534547,0.0009355248356116273,284.1524093375258
10,11,-1.1569333000928361e-05,13.890767045423724,49.679388139549886,0.0005703534181247354,279.5115746341281
11,12,-1.207531024335357e-05,24.691616260159407,64.98245628347064,0.000536514795466784,278.9589235103156
12,01,-5.795284385228985e-06,8.867661568262244,49.01821534482766,0.0002899667802897751,273.9435328466764
13,02,-7.359469057738698e-06,6.865867059466484,53.581606617508264,0.0004711822304191866,277.9200598216879
14,03,-1.4070489600584629e-05,-6.186828353717764,55.02083505403355,0.00038754746073307194,277.7412255432786
15,04,-2.282624180893941e-05,-17.872287172783746,48.97103869282801,0.0003994695938296395,280.6358343542311
16,05,-2.9285246377967465e-05,-30.998830406271004,47.47244699586335,0.0004922136487145694,284.48860593045146
17,06,-3.014735746900341e-05,-26.066622504679362,62.37913317463399,0.0008849550965466025,287.3835177541096
19,08,-3.1051088017916934e-05,-11.540256553403795,47.008779259716306,0.00108178564986637,289.8567247478526
20,09,-2.365392635981859e-05,-3.0327022542317708,42.946886476458445,0.0009669164780382541,288.5418778632271
21,10,-2.1172643707369163e-05,7.590982919672484,58.4636376896443,0.0007849959412277741,282.9430969840429
23,12,-7.873070872231058e-06,26.063403682913826,61.380955716897084,0.0005165828911668244,277.40736817940336
24,01,-7.860688640385075e-06,20.899533713063885,47.875411116570554,0.000374949257934248,276.2877688055551
25,02,-8.991757432514056e-06,2.888394768487839,50.11619150138895,0.0003669208622193323,274.87796189149225
26,03,-1.2076194787720939e-05,11.89821663673975,73.37905685201383,0.0006871956544953496,280.6608627738133
27,04,-2.2320882245185202e-05,-19.334173597547743,50.02077896680037,0.0005069280005498918,280.8875384987725
28,05,-3.0310256707952082e-05,-17.47440350473055,59.34436809112436,0.0007153930285222947,285.6955955049248
30,07,-3.173775886429094e-05,-20.80200322239373,49.75860673643311,0.001004735188951267,289.0546993070213
31,08,-2.8741253340065727e-05,-19.03508228654759,42.77699926753197,0.0010760535270361797,289.5996995383643
32,09,-2.269007780640903e-05,-3.5648343312581385,46.85175361700852,0.0008672290949221253,288.2523063490126
33,10,-2.174942796122078e-05,9.781940688922843,60.93410625634399,0.0006867919335684071,282.36856040909464
34,11,-1.4328458308167076e-05,19.586548003133142,54.57233108670976,0.0006729366678450485,280.54755887637674
35,12,-7.687594037497059e-06,8.885675470167591,67.75924336626196,0.0004129887476064696,273.28184220705754
36,01,-5.276928763964617e-06,11.574925520045783,58.01885871766587,0.00046975674859519613,274.71989871035333
37,02,-7.864293709969517e-06,5.468580898829869,51.56958197040644,0.000443328927262103,276.0330576188678
39,04,-2.3437909088230905e-05,-21.874123499891493,46.11000325809585,0.0004928932368082314,280.3653982337103
40,05,-2.9170486620455693e-05,-20.4214844770534,47.92201473479629,0.00055373141337474,285.1203722468551
41,06,-3.17826830204164e-05,-27.949367026435006,48.16991035015053,0.0008103595633521967,288.8242188401964
42,07,-3.416977696542745e-05,-21.999847670688425,39.2781192299025,0.0009021180810537498,291.04000476303924
43,08,-3.1963929242763654e-05,-15.790871219429917,46.55304641459066,0.0009689928345582772,290.1174927072832
44,09,-2.1331834113273846e-05,-6.238656323920356,43.43915766518911,0.0009065412273818056,288.8515710662842
46,11,-1.519573135911843e-05,20.401449884033198,56.70156626680825,0.0006367408295191699,281.542423581526
47,12,-1.0313162028783104e-05,17.753608460457098,55.75187243828721,0.0004811068228571663,277.1484120603172
48,01,-1.1369238679367056e-05,31.70380508160335,51.86229076744793,0.0005065474144361389,279.3915269172832
49,02,-1.1685804688698098e-05,2.732715975443522,46.129101684696614,0.00024583032542684335,274.1075286789849
50,03,-1.3839232150540515e-05,-0.5926843497983868,57.115805566785156,0.00048506053711077566,278.44128489291285
53,06,-3.6603149109497395e-05,-25.008415187242296,46.266101067479454,0.0008680787925681217,288.4321055046929
54,07,-3.282222612492611e-05,-33.091220865229126,44.1499227373741,0.0011865903298230965,291.918114544284
55,08,-2.6941880611302234e-05,-27.08358682743196,31.77761535606461,0.0007854492272301715,290.7689338021227
56,09,-2.725831751290065e-05,0.9693071214463977,44.86737590899468,0.0008300272881937013,287.3565667371962
57,10,-2.1395454446465794e-05,12.186390243366201,47.91972020449689,0.000809845710132114,284.1974871086613
58,11,-9.367185011372688e-06,10.117007967122396,41.05919099200301,0.0005637446514673988,280.0425614195929
59,12,-8.522425015388596e-06,21.808005747805364,57.410435429080856,0.0005939787194328425,277.4857788941578
60,01,-1.1848107099418698e-05,28.771229348787696,56.9102486772409,0.0003542191671304773,276.7842754120365
61,02,-9.682757584759485e-06,6.4267875001403105,47.08914505602986,0.0003115679466334117,275.46569391803087
62,03,-1.3818876191033916e-05,-6.2181760956138685,56.610379949503034,0.00032761467128058087,277.09370695126444
63,04,-2.3066575134180317e-05,-21.124448284233942,53.13685258980724,0.00045012077381442295,280.480126296997
64,05,-2.301351515928619e-05,-21.276121071107926,61.30564291210714,0.00067266253149976,282.87292314492504
65,06,-3.0384449369921637e-05,-25.249517172580298,53.14751710217263,0.0009127790745715982,286.0332354305691
66,07,-3.052118788760435e-05,-16.333257173927887,51.58020934386151,0.001033779662579662,288.32212674803367
67,08,-2.8069958612225798e-05,-17.017802792784988,42.472240740586344,0.0008598136095184325,290.61531108601883
68,09,-2.2138291550658728e-05,-0.809648367987739,66.94727416271104,0.0010072270758296226,286.73494841105145
69,10,-1.5594664512004833e-05,12.420039781796033,52.5519555827328,0.0008134660352591524,284.94581760332665
70,11,-1.2000811908506469e-05,17.20852971835666,62.11537896577253,0.000733812687942615,281.5467750801086
71,12,-7.343828446024142e-06,12.754345215500043,59.86620702467682,0.0005638061713049892,277.9717317575434
72,01,-6.201572312694294e-06,7.789162023728894,59.71689801232405,0.00032037616245556873,270.81246475709895
74,03,-1.1304150707112197e-05,-2.56875498781922,68.34861116093205,0.00041982346533168605,276.80950123838204
75,04,-2.3272295822324753e-05,-10.486857863362628,59.37646033687326,0.0005507065881250634,281.0197640380859
76,05,-2.800802443084893e-05,-16.149492612120927,55.7763452255995,0.0007271333313690247,285.3065335752425
77,06,-3.090711121482552e-05,-17.990251360066733,61.34983533646531,0.0007727630264536654,286.164952170478
79,08,-3.3271033724499884e-05,-4.3656862228557625,49.79625837316948,0.0009632387406820798,288.7357638382451
80,09,-2.244669017984254e-05,-3.3109654418945316,48.444472670045165,0.0010995125499796714,287.42453148261177
81,10,-1.5745955748394817e-05,1.4800897167574978,41.847355274659336,0.0007476628478483084,283.8836659237441
82,11,-1.5779393952086846e-05,2.730464919026692,53.6031213278585,0.00036442432660848377,276.48227231207954
83,12,-6.748697063030508e-06,22.216181771555252,62.92255071562849,0.0006171308285160469,278.89900289527316
84,01,-1.0488508364736625e-05,25.802121266682942,67.17732922877546,0.00041564420438127206,275.801350984922
85,02,-9.105866422227595e-06,-15.737989101954868,41.279925076501705,0.00019560193471323016,269.8368100568681
87,04,-1.9242588071877733e-05,-14.953707265557181,61.57429541588492,0.00039568850197150223,278.83615111126363
89,06,-3.5890827366468634e-05,-24.274000357055662,43.53411597645681,0.0008331960368823792,288.4358594709608
90,07,-3.000731417455182e-05,-30.125119514383297,48.19723509739805,0.0010106809674292967,289.44563059620185
91,08,-3.1366839325049225e-05,-20.726613564768147,49.22354232249208,0.0009093863952855494,288.36188031465264
92,09,-2.1116000810717296e-05,-5.870355172729491,52.886519872754164,0.0010170114291461383,284.9466449978299
93,10,-1.7202233669146365e-05,6.4104873591597356,48.62927366667281,0.0008042660296969873,284.73838183753725
94,11,-1.2770530823662637e-05,20.62896745435927,57.76803370095226,0.000712386935210562,281.3988308635288
95,12,-1.128779906788603e-05,28.043287035542146,58.52688881322774,0.0005160226476652414,278.653770938135
97,02,-5.771432554432804e-06,6.824847212655203,67.52644709656069,0.0005444937176130874,275.3062230299087
98,03,-1.3287096029671374e-05,-5.803373095440609,55.151999684815046,0.00038326355497387356,275.18381564716617
99,04,-2.2575659647211267e-05,-11.442104777696397,52.015024873095086,0.0005509123427555208,282.7985634870741
100,05,-2.791426425801057e-05,-28.103053294192083,60.924986691195485,0.0006231550341834262,282.72152383422844
101,06,-2.8837502824555686e-05,-20.989433822292757,61.5306473079814,0.0008995023713432398,286.23068305765787
104,09,-2.5696148892024614e-05,-3.969099077690972,51.22118268649578,0.001026891966428189,287.79776992187493
105,10,-1.9746457593286597e-05,13.28605210072507,59.41998880579267,0.0008929555590629677,284.1081416557065
107,12,-5.659096497726741e-06,10.619382738339004,50.16868590621025,0.0006231452756041871,277.7222096857871
108,01,-9.400724827868036e-06,23.76198229324177,64.8158600401199,0.0005186993550770137,279.10735159379686
109,02,-1.553154618433063e-05,17.196350676788683,61.10995617006565,0.00036645799898507564,277.7702740127738
111,04,-2.4692344382775542e-05,-22.74501348402235,55.09817502149212,0.0005172340481790242,281.1784597961426
112,05,-3.182606770285695e-05,-15.882362545546664,52.83810746537357,0.0007443033780645266,286.42319685117656
114,07,-3.385038605679304e-05,-9.511822006717805,59.07058047961163,0.001171458948932473,288.8184828294324
115,08,-3.211179117533902e-05,-13.866469908683532,47.473473327189375,0.0010266525363930598,289.36880185199044
117,10,-1.6347254436593455e-05,7.273599919801116,47.520342997120274,0.0007721173569709835,284.2524626317998
118,11,-1.0307503538792339e-05,7.8851572241889105,46.36847800110711,0.000563931326113359,279.7681574443817
119,12,-7.866494279115095e-06,20.208327730240367,52.71666673100892,0.00053423904773601,280.1574802909768
120,01,-5.490775168401608e-06,12.580168148245866,46.32122026583841,0.0005023698754026696,278.0433618807229
121,02,-1.1993180484209699e-05,15.243881237211681,52.799659086113884,0.00042497837058714,278.5967229493005
122,03,-1.7582771425163286e-05,5.919001820882161,61.97907953674307,0.0005982449319345967,280.92673047006264
123,04,-2.3728384267512105e-05,-15.711892689005532,62.36782957411343,0.0005368266940982721,279.7644985144721
124,05,-3.2913617601255e-05,-32.404015432706444,43.15242019264416,0.0005949903542140838,286.4839753660796
125,06,-3.3498540398290464e-05,-35.047065074327264,55.710710440916486,0.0008175972156450774,288.0712565836589
126,07,-3.3625666249610085e-05,-27.510599928661055,42.19065745926929,0.000971569565642772,290.43235706386776
127,08,-3.0036708770112647e-05,-17.0266568734774,43.458151734339296,0.0009896705504082786,290.0662455388552
128,09,-2.1827326350689368e-05,-6.781363076782227,44.02462579022247,0.0009320243816883804,288.6776379201254
129,10,-1.9913688146604526e-05,14.103063629806684,48.60193847477949,0.0008421332443241979,285.642628944643
130,11,-1.311930024130561e-05,7.912713109334308,43.72629240063826,0.0004454905331929088,279.22501226437885
131,12,-7.719866410816296e-06,20.033501539989185,45.286219627095804,0.00047829752353097696,278.14191156752395
132,01,-9.708490018202875e-06,23.531725362798216,54.619796854420386,0.0005105691684948654,278.84542206019734
133,02,-1.709957590030951e-05,31.83555304718018,59.52337883048256,0.0005475542892947997,280.50749825822743
134,03,-1.7018775953137494e-05,2.372058311872584,47.98838851665681,0.00048062062612102977,281.1010017314214
135,04,-2.7999317039636173e-05,-19.276666238742408,46.732171709169286,0.00037736529698403654,281.5536805019803
136,05,-3.125298669270236e-05,-34.3688931694441,36.06377147361027,0.00042185220914118,286.42458363949356
137,06,-3.068480971400681e-05,-23.63770078192817,52.16888050745726,0.0008391077614164817,287.6530416948106
138,07,-3.559518055198981e-05,-33.07448882301904,37.832517702871755,0.000870340643866736,289.3471467754405
139,08,-2.897321149455781e-05,-28.290339532667595,47.590817581110095,0.0010727420896216627,291.14238770975095
140,09,-2.7407515947157255e-05,-3.6402964202880854,48.108384553693405,0.0008673468175783354,286.55917945963546
141,10,-1.8407037761653066e-05,10.48773665069252,49.92561818830045,0.0007825079715910818,285.16074951352357
142,11,-1.0645134954231454e-05,8.876481322224937,54.38112868225972,0.0004970781178460824,279.7035436231401
143,12,-1.0178729378000547e-05,19.264495642221096,49.02194799312469,0.0004455819003796224,277.58139236323046
144,01,-9.804670876438911e-06,24.167181801416536,38.86062395377826,0.00029198987653266507,276.4995654494993
145,02,-6.996622216688376e-06,0.507544446309408,46.996895068120395,0.000305701507385693,272.81969927006674
146,03,-1.2629808311264428e-05,-0.5304674036169569,53.76618897918476,0.0005727407951866191,280.96131813873785
147,04,-2.5889148811054637e-05,-18.50936585184733,50.20018549894757,0.00041218083241272116,281.06129239251874
148,05,-2.5811937759284265e-05,-33.066711107479634,47.67298183366304,0.0005622225995608382,282.56432028493566
149,06,-2.987989489524302e-05,-20.686577268473304,57.62339900992447,0.0007455840776351881,285.44453116149896
150,07,-3.606362330103894e-05,-12.26554677852508,46.37869990175771,0.0011091873102282322,291.0611541531471
153,10,-2.004618059737534e-05,2.17344532234438,45.307421456006274,0.0006820325499599374,283.64651159085514
154,11,-1.4646135411648073e-05,14.444811823866104,60.08639300202131,0.0006339337644810405,279.0964361319648
155,12,-7.654158530845394e-06,17.942148733159545,42.031411531264894,0.00046165224257053707,277.4903090515137
156,01,-5.988280283046514e-06,9.900324605634134,41.55076964045469,0.000437638549289248,276.29669176196023
157,02,-7.568776633878318e-06,10.513905402874128,42.596786469010105,0.00039763415424268303,278.02707910182556
159,04,-2.3724830210206465e-05,-12.979907084147134,60.15185276207658,0.000579528459085648,281.38050007290315
160,05,-3.502280750303383e-05,-18.415903687507882,37.98684394011575,0.0005439886107167655,287.68378568587764
161,06,-3.339920427913765e-05,-25.873405965508358,43.36981476617124,0.0008486856836498394,289.51187445407453
162,07,-3.3542465003026134e-05,-26.574038988010855,46.61348771423679,0.0011160113274397768,290.8302553724063
163,08,-3.290884278264643e-05,-13.404264240552024,52.83446418771308,0.0012228114123283905,290.5360282891386
165,10,-1.9484351597922247e-05,1.9587082073252686,58.379234332862715,0.0005589232049004094,281.5607008762565
166,11,-1.321692710625939e-05,23.694389510769323,50.96693710040848,0.0005697992317844588,281.2424108364529
167,12,-8.425528942156701e-06,11.411874493342573,45.69198678764476,0.00046205227275860006,277.1291988499139
168,01,-9.715480358609446e-06,34.39173987899288,57.42208674485646,0.0005887621752377449,278.0689588641915
169,02,-8.449411843078754e-06,-1.1622854381742926,41.2482318814184,0.00038359931115603885,276.05196190389
170,03,-1.4966802825774622e-05,-6.011914413616221,42.24266758934657,0.0004124762266675568,278.6799079442178
171,04,-2.191761210872048e-05,-4.539731902737087,59.59964808656376,0.000576000432182122,283.3900037384034
172,05,-3.0932743489659034e-05,-26.541132331437964,51.168041845343446,0.0007194121543284234,286.5305111710743
173,06,-3.281592492067931e-05,-24.277929318237305,46.836056776909025,0.0009091609778879503,288.3121968231201
174,07,-3.3366269429406925e-05,-23.52127023184171,53.23872095220833,0.0009773544866860003,288.9670793329055
175,08,-3.234485571499712e-05,-11.285276480397874,49.79429166342623,0.0010167660779612973,288.38119730434624
178,11,-1.1587640056374466e-05,-1.8295716874864363,52.225245416957804,0.00047988380124447253,275.9691254242791
179,12,-9.250304196792702e-06,31.236705364924607,64.63241229699248,0.0004956924168822877,278.55954070281985
180,01,-8.814763398506955e-06,28.086010490499522,59.814965074129006,0.0004701822597394422,278.4522831625169
182,03,-1.5868986940443404e-05,12.424105568506382,56.25959003628518,0.0005810495797577411,280.1386115247255
184,05,-2.8615912740195944e-05,-19.306992470361852,50.8592781971834,0.0006858745914348111,284.95634343137016
185,06,-3.390126228795352e-05,-22.424498955281575,49.86442946763436,0.0010699702445989207,287.7325351216634
187,08,-3.527003988845888e-05,-15.806742182249662,41.714041907468136,0.0008680270261172562,290.50995685306685
189,10,-1.8016295581522476e-05,4.47270425086893,52.33998963107474,0.0007590626369145407,282.91257732530823
190,11,-8.92097842036795e-06,12.752254605102538,55.27824593100681,0.0008178240753429337,283.18030227940875
191,12,-1.093666692604627e-05,22.757288210632986,53.902280609893545,0.0005556525008313002,279.09193974574924
192,01,-1.2804497735976505e-05,25.385474410518523,57.77612080058489,0.00045759688101936,277.2651151844968
193,02,-1.271823695051786e-05,20.178666164579848,60.9734689490412,0.00048809193327531924,279.69789509668806
194,03,-2.219248033328259e-05,-0.5256330294045062,56.57506640008187,0.00037265990637394303,278.52115150119414
195,04,-2.3056703787511248e-05,-15.611610607231992,48.9374839578549,0.0005232466899471546,281.70371436835387
197,06,-3.44918315846169e-05,-24.446217814466692,49.08188772321145,0.0007471122926498033,287.09207231580945
198,07,-3.591561413959817e-05,-25.92438248894804,39.340810654867084,0.001035028367159925,292.21608878154143
199,08,-3.331847033315239e-05,-31.29434137422295,33.68999910253863,0.0008271361476220967,292.1374796096639
200,09,-2.6222378082234683e-05,-4.395296908230251,54.09243484116659,0.0008676720050675714,287.4659033938938
201,10,-1.4566836962311297e-05,5.514771194293934,41.310020164710224,0.0008753650264261328,286.1660483907064
203,12,-8.991161045966975e-06,-5.598886509064706,48.51484771922968,0.00039905608716880105,272.8523069154063
204,01,-7.460320452180465e-06,-0.4728464959257379,45.67560021059616,0.00044037663110958085,273.0739127290787
205,02,-7.544903639281147e-06,5.38362545916678,55.18347650017959,0.00031412921131322426,273.61455346710375
206,03,-1.2827322511164368e-05,-10.990242480862525,51.72073062135199,0.0004322530456430366,275.89573825737733
207,04,-2.0502408365953464e-05,-21.604367342122394,58.54018084150156,0.0005573882549563778,281.5059792378743
208,05,-2.4253428110207234e-05,-26.022296560964275,51.92535755428705,0.0006685273422467372,283.0404211406093
209,06,-2.8253365109311642e-05,-38.732165323215064,41.61192797080808,0.0007725716853643563,287.7120379621718
210,07,-3.142641031134248e-05,-27.054918192217425,49.82263012584947,0.0009566610893040974,288.9736008786437
211,08,-2.9903093116464793e-05,-15.358725825155936,42.33743624172287,0.0008052989171323801,290.26938906532206
212,09,-2.534073391895315e-05,-7.00570699428982,43.673043699496326,0.0007056351989302735,286.062809048801
214,11,-1.4551765714713837e-05,14.46901237657335,58.72207561985916,0.0004943569559801082,279.4499412578582
215,12,-8.836182103413613e-06,1.1414017176474303,51.832999992789766,0.000456995769084828,274.0792455669526
217,02,-9.97768289436776e-06,28.48145621345157,61.04910012837534,0.0005305327026612487,278.9320034816378
220,05,-3.085946982284968e-05,-22.07697987414944,55.658551038389554,0.000691181856834612,285.1017764521773
221,06,-3.476727682935032e-05,-20.254541469319665,56.16686724849277,0.0008864397704303581,288.2355316602919
222,07,-3.376502295814329e-05,-20.43258258581674,48.29218798171063,0.0008547632643424363,290.03099838158397
223,08,-3.064838395117496e-05,-15.397676236060358,39.11490551742816,0.0010386910332973625,293.2227237929478
224,09,-2.7053925191669103e-05,-10.968042353990342,40.873450344501606,0.0009289264848881631,287.54944601949063
225,10,-2.0736059433235615e-05,1.8364669255082322,46.07108195983722,0.0007064217952702141,283.2611740620521
226,11,-1.1372840429430654e-05,5.54297788119846,52.451002673839106,0.000528491018474924,279.9875980561574
228,01,-1.1099072907757458e-05,24.386054642872143,54.87726956107148,0.00045592296519506595,277.9622745796942
229,02,-7.893391973560764e-06,12.879144769577753,54.623768248409036,0.000624683462594898,279.23413331127165
230,03,-1.582076560769428e-05,4.910139277304372,64.38913835901599,0.0006810213565312239,280.3343201620861
231,04,-2.2395207648413717e-05,-10.670934447903104,67.35853829729425,0.0005132326088525791,281.88296789105726
232,05,-3.182257207745645e-05,-20.036693252071256,51.31070372274871,0.0007038634061112829,286.9770894601474
233,06,-3.4082233544055876e-05,-13.138249787733287,60.09514157660935,0.001018815234679136,288.37100996331105
234,07,-3.6390916169732936e-05,-13.917790471887077,46.5719772114318,0.0009119439115554566,288.9995175761561
235,08,-3.4686337675251e-05,-19.754633603331865,40.27667498864153,0.0009149996268527415,289.45330056729875
236,09,-2.4247977624205914e-05,0.3736279635959201,55.41774919654528,0.0010404470592029612,288.04718676249183
237,10,-2.3367591303340108e-05,14.50471792602539,57.49670259841796,0.0007692835288216944,283.2419490077521
238,11,-1.186565926222506e-05,4.6568576497395835,50.09492808050447,0.0004236663616776847,277.3990418517218
240,01,-9.430198710966792e-06,24.63400003675235,61.44896206574927,0.0005411838983149154,278.42221806261614
241,02,-1.079772392194216e-05,13.779260249546594,59.85849182345754,0.0004247924906180526,276.5846275064377
243,04,-2.54553507465769e-05,-17.42901027967665,53.24983413987689,0.00045097119342235603,282.47727725253634
244,05,-3.422614240797327e-05,-20.88572949317194,50.723297991629586,0.0007112033766742989,286.46426943280625
245,06,-3.759346314859108e-05,-24.964019442409946,49.104056137108806,0.0007349941236675172,287.621155009969
246,07,-3.775679561435789e-05,-20.12216363230059,34.70881050790896,0.0008227019134094047,291.3305993268413
247,08,-3.318467006672979e-05,-13.657699137697938,45.50563225292391,0.0009116657846986517,290.35377914166196
249,10,-2.1588807777500546e-05,5.981483147405809,48.24640764357326,0.0006945507025795002,284.0889761727855
250,11,-1.3179962080519347e-05,12.654008286878799,52.50058610761298,0.0005313356323464177,280.36134305237664
251,12,-1.3700721242369786e-05,27.986750325848984,63.54783165261822,0.0004460608781439875,278.27631423343126
252,01,-6.553396535759588e-06,18.42038040095504,45.80448549491872,0.0004392718665100694,277.79516857783
253,02,-1.2230161100386137e-05,18.65321454909752,54.35344561065067,0.0004498816253623835,278.9918639561445
255,04,-2.355722367422762e-05,-12.813957029554578,60.681698268123455,0.0005945271223715785,282.30091152648924
256,05,-3.550879427684679e-05,-19.147158501081563,47.704144963514416,0.0006344104929724587,286.87483983849967
257,06,-3.750390542944741e-05,-27.016546727159287,42.780413097916714,0.0008396627575370277,288.429064964803
258,07,-3.168135436499142e-05,-21.668345875401656,51.88578506780696,0.0008486174719188665,288.20182105771954
260,09,-2.4486756719630248e-05,-2.020394458007812,56.817002186003,0.0011746618843225302,288.9522197736953
261,10,-2.1893689024856883e-05,11.235235126454343,57.40779917159772,0.000834898857871064,284.6498967747843
262,11,-1.5146696185204038e-05,20.892512133110895,68.07071139411661,0.0005471246481323154,281.02643124508324
263,12,-1.1904006665214989e-05,20.81303864280127,63.79751548051194,0.0005704053421768659,278.4327853809069
264,01,-6.723928980547147e-06,14.384707934964087,53.25762820807451,0.00033838884669713326,275.96743091123847
266,03,-1.3063552253355424e-05,-6.242824222359606,58.59238742218351,0.00043964260734938635,277.80964705756395
267,04,-2.4765318735565716e-05,-15.737299090576174,60.65160554169682,0.0004324344195720945,281.0073699052598
269,06,-3.303585196628976e-05,-31.827683939954966,48.06642211600013,0.0007031702677992751,287.6171802242279
271,08,-3.349079792080317e-05,-13.273838911159066,49.470468634774605,0.0011785009511229004,291.26248715078697
272,09,-2.8629883362433853e-05,-3.361749937269423,60.89090815499625,0.0008204311439514236,286.7026010084364
277,02,-1.6342577849974034e-05,27.257544948032923,61.67323920420096,0.0005129149039266849,280.01173835877006
279,04,-2.4829810814864887e-05,-14.182246478949653,49.20558492463959,0.0004709443206453266,282.0968799079047
280,05,-3.0134792006426703e-05,-17.31557953963741,52.31226475243542,0.0007120376103461025,285.91615550937445
282,07,-3.594073215623134e-05,-17.96138944137737,48.60045512300026,0.0010623623587375588,290.12367375199517
283,08,-3.0240783373966385e-05,-12.41071590333344,52.640142950275894,0.001163815572202473,291.52933090636554
284,09,-2.726855740998468e-05,-6.606480073716904,41.46046437310777,0.0007335374628951386,288.12181282060413
285,10,-2.2813934475604865e-05,5.003235001430717,55.25826176021304,0.000718885400139463,283.04481736857923
286,11,-9.433203981300014e-06,10.082439758300783,57.335292302331666,0.0005791067180039236,281.24613218036234
287,12,-9.155090198257839e-06,-0.601292420089886,52.83887711868107,0.0004945328851989802,276.11271182759606
288,01,-7.996820467572737e-06,16.024269751435966,52.92226850532075,0.00041192595895207524,276.0992543067932
289,02,-9.213011075579354e-06,1.6289639434814458,40.65915042115535,0.0002735949758984874,275.1990847414562
290,03,-1.4304734281419465e-05,-4.024482163624097,45.80751552796749,0.0004401956440712298,280.07939777218405
291,04,-2.383696288773839e-05,-17.2942943037245,47.44735419490735,0.0004770017007668381,282.52701496353154
292,05,-3.0977665722578726e-05,-19.48317038226384,57.695412786129985,0.0007096738202905913,285.87503277128485
294,07,-3.637924248004731e-05,-25.786057973554062,44.12265574810709,0.000985359612786695,291.4632059519777
295,08,-3.1032737283929096e-05,-31.771135562691633,39.36124998163152,0.001063466894169325,291.8428295599825
296,09,-2.437035215904568e-05,-12.497950702243381,40.21523504180775,0.0008103102327222991,287.9652745859782
297,10,-2.1305207502659715e-05,-2.352458050143333,49.86598729915773,0.0005624345080602805,281.3235289662679
298,11,-8.746191556262298e-06,13.336127873399521,55.471923015075255,0.0006547417485429125,281.18456970901485
301,02,-1.1818901434843997e-05,12.780648606925178,58.06078212638148,0.000495099684988787,277.98929517294346
302,03,-1.5225630396960167e-05,1.0669384965794064,50.376974003080406,0.00036018773000070863,278.8729907035828
303,04,-2.4217375733618005e-05,-11.611916856553819,59.49211039767795,0.0005477365501182944,283.0342345699735
304,05,-2.847669872224737e-05,-31.81054322043798,50.857990436966695,0.0006152930506795131,284.7821008097331
305,06,-3.421590459786078e-05,-30.121984181382924,54.56608841220009,0.0008944627820598017,288.26498307020404
307,08,-3.442271008691844e-05,-10.630728795861687,53.4802156332962,0.0011410420949086592,291.53894050384855
308,09,-3.09724094837697e-05,1.3779368174235027,41.60773183429904,0.0008935518929530012,288.3683370303683
311,12,-6.509792311736683e-06,12.651209838210898,41.13814304297201,0.0003987152580916455,277.18444233658494
312,01,-1.0532949036563073e-05,27.835473567839585,50.62756816835045,0.0004537746557087837,278.5624613469442
313,02,-1.0796667724878803e-05,1.9850640389578682,54.967533898224424,0.00030567886635834556,275.683474075272
314,03,-1.2645556585016247e-05,2.2825399281491516,62.992716266741034,0.0005048640071809572,279.0753041903793
315,04,-2.402455134354872e-05,-12.38321820203993,55.9102142579476,0.0005435340928157731,282.71948648647725
316,05,-3.3327865934669755e-05,-23.83920729967343,52.369123788558014,0.0006399812987691344,284.99818274778966
317,06,-3.715115132452208e-05,-30.632264646063906,50.84424858076307,0.0010480431722563416,288.991852593655
318,07,-3.409394384040644e-05,-23.561669685609886,47.80977541725482,0.0009847484367624458,290.1906704429708
319,08,-3.320200081173924e-05,-14.21000237282374,41.28222914207624,0.0008214074471167111,289.1398493754069
320,09,-2.545146969718593e-05,-6.704652192857532,39.75358392157654,0.0009221086927508522,289.0389223130968
321,10,-1.7187334372416657e-05,10.538457600583316,41.694871458662455,0.0007750956863858269,286.6108520703879
322,11,-1.4535249143672345e-05,9.326381112670902,61.63253474075529,0.0005952350228117148,280.7140452206929
324,01,-6.5253165958961526e-06,7.280853728591756,43.42763289413273,0.00037462094703483867,274.90674294572244
325,02,-8.8568046297561e-06,4.634872235616048,55.29220876641359,0.0003650888354684262,275.99080734402787
326,03,-1.3873502668170125e-05,-4.782673361173239,59.930227692120816,0.00041051977616280897,276.79120616527274
327,04,-2.37631702343909e-05,-18.782449027506512,53.65862876264652,0.00045216028320109117,281.3412661899143
328,05,-3.370682173148433e-05,-13.439136345319852,55.415879218805216,0.0006535041197075036,286.611448016423
330,07,-3.3670624993676266e-05,-35.11209074615151,34.7803111832411,0.0009552916027034605,294.31578268137275
332,09,-2.4569920312832332e-05,-1.9050392035590278,48.50952039943403,0.0011661635124005137,290.8846295525445
333,10,-2.0357669840078775e-05,8.929626497002058,49.91160704086961,0.0008570413862924212,286.9078280718404
334,11,-1.6638314112929544e-05,21.698549422539603,51.20864173750348,0.0006521134779476141,282.7481851179335
335,12,-1.1844671387852061e-05,21.158474252352146,51.61357204472506,0.0005773151541380593,280.0480408410102
337,02,-9.635896793779033e-06,12.227102448962983,62.05461917357218,0.0005590188341237168,279.13144602752857
338,03,-1.969343553138324e-05,2.858439688077537,50.951221448258686,0.0004028064890359467,280.9515473870718
340,05,-3.1186685044343005e-05,-23.42358186127037,55.67473245647261,0.0008101687334261413,286.3991220269972
342,07,-4.0491175616739144e-05,-14.380545316962786,51.51913973191349,0.0009613429224455643,289.65608735082475
343,08,-3.430768915528969e-05,-11.902402343421853,46.669440629773256,0.0010274620080804539,290.0370085491878
344,09,-2.677926907070085e-05,-2.246240928141275,48.58724766878287,0.0008591688969658409,287.3048455885146
346,11,-1.4172945336880124e-05,15.984315191311307,55.0159122577058,0.0006465871534172897,280.5269208690644
347,12,-9.103623443880553e-06,18.67049515623687,44.72693699303237,0.0003995294160866323,277.3368185319388
349,02,-9.733829621899499e-06,11.488472740085646,43.235250111784055,0.00042143233519641003,278.2568273897719
350,03,-2.0140387961912898e-05,4.352542552004578,67.29393991330491,0.0004389440757035161,278.8884844916969
352,05,-3.326288808405293e-05,-18.37616691179173,46.32872357566895,0.0006870887521260839,287.85736066133234
353,06,-3.476253857051133e-05,-32.52892781643338,47.80475471985869,0.0008564286241224787,288.7505925245497
354,07,-3.577182100015043e-05,-18.878891244211506,53.425692884929724,0.0011261872946572934,290.6381676658713
356,09,-2.5189189388381943e-05,-2.5223080678304033,46.95382839618127,0.0009044781553824899,286.9092003065321
357,10,-1.8222273044254205e-05,6.518695762716314,54.30898137165141,0.0008543528111196123,283.49328779224686
360,01,-6.219402897665034e-06,13.638463789416898,56.756673166043,0.0004136181822207933,274.32254045474144
362,03,-1.4006747319585248e-05,0.15545269151913163,60.10794240493287,0.0004989911271048672,279.1052625570399
364,05,-3.152253704363203e-05,-24.89160391596312,50.72287625494953,0.0007151075125502661,286.32759907055924
365,06,-3.4585202314802804e-05,-32.20444840494791,47.13420631794532,0.0007885755440597576,288.15789018961584
366,07,-3.995988693131167e-05,-23.939954596078525,46.67216465320125,0.0009029157017727434,290.62653678746375
367,08,-3.326769469126164e-05,-18.63527480389995,42.41847231385144,0.0010581389043553269,291.493365414199
369,10,-1.8213049179844e-05,4.716025361748153,49.256211021474606,0.0008116932342555208,284.11453383484707
371,12,-8.896478755051119e-06,9.686923075029926,62.37685010996686,0.00038589618015715004,275.9152564712032
372,01,-6.091251291421628e-06,2.9262350808420488,60.36061479552843,0.0003629201125318107,273.08482904479325
373,02,-7.65345504045659e-06,5.717629487900508,61.53230691539674,0.0003673177904023817,274.59004296811423
374,03,-1.4227020407356234e-05,-0.1344084672825314,56.345688745778084,0.0004143901391054961,278.93887998355336
375,04,-2.4690822054900404e-05,-20.66956467929416,50.227940069592,0.0004912910699575554,281.97344993078445
377,06,-3.182083758476639e-05,-35.711798379855686,43.71565713060168,0.0008911056623261983,288.5699565473768
378,07,-3.4407490462771055e-05,-31.11366353779454,49.13440625845617,0.0012401764772639779,291.94731353169107
379,08,-3.27152816781925e-05,-15.088779016966459,50.057286181364006,0.0010051635737900273,289.71709932881015
380,09,-2.3803562745282155e-05,-1.7829848341200085,47.799041656389505,0.0008983746668693987,286.8539448320178
381,10,-1.8914465963579488e-05,8.677334267236855,54.52403665949838,0.000821376938233815,284.0074488248518
382,11,-1.1904203317903414e-05,4.708053307088217,64.34552551558414,0.000539917925373298,279.1010974715339
383,12,-7.738160395268594e-06,4.967533013128466,56.59717789244652,0.00034308914540316133,272.7350027047024
384,01,-4.432973011169315e-06,15.641597058367989,49.85520389962581,0.00040994079856436554,276.640032220861
386,03,-1.235675504704564e-05,-6.3443144091534345,43.386579177287324,0.00039190909222795576,278.86510410210394
387,04,-2.5035789431644346e-05,-14.869033695136176,49.48712501599656,0.0005911379486306348,285.153135196601
388,05,-3.0008848766624646e-05,-32.62149781881353,48.67582858574712,0.0006954327806093939,286.410771462061
389,06,-3.4230032604055946e-05,-25.01744469502767,49.43961729888122,0.000881464317699061,288.6127736097548
390,07,-3.7348723895911946e-05,-18.427609645064162,51.34294977803511,0.0009686399827052652,288.60765880658556
392,09,-2.5484862159343414e-05,2.648160398695204,48.54894579696125,0.0010463940876720393,288.68825934821234
393,10,-1.916051529891168e-05,8.726722329416583,41.10612051369683,0.0007127288467344178,284.83637540882887
394,11,-8.12447487300637e-06,7.208228931681314,45.10324230610001,0.0006513960211994212,280.86535165697734
396,01,-9.557997748420493e-06,23.492998173539362,55.985124487241116,0.00043240021513436713,278.0025916491273
397,02,-6.941694202459045e-06,2.77444112036694,54.92825397600388,0.0004849237747458461,273.9540438470512
400,05,-3.2719707248821014e-05,-19.41600187732328,54.71462800888861,0.0008146372657843473,286.39187647731336
401,06,-3.633841799156573e-05,-15.284035491265191,54.862410076340026,0.0009098009567069676,287.4815220364041
402,07,-3.9630504535585143e-05,-18.105863085346844,55.33667580591222,0.0010251161839649637,289.83332058683004
403,08,-3.664081436780238e-05,-14.530181596981583,48.63167088847007,0.0010329766651933964,291.1731117379793
404,09,-2.780254297756781e-05,-4.337274759928387,47.643611919113,0.0009458465725743282,287.3234092200385
405,10,-1.749340033099435e-05,6.576196681525118,62.883388684188155,0.0009416702161500776,283.75088245457476
406,11,-9.782895505729057e-06,13.286790387301977,48.36725960095062,0.0004847364594485018,280.2187192969428
407,12,-8.270612005098982e-06,23.135962751162953,68.44660146777348,0.0005064767144187343,278.1779153431308
409,02,-9.82560560788399e-06,1.2790957768758144,54.799641565576906,0.0003367882807537607,274.82777969859893
410,03,-1.6003138249269338e-05,-14.11737674147083,62.83003596656937,0.0004201141621528276,275.29698841222125
411,04,-2.0434202846445263e-05,-16.983018215264217,45.651346360141694,0.0004941429305161389,280.441605447091
412,05,-2.7662325821888435e-05,-23.158452428017892,56.92952051083376,0.0006636143321345607,283.8569099442677
413,06,-3.319209287441886e-05,-26.815010833062065,45.349666944320994,0.0008767861766169669,287.4700203450521
415,08,-3.2683108437937644e-05,-17.84199171037572,39.46305893081491,0.0008798842714115641,290.9021847701535
416,09,-2.475842662511746e-05,-8.054260448540582,49.65095689521101,0.0009952416975374742,287.60815346442337
419,12,-9.44601224512954e-06,28.97793200421077,55.46996279250422,0.0005743988471772425,279.21073650786695
420,01,-8.580053124215514e-06,22.96357862870411,63.49304372530727,0.0004570045449137564,278.7270791265426
421,02,-1.1990748406116751e-05,26.598223410470148,61.15281964255657,0.000413683501669097,279.40804705011277
422,03,-1.6731313326227373e-05,-1.3453218475669946,47.843510205716214,0.0004369409978938565,281.1189634679159
424,05,-3.2321809314922687e-05,-17.350711201329386,63.11191008513332,0.0007860145196551182,286.0054483229113
426,07,-3.570791800838603e-05,-18.498887496784167,52.862582088247414,0.0012707728695600497,292.2635286937426
427,08,-3.5946427165531874e-05,-15.756697428713563,51.75170243226714,0.00083940602619154,289.2081022578413
428,09,-2.0748739615697153e-05,-9.244409510294595,35.08465283191469,0.0007514128688763474,289.19143939514163
430,11,-1.0089955154782932e-05,6.784489759657117,59.376273723493675,0.0007041661412425191,281.4275366665734
432,01,-9.2527426375611e-06,26.340960131573418,62.63006211892765,0.000489844752344597,277.32805558928624
434,03,-1.5915630637317265e-05,-1.6360386480515998,44.90566300547765,0.00042303985436162447,279.08244967077115
435,04,-2.4346638547669703e-05,-22.934988667466907,50.17846367060873,0.0005260060907692656,281.46281248359685
438,07,-3.7615658574522775e-05,-25.170489753641114,45.05531850020347,0.0010782962788556474,290.8353158631684
439,08,-3.326061218056918e-05,-12.586229408838417,52.3345120203854,0.0013657396460582901,291.25167575270126
440,09,-2.5603061031688413e-05,-1.6679924726698132,46.654843129608366,0.0007566028229298049,286.66352415195047
442,11,-1.4898132296588707e-05,27.46974549831814,55.57987919455502,0.0007983321246238999,283.10383579525416
444,01,-9.004527324929857e-06,20.359526514525058,60.00615774854665,0.000488436789451965,278.0475291836237
446,03,-1.4810545610421827e-05,-5.396197126162949,59.004922374092125,0.00045848496732475713,278.4155945600284
450,07,-3.758493633006676e-05,-22.269790681900524,47.74635748879372,0.0010440241232438279,290.91323088844877
451,08,-3.3272750999810424e-05,-17.014684508621052,43.397001161080546,0.0010487866989167115,290.91866476046647
452,09,-2.4645985519115736e-05,-7.889081433783638,37.34792189491059,0.0009151321535124882,290.7287192874484
453,10,-1.526362983537594e-05,-3.798430909843855,48.34944315867911,0.0005933222717686742,283.3498556886078
454,11,-1.1750765303218536e-05,10.89123139716254,54.5964946256227,0.0005619674263660951,279.20990362701417
455,12,-4.447676278540448e-06,15.633635981405934,42.93341399640295,0.000560933945176403,278.4459245055413
456,01,-6.416161365773257e-06,12.223324068787278,48.97643718384928,0.00038658891371489107,275.05028467830533
457,02,-8.18821650381367e-06,12.903916228158135,62.959067062718525,0.0005283647472425172,277.86915778559734
458,03,-1.5800369091061108e-05,2.527072602630943,59.88884960889175,0.0006005471790666234,281.2226937955631
459,04,-2.5679135762624757e-05,-26.331729773288306,46.84454056873057,0.00046593889041503434,281.41495227517026
461,06,-3.566179110415154e-05,-31.36642959594727,52.944568701901716,0.0011968786994141958,290.51245804307734
462,07,-3.888270218750779e-05,-23.176640851420746,56.14024401203919,0.0012087215603821659,290.7070247267856
464,09,-2.5415033401845397e-05,-5.530321179199219,52.86381167994076,0.0008053615700507684,287.1538292568631
465,10,-2.0550294828412475e-05,15.281469091599986,50.30405073937036,0.000977998422354175,286.4926618480888
466,11,-1.2597567349661808e-05,15.910226154920792,53.90823562632401,0.0005069242515831825,280.83419648060266
467,12,-7.748080553331723e-06,20.40142875687794,63.311030514205655,0.0004944631197981608,278.2219712722122
470,03,-1.3339704251535219e-05,-6.768148279333628,63.03257818707726,0.00046114679775602243,277.2524915700113
471,04,-2.4140652476206825e-05,-8.481860700141059,60.03202422682047,0.0007254045517381757,284.2523615995619
472,05,-3.631899526441482e-05,-17.44638056798135,47.40056218499266,0.0007784020966188845,288.52215093042514
473,06,-3.447691067930363e-05,-33.33076165534125,39.74884000571834,0.0009423105013197868,289.49784020724826
474,07,-3.4126774513620195e-05,-44.31138712696363,36.16823902212164,0.0009376750856292581,292.90806091046085
476,09,-2.7110998255941223e-05,-4.088550005425346,48.59134079140956,0.0010813803784312972,288.21334796922474
477,10,-1.717439320385384e-05,2.0582064438686585,44.893768001867876,0.0008625090847966448,285.3938754693308
479,12,-7.425197422547768e-06,21.47761040308142,53.53903508252609,0.0005544804356621699,279.4785891970973
481,02,-8.232899953890454e-06,13.675333238874163,51.283400613031226,0.0004878204055308429,279.191337246032
482,03,-1.7898125718357898e-05,7.876527682396675,54.192069970153995,0.0005073455370986293,280.7588669757638
483,04,-2.786484313502215e-05,-15.88577495863173,41.53150874974462,0.0003912166226224751,283.32113693033864
484,05,-2.8741963674400066e-05,-37.081440074305384,54.09692304540707,0.0006720132131989082,284.36448736465616
485,06,-3.9525050331051005e-05,-23.208365014648436,47.86380608810849,0.0009900846631499234,290.2859401516385
486,07,-3.625940142692049e-05,-31.74150496025496,48.734570516079984,0.001190152164367206,291.26846290670414
488,09,-2.6543087166161665e-05,-4.24653964674208,45.73786681658825,0.0009920191406140525,287.9392709560819
489,10,-1.8569231195137014e-05,10.235854191605762,54.45598049366731,0.0009659558784721729,284.78358039642666
490,11,-1.0039879183467646e-05,10.335369747924807,64.20363267016013,0.0005838539287481886,279.8074893178728
491,12,-8.260583359534854e-06,25.078029959073632,56.60606037604423,0.0006186688043578876,279.25270498681834
492,01,-6.012859741277161e-06,22.106840989635838,48.67357203781476,0.0005441964545661171,279.3999776622403
494,03,-1.9840231885472768e-05,-1.8349693298339842,46.56073982853019,0.00044156570029401656,279.7202150045004
495,04,-2.7043378228700023e-05,-24.0670989525689,35.17819720014996,0.00044264087076846477,283.457096534729
497,06,-3.546342912159163e-05,-30.903872137790252,54.092656515480414,0.0009531023765690003,289.81179647657615
498,07,-3.552329937512147e-05,-24.55973527871409,49.31133174363516,0.0011676926252908862,289.7865116117744
499,08,-3.48960954878191e-05,-17.491402352609946,46.845165995435046,0.0011642942770002831,292.9717935617098
501,10,-1.848353834580477e-05,14.114419966174706,59.132486595437086,0.0008436635503033075,284.57053201831286
502,11,-1.0186800306089735e-05,15.631692754109702,47.969248177954896,0.0007050563983345021,282.13784168768984
503,12,-6.893300624729055e-06,15.732371215492165,60.65007041392917,0.0004749457487080894,278.8222056623889
504,01,-7.860778656987515e-06,14.34612370152627,66.80461903254064,0.0004323260738559914,276.7231909807677
505,02,-9.005972841740524e-06,9.622026147751583,54.51137783175566,0.000539877978493261,276.8945384240831
506,03,-1.5948935392546162e-05,-0.9029574194467195,53.47545231677126,0.0004469089032667109,279.32064444773675
507,04,-2.588563685021654e-05,-27.98602328389486,47.86236142485672,0.0003414452638194754,279.4237252683427
508,05,-3.230829694098981e-05,-22.4746828918457,60.26473778712485,0.0005485733494364279,283.8163767559092
509,06,-3.7502937650666964e-05,-26.38411481492784,47.88007799596918,0.0010744130859948195,290.2330343007406
511,08,-3.444879628501263e-05,-12.903870650096605,45.419211714576655,0.000943864032105035,289.92943471568117
513,10,-1.864643046111826e-05,14.62936670381279,46.729617401201246,0.0007882013383125549,285.1771994281072
514,11,-1.0072340758698473e-05,9.36498726196289,49.88987413275507,0.000526706469721909,281.017371949217
