,month,MER,MSSHF,SD,SH,tp
1,02,-7.399999772068052e-06,2.729709174746558,0.0088853447891417,0.0003947880218570064,62.58125376701355
2,03,-1.408509512223264e-05,7.08405715679866,0.00040960040271923105,0.00044260006009506144,107.00708317756653
3,04,-2.191347909663616e-05,-15.59233038906521,3.557954761717054e-05,0.00044040625960559647,65.13916850090027
4,05,-2.839083756912113e-05,-16.16055940262989,4.408267492889076e-05,0.0007071434940667084,98.91896796226501
6,07,-3.0671342559486147e-05,-22.637875941122733,0.0,0.0010329003032600922,36.31914162635803
8,09,-2.3132900744369383e-05,-4.023202255249023,0.0,0.0009334240310760934,43.01969242095947
9,10,-1.6345863611966567e-05,2.642213581372333,5.061999700402701e-05,0.0009355248356116273,56.921231508255005
10,11,-1.1569333000928361e-05,13.890767045423724,8.024262719684175e-05,0.0005703534181247354,76.8632504940033
11,12,-1.207531024335357e-05,24.691616260159407,0.00017524099221793556,0.000536514795466784,131.76934385299683
13,02,-7.359469057738698e-06,6.865867059466484,0.00011199214540678879,0.0004711822304191866,60.54261493682861
14,03,-1.4070489600584629e-05,-6.186828353717764,6.114121534491099e-05,0.00038754746073307194,70.78502440452576
17,06,-3.014735746900341e-05,-26.066622504679362,0.0,0.0008849550965466025,87.7898542881012
18,07,-3.1905643976779664e-05,-14.025872309859079,0.0,0.0008957915342465621,142.42091464996338
19,08,-3.1051088017916934e-05,-11.540256553403795,0.0,0.00108178564986637,67.59736728668213
21,10,-2.1172643707369163e-05,7.590982919672484,0.0,0.0007849959412277741,107.7690110206604
22,11,-1.4279194747299093e-05,14.235161112806532,0.0015326325999365914,0.0006224606235835986,72.95901393890381
23,12,-7.873070872231058e-06,26.063403682913826,0.0016069860227646364,0.0005165828911668244,73.57332229614258
24,01,-7.860688640385075e-06,20.899533713063885,0.0019344636983768915,0.000374949257934248,93.3958797454834
25,02,-8.991757432514056e-06,2.888394768487839,0.0005664595067501069,0.0003669208622193323,42.9824595451355
26,03,-1.2076194787720939e-05,11.89821663673975,0.0001724853964262111,0.0006871956544953496,133.0828936100006
28,05,-3.0310256707952082e-05,-17.47440350473055,9.34754648516255e-08,0.0007153930285222947,102.75372743606567
29,06,-3.0904296795920855e-05,-15.787571440294057,0.0,0.0009842194550476254,69.78700375556946
30,07,-3.173775886429094e-05,-20.80200322239373,0.0,0.001004735188951267,54.99441409111023
31,08,-2.8741253340065727e-05,-19.03508228654759,0.0,0.0010760535270361797,37.25814604759216
32,09,-2.269007780640903e-05,-3.5648343312581385,0.0,0.0008672290949221253,61.64737391471863
33,10,-2.174942796122078e-05,9.781940688922843,0.0,0.0006867919335684071,150.74281787872314
34,11,-1.4328458308167076e-05,19.586548003133142,2.2300614251030816e-06,0.0006729366678450485,79.1025390625
35,12,-7.687594037497059e-06,8.885675470167591,0.012596724167946844,0.0004129887476064696,63.80108118057251
36,01,-5.276928763964617e-06,11.574925520045783,0.0001972472347239012,0.00046975674859519613,43.573694705963135
37,02,-7.864293709969517e-06,5.468580898829869,2.739869412921724e-07,0.000443328927262103,18.835744380950928
38,03,-1.6001877676116956e-05,1.792558938959594,3.8041683935349995e-06,0.0003661708261100601,72.00946402549744
39,04,-2.3437909088230905e-05,-21.874123499891493,2.168152067396376e-08,0.0004928932368082314,35.43097186088562
40,05,-2.9170486620455693e-05,-20.4214844770534,0.0,0.00055373141337474,53.242250204086304
43,08,-3.1963929242763654e-05,-15.790871219429917,0.0,0.0009689928345582772,88.86780834197998
44,09,-2.1331834113273846e-05,-6.238656323920356,0.0,0.0009065412273818056,59.11188769340515
45,10,-1.6551261839878706e-05,3.491510892150223,0.0,0.000806341602621908,104.26913022994995
47,12,-1.0313162028783104e-05,17.753608460457098,4.658237964876236e-05,0.0004811068228571663,83.42955470085144
48,01,-1.1369238679367056e-05,31.70380508160335,0.00012911142713280135,0.0005065474144361389,104.55150389671326
49,02,-1.1685804688698098e-05,2.732715975443522,0.00031034646715436665,0.00024583032542684335,42.88707685470581
51,04,-2.090864053300013e-05,-10.60586452026367,1.1234845055474176e-05,0.0005298972676287223,105.42021083831787
52,05,-2.6606813441591635e-05,-11.409518621957432,0.0,0.0006822573668070693,118.89742398262024
53,06,-3.6603149109497395e-05,-25.008415187242296,0.0,0.0008680787925681217,40.00491166114807
54,07,-3.282222612492611e-05,-33.091220865229126,0.0,0.0011865903298230965,22.25583553314209
55,08,-2.6941880611302234e-05,-27.08358682743196,0.0,0.0007854492272301715,31.294189929962158
56,09,-2.725831751290065e-05,0.9693071214463977,0.0,0.0008300272881937013,117.23978233337402
57,10,-2.1395454446465794e-05,12.186390243366201,0.0,0.000809845710132114,59.156498670578
60,01,-1.1848107099418698e-05,28.771229348787696,0.0017296655524161556,0.0003542191671304773,127.76513147354126
61,02,-9.682757584759485e-06,6.4267875001403105,8.748411584174497e-05,0.0003115679466334117,61.24871587753296
62,03,-1.3818876191033916e-05,-6.2181760956138685,9.418372313181559e-05,0.00032761467128058087,62.89697480201721
63,04,-2.3066575134180317e-05,-21.124448284233942,5.596658653683133e-05,0.00045012077381442295,21.789991855621338
65,06,-3.0384449369921637e-05,-25.249517172580298,0.0,0.0009127790745715982,54.762237310409546
66,07,-3.052118788760435e-05,-16.333257173927887,0.0,0.001033779662579662,95.44521999359131
68,09,-2.2138291550658728e-05,-0.809648367987739,0.0,0.0010072270758296226,147.5589587688446
69,10,-1.5594664512004833e-05,12.420039781796033,0.0,0.0008134660352591524,95.18328905105591
70,11,-1.2000811908506469e-05,17.20852971835666,8.267998695373535e-07,0.000733812687942615,78.44082713127136
71,12,-7.343828446024142e-06,12.754345215500043,1.1825137240912326e-05,0.0005638061713049892,57.75411510467529
72,01,-6.201572312694294e-06,7.789162023728894,0.006257890532093664,0.00032037616245556873,62.144726276397705
73,02,-7.646551471441942e-06,-7.170963860648018,0.00039035758092289885,0.00043289734202582635,9.736912250518799
74,03,-1.1304150707112197e-05,-2.56875498781922,0.0002458149412626861,0.00041982346533168605,66.12149095535278
75,04,-2.3272295822324753e-05,-10.486857863362628,3.632929590013292e-07,0.0005507065881250634,78.5594162940979
76,05,-2.800802443084893e-05,-16.149492612120927,0.0,0.0007271333313690247,63.01261830329895
77,06,-3.090711121482552e-05,-17.990251360066733,0.0,0.0007727630264536654,126.5044174194336
78,07,-3.447742918110781e-05,-15.274860501197074,0.0,0.0010814784673431896,100.84526371955872
79,08,-3.3271033724499884e-05,-4.3656862228557625,0.0,0.0009632387406820798,104.17502427101135
81,10,-1.5745955748394817e-05,1.4800897167574978,0.0,0.0007476628478483084,36.53095197677612
82,11,-1.5779393952086846e-05,2.730464919026692,0.0001320727745691935,0.00036442432660848377,73.80068945884705
83,12,-6.748697063030508e-06,22.216181771555252,0.0009846030858255202,0.0006171308285160469,100.24923872947693
84,01,-1.0488508364736625e-05,25.802121266682942,0.0024635101813142014,0.00041564420438127206,118.28075385093689
85,02,-9.105866422227595e-06,-15.737989101954868,0.0001222507996218545,0.00019560193471323016,5.396147966384888
86,03,-1.09558865346488e-05,2.199697240357758,0.0001382134986180131,0.000417650180977115,80.05486178398132
87,04,-1.9242588071877733e-05,-14.953707265557181,7.426198323567707e-06,0.00039568850197150223,64.68825125694275
88,05,-3.1224375424332516e-05,-18.680161248648037,0.0,0.0007434592337500871,49.02557110786438
89,06,-3.5890827366468634e-05,-24.274000357055662,0.0,0.0008331960368823792,56.932453870773315
91,08,-3.1366839325049225e-05,-20.726613564768147,0.0,0.0009093863952855494,85.93903732299805
92,09,-2.1116000810717296e-05,-5.870355172729491,0.0,0.0010170114291461383,48.16365933418274
95,12,-1.128779906788603e-05,28.043287035542146,0.00037468132152352284,0.0005160226476652414,125.43024492263794
96,01,-8.849628261046861e-06,-8.473066081057311,0.0005335850459273144,0.00039371051453645855,40.21212434768677
100,05,-2.791426425801057e-05,-28.103053294192083,0.0,0.0006231550341834262,69.35014915466309
101,06,-2.8837502824555686e-05,-20.989433822292757,0.0,0.0008995023713432398,96.28858280181885
102,07,-3.379324687933062e-05,-20.07741719498173,0.0,0.0011762637337276985,134.5398542881012
104,09,-2.5696148892024614e-05,-3.969099077690972,0.0,0.001026891966428189,66.9906599521637
105,10,-1.9746457593286597e-05,13.28605210072507,0.0,0.0008929555590629677,102.30783081054688
106,11,-1.2423982501220758e-05,8.69252590874566,0.0,0.0005567817669088578,110.22080183029175
107,12,-5.659096497726741e-06,10.619382738339004,5.145294307380593e-05,0.0006231452756041871,47.003796100616455
108,01,-9.400724827868036e-06,23.76198229324177,0.0002939996052813786,0.0005186993550770137,138.66146302223206
109,02,-1.553154618433063e-05,17.196350676788683,4.479276722875135e-05,0.00036645799898507564,87.70584869384766
112,05,-3.182606770285695e-05,-15.882362545546664,0.0,0.0007443033780645266,71.89129495620728
113,06,-2.7714982728361462e-05,-28.63852083367242,0.0,0.0008593489899378255,31.23433208465576
114,07,-3.385038605679304e-05,-9.511822006717805,0.0,0.001171458948932473,151.79068851470947
115,08,-3.211179117533902e-05,-13.866469908683532,0.0,0.0010266525363930598,72.62528491020203
116,09,-2.5435363158006416e-05,2.907980506727431,0.0,0.0009323654926211424,99.14269590377808
118,11,-1.0307503538792339e-05,7.8851572241889105,7.3817332585652676e-06,0.000563931326113359,43.99460577964783
120,01,-5.490775168401608e-06,12.580168148245866,0.0,0.0005023698754026696,24.550368309020996
121,02,-1.1993180484209699e-05,15.243881237211681,4.026403029759725e-06,0.00042497837058714,59.8443021774292
123,04,-2.3728384267512105e-05,-15.711892689005532,7.404155201382107e-06,0.0005368266940982721,78.43897438049316
124,05,-3.2913617601255e-05,-32.404015432706444,0.0,0.0005949903542140838,14.875389337539673
126,07,-3.3625666249610085e-05,-27.510599928661055,0.0,0.000971569565642772,59.59615159034729
127,08,-3.0036708770112647e-05,-17.0266568734774,0.0,0.0009896705504082786,58.18086361885071
129,10,-1.9913688146604526e-05,14.103063629806684,0.0,0.0008421332443241979,78.90591788291931
130,11,-1.311930024130561e-05,7.912713109334308,7.664759953816732e-08,0.0004454905331929088,36.57659721374512
131,12,-7.719866410816296e-06,20.033501539989185,2.718377369706349e-05,0.00047829752353097696,99.99442100524902
132,01,-9.708490018202875e-06,23.531725362798216,3.920951197224279e-06,0.0005105691684948654,62.73529887199402
133,02,-1.709957590030951e-05,31.83555304718018,2.0835172562372115e-06,0.0005475542892947997,96.37451434135437
134,03,-1.7018775953137494e-05,2.372058311872584,2.4298456407362414e-05,0.00048062062612102977,25.981262683868408
136,05,-3.125298669270236e-05,-34.3688931694441,0.0,0.00042185220914118,35.43364858627319
137,06,-3.068480971400681e-05,-23.63770078192817,0.0,0.0008391077614164817,81.75433492660522
138,07,-3.559518055198981e-05,-33.07448882301904,0.0,0.000870340643866736,43.237606048583984
139,08,-2.897321149455781e-05,-28.290339532667595,0.0,0.0010727420896216627,43.99504566192627
141,10,-1.8407037761653066e-05,10.48773665069252,0.0,0.0007825079715910818,70.05437111854553
142,11,-1.0645134954231454e-05,8.876481322224937,1.7197676499684652e-05,0.0004970781178460824,88.05533337593079
143,12,-1.0178729378000547e-05,19.264495642221096,0.00010385854269868586,0.0004455819003796224,71.35911726951599
144,01,-9.804670876438911e-06,24.167181801416536,7.464897248052782e-06,0.00029198987653266507,65.73154544830322
145,02,-6.996622216688376e-06,0.507544446309408,0.002555922939663842,0.000305701507385693,29.07620143890381
146,03,-1.2629808311264428e-05,-0.5304674036169569,0.0,0.0005727407951866191,29.050020217895508
147,04,-2.5889148811054637e-05,-18.50936585184733,1.8495678901672365e-06,0.00041218083241272116,46.967238903045654
149,06,-2.987989489524302e-05,-20.686577268473304,0.0,0.0007455840776351881,100.81910800933838
151,08,-2.9805839779475068e-05,-22.79464663072811,0.0,0.0010097339748723264,22.764347553253174
152,09,-2.1833397036001162e-05,-8.548686426798504,0.0,0.0008007140552823532,69.85359048843384
153,10,-2.004618059737534e-05,2.17344532234438,0.0,0.0006820325499599374,48.3614456653595
154,11,-1.4646135411648073e-05,14.444811823866104,2.8859506713019477e-05,0.0006339337644810405,121.3805501461029
155,12,-7.654158530845394e-06,17.942148733159545,5.5359345610423755e-06,0.00046165224257053707,44.35604405403137
156,01,-5.988280283046514e-06,9.900324605634134,0.0,0.000437638549289248,40.05626130104065
158,03,-1.6743815379482177e-05,3.675611719931326,1.1341134707132974e-05,0.0004879701252311531,89.10991644859314
161,06,-3.339920427913765e-05,-25.873405965508358,0.0,0.0008486856836498394,52.09975528717041
162,07,-3.3542465003026134e-05,-26.574038988010855,0.0,0.0011160113274397768,62.71932125091553
163,08,-3.290884278264643e-05,-13.404264240552024,0.0,0.0012228114123283905,128.27770042419434
164,09,-2.5466491539959356e-05,-1.4094354346381297,0.0,0.0008614746787727199,66.03445959091187
165,10,-1.9484351597922247e-05,1.9587082073252686,1.8078127214985508e-06,0.0005589232049004094,99.88054394721985
166,11,-1.321692710625939e-05,23.694389510769323,0.0,0.0005697992317844588,114.02044343948364
167,12,-8.425528942156701e-06,11.411874493342573,3.2269544498894803e-06,0.00046205227275860006,59.72125196456909
168,01,-9.715480358609446e-06,34.39173987899288,4.798289268247543e-07,0.0005887621752377449,79.51586604118347
170,03,-1.4966802825774622e-05,-6.011914413616221,0.00013486407008222353,0.0004124762266675568,13.214776277542114
172,05,-3.0932743489659034e-05,-26.541132331437964,0.0,0.0007194121543284234,72.61612272262573
173,06,-3.281592492067931e-05,-24.277929318237305,0.0,0.0009091609778879503,49.03701114654541
174,07,-3.3366269429406925e-05,-23.52127023184171,0.0,0.0009773544866860003,138.4921417236328
177,10,-1.798888249350155e-05,2.3637267239478326,0.0,0.000542134024022548,80.44077348709106
179,12,-9.250304196792702e-06,31.236705364924607,0.00020338165888222312,0.0004956924168822877,142.54706811904907
180,01,-8.814763398506955e-06,28.086010490499522,6.143172710172592e-05,0.0004701822597394422,85.40289497375488
181,02,-9.681430163471391e-06,-2.9269207930791947,0.0003871754450457437,0.0004138276064931533,36.50040102005005
182,03,-1.5868986940443404e-05,12.424105568506382,9.499826738911291e-08,0.0005810495797577411,94.18527913093567
183,04,-2.4481364455176743e-05,-15.54007357143826,6.838602489895291e-06,0.00040480200442157807,85.7735435962677
184,05,-2.8615912740195944e-05,-19.306992470361852,0.0,0.0006858745914348111,59.618553161621094
186,07,-3.466171150601792e-05,-32.442688338413035,0.0,0.0009186411803072188,21.875284671783447
188,09,-2.649383951805552e-05,-2.2674784339057075,0.0,0.0008433525541978978,147.07339644432068
189,10,-1.8016295581522476e-05,4.47270425086893,0.0,0.0007590626369145407,97.18963932991028
190,11,-8.92097842036795e-06,12.752254605102538,0.0,0.0008178240753429337,50.59832048416138
191,12,-1.093666692604627e-05,22.757288210632986,6.536950347244099e-07,0.0005556525008313002,112.21855115890503
192,01,-1.2804497735976505e-05,25.385474410518523,0.0009627563479126142,0.00045759688101936,129.8851613998413
193,02,-1.271823695051786e-05,20.178666164579848,5.487134059270224e-06,0.00048809193327531924,78.17547941207886
195,04,-2.3056703787511248e-05,-15.611610607231992,0.0,0.0005232466899471546,42.51542043685913
197,06,-3.44918315846169e-05,-24.446217814466692,0.0,0.0007471122926498033,64.76006937026978
198,07,-3.591561413959817e-05,-25.92438248894804,0.0,0.001035028367159925,45.93726992607117
199,08,-3.331847033315239e-05,-31.29434137422295,0.0,0.0008271361476220967,22.496978521347046
200,09,-2.6222378082234683e-05,-4.395296908230251,0.0,0.0008676720050675714,112.6880235671997
201,10,-1.4566836962311297e-05,5.514771194293934,0.0,0.0008753650264261328,18.715614557266235
204,01,-7.460320452180465e-06,-0.4728464959257379,0.00023015245699113416,0.00044037663110958085,16.127771615982056
205,02,-7.544903639281147e-06,5.38362545916678,0.0006102077837648064,0.00031412921131322426,60.068604469299316
207,04,-2.0502408365953464e-05,-21.604367342122394,2.815988328721788e-08,0.0005573882549563778,11.859672546386719
208,05,-2.4253428110207234e-05,-26.022296560964275,0.0,0.0006685273422467372,57.326932191848755
211,08,-2.9903093116464793e-05,-15.358725825155936,0.0,0.0008052989171323801,98.74433755874634
212,09,-2.534073391895315e-05,-7.00570699428982,0.0,0.0007056351989302735,48.277573585510254
213,10,-1.7171301486478214e-05,8.106230379494288,0.0,0.0008193838488076182,73.76016211509705
215,12,-8.836182103413613e-06,1.1414017176474303,0.00011574836187465217,0.000456995769084828,45.02203106880188
216,01,-3.583592048936e-06,-1.2817189340899076,0.00038023888808424755,0.0002965270524839061,8.55794882774353
218,03,-1.2413017713795421e-05,-3.0697627356744577,0.0,0.0005206532129615308,28.955554485321045
219,04,-2.201332183204714e-05,-17.60772253417969,0.0,0.0005176294510015927,28.14702796936035
220,05,-3.085946982284968e-05,-22.07697987414944,0.0,0.000691181856834612,78.28123354911804
221,06,-3.476727682935032e-05,-20.254541469319665,0.0,0.0008864397704303581,112.482257604599
223,08,-3.064838395117496e-05,-15.397676236060358,0.0,0.0010386910332973625,54.35530233383179
224,09,-2.7053925191669103e-05,-10.968042353990342,0.0,0.0009289264848881631,29.832056999206543
226,11,-1.1372840429430654e-05,5.54297788119846,0.0,0.000528491018474924,56.97358417510986
228,01,-1.1099072907757458e-05,24.386054642872143,2.2409808251165574e-07,0.00045592296519506595,88.08339476585388
229,02,-7.893391973560764e-06,12.879144769577753,3.740382904098147e-05,0.000624683462594898,20.71983242034912
230,03,-1.582076560769428e-05,4.910139277304372,1.3940626575100807e-05,0.0006810213565312239,89.45151329040527
231,04,-2.2395207648413717e-05,-10.670934447903104,2.9785103268093537e-07,0.0005132326088525791,131.57473421096802
233,06,-3.4082233544055876e-05,-13.138249787733287,0.0,0.001018815234679136,136.99862432479858
235,08,-3.4686337675251e-05,-19.754633603331865,0.0,0.0009149996268527415,67.5933165550232
236,09,-2.4247977624205914e-05,0.3736279635959201,0.0,0.0010404470592029612,154.75264143943787
237,10,-2.3367591303340108e-05,14.50471792602539,9.088093234646704e-07,0.0007692835288216944,178.64887976646423
238,11,-1.186565926222506e-05,4.6568576497395835,2.143026722802056e-06,0.0004236663616776847,92.01937747001648
240,01,-9.430198710966792e-06,24.63400003675235,0.00020755073460199501,0.0005411838983149154,91.57960391044617
241,02,-1.079772392194216e-05,13.779260249546594,0.0025613292994953337,0.0004247924906180526,56.13470458984375
242,03,-1.3397230129969535e-05,-0.9194605676794566,8.536538770121912e-08,0.000520822167453769,87.33539247512817
243,04,-2.54553507465769e-05,-17.42901027967665,8.541558848487004e-06,0.00045097119342235603,65.29687428474426
244,05,-3.422614240797327e-05,-20.88572949317194,0.0,0.0007112033766742989,63.86414575576782
246,07,-3.775679561435789e-05,-20.12216363230059,0.0,0.0008227019134094047,54.39849805831909
247,08,-3.318467006672979e-05,-13.657699137697938,0.0,0.0009116657846986517,99.36693954467773
248,09,-2.59650643648355e-05,-3.5717024329291456,0.0,0.0010456855732800857,83.68352055549622
249,10,-2.1588807777500546e-05,5.981483147405809,0.0,0.0006945507025795002,65.74780321121216
250,11,-1.3179962080519347e-05,12.654008286878799,2.0961513784196646e-05,0.0005313356323464177,52.17728924751282
251,12,-1.3700721242369786e-05,27.986750325848984,0.0004829321933049028,0.0004460608781439875,142.15608167648315
253,02,-1.2230161100386137e-05,18.65321454909752,3.605513052008618e-05,0.0004498816253623835,98.67708921432495
254,03,-1.4517082142339604e-05,-0.5979741453765541,2.188550656841647e-05,0.0004991599991315802,60.096646308898926
255,04,-2.355722367422762e-05,-12.813957029554578,8.329312006632488e-07,0.0005945271223715785,76.35283160209656
257,06,-3.750390542944741e-05,-27.016546727159287,0.0,0.0008396627575370277,55.01609134674072
259,08,-3.0941285219664524e-05,-19.063545700565466,0.0,0.0008177378859400235,51.30303931236267
260,09,-2.4486756719630248e-05,-2.020394458007812,0.0,0.0011746618843225302,85.14948225021362
261,10,-2.1893689024856883e-05,11.235235126454343,0.0,0.000834898857871064,130.40920996665955
262,11,-1.5146696185204038e-05,20.892512133110895,0.0,0.0005471246481323154,131.4802393913269
263,12,-1.1904006665214989e-05,20.81303864280127,0.0006958496250132079,0.0005704053421768659,86.34993147850037
264,01,-6.723928980547147e-06,14.384707934964087,0.00041049615926640003,0.00033838884669713326,85.52192997932434
265,02,-9.421481274265325e-06,7.153048214503697,0.0006544472773869832,0.00045849606639379885,83.6603274345398
266,03,-1.3063552253355424e-05,-6.242824222359606,0.00027922883085025255,0.00043964260734938635,86.2628161907196
267,04,-2.4765318735565716e-05,-15.737299090576174,6.594268480936686e-06,0.0004324344195720945,95.43563151359558
268,05,-3.372209000100225e-05,-25.790908090242777,0.0,0.0006874419770607463,47.3751916885376
270,07,-3.6646507612448495e-05,-24.41304970722813,0.0,0.0009577895311687377,87.7753267288208
271,08,-3.349079792080317e-05,-13.273838911159066,0.0,0.0011785009511229004,107.7295401096344
272,09,-2.8629883362433853e-05,-3.361749937269423,0.0,0.0008204311439514236,144.1834967136383
274,11,-1.4045017091525046e-05,9.019137569173179,0.0,0.0006085738384488525,85.68967199325562
275,12,-9.904081011676856e-06,14.487402564920403,0.00022924734956474715,0.00042967180998163804,73.46089029312134
276,01,-6.60295483731882e-06,23.604068570044735,0.00012535062912971744,0.0005113839650168305,67.26308727264404
277,02,-1.6342577849974034e-05,27.257544948032923,5.277034782228017e-06,0.0005129149039266849,111.30836725234985
280,05,-3.0134792006426703e-05,-17.31557953963741,0.0,0.0007120376103461025,64.66420650482178
281,06,-3.5836119472898846e-05,-20.466573669433593,0.0,0.0009486301975226323,77.7912917137146
282,07,-3.594073215623134e-05,-17.96138944137737,0.0,0.0010623623587375588,94.12360286712646
283,08,-3.0240783373966385e-05,-12.41071590333344,0.0,0.001163815572202473,146.93423414230347
285,10,-2.2813934475604865e-05,5.003235001430717,0.0,0.000718885400139463,87.43804001808167
286,11,-9.433203981300014e-06,10.082439758300783,0.0,0.0005791067180039236,88.66095638275146
287,12,-9.155090198257839e-06,-0.601292420089886,1.2510566301243278e-09,0.0004945328851989802,93.86429786682129
288,01,-7.996820467572737e-06,16.024269751435966,0.00044667841542151673,0.00041192595895207524,73.5739049911499
289,02,-9.213011075579354e-06,1.6289639434814458,0.000368756529830751,0.0002735949758984874,23.336631298065186
290,03,-1.4304734281419465e-05,-4.024482163624097,0.0,0.0004401956440712298,22.1645565032959
291,04,-2.383696288773839e-05,-17.2942943037245,1.5020370483398438e-08,0.0004770017007668381,51.56433296203613
292,05,-3.0977665722578726e-05,-19.48317038226384,0.0,0.0007096738202905913,85.30281352996826
293,06,-3.491794925367785e-05,-29.63445593295627,0.0,0.0011471253787109367,47.240581035614014
294,07,-3.637924248004731e-05,-25.786057973554062,0.0,0.000985359612786695,76.22430467605591
295,08,-3.1032737283929096e-05,-31.771135562691633,0.0,0.001063466894169325,22.521544456481934
296,09,-2.437035215904568e-05,-12.497950702243381,0.0,0.0008103102327222991,46.90879726409912
297,10,-2.1305207502659715e-05,-2.352458050143333,1.9682761161558088e-06,0.0005624345080602805,74.57617855072021
298,11,-8.746191556262298e-06,13.336127873399521,0.0,0.0006547417485429125,56.468339920043945
299,12,-8.986315398414586e-06,16.75842543636855,1.2960655714875909e-05,0.0005586620659873345,90.1946873664856
302,03,-1.5225630396960167e-05,1.0669384965794064,0.00020815543461871405,0.00036018773000070863,47.67586803436279
304,05,-2.847669872224737e-05,-31.81054322043798,0.0,0.0006152930506795131,37.014437675476074
305,06,-3.421590459786078e-05,-30.121984181382924,0.0,0.0008944627820598017,70.646568775177
306,07,-3.5823426863228845e-05,-21.040274605699764,0.0,0.0009030186964724067,104.08150887489319
307,08,-3.442271008691844e-05,-10.630728795861687,0.0,0.0011410420949086592,153.6393961906433
308,09,-3.09724094837697e-05,1.3779368174235027,0.0,0.0008935518929530012,68.27244329452515
310,11,-1.219442167142309e-05,8.63346869269477,3.3279392454359266e-07,0.0006341721947358944,66.66378116607666
311,12,-6.509792311736683e-06,12.651209838210898,0.000107577202140644,0.0003987152580916455,54.07814908027649
313,02,-1.0796667724878803e-05,1.9850640389578682,0.00020228017086074463,0.00030567886635834556,50.05322074890137
314,03,-1.2645556585016247e-05,2.2825399281491516,0.002058747031355417,0.0005048640071809572,63.6138596534729
315,04,-2.402455134354872e-05,-12.38321820203993,0.0,0.0005435340928157731,77.4074821472168
316,05,-3.3327865934669755e-05,-23.83920729967343,0.0,0.0006399812987691344,76.4442777633667
317,06,-3.715115132452208e-05,-30.632264646063906,0.0,0.0010480431722563416,55.748387813568115
318,07,-3.409394384040644e-05,-23.561669685609886,0.0,0.0009847484367624458,109.44811034202576
319,08,-3.320200081173924e-05,-14.21000237282374,0.0,0.0008214074471167111,101.65014147758484
323,12,-9.12172876785682e-06,14.485518746324761,0.0003240881030277539,0.0004220962651623558,50.890292167663574
324,01,-6.5253165958961526e-06,7.280853728591756,0.00014880976241122009,0.00037462094703483867,18.287110328674316
325,02,-8.8568046297561e-06,4.634872235616048,0.00010614823585464838,0.0003650888354684262,57.903024673461914
326,03,-1.3873502668170125e-05,-4.782673361173239,0.0004253186384836833,0.00041051977616280897,63.244534492492676
327,04,-2.37631702343909e-05,-18.782449027506512,0.0,0.00045216028320109117,51.75546956062317
328,05,-3.370682173148433e-05,-13.439136345319852,0.0,0.0006535041197075036,97.34957218170166
329,06,-3.4785863751151034e-05,-27.11431088460287,0.0,0.0008772879220370063,34.651726484298706
331,08,-3.203818718891423e-05,-14.970106861073484,0.0,0.0009000416037593156,192.56933999061584
332,09,-2.4569920312832332e-05,-1.9050392035590278,0.0,0.0011661635124005137,31.076144695281982
333,10,-2.0357669840078775e-05,8.929626497002058,0.0,0.0008570413862924212,104.8823778629303
334,11,-1.6638314112929544e-05,21.698549422539603,6.023910310533312e-08,0.0006521134779476141,79.28392601013184
337,02,-9.635896793779033e-06,12.227102448962983,0.00012729246417681375,0.0005590188341237168,88.80820941925049
338,03,-1.969343553138324e-05,2.858439688077537,8.514286369405767e-07,0.0004028064890359467,65.31020927429199
339,04,-2.5420359923575438e-05,-23.728481532796227,0.0,0.0005033413915325177,1.6051898002624512
340,05,-3.1186685044343005e-05,-23.42358186127037,0.0,0.0008101687334261413,116.55266427993774
341,06,-3.458860908376663e-05,-19.802041976589628,0.0,0.0009322974188374144,100.40370607376099
342,07,-4.0491175616739144e-05,-14.380545316962786,0.0,0.0009613429224455643,166.44169425964355
343,08,-3.430768915528969e-05,-11.902402343421853,0.0,0.0010274620080804539,52.89487075805664
344,09,-2.677926907070085e-05,-2.246240928141275,0.0,0.0008591688969658409,74.65286588668823
345,10,-1.4836711174446523e-05,-1.5530790907336818,0.0,0.0008285501714110792,38.23624563217163
347,12,-9.103623443880553e-06,18.67049515623687,1.9495038576023557e-06,0.0003995294160866323,75.82493901252747
348,01,-9.98381483742544e-06,30.50790186531313,3.1635838170205394e-06,0.0005276380488101,98.90966415405273
350,03,-2.0140387961912898e-05,4.352542552004578,6.198341231192312e-05,0.0004389440757035161,110.58221864700317
351,04,-2.446588194630345e-05,-15.287676639472116,0.0,0.00038008468478427,37.05441331863403
352,05,-3.326288808405293e-05,-18.37616691179173,0.0,0.0006870887521260839,58.6919801235199
353,06,-3.476253857051133e-05,-32.52892781643338,0.0,0.0008564286241224787,40.78405427932739
354,07,-3.577182100015043e-05,-18.878891244211506,0.0,0.0011261872946572934,105.99103903770447
356,09,-2.5189189388381943e-05,-2.5223080678304033,0.0,0.0009044781553824899,79.74637937545776
357,10,-1.8222273044254205e-05,6.518695762716314,1.0895472700877858e-09,0.0008543528111196123,92.71740341186523
358,11,-1.2143508331428165e-05,12.723418456013999,0.00035360905991660223,0.0005676329277205644,87.03951120376587
359,12,-6.623100362498576e-06,8.910789440196046,3.1098793911677535e-05,0.00043185676473623153,32.103607177734375
360,01,-6.219402897665034e-06,13.638463789416898,0.00026115813434764905,0.0004136181822207933,59.60752511024475
361,02,-6.55127283612057e-06,7.2258432279314295,5.497220584324428e-05,0.00047579284143406164,62.01654672622681
362,03,-1.4006747319585248e-05,0.15545269151913163,4.5311066412156626e-07,0.0004989911271048672,55.8788948059082
363,04,-2.2896213735516033e-05,-13.763160278998479,7.51813252766927e-09,0.0004889661802240576,23.97039556503296
364,05,-3.152253704363203e-05,-24.89160391596312,0.0,0.0007151075125502661,51.12992525100708
365,06,-3.4585202314802804e-05,-32.20444840494791,0.0,0.0007885755440597576,75.43589448928833
366,07,-3.995988693131167e-05,-23.939954596078525,0.0,0.0009029157017727434,103.68392610549927
368,09,-2.396435872586961e-05,-8.675344586181641,0.0,0.0009490466401233954,40.19728755950928
369,10,-1.8213049179844e-05,4.716025361748153,0.0,0.0008116932342555208,74.3879747390747
370,11,-1.3997967538165946e-05,28.005924584282763,7.164478302001954e-09,0.0006304514712387844,119.02290868759155
371,12,-8.896478755051119e-06,9.686923075029926,0.0033527605789963914,0.00038589618015715004,98.37137460708618
372,01,-6.091251291421628e-06,2.9262350808420488,0.002126177963390145,0.0003629201125318107,49.821874141693115
373,02,-7.65345504045659e-06,5.717629487900508,0.0021790685525962285,0.0003673177904023817,91.62952327728271
374,03,-1.4227020407356234e-05,-0.1344084672825314,1.3550689143519247e-05,0.0004143901391054961,56.222103118896484
375,04,-2.4690822054900404e-05,-20.66956467929416,2.4727185567220055e-07,0.0004912910699575554,27.15949821472168
376,05,-2.827942739082006e-05,-27.387183430333288,0.0,0.0005531739490862218,63.4017915725708
377,06,-3.182083758476639e-05,-35.711798379855686,0.0,0.0008911056623261983,33.73767280578613
378,07,-3.4407490462771055e-05,-31.11366353779454,0.0,0.0012401764772639779,68.74052047729492
381,10,-1.8914465963579488e-05,8.677334267236855,0.0,0.000821376938233815,76.19713640213013
382,11,-1.1904203317903414e-05,4.708053307088217,0.0002805316183302138,0.000539917925373298,80.79510045051575
383,12,-7.738160395268594e-06,4.967533013128466,0.006288984498670025,0.00034308914540316133,51.991679430007935
384,01,-4.432973011169315e-06,15.641597058367989,0.000611914046349064,0.00040994079856436554,71.90442681312561
385,02,-7.274441715534998e-06,7.353929252261208,0.00014321758775483995,0.0005457368057977929,54.225329875946045
386,03,-1.235675504704564e-05,-6.3443144091534345,0.00019613219461133403,0.00039190909222795576,20.28888177871704
387,04,-2.5035789431644346e-05,-14.869033695136176,0.0,0.0005911379486306348,17.25916814804077
388,05,-3.0008848766624646e-05,-32.62149781881353,0.0,0.0006954327806093939,34.52233028411865
389,06,-3.4230032604055946e-05,-25.01744469502767,0.0,0.000881464317699061,94.74681329727173
390,07,-3.7348723895911946e-05,-18.427609645064162,0.0,0.0009686399827052652,163.95448088645935
391,08,-3.274760770019843e-05,-10.64563058373236,0.0,0.0011464830641275342,128.73549723625183
392,09,-2.5484862159343414e-05,2.648160398695204,0.0,0.0010463940876720393,68.3792371749878
394,11,-8.12447487300637e-06,7.208228931681314,0.0,0.0006513960211994212,17.076764583587646
395,12,-1.2744765838047034e-05,29.389911852764826,8.855871231325211e-05,0.0004817236066579237,135.77323961257935
396,01,-9.557997748420493e-06,23.492998173539362,3.76804490243235e-05,0.00043240021513436713,90.29691076278687
397,02,-6.941694202459045e-06,2.77444112036694,0.0013561625960229456,0.0004849237747458461,25.181623220443726
398,03,-1.1845709033173812e-05,-9.130659757880753,5.560450656439668e-06,0.00044616643216331627,29.57355237007141
399,04,-2.412122515035865e-05,-15.116672309705946,0.0,0.0005342435015494618,93.77713108062744
400,05,-3.2719707248821014e-05,-19.41600187732328,0.0,0.0008146372657843473,68.41745948791504
401,06,-3.633841799156573e-05,-15.284035491265191,0.0,0.0009098009567069676,122.0042052268982
402,07,-3.9630504535585143e-05,-18.105863085346844,0.0,0.0010251161839649637,133.29841899871826
403,08,-3.664081436780238e-05,-14.530181596981583,0.0,0.0010329766651933964,90.66671252250671
404,09,-2.780254297756781e-05,-4.337274759928387,0.0,0.0009458465725743282,79.25185561180115
405,10,-1.749340033099435e-05,6.576196681525118,1.6571373067876343e-08,0.0009416702161500776,131.10860514640808
406,11,-9.782895505729057e-06,13.286790387301977,0.0,0.0004847364594485018,62.30052351951599
407,12,-8.270612005098982e-06,23.135962751162953,0.0004308112231633996,0.0005064767144187343,126.01667380332947
408,01,-7.079607454118081e-06,9.77005108642578,0.0024007742763847433,0.000497766507189808,56.091444969177246
409,02,-9.82560560788399e-06,1.2790957768758144,0.0007189501410438901,0.0003367882807537607,42.50241231918335
410,03,-1.6003138249269338e-05,-14.11737674147083,0.00018706004465779953,0.0004201141621528276,46.14034557342529
411,04,-2.0434202846445263e-05,-16.983018215264217,0.0,0.0004941429305161389,31.149431228637695
412,05,-2.7662325821888435e-05,-23.158452428017892,0.0,0.0006636143321345607,89.41290044784546
413,06,-3.319209287441886e-05,-26.815010833062065,0.0,0.0008767861766169669,63.59688186645508
414,07,-3.405638901301333e-05,-27.630988150319745,0.0,0.0009992564759155084,58.30738687515259
415,08,-3.2683108437937644e-05,-17.84199171037572,0.0,0.0008798842714115641,40.892261028289795
416,09,-2.475842662511746e-05,-8.054260448540582,0.0,0.0009952416975374742,81.32235813140869
417,10,-1.765674730958508e-05,13.677036990258001,0.0,0.0007650325017121314,135.23726177215576
418,11,-1.2026654228591521e-05,13.685960133870443,8.762069013383654e-05,0.0006722915904273629,95.3849720954895
420,01,-8.580053124215514e-06,22.96357862870411,1.0653635506988855e-05,0.0004570045449137564,90.50502729415894
422,03,-1.6731313326227373e-05,-1.3453218475669946,6.519722682173533e-08,0.0004369409978938565,34.10970735549927
423,04,-2.3883861623916246e-05,-16.521862002224392,0.0,0.0007145584834816368,52.129727363586426
424,05,-3.2321809314922687e-05,-17.350711201329386,5.8457146408737335e-06,0.0007860145196551182,111.14941215515137
425,06,-3.645346474101341e-05,-28.120134918891054,0.0,0.0007369192126624208,53.205344676971436
426,07,-3.570791800838603e-05,-18.498887496784167,0.0,0.0012707728695600497,91.65657234191895
428,09,-2.0748739615697153e-05,-9.244409510294595,0.0,0.0007514128688763474,25.215217113494873
429,10,-1.6616273676728237e-05,8.951883064844276,0.0,0.0007536827149327755,79.9614315032959
430,11,-1.0089955154782932e-05,6.784489759657117,3.112157185872396e-08,0.0007041661412425191,64.11601209640503
431,12,-1.0581146033268115e-05,22.95546643394552,0.0004054831791949528,0.00047802787376777174,89.71414184570312
432,01,-9.2527426375611e-06,26.340960131573418,0.00016244323407450028,0.000489844752344597,107.20374536514282
435,04,-2.4346638547669703e-05,-22.934988667466907,9.625487857394749e-09,0.0005260060907692656,27.186142444610596
436,05,-3.070366395367009e-05,-25.76910455847299,0.0,0.0007177736570713329,61.485331535339355
437,06,-3.477750818122634e-05,-31.860220404391814,0.0,0.0009790266007457542,35.5678129196167
438,07,-3.7615658574522775e-05,-25.170489753641114,0.0,0.0010782962788556474,95.02099466323853
439,08,-3.326061218056918e-05,-12.586229408838417,0.0,0.0013657396460582901,123.28978443145752
440,09,-2.5603061031688413e-05,-1.6679924726698132,0.0,0.0007566028229298049,98.359215259552
441,10,-1.3186316454061119e-05,-1.463842040031187,0.0,0.000853078227212879,34.89073657989502
442,11,-1.4898132296588707e-05,27.46974549831814,4.5776367187500004e-09,0.0007983321246238999,119.42508697509766
443,12,-8.385574634596725e-06,33.275967709449034,0.0,0.0007795188684168917,54.18260717391968
446,03,-1.4810545610421827e-05,-5.396197126162949,3.62938924502301e-05,0.00045848496732475713,69.4955415725708
447,04,-2.7581765115751797e-05,-20.820068422105575,1.3241238064236113e-07,0.0004367676396880408,67.43884038925171
449,06,-3.356170396635004e-05,-23.02242342732747,0.0,0.0010927039331910299,113.14722728729248
450,07,-3.758493633006676e-05,-22.269790681900524,0.0,0.0010440241232438279,56.59930372238159
451,08,-3.3272750999810424e-05,-17.014684508621052,0.0,0.0010487866989167115,57.580533027648926
452,09,-2.4645985519115736e-05,-7.889081433783638,0.0,0.0009151321535124882,28.704333305358887
453,10,-1.526362983537594e-05,-3.798430909843855,0.0,0.0005933222717686742,57.946226596832275
454,11,-1.1750765303218536e-05,10.89123139716254,3.956906927956475e-05,0.0005619674263660951,75.84917688369751
456,01,-6.416161365773257e-06,12.223324068787278,0.00022398640519829207,0.00038658891371489107,56.35315418243408
457,02,-8.18821650381367e-06,12.903916228158135,0.00023337035661651976,0.0005283647472425172,67.99254751205444
458,03,-1.5800369091061108e-05,2.527072602630943,0.0,0.0006005471790666234,58.12478494644165
459,04,-2.5679135762624757e-05,-26.331729773288306,0.0,0.00046593889041503434,30.59126615524292
460,05,-2.9667726341906155e-05,-25.198657173730993,0.0,0.0009037413714048589,37.424317359924316
461,06,-3.566179110415154e-05,-31.36642959594727,0.0,0.0011968786994141958,63.719133377075195
463,08,-3.333480648354688e-05,-12.395997953681537,0.0,0.0010214693359917133,75.39064645767212
464,09,-2.5415033401845397e-05,-5.530321179199219,0.0,0.0008053615700507684,131.7170844078064
465,10,-2.0550294828412475e-05,15.281469091599986,0.0,0.000977998422354175,63.67462873458862
466,11,-1.2597567349661808e-05,15.910226154920792,3.65040037367079e-07,0.0005069242515831825,71.56626224517822
467,12,-7.748080553331723e-06,20.40142875687794,0.0006995919622400755,0.0004944631197981608,122.76686382293701
468,01,-8.493993727101315e-06,23.796599253992884,1.641540501707344e-05,0.0004060688798143667,94.42302966117859
469,02,-1.1806723732206594e-05,-2.6082788761683875,9.837871222268968e-05,0.0002829947456795624,28.985047340393066
470,03,-1.3339704251535219e-05,-6.768148279333628,0.00012620726580260901,0.00046114679775602243,81.36417293548584
471,04,-2.4140652476206825e-05,-8.481860700141059,0.0,0.0007254045517381757,102.50590419769287
472,05,-3.631899526441482e-05,-17.44638056798135,0.0,0.0007784020966188845,48.21310758590698
474,07,-3.4126774513620195e-05,-44.31138712696363,0.0,0.0009376750856292581,19.791842460632324
475,08,-3.324744642680256e-05,-25.59706884437479,0.0,0.0010718811275108415,94.60595369338989
476,09,-2.7110998255941223e-05,-4.088550005425346,0.0,0.0010813803784312972,68.28795766830444
478,11,-1.049799736220949e-05,11.533768935139973,4.4242540995279946e-07,0.0007007089032915043,34.97020101547241
479,12,-7.425197422547768e-06,21.47761040308142,5.2109628595331655e-05,0.0005544804356621699,89.45121669769287
481,02,-8.232899953890454e-06,13.675333238874163,6.108944188980828e-05,0.0004878204055308429,53.84524393081665
483,04,-2.786484313502215e-05,-15.88577495863173,0.0,0.0003912166226224751,32.68497180938721
484,05,-2.8741963674400066e-05,-37.081440074305384,0.0,0.0006720132131989082,39.454394817352295
485,06,-3.9525050331051005e-05,-23.208365014648436,0.0,0.0009900846631499234,106.98088932037354
486,07,-3.625940142692049e-05,-31.74150496025496,0.0,0.001190152164367206,49.36154794692993
487,08,-3.404563471354698e-05,-17.337182702177312,0.0,0.0009153493840614355,76.33737087249756
490,11,-1.0039879183467646e-05,10.335369747924807,0.0,0.0005838539287481886,74.31336832046509
493,02,-1.5386156723984276e-05,31.748662168305497,1.7729275528041798e-05,0.0006172183049920366,131.38312101364136
494,03,-1.9840231885472768e-05,-1.8349693298339842,0.0,0.00044156570029401656,49.32469892501831
495,04,-2.7043378228700023e-05,-24.0670989525689,0.0,0.00044264087076846477,24.384860515594482
496,05,-2.995519203009721e-05,-45.04488896819084,0.0,0.0006991983233638057,17.802208423614502
497,06,-3.546342912159163e-05,-30.903872137790252,0.0,0.0009531023765690003,67.27775382995605
498,07,-3.552329937512147e-05,-24.55973527871409,0.0,0.0011676926252908862,73.53353977203369
499,08,-3.48960954878191e-05,-17.491402352609946,0.0,0.0011642942770002831,91.37486410140991
500,09,-2.4679065476549213e-05,-6.537764871215822,0.0,0.0009814041400650556,61.862966537475586
501,10,-1.848353834580477e-05,14.114419966174706,0.0,0.0008436635503033075,137.80672430992126
503,12,-6.893300624729055e-06,15.732371215492165,1.2867758350987586e-06,0.0004749457487080894,109.63903760910034
504,01,-7.860778656987515e-06,14.34612370152627,3.849816578690723e-05,0.0004323260738559914,90.61761569976807
505,02,-9.005972841740524e-06,9.622026147751583,0.0020311918883096605,0.000539877978493261,60.75168180465698
506,03,-1.5948935392546162e-05,-0.9029574194467195,8.298632919147451e-08,0.0004469089032667109,54.85542392730713
507,04,-2.588563685021654e-05,-27.98602328389486,1.457011964586046e-05,0.0003414452638194754,51.77638530731201
510,07,-3.6336240956178925e-05,-19.074829963273896,0.0,0.001075812178065009,97.35786199569702
511,08,-3.444879628501263e-05,-12.903870650096605,0.0,0.000943864032105035,99.27522611618042
512,09,-2.3354238802332672e-05,-7.743464881388346,0.0,0.0009716396207307595,33.61188364028931
513,10,-1.864643046111826e-05,14.62936670381279,0.0,0.0007882013383125549,138.24248218536377
514,11,-1.0072340758698473e-05,9.36498726196289,2.1571267975701224e-05,0.000526706469721909,67.49459075927734
