,month,MER,MSSHF,RH,TCWV,VW
0,01,-7.186377549426466e-06,5.464709561255669,62.6901256937955,8.14543241929367,-3.7666581846052605
1,02,-7.399999772068052e-06,2.729709174746558,52.295623941567676,8.97375713603837,-1.3059519413312277
2,03,-1.408509512223264e-05,7.08405715679866,62.090667984242096,11.168600756099146,3.9315372702485787
4,05,-2.839083756912113e-05,-16.16055940262989,64.02205650719006,17.216401719138187,8.630355046979844
5,06,-3.330413338050373e-05,-22.16353809509278,52.028707694198026,22.014874159757298,3.2090791480382284
6,07,-3.0671342559486147e-05,-22.637875941122733,53.00265082314577,23.12972981539721,-5.838931852156116
7,08,-2.8487004876296853e-05,-12.56110269165039,50.14281140049425,22.75220546986083,3.1812677038664456
8,09,-2.3132900744369383e-05,-4.023202255249023,42.3501046719922,21.151945761863388,-0.510687753507826
9,10,-1.6345863611966567e-05,2.642213581372333,56.92965585534547,19.721688314687825,5.778387170791627
10,11,-1.1569333000928361e-05,13.890767045423724,49.679388139549886,13.441472351654372,-4.489285752847461
11,12,-1.207531024335357e-05,24.691616260159407,64.98245628347064,13.014830520187658,-0.28389227742020834
12,01,-5.795284385228985e-06,8.867661568262244,49.01821534482766,9.088685051160473,-3.3814287265244354
13,02,-7.359469057738698e-06,6.865867059466484,53.581606617508264,12.12962919981178,-0.3616500237782795
14,03,-1.4070489600584629e-05,-6.186828353717764,55.02083505403355,11.427750095593034,0.9811663906958793
15,04,-2.282624180893941e-05,-17.872287172783746,48.97103869282801,11.357650041418605,-9.524053100861446
16,05,-2.9285246377967465e-05,-30.998830406271004,47.47244699586335,13.246584139289395,-1.0137218133249581
17,06,-3.014735746900341e-05,-26.066622504679362,62.37913317463399,21.07108883677324,2.5734654588063557
18,07,-3.1905643976779664e-05,-14.025872309859079,48.67037434149174,23.41994776180611,-0.26483490488606115
19,08,-3.1051088017916934e-05,-11.540256553403795,47.008779259716306,25.701051704905364,-0.9145211367658391
22,11,-1.4279194747299093e-05,14.235161112806532,54.54851769668525,13.396459855666425,-4.371212425486247
24,01,-7.860688640385075e-06,20.899533713063885,47.875411116570554,10.644810918326018,-14.993898111712548
25,02,-8.991757432514056e-06,2.888394768487839,50.11619150138895,9.000017916314658,-5.97966216750372
26,03,-1.2076194787720939e-05,11.89821663673975,73.37905685201383,15.744720834609,2.7350078623987018
27,04,-2.2320882245185202e-05,-19.334173597547743,50.02077896680037,13.077067014764415,-3.2069450362735323
28,05,-3.0310256707952082e-05,-17.47440350473055,59.34436809112436,18.54690212902715,7.16871375371051
29,06,-3.0904296795920855e-05,-15.787571440294057,51.69619375912348,21.37912677978939,-0.5180842866049874
30,07,-3.173775886429094e-05,-20.80200322239373,49.75860673643311,23.73428546353951,-0.9555403572000489
31,08,-2.8741253340065727e-05,-19.03508228654759,42.77699926753197,24.403104924806982,-5.737638261405371
32,09,-2.269007780640903e-05,-3.5648343312581385,46.85175361700852,21.203304509778818,6.289416321606107
33,10,-2.174942796122078e-05,9.781940688922843,60.93410625634399,15.963218076816172,2.4850872046152754
34,11,-1.4328458308167076e-05,19.586548003133142,54.57233108670976,14.317446869442199,-11.457353041140237
35,12,-7.687594037497059e-06,8.885675470167591,67.75924336626196,9.079969420325373,-4.769642162630634
36,01,-5.276928763964617e-06,11.574925520045783,58.01885871766587,11.162234676566175,-4.891109149317589
37,02,-7.864293709969517e-06,5.468580898829869,51.56958197040644,10.334659840992519,1.6552668325560431
38,03,-1.6001877676116956e-05,1.792558938959594,55.95160838729334,9.970802344655477,-1.5734310661233883
40,05,-2.9170486620455693e-05,-20.4214844770534,47.92201473479629,15.03766018853521,5.09572851915257
41,06,-3.17826830204164e-05,-27.949367026435006,48.16991035015053,22.511012832081317,1.782730908033583
42,07,-3.416977696542745e-05,-21.999847670688425,39.2781192299025,24.456834705301517,0.7331812882782313
43,08,-3.1963929242763654e-05,-15.790871219429917,46.55304641459066,24.45286580407748,3.203157168829313
44,09,-2.1331834113273846e-05,-6.238656323920356,43.43915766518911,22.404552868395385,5.005797420205011
45,10,-1.6551261839878706e-05,3.491510892150223,54.79260846710333,19.132922751236986,3.9553702151800993
47,12,-1.0313162028783104e-05,17.753608460457098,55.75187243828721,11.54048159815932,-1.7107022496705413
48,01,-1.1369238679367056e-05,31.70380508160335,51.86229076744793,12.54478739766921,-7.28827055961855
49,02,-1.1685804688698098e-05,2.732715975443522,46.129101684696614,7.829569845487675,-5.2380526352155785
50,03,-1.3839232150540515e-05,-0.5926843497983868,57.115805566785156,11.947326620060911,-4.877558255903184
51,04,-2.090864053300013e-05,-10.60586452026367,65.75529212030038,13.397991041318578,7.622805477269491
52,05,-2.6606813441591635e-05,-11.409518621957432,66.050863289825,16.563480364199606,8.684080295788345
53,06,-3.6603149109497395e-05,-25.008415187242296,46.266101067479454,20.88666345251666,0.1501536730660332
55,08,-2.6941880611302234e-05,-27.08358682743196,31.77761535606461,24.006322544676,-1.2125626575510984
56,09,-2.725831751290065e-05,0.9693071214463977,44.86737590899468,21.1710378525734,1.751585998386807
58,11,-9.367185011372688e-06,10.117007967122396,41.05919099200301,14.363651190684902,-6.614907704395718
60,01,-1.1848107099418698e-05,28.771229348787696,56.9102486772409,10.191702869721642,-1.8171058356992653
61,02,-9.682757584759485e-06,6.4267875001403105,47.08914505602986,9.158349270805545,-7.605639194422754
62,03,-1.3818876191033916e-05,-6.2181760956138685,56.610379949503034,9.797240060637074,-2.6351272446211946
63,04,-2.3066575134180317e-05,-21.124448284233942,53.13685258980724,10.647589474581345,-3.7798098264482283
64,05,-2.301351515928619e-05,-21.276121071107926,61.30564291210714,17.356259771243217,-0.677646871115572
65,06,-3.0384449369921637e-05,-25.249517172580298,53.14751710217263,19.618736166115596,-5.382480461120606
66,07,-3.052118788760435e-05,-16.333257173927887,51.58020934386151,22.990089238066826,-3.011209047296996
67,08,-2.8069958612225798e-05,-17.017802792784988,42.472240740586344,23.504970162709558,1.4394752741577808
69,10,-1.5594664512004833e-05,12.420039781796033,52.5519555827328,19.463715816155556,2.1388998153030228
70,11,-1.2000811908506469e-05,17.20852971835666,62.11537896577253,16.40034759771559,9.75799302626716
71,12,-7.343828446024142e-06,12.754345215500043,59.86620702467682,13.293887527272263,0.8407210145560645
73,02,-7.646551471441942e-06,-7.170963860648018,49.17462651499538,8.483470379527834,-8.188289751120978
74,03,-1.1304150707112197e-05,-2.56875498781922,68.34861116093205,10.938059937977021,0.883263510611749
75,04,-2.3272295822324753e-05,-10.486857863362628,59.37646033687326,13.55916669224368,-3.498696371036106
76,05,-2.800802443084893e-05,-16.149492612120927,55.7763452255995,18.50802798619578,3.582993253482286
77,06,-3.090711121482552e-05,-17.990251360066733,61.34983533646531,19.0323849847277,0.5723389233907065
78,07,-3.447742918110781e-05,-15.274860501197074,50.75858460182529,24.054852292717143,1.9624681110997348
79,08,-3.3271033724499884e-05,-4.3656862228557625,49.79625837316948,23.133719152373654,6.747224802570958
80,09,-2.244669017984254e-05,-3.3109654418945316,48.444472670045165,22.995913738518293,-4.491637453036838
81,10,-1.5745955748394817e-05,1.4800897167574978,41.847355274659336,17.189858579468986,0.5071230077846077
82,11,-1.5779393952086846e-05,2.730464919026692,53.6031213278585,10.760161425473955,-4.4680131394492255
83,12,-6.748697063030508e-06,22.216181771555252,62.92255071562849,14.085127126652706,0.4556928207233385
85,02,-9.105866422227595e-06,-15.737989101954868,41.279925076501705,5.607975746361981,-4.677185569944837
87,04,-1.9242588071877733e-05,-14.953707265557181,61.57429541588492,11.382743049732845,5.869092054367065
88,05,-3.1224375424332516e-05,-18.680161248648037,54.14751819698144,17.007801973546705,8.900653361905007
89,06,-3.5890827366468634e-05,-24.274000357055662,43.53411597645681,20.289311543525592,-1.683861653221978
90,07,-3.000731417455182e-05,-30.125119514383297,48.19723509739805,23.818925079271356,-0.8332931163541726
91,08,-3.1366839325049225e-05,-20.726613564768147,49.22354232249208,21.520708266890182,5.28556109350471
92,09,-2.1116000810717296e-05,-5.870355172729491,52.886519872754164,18.77687866865794,-3.8961140452067053
93,10,-1.7202233669146365e-05,6.4104873591597356,48.62927366667281,19.589035635976384,1.2270836029257823
96,01,-8.849628261046861e-06,-8.473066081057311,52.03738375666833,8.603436328787955,-10.992317990600421
98,03,-1.3287096029671374e-05,-5.803373095440609,55.151999684815046,8.999293845345896,-7.2440210121934125
99,04,-2.2575659647211267e-05,-11.442104777696397,52.015024873095086,14.52642838770946,0.2727976148605345
100,05,-2.791426425801057e-05,-28.103053294192083,60.924986691195485,14.467633944537052,-5.130835388368177
101,06,-2.8837502824555686e-05,-20.989433822292757,61.5306473079814,21.273624211708704,3.1211598950915858
102,07,-3.379324687933062e-05,-20.07741719498173,55.40260847481861,24.62420682204411,-0.3532960533019038
103,08,-3.0242934917310693e-05,-13.572054321945357,50.633880177582476,24.83616227820099,-3.461253159225629
104,09,-2.5696148892024614e-05,-3.969099077690972,51.22118268649578,22.86273651031123,2.196264123302036
105,10,-1.9746457593286597e-05,13.28605210072507,59.41998880579267,18.012657082369252,13.057100941893877
106,11,-1.2423982501220758e-05,8.69252590874566,58.77474638277293,14.093879046629535,-4.4051263535393606
109,02,-1.553154618433063e-05,17.196350676788683,61.10995617006565,10.345760452389717,-6.142772103408288
111,04,-2.4692344382775542e-05,-22.74501348402235,55.09817502149212,12.66216660157707,-1.7053315254635282
113,06,-2.7714982728361462e-05,-28.63852083367242,47.29024293223089,21.301890547300708,-3.5400914671579997
114,07,-3.385038605679304e-05,-9.511822006717805,59.07058047961163,24.77475175948938,6.8323721847123995
115,08,-3.211179117533902e-05,-13.866469908683532,47.473473327189375,23.52457447757131,2.628318884675221
116,09,-2.5435363158006416e-05,2.907980506727431,49.177534459747214,21.290678543053733,-2.148785310766432
118,11,-1.0307503538792339e-05,7.8851572241889105,46.36847800110711,13.532653791407743,-8.722512957763671
119,12,-7.866494279115095e-06,20.208327730240367,52.71666673100892,14.357002457380297,-12.605013241860172
120,01,-5.490775168401608e-06,12.580168148245866,46.32122026583841,11.883489435585597,-0.17765723320745627
121,02,-1.1993180484209699e-05,15.243881237211681,52.799659086113884,11.023137841236023,3.106950273581913
122,03,-1.7582771425163286e-05,5.919001820882161,61.97907953674307,13.789131960060006,0.9141703075901154
124,05,-3.2913617601255e-05,-32.404015432706444,43.15242019264416,15.407821862953968,-1.0060280780382052
125,06,-3.3498540398290464e-05,-35.047065074327264,55.710710440916486,18.088483912891817,-0.8146940553241305
128,09,-2.1827326350689368e-05,-6.781363076782227,44.02462579022247,23.486319775686,-1.0855375805324978
130,11,-1.311930024130561e-05,7.912713109334308,43.72629240063826,12.214345464632247,-2.328028060743544
131,12,-7.719866410816296e-06,20.033501539989185,45.286219627095804,12.302766914845797,3.374046808632471
132,01,-9.708490018202875e-06,23.531725362798216,54.619796854420386,13.03048595025206,2.2783597749689575
133,02,-1.709957590030951e-05,31.83555304718018,59.52337883048256,12.68034689824212,3.3738418606576466
134,03,-1.7018775953137494e-05,2.372058311872584,47.98838851665681,11.869843073837217,-3.703874424616497
135,04,-2.7999317039636173e-05,-19.276666238742408,46.732171709169286,12.065731884741782,-2.407902050060696
136,05,-3.125298669270236e-05,-34.3688931694441,36.06377147361027,14.324859504516404,-0.4548254154984667
137,06,-3.068480971400681e-05,-23.63770078192817,52.16888050745726,20.68230553075605,3.9676137081358167
138,07,-3.559518055198981e-05,-33.07448882301904,37.832517702871755,20.875357654766372,-3.748802826481482
139,08,-2.897321149455781e-05,-28.290339532667595,47.590817581110095,24.33309032836268,0.09266292079802467
140,09,-2.7407515947157255e-05,-3.6402964202880854,48.108384553693405,20.220626075602905,-6.767911235004002
141,10,-1.8407037761653066e-05,10.48773665069252,49.92561818830045,18.95590408874968,7.068571275341894
142,11,-1.0645134954231454e-05,8.876481322224937,54.38112868225972,13.421097168287966,-4.461492165671455
144,01,-9.804670876438911e-06,24.167181801416536,38.86062395377826,8.955749408001543,2.6246698665003616
145,02,-6.996622216688376e-06,0.507544446309408,46.996895068120395,8.221342761926708,-1.0937606032008218
146,03,-1.2629808311264428e-05,-0.5304674036169569,53.76618897918476,14.275736472201602,3.679436902446132
147,04,-2.5889148811054637e-05,-18.50936585184733,50.20018549894757,10.986529590508672,-3.8804163361655335
149,06,-2.987989489524302e-05,-20.686577268473304,57.62339900992447,18.702801296479173,2.312953067652385
150,07,-3.606362330103894e-05,-12.26554677852508,46.37869990175771,25.921418963223378,3.502324325315414
151,08,-2.9805839779475068e-05,-22.79464663072811,38.70661156831249,23.833731042867065,-1.1765128447214765
152,09,-2.1833397036001162e-05,-8.548686426798504,39.4321560544822,20.83496838520235,-0.019854519801669517
153,10,-2.004618059737534e-05,2.17344532234438,45.307421456006274,17.674736063961063,0.952629884084066
155,12,-7.654158530845394e-06,17.942148733159545,42.031411531264894,11.076515356142036,-8.3346434656779
156,01,-5.988280283046514e-06,9.900324605634134,41.55076964045469,10.36507142100283,-4.6902770765161
157,02,-7.568776633878318e-06,10.513905402874128,42.596786469010105,11.196383694080101,-4.960775098691043
158,03,-1.6743815379482177e-05,3.675611719931326,56.535387553599556,12.269467439161831,-5.972428818959062
159,04,-2.3724830210206465e-05,-12.979907084147134,60.15185276207658,12.85867560589181,-1.8858808835771346
160,05,-3.502280750303383e-05,-18.415903687507882,37.98684394011575,17.11736192246663,1.5834636519647416
161,06,-3.339920427913765e-05,-25.873405965508358,43.36981476617124,21.26468744079934,0.20037269441816533
162,07,-3.3542465003026134e-05,-26.574038988010855,46.61348771423679,24.872119238017707,2.7526454527044804
164,09,-2.5466491539959356e-05,-1.4094354346381297,48.6797681992597,21.089136655476363,4.871189140446982
165,10,-1.9484351597922247e-05,1.9587082073252686,58.379234332862715,14.223404862920445,-2.175138033138808
166,11,-1.321692710625939e-05,23.694389510769323,50.96693710040848,14.199872933730813,-2.830467434925503
168,01,-9.715480358609446e-06,34.39173987899288,57.42208674485646,12.073609010492602,-2.1686067230265627
170,03,-1.4966802825774622e-05,-6.011914413616221,42.24266758934657,10.57913865132614,-7.480420348013602
171,04,-2.191761210872048e-05,-4.539731902737087,59.59964808656376,14.761491688218381,4.336087137201097
174,07,-3.3366269429406925e-05,-23.52127023184171,53.23872095220833,23.766084752114875,0.3682552195723335
175,08,-3.234485571499712e-05,-11.285276480397874,49.79429166342623,21.499373248984732,-1.517910512739612
177,10,-1.798888249350155e-05,2.3637267239478326,43.9463890340828,14.716569644813896,3.3335509971905783
180,01,-8.814763398506955e-06,28.086010490499522,59.814965074129006,11.951160548843365,-2.550082951761061
181,02,-9.681430163471391e-06,-2.9269207930791947,54.97462990093799,9.542274346257958,-1.1560002459117344
182,03,-1.5868986940443404e-05,12.424105568506382,56.25959003628518,13.046672808460013,-5.109838371625509
183,04,-2.4481364455176743e-05,-15.54007357143826,53.21672202842236,12.108356564888691,1.072442509057787
187,08,-3.527003988845888e-05,-15.806742182249662,41.714041907468136,23.171906867293902,2.5525207887670045
188,09,-2.649383951805552e-05,-2.2674784339057075,50.77799905458556,20.662340495669845,2.5801398991478814
189,10,-1.8016295581522476e-05,4.47270425086893,52.33998963107474,16.282121984560003,0.06765352751619064
190,11,-8.92097842036795e-06,12.752254605102538,55.27824593100681,18.250592901670938,-0.3912592182583275
191,12,-1.093666692604627e-05,22.757288210632986,53.902280609893545,13.035411139304921,-0.4517669412141207
192,01,-1.2804497735976505e-05,25.385474410518523,57.77612080058489,10.959147662439655,-4.624458262494815
193,02,-1.271823695051786e-05,20.178666164579848,60.9734689490412,12.205283860994237,-0.782204506329128
195,04,-2.3056703787511248e-05,-15.611610607231992,48.9374839578549,13.610398491528297,-8.217882198884753
196,05,-3.3250014936618425e-05,-29.631465932538433,52.844916530618114,14.887000348762799,1.762601557700865
197,06,-3.44918315846169e-05,-24.446217814466692,49.08188772321145,19.14153311720292,-4.784962304306031
198,07,-3.591561413959817e-05,-25.92438248894804,39.340810654867084,26.651675874188385,2.4434866078284476
199,08,-3.331847033315239e-05,-31.29434137422295,33.68999910253863,22.036511386484225,-6.406313635016001
200,09,-2.6222378082234683e-05,-4.395296908230251,54.09243484116659,21.198522507119172,0.612849772156609
201,10,-1.4566836962311297e-05,5.514771194293934,41.310020164710224,19.556401405724145,5.549859377050913
202,11,-1.3042386322538529e-05,9.068964893934462,58.53600206141338,14.086958012714652,-4.377470945951673
203,12,-8.991161045966975e-06,-5.598886509064706,48.51484771922968,9.520831813155645,-2.867056723256265
204,01,-7.460320452180465e-06,-0.4728464959257379,45.67560021059616,10.440877024148103,6.124564749543385
205,02,-7.544903639281147e-06,5.38362545916678,55.18347650017959,8.869372559355593,-2.21206523458985
206,03,-1.2827322511164368e-05,-10.990242480862525,51.72073062135199,9.525472053571415,-7.0827326481316675
207,04,-2.0502408365953464e-05,-21.604367342122394,58.54018084150156,12.497388009622364,0.9496918742709688
208,05,-2.4253428110207234e-05,-26.022296560964275,51.92535755428705,15.523370743020891,5.224901751507995
209,06,-2.8253365109311642e-05,-38.732165323215064,41.61192797080808,18.80213339232339,-2.092028507275052
211,08,-2.9903093116464793e-05,-15.358725825155936,42.33743624172287,22.9990404958584,2.7272199784145563
214,11,-1.4551765714713837e-05,14.46901237657335,58.72207561985916,13.013740698712404,-1.5732026177512282
215,12,-8.836182103413613e-06,1.1414017176474303,51.832999992789766,9.593377716324662,-1.747326027634323
216,01,-3.583592048936e-06,-1.2817189340899076,35.36421269791357,8.961908747665344,-1.3202002071257561
217,02,-9.97768289436776e-06,28.48145621345157,61.04910012837534,12.171147674492426,-0.7881853435834248
218,03,-1.2413017713795421e-05,-3.0697627356744577,49.8996438915832,12.901507511982352,-7.647408246809437
219,04,-2.201332183204714e-05,-17.60772253417969,50.15108422283994,11.840950494820543,-13.783778404808043
220,05,-3.085946982284968e-05,-22.07697987414944,55.658551038389554,16.664446066212914,0.9932646831184299
221,06,-3.476727682935032e-05,-20.254541469319665,56.16686724849277,20.78134989303483,4.90637015830146
222,07,-3.376502295814329e-05,-20.43258258581674,48.29218798171063,23.78260384443754,-0.6637979181966475
224,09,-2.7053925191669103e-05,-10.968042353990342,40.873450344501606,19.439216820406912,-1.7348625640445288
225,10,-2.0736059433235615e-05,1.8364669255082322,46.07108195983722,16.4008664570893,-9.586813698840396
226,11,-1.1372840429430654e-05,5.54297788119846,52.451002673839106,14.74272731684049,5.854934998512268
227,12,-9.893875752236308e-06,16.98351939342868,60.12797338394067,13.047354222416878,-0.8512120128344458
228,01,-1.1099072907757458e-05,24.386054642872143,54.87726956107148,11.066128452862465,-1.450892314357142
229,02,-7.893391973560764e-06,12.879144769577753,54.623768248409036,12.837736519389209,-3.037549276329223
230,03,-1.582076560769428e-05,4.910139277304372,64.38913835901599,14.007189303759604,-10.113063399243101
231,04,-2.2395207648413717e-05,-10.670934447903104,67.35853829729425,14.318035180071991,8.915542415809632
232,05,-3.182257207745645e-05,-20.036693252071256,51.31070372274871,18.25652126416596,-0.6871010359282137
233,06,-3.4082233544055876e-05,-13.138249787733287,60.09514157660935,23.464375189109646,6.3122358766767706
235,08,-3.4686337675251e-05,-19.754633603331865,40.27667498864153,21.998242530926582,-4.290398413873488
236,09,-2.4247977624205914e-05,0.3736279635959201,55.41774919654528,23.421663728037153,1.3469011118359038
237,10,-2.3367591303340108e-05,14.50471792602539,57.49670259841796,17.60276400920909,-2.384550996001049
238,11,-1.186565926222506e-05,4.6568576497395835,50.09492808050447,11.023035687553882,-6.541430208015441
239,12,-8.802920268002493e-06,22.454611907630838,51.308709990082264,12.303671738373337,-3.2974561736609354
240,01,-9.430198710966792e-06,24.63400003675235,61.44896206574927,12.195444267046069,0.13767809711989554
241,02,-1.079772392194216e-05,13.779260249546594,59.85849182345754,10.259473174222878,-15.095687816460925
243,04,-2.54553507465769e-05,-17.42901027967665,53.24983413987689,13.930574816384583,0.7264303844663831
244,05,-3.422614240797327e-05,-20.88572949317194,50.723297991629586,17.992914966178198,2.5149216677758
246,07,-3.775679561435789e-05,-20.12216363230059,34.70881050790896,24.06717719546313,-0.9507721068679647
247,08,-3.318467006672979e-05,-13.657699137697938,45.50563225292391,23.8488504817614,1.798294270935879
248,09,-2.59650643648355e-05,-3.5717024329291456,50.26974016195536,25.80820150032573,7.428677170393202
249,10,-2.1588807777500546e-05,5.981483147405809,48.24640764357326,16.691097016297363,0.7620047189240815
250,11,-1.3179962080519347e-05,12.654008286878799,52.50058610761298,13.172062302903335,-5.3083783276663885
251,12,-1.3700721242369786e-05,27.986750325848984,63.54783165261822,11.135898228195407,-4.7865400395137
252,01,-6.553396535759588e-06,18.42038040095504,45.80448549491872,11.324720192924623,-7.92022200951525
254,03,-1.4517082142339604e-05,-0.5979741453765541,58.83941007500695,13.146086779553404,-8.101139608444708
255,04,-2.355722367422762e-05,-12.813957029554578,60.681698268123455,14.799168964303863,9.074070477824739
258,07,-3.168135436499142e-05,-21.668345875401656,51.88578506780696,22.884604032078098,-2.328411767098212
259,08,-3.0941285219664524e-05,-19.063545700565466,39.65101154342005,23.377618400014857,3.485725751159012
260,09,-2.4486756719630248e-05,-2.020394458007812,56.817002186003,25.28914702420103,3.919733715248108
261,10,-2.1893689024856883e-05,11.235235126454343,57.40779917159772,19.02933904491702,7.83856330803902
262,11,-1.5146696185204038e-05,20.892512133110895,68.07071139411661,14.33508744482597,10.206042723104686
263,12,-1.1904006665214989e-05,20.81303864280127,63.79751548051194,12.55957897350352,4.44023334568803
264,01,-6.723928980547147e-06,14.384707934964087,53.25762820807451,10.276413458688285,2.9121106677311723
265,02,-9.421481274265325e-06,7.153048214503697,61.79020408172125,11.304749446694343,-5.243323249499004
266,03,-1.3063552253355424e-05,-6.242824222359606,58.59238742218351,11.94844622561111,2.0673602820775843
267,04,-2.4765318735565716e-05,-15.737299090576174,60.65160554169682,12.39155946132872,-0.14914724131690124
268,05,-3.372209000100225e-05,-25.790908090242777,45.58359570831253,16.882564342469298,1.627706267162036
269,06,-3.303585196628976e-05,-31.827683939954966,48.06642211600013,18.788384712798067,-2.844979031266107
270,07,-3.6646507612448495e-05,-24.41304970722813,43.035889669943884,25.123447815056778,3.3910846430050428
271,08,-3.349079792080317e-05,-13.273838911159066,49.470468634774605,26.95539833592728,4.783530526397049
272,09,-2.8629883362433853e-05,-3.361749937269423,60.89090815499625,20.705136747317844,-5.33470389275021
273,10,-1.872843477780094e-05,15.499699002173642,52.0420637966638,21.72099201665899,8.002227872540873
274,11,-1.4045017091525046e-05,9.019137569173179,50.75557469189433,14.766802187086476,-9.810931996197173
275,12,-9.904081011676856e-06,14.487402564920403,52.82181985401466,10.6310780278957,-10.442604840391425
276,01,-6.60295483731882e-06,23.604068570044735,51.65779350411636,12.109373243094772,0.24362739111787537
277,02,-1.6342577849974034e-05,27.257544948032923,61.67323920420096,11.585383370463337,-1.1061846018972854
278,03,-1.718439095667989e-05,-2.8514695644583754,52.573686629964456,11.607923356689431,-3.643759417421075
279,04,-2.4829810814864887e-05,-14.182246478949653,49.20558492463959,12.332358963489533,-2.3918034127553303
280,05,-3.0134792006426703e-05,-17.31557953963741,52.31226475243542,17.86483551645279,8.87116875646448
284,09,-2.726855740998468e-05,-6.606480073716904,41.46046437310777,19.46754291381571,-4.940236078113981
285,10,-2.2813934475604865e-05,5.003235001430717,55.25826176021304,15.544581788047665,-1.6580593323451214
287,12,-9.155090198257839e-06,-0.601292420089886,52.83887711868107,12.703119583929736,2.2550676486517793
288,01,-7.996820467572737e-06,16.024269751435966,52.92226850532075,10.557260232224259,-6.687711740042573
290,03,-1.4304734281419465e-05,-4.024482163624097,45.80751552796749,10.201501829046073,-1.8552307312462917
291,04,-2.383696288773839e-05,-17.2942943037245,47.44735419490735,11.80928153449032,-3.901022283871968
292,05,-3.0977665722578726e-05,-19.48317038226384,57.695412786129985,17.237994223952292,7.087039322309597
293,06,-3.491794925367785e-05,-29.63445593295627,48.58540389312637,23.02299164098236,3.9237639763090355
294,07,-3.637924248004731e-05,-25.786057973554062,44.12265574810709,25.262484286273676,2.256303321858889
295,08,-3.1032737283929096e-05,-31.771135562691633,39.36124998163152,23.719839718063675,-0.9488135915366548
296,09,-2.437035215904568e-05,-12.497950702243381,40.21523504180775,18.67727894531356,-1.3662211480670508
297,10,-2.1305207502659715e-05,-2.352458050143333,49.86598729915773,12.834833942158248,-3.9558025068672755
298,11,-8.746191556262298e-06,13.336127873399521,55.471923015075255,15.444975968167515,6.3600499339209655
299,12,-8.986315398414586e-06,16.75842543636855,56.42778465677845,12.111972078078535,-3.4697213137842007
300,01,-8.992702947169514e-06,20.66453995308825,64.87525535803712,11.204803152650916,-7.858934863285351
302,03,-1.5225630396960167e-05,1.0669384965794064,50.376974003080406,10.998717471243236,-1.138047160363966
303,04,-2.4217375733618005e-05,-11.611916856553819,59.49211039767795,14.257841776642534,2.7121691885206443
304,05,-2.847669872224737e-05,-31.81054322043798,50.857990436966695,15.359272943048065,-4.050122515422042
305,06,-3.421590459786078e-05,-30.121984181382924,54.56608841220009,21.4024883570883,-2.826415734630161
306,07,-3.5823426863228845e-05,-21.040274605699764,48.61712288511441,23.3933894850977,1.6926178633577083
307,08,-3.442271008691844e-05,-10.630728795861687,53.4802156332962,26.830953647472523,3.4108706453384894
308,09,-3.09724094837697e-05,1.3779368174235027,41.60773183429904,20.335168852259056,-2.9949600599924717
309,10,-1.9737982986943505e-05,10.8786054316695,45.96995730125903,17.218317307363275,8.574271400144022
310,11,-1.219442167142309e-05,8.63346869269477,52.650442458646836,13.982692417393787,-9.378043831952414
313,02,-1.0796667724878803e-05,1.9850640389578682,54.967533898224424,8.97967280293788,-9.640787719771975
314,03,-1.2645556585016247e-05,2.2825399281491516,62.992716266741034,13.200527901346966,-4.314629368566698
315,04,-2.402455134354872e-05,-12.38321820203993,55.9102142579476,14.237437394865355,2.4257510029686817
316,05,-3.3327865934669755e-05,-23.83920729967343,52.369123788558014,16.13438991110812,2.0688526762480377
317,06,-3.715115132452208e-05,-30.632264646063906,50.84424858076307,21.792493984187978,-2.855177613343133
318,07,-3.409394384040644e-05,-23.561669685609886,47.80977541725482,25.305337204162793,-0.12447588444781559
319,08,-3.320200081173924e-05,-14.21000237282374,41.28222914207624,22.598466931248222,-2.113699344163299
320,09,-2.545146969718593e-05,-6.704652192857532,39.75358392157654,22.82103427496221,0.2588362180709841
322,11,-1.4535249143672345e-05,9.326381112670902,61.63253474075529,14.740219080596498,-3.2043117451349894
323,12,-9.12172876785682e-06,14.485518746324761,56.37181309181387,11.177854364097762,-10.295047618948002
326,03,-1.3873502668170125e-05,-4.782673361173239,59.930227692120816,9.928221458632457,-4.117894217727005
327,04,-2.37631702343909e-05,-18.782449027506512,53.65862876264652,12.557103431734772,-3.6884300680584374
328,05,-3.370682173148433e-05,-13.439136345319852,55.415879218805216,16.937964208655462,2.0604650645307303
329,06,-3.4785863751151034e-05,-27.11431088460287,44.96967633606062,20.177302681291106,-0.9218781734678478
333,10,-2.0357669840078775e-05,8.929626497002058,49.91160704086961,21.241959986229094,4.390374926597842
334,11,-1.6638314112929544e-05,21.698549422539603,51.20864173750348,14.983468749819865,1.2719425642437405
335,12,-1.1844671387852061e-05,21.158474252352146,51.61357204472506,13.297097678603667,2.7641417285755114
337,02,-9.635896793779033e-06,12.227102448962983,62.05461917357218,12.45363125636322,-0.014211802573431147
339,04,-2.5420359923575438e-05,-23.728481532796227,35.425640993569964,14.029402746246918,-3.46331045973036
340,05,-3.1186685044343005e-05,-23.42358186127037,55.67473245647261,19.129142921575937,3.6249730836191487
341,06,-3.458860908376663e-05,-19.802041976589628,51.81401281598541,24.706341961563957,4.854381080479092
342,07,-4.0491175616739144e-05,-14.380545316962786,51.51913973191349,23.765559630895176,4.963316324623683
343,08,-3.430768915528969e-05,-11.902402343421853,46.669440629773256,24.276185533899135,1.2682946735505136
344,09,-2.677926907070085e-05,-2.246240928141275,48.58724766878287,21.141295356886918,-5.713435930930243
347,12,-9.103623443880553e-06,18.67049515623687,44.72693699303237,10.617689527364186,-1.8565782344777098
348,01,-9.98381483742544e-06,30.50790186531313,59.32570013750177,13.490079094302269,0.586831203993931
349,02,-9.733829621899499e-06,11.488472740085646,43.235250111784055,9.918647395893075,-1.961968575159709
350,03,-2.0140387961912898e-05,4.352542552004578,67.29393991330491,11.024969367623331,-5.924768195429157
351,04,-2.446588194630345e-05,-15.287676639472116,50.48518859204715,11.81326274435123,0.7828483831617562
352,05,-3.326288808405293e-05,-18.37616691179173,46.32872357566895,18.2019808564968,3.5619684459522207
353,06,-3.476253857051133e-05,-32.52892781643338,47.80475471985869,20.658758763898746,2.4688790296554566
354,07,-3.577182100015043e-05,-18.878891244211506,53.425692884929724,25.707979306942672,3.024764808859876
357,10,-1.8222273044254205e-05,6.518695762716314,54.30898137165141,16.76005811733328,3.4220286894357335
358,11,-1.2143508331428165e-05,12.723418456013999,55.05112889809742,14.737761704242228,-2.265666114022997
359,12,-6.623100362498576e-06,8.910789440196046,51.189781416840454,10.188280075834642,-4.5166699999737485
361,02,-6.55127283612057e-06,7.2258432279314295,62.426701213981424,11.645883812596404,-11.307820014227003
362,03,-1.4006747319585248e-05,0.15545269151913163,60.10794240493287,11.059879185275365,-7.658853321957333
365,06,-3.4585202314802804e-05,-32.20444840494791,47.13420631794532,18.887264902786413,-1.996933453241984
367,08,-3.326769469126164e-05,-18.63527480389995,42.41847231385144,24.330370817279302,4.007808858727896
368,09,-2.396435872586961e-05,-8.675344586181641,43.626415080409586,22.162491116016437,-3.429848154513041
369,10,-1.8213049179844e-05,4.716025361748153,49.256211021474606,17.60658678425256,-7.069426254600609
371,12,-8.896478755051119e-06,9.686923075029926,62.37685010996686,10.664877343126522,-0.943810666238108
373,02,-7.65345504045659e-06,5.717629487900508,61.53230691539674,9.55672571522707,1.1087709607850937
374,03,-1.4227020407356234e-05,-0.1344084672825314,56.345688745778084,10.645667281794292,-3.83277569327816
375,04,-2.4690822054900404e-05,-20.66956467929416,50.227940069592,11.397826892315017,-3.325235909144084
378,07,-3.4407490462771055e-05,-31.11366353779454,49.13440625845617,27.35150430944914,5.159846364482757
380,09,-2.3803562745282155e-05,-1.7829848341200085,47.799041656389505,21.12537328449091,-1.4900869473775227
382,11,-1.1904203317903414e-05,4.708053307088217,64.34552551558414,13.104098462952505,2.2457498138851597
383,12,-7.738160395268594e-06,4.967533013128466,56.59717789244652,8.428497275237117,-7.298802586606754
384,01,-4.432973011169315e-06,15.641597058367989,49.85520389962581,10.790953362373896,-4.617686146418254
386,03,-1.235675504704564e-05,-6.3443144091534345,43.386579177287324,10.456544133351697,-2.7895524579530124
387,04,-2.5035789431644346e-05,-14.869033695136176,49.48712501599656,15.158912003555566,-2.1548139828152126
389,06,-3.4230032604055946e-05,-25.01744469502767,49.43961729888122,21.81825442208979,4.910514154773288
390,07,-3.7348723895911946e-05,-18.427609645064162,51.34294977803511,22.20925140021052,2.2203271809034453
391,08,-3.274760770019843e-05,-10.64563058373236,50.85391145080519,25.6041415031533,5.2939196082699675
393,10,-1.916051529891168e-05,8.726722329416583,41.10612051369683,18.000692696975126,-0.8078829870531637
394,11,-8.12447487300637e-06,7.208228931681314,45.10324230610001,15.098697719383242,5.527877823448181
395,12,-1.2744765838047034e-05,29.389911852764826,62.27082245179138,12.64775550762171,-4.9778297481126685
396,01,-9.557997748420493e-06,23.492998173539362,55.985124487241116,11.476601598980604,-10.09431259042473
397,02,-6.941694202459045e-06,2.77444112036694,54.92825397600388,10.29393062870804,-14.6274180279655
399,04,-2.412122515035865e-05,-15.116672309705946,65.52592149374486,12.959454562992518,5.787491861258613
401,06,-3.633841799156573e-05,-15.284035491265191,54.862410076340026,20.928866900479797,5.562437776141697
402,07,-3.9630504535585143e-05,-18.105863085346844,55.33667580591222,23.770940406066114,3.760446160183158
403,08,-3.664081436780238e-05,-14.530181596981583,48.63167088847007,25.032045431551115,5.85169593275747
404,09,-2.780254297756781e-05,-4.337274759928387,47.643611919113,20.29766017638975,0.3496705691655474
405,10,-1.749340033099435e-05,6.576196681525118,62.883388684188155,19.45141905994441,4.1778068266017465
406,11,-9.782895505729057e-06,13.286790387301977,48.36725960095062,13.530393645091852,4.77137181845771
407,12,-8.270612005098982e-06,23.135962751162953,68.44660146777348,12.410677929641098,-2.9825643158984443
408,01,-7.079607454118081e-06,9.77005108642578,59.36599973937003,10.500852505586481,-5.328164857536234
409,02,-9.82560560788399e-06,1.2790957768758144,54.799641565576906,8.859147338378996,-10.674283386707305
410,03,-1.6003138249269338e-05,-14.11737674147083,62.83003596656937,8.8088545557581,-0.8068198277258105
411,04,-2.0434202846445263e-05,-16.983018215264217,45.651346360141694,11.91540409259134,4.8500732873916625
412,05,-2.7662325821888435e-05,-23.158452428017892,56.92952051083376,16.579097982118206,4.0431414947509765
413,06,-3.319209287441886e-05,-26.815010833062065,45.349666944320994,20.551190380279227,1.0148970746570165
414,07,-3.405638901301333e-05,-27.630988150319745,40.32137145659744,24.74629142739055,-0.11920491269839657
416,09,-2.475842662511746e-05,-8.054260448540582,49.65095689521101,21.14314986570544,-3.601356833860608
417,10,-1.765674730958508e-05,13.677036990258001,51.31546706972713,19.146578139390993,5.100314021879627
418,11,-1.2026654228591521e-05,13.685960133870443,60.59634180396663,14.24176825358338,-4.091161051813762
419,12,-9.44601224512954e-06,28.97793200421077,55.46996279250422,12.755031762801186,3.2309785680463237
420,01,-8.580053124215514e-06,22.96357862870411,63.49304372530727,12.548642675956094,7.029194313151861
421,02,-1.1990748406116751e-05,26.598223410470148,61.15281964255657,11.46738722245466,10.60320344007583
422,03,-1.6731313326227373e-05,-1.3453218475669946,47.843510205716214,11.066952292218005,0.42368475792997606
423,04,-2.3883861623916246e-05,-16.521862002224392,58.86005653639768,16.86577033540408,-1.7134484677420727
424,05,-3.2321809314922687e-05,-17.350711201329386,63.11191008513332,17.91922860039819,1.5631698267536778
426,07,-3.570791800838603e-05,-18.498887496784167,52.862582088247414,27.574913323899757,2.0653683370979885
427,08,-3.5946427165531874e-05,-15.756697428713563,51.75170243226714,22.186411076767474,3.428375722310877
429,10,-1.6616273676728237e-05,8.951883064844276,46.06859467966968,21.249415780923695,5.742346490121657
430,11,-1.0089955154782932e-05,6.784489759657117,59.376273723493675,16.452237505469057,9.118718305354646
431,12,-1.0581146033268115e-05,22.95546643394552,54.273882943514856,12.032215354372097,-5.379404907780308
432,01,-9.2527426375611e-06,26.340960131573418,62.63006211892765,11.101973199181659,-3.8576281189046893
433,02,-8.153189459681882e-06,8.31590086110433,48.93550452213628,9.554675642374013,-1.6321592513720196
434,03,-1.5915630637317265e-05,-1.6360386480515998,44.90566300547765,10.268197295402967,-2.835005319595337
436,05,-3.070366395367009e-05,-25.76910455847299,53.73915812349191,15.192477716480534,0.8686174524368779
437,06,-3.477750818122634e-05,-31.860220404391814,46.7203716229452,19.765049702053602,-1.0147045824898613
438,07,-3.7615658574522775e-05,-25.170489753641114,45.05531850020347,24.844298535511058,4.414139295885639
439,08,-3.326061218056918e-05,-12.586229408838417,52.3345120203854,27.893779480126597,10.0172870392543
440,09,-2.5603061031688413e-05,-1.6679924726698132,46.654843129608366,19.359477819336785,-1.4644166116926407
441,10,-1.3186316454061119e-05,-1.463842040031187,51.45971762442205,17.587374542541404,0.10595317576008452
442,11,-1.4898132296588707e-05,27.46974549831814,55.57987919455502,17.272885030308036,-2.465322771920098
443,12,-8.385574634596725e-06,33.275967709449034,59.292129598577816,16.484773507957822,5.98071442790698
444,01,-9.004527324929857e-06,20.359526514525058,60.00615774854665,12.302332713373247,-1.7895402638835296
445,02,-1.2519085415486441e-05,14.879537966322628,54.698993667597065,10.2782587918509,-2.578204086939494
447,04,-2.7581765115751797e-05,-20.820068422105575,57.557788026644126,11.800390531207455,2.228406386099921
448,05,-3.16294027814815e-05,-19.310568396455505,50.32535560724812,17.92110827917566,0.9736174805138702
450,07,-3.758493633006676e-05,-22.269790681900524,47.74635748879372,25.57397250136893,1.5464795664100233
451,08,-3.3272750999810424e-05,-17.014684508621052,43.397001161080546,24.996205532712324,-0.02936674651279236
452,09,-2.4645985519115736e-05,-7.889081433783638,37.34792189491059,24.11319072261387,3.5211581916385226
453,10,-1.526362983537594e-05,-3.798430909843855,48.34944315867911,17.225026653107776,-3.7648246855992142
454,11,-1.1750765303218536e-05,10.89123139716254,54.5964946256227,13.316576630128754,-1.4600851942274309
455,12,-4.447676278540448e-06,15.633635981405934,42.93341399640295,13.01997802054626,-3.213377143326626
456,01,-6.416161365773257e-06,12.223324068787278,48.97643718384928,9.654886861660149,-9.303821084730084
457,02,-8.18821650381367e-06,12.903916228158135,62.959067062718525,12.805091260918546,2.093567276659466
460,05,-2.9667726341906155e-05,-25.198657173730993,56.839670298081565,20.08667393688617,1.8179982192952142
461,06,-3.566179110415154e-05,-31.36642959594727,52.944568701901716,24.920626615144148,1.6841690582911175
462,07,-3.888270218750779e-05,-23.176640851420746,56.14024401203919,25.7952684127118,1.4669344500880088
463,08,-3.333480648354688e-05,-12.395997953681537,44.035043613662005,24.6443350070715,5.206549530685589
464,09,-2.5415033401845397e-05,-5.530321179199219,52.86381167994076,21.336988494233296,-0.21663299340142145
466,11,-1.2597567349661808e-05,15.910226154920792,53.90823562632401,13.703532370326256,-5.144581027221679
467,12,-7.748080553331723e-06,20.40142875687794,63.311030514205655,12.457500854338369,-5.213931379113147
468,01,-8.493993727101315e-06,23.796599253992884,55.116003269850566,11.85726924298784,-0.8613272718409056
470,03,-1.3339704251535219e-05,-6.768148279333628,63.03257818707726,11.490985864388046,2.6816236802583107
472,05,-3.631899526441482e-05,-17.44638056798135,47.40056218499266,19.263493356326578,2.19420731886997
473,06,-3.447691067930363e-05,-33.33076165534125,39.74884000571834,22.747421039063397,-2.731220611657037
474,07,-3.4126774513620195e-05,-44.31138712696363,36.16823902212164,24.748706597475596,0.2656826255757326
475,08,-3.324744642680256e-05,-25.59706884437479,43.61733073811633,25.458101015994625,3.0056359347681845
476,09,-2.7110998255941223e-05,-4.088550005425346,48.59134079140956,22.0211015687267,0.5139748941421511
477,10,-1.717439320385384e-05,2.0582064438686585,44.893768001867876,19.248132997887105,-0.6498442904154464
479,12,-7.425197422547768e-06,21.47761040308142,53.53903508252609,13.385659862127355,-7.805834964444561
480,01,-8.170035396257738e-06,18.813249751593478,61.34680531404607,10.371796175769582,-13.357332215093798
484,05,-2.8741963674400066e-05,-37.081440074305384,54.09692304540707,16.092180326128517,-3.1204028086098297
485,06,-3.9525050331051005e-05,-23.208365014648436,47.86380608810849,23.5430796470099,11.051475863477918
486,07,-3.625940142692049e-05,-31.74150496025496,48.734570516079984,25.33940084237309,-1.339811041760188
489,10,-1.8569231195137014e-05,10.235854191605762,54.45598049366731,19.84700183868793,6.308236840812109
490,11,-1.0039879183467646e-05,10.335369747924807,64.20363267016013,13.91127883404626,4.896114809354146
493,02,-1.5386156723984276e-05,31.748662168305497,64.97568837541958,12.667990640856756,-0.9163454450629221
494,03,-1.9840231885472768e-05,-1.8349693298339842,46.56073982853019,10.753236534503198,-1.952287807956819
496,05,-2.995519203009721e-05,-45.04488896819084,46.51938461271666,15.459495272367233,-5.563120721488871
497,06,-3.546342912159163e-05,-30.903872137790252,54.092656515480414,22.70657669124338,5.139373203955756
499,08,-3.48960954878191e-05,-17.491402352609946,46.845165995435046,28.500981259279346,4.093506789135677
500,09,-2.4679065476549213e-05,-6.537764871215822,41.4254565234277,21.540383629229332,0.22758089597490075
501,10,-1.848353834580477e-05,14.114419966174706,59.132486595437086,18.9628441576868,4.539380098568496
502,11,-1.0186800306089735e-05,15.631692754109702,47.969248177954896,17.017071428382398,4.185152656957838
503,12,-6.893300624729055e-06,15.732371215492165,60.65007041392917,13.366138016835336,5.737939940524358
504,01,-7.860778656987515e-06,14.34612370152627,66.80461903254064,10.656338111351893,-5.843250577844601
505,02,-9.005972841740524e-06,9.622026147751583,54.51137783175566,12.087850346680197,2.4646371848923816
506,03,-1.5948935392546162e-05,-0.9029574194467195,53.47545231677126,10.827575914138107,-7.318563435933921
507,04,-2.588563685021654e-05,-27.98602328389486,47.86236142485672,9.781603732807106,-6.421966052585177
508,05,-3.230829694098981e-05,-22.4746828918457,60.26473778712485,15.16792012552164,3.197428371347406
510,07,-3.6336240956178925e-05,-19.074829963273896,48.14752719921964,26.729435961833566,2.9915820770673855
511,08,-3.444879628501263e-05,-12.903870650096605,45.419211714576655,24.521988378733717,-3.4263525877306535
512,09,-2.3354238802332672e-05,-7.743464881388346,41.71682162190013,23.398362704971102,0.8442784887313844
513,10,-1.864643046111826e-05,14.62936670381279,46.729617401201246,18.430376787841958,1.9188417487605924
