,month,MER,MSSHF,SD,SH,VW
1,02,-7.399999772068052e-06,2.729709174746558,0.0088853447891417,0.0003947880218570064,-1.3059519413312277
2,03,-1.408509512223264e-05,7.08405715679866,0.00040960040271923105,0.00044260006009506144,3.9315372702485787
3,04,-2.191347909663616e-05,-15.59233038906521,3.557954761717054e-05,0.00044040625960559647,1.0740941146002878
4,05,-2.839083756912113e-05,-16.16055940262989,4.408267492889076e-05,0.0007071434940667084,8.630355046979844
5,06,-3.330413338050373e-05,-22.16353809509278,0.0,0.0009014931640296304,3.2090791480382284
7,08,-2.8487004876296853e-05,-12.56110269165039,0.0,0.0009515669327950404,3.1812677038664456
9,10,-1.6345863611966567e-05,2.642213581372333,5.061999700402701e-05,0.0009355248356116273,5.778387170791627
10,11,-1.1569333000928361e-05,13.890767045423724,8.024262719684175e-05,0.0005703534181247354,-4.489285752847461
11,12,-1.207531024335357e-05,24.691616260159407,0.00017524099221793556,0.000536514795466784,-0.28389227742020834
12,01,-5.795284385228985e-06,8.867661568262244,0.000661063572411896,0.0002899667802897751,-3.3814287265244354
14,03,-1.4070489600584629e-05,-6.186828353717764,6.114121534491099e-05,0.00038754746073307194,0.9811663906958793
15,04,-2.282624180893941e-05,-17.872287172783746,0.0,0.0003994695938296395,-9.524053100861446
16,05,-2.9285246377967465e-05,-30.998830406271004,0.0,0.0004922136487145694,-1.0137218133249581
17,06,-3.014735746900341e-05,-26.066622504679362,0.0,0.0008849550965466025,2.5734654588063557
18,07,-3.1905643976779664e-05,-14.025872309859079,0.0,0.0008957915342465621,-0.26483490488606115
19,08,-3.1051088017916934e-05,-11.540256553403795,0.0,0.00108178564986637,-0.9145211367658391
20,09,-2.365392635981859e-05,-3.0327022542317708,0.0,0.0009669164780382541,1.5179921280543012
22,11,-1.4279194747299093e-05,14.235161112806532,0.0015326325999365914,0.0006224606235835986,-4.371212425486247
23,12,-7.873070872231058e-06,26.063403682913826,0.0016069860227646364,0.0005165828911668244,-9.22203131144534
25,02,-8.991757432514056e-06,2.888394768487839,0.0005664595067501069,0.0003669208622193323,-5.97966216750372
27,04,-2.2320882245185202e-05,-19.334173597547743,1.5786700778537326e-06,0.0005069280005498918,-3.2069450362735323
29,06,-3.0904296795920855e-05,-15.787571440294057,0.0,0.0009842194550476254,-0.5180842866049874
30,07,-3.173775886429094e-05,-20.80200322239373,0.0,0.001004735188951267,-0.9555403572000489
31,08,-2.8741253340065727e-05,-19.03508228654759,0.0,0.0010760535270361797,-5.737638261405371
32,09,-2.269007780640903e-05,-3.5648343312581385,0.0,0.0008672290949221253,6.289416321606107
33,10,-2.174942796122078e-05,9.781940688922843,0.0,0.0006867919335684071,2.4850872046152754
34,11,-1.4328458308167076e-05,19.586548003133142,2.2300614251030816e-06,0.0006729366678450485,-11.457353041140237
35,12,-7.687594037497059e-06,8.885675470167591,0.012596724167946844,0.0004129887476064696,-4.769642162630634
36,01,-5.276928763964617e-06,11.574925520045783,0.0001972472347239012,0.00046975674859519613,-4.891109149317589
37,02,-7.864293709969517e-06,5.468580898829869,2.739869412921724e-07,0.000443328927262103,1.6552668325560431
38,03,-1.6001877676116956e-05,1.792558938959594,3.8041683935349995e-06,0.0003661708261100601,-1.5734310661233883
39,04,-2.3437909088230905e-05,-21.874123499891493,2.168152067396376e-08,0.0004928932368082314,-12.943029245885215
40,05,-2.9170486620455693e-05,-20.4214844770534,0.0,0.00055373141337474,5.09572851915257
41,06,-3.17826830204164e-05,-27.949367026435006,0.0,0.0008103595633521967,1.782730908033583
42,07,-3.416977696542745e-05,-21.999847670688425,0.0,0.0009021180810537498,0.7331812882782313
43,08,-3.1963929242763654e-05,-15.790871219429917,0.0,0.0009689928345582772,3.203157168829313
45,10,-1.6551261839878706e-05,3.491510892150223,0.0,0.000806341602621908,3.9553702151800993
46,11,-1.519573135911843e-05,20.401449884033198,5.0221549140082464e-08,0.0006367408295191699,5.924383153004117
47,12,-1.0313162028783104e-05,17.753608460457098,4.658237964876236e-05,0.0004811068228571663,-1.7107022496705413
48,01,-1.1369238679367056e-05,31.70380508160335,0.00012911142713280135,0.0005065474144361389,-7.28827055961855
49,02,-1.1685804688698098e-05,2.732715975443522,0.00031034646715436665,0.00024583032542684335,-5.2380526352155785
50,03,-1.3839232150540515e-05,-0.5926843497983868,2.071826688704952e-05,0.00048506053711077566,-4.877558255903184
52,05,-2.6606813441591635e-05,-11.409518621957432,0.0,0.0006822573668070693,8.684080295788345
54,07,-3.282222612492611e-05,-33.091220865229126,0.0,0.0011865903298230965,0.5349078274183373
56,09,-2.725831751290065e-05,0.9693071214463977,0.0,0.0008300272881937013,1.751585998386807
57,10,-2.1395454446465794e-05,12.186390243366201,0.0,0.000809845710132114,-2.097481352693291
58,11,-9.367185011372688e-06,10.117007967122396,3.5537613762749565e-08,0.0005637446514673988,-6.614907704395718
59,12,-8.522425015388596e-06,21.808005747805364,2.6479295504990444e-05,0.0005939787194328425,-2.6570578389526696
61,02,-9.682757584759485e-06,6.4267875001403105,8.748411584174497e-05,0.0003115679466334117,-7.605639194422754
62,03,-1.3818876191033916e-05,-6.2181760956138685,9.418372313181559e-05,0.00032761467128058087,-2.6351272446211946
63,04,-2.3066575134180317e-05,-21.124448284233942,5.596658653683133e-05,0.00045012077381442295,-3.7798098264482283
64,05,-2.301351515928619e-05,-21.276121071107926,3.1990530670330086e-06,0.00067266253149976,-0.677646871115572
65,06,-3.0384449369921637e-05,-25.249517172580298,0.0,0.0009127790745715982,-5.382480461120606
66,07,-3.052118788760435e-05,-16.333257173927887,0.0,0.001033779662579662,-3.011209047296996
68,09,-2.2138291550658728e-05,-0.809648367987739,0.0,0.0010072270758296226,-1.9586343215306596
71,12,-7.343828446024142e-06,12.754345215500043,1.1825137240912326e-05,0.0005638061713049892,0.8407210145560645
72,01,-6.201572312694294e-06,7.789162023728894,0.006257890532093664,0.00032037616245556873,-7.303112680189071
73,02,-7.646551471441942e-06,-7.170963860648018,0.00039035758092289885,0.00043289734202582635,-8.188289751120978
74,03,-1.1304150707112197e-05,-2.56875498781922,0.0002458149412626861,0.00041982346533168605,0.883263510611749
75,04,-2.3272295822324753e-05,-10.486857863362628,3.632929590013292e-07,0.0005507065881250634,-3.498696371036106
76,05,-2.800802443084893e-05,-16.149492612120927,0.0,0.0007271333313690247,3.582993253482286
77,06,-3.090711121482552e-05,-17.990251360066733,0.0,0.0007727630264536654,0.5723389233907065
78,07,-3.447742918110781e-05,-15.274860501197074,0.0,0.0010814784673431896,1.9624681110997348
79,08,-3.3271033724499884e-05,-4.3656862228557625,0.0,0.0009632387406820798,6.747224802570958
80,09,-2.244669017984254e-05,-3.3109654418945316,0.0,0.0010995125499796714,-4.491637453036838
81,10,-1.5745955748394817e-05,1.4800897167574978,0.0,0.0007476628478483084,0.5071230077846077
84,01,-1.0488508364736625e-05,25.802121266682942,0.0024635101813142014,0.00041564420438127206,-6.017850162034394
85,02,-9.105866422227595e-06,-15.737989101954868,0.0001222507996218545,0.00019560193471323016,-4.677185569944837
86,03,-1.09558865346488e-05,2.199697240357758,0.0001382134986180131,0.000417650180977115,1.529696232846988
87,04,-1.9242588071877733e-05,-14.953707265557181,7.426198323567707e-06,0.00039568850197150223,5.869092054367065
88,05,-3.1224375424332516e-05,-18.680161248648037,0.0,0.0007434592337500871,8.900653361905007
91,08,-3.1366839325049225e-05,-20.726613564768147,0.0,0.0009093863952855494,5.28556109350471
92,09,-2.1116000810717296e-05,-5.870355172729491,0.0,0.0010170114291461383,-3.8961140452067053
93,10,-1.7202233669146365e-05,6.4104873591597356,0.0,0.0008042660296969873,1.2270836029257823
94,11,-1.2770530823662637e-05,20.62896745435927,4.2331218719482425e-08,0.000712386935210562,2.6885640857060755
95,12,-1.128779906788603e-05,28.043287035542146,0.00037468132152352284,0.0005160226476652414,-3.9448398696120077
96,01,-8.849628261046861e-06,-8.473066081057311,0.0005335850459273144,0.00039371051453645855,-10.992317990600421
98,03,-1.3287096029671374e-05,-5.803373095440609,7.337508534872401e-05,0.00038326355497387356,-7.2440210121934125
99,04,-2.2575659647211267e-05,-11.442104777696397,1.2648238076104058e-07,0.0005509123427555208,0.2727976148605345
100,05,-2.791426425801057e-05,-28.103053294192083,0.0,0.0006231550341834262,-5.130835388368177
101,06,-2.8837502824555686e-05,-20.989433822292757,0.0,0.0008995023713432398,3.1211598950915858
102,07,-3.379324687933062e-05,-20.07741719498173,0.0,0.0011762637337276985,-0.3532960533019038
104,09,-2.5696148892024614e-05,-3.969099077690972,0.0,0.001026891966428189,2.196264123302036
105,10,-1.9746457593286597e-05,13.28605210072507,0.0,0.0008929555590629677,13.057100941893877
106,11,-1.2423982501220758e-05,8.69252590874566,0.0,0.0005567817669088578,-4.4051263535393606
107,12,-5.659096497726741e-06,10.619382738339004,5.145294307380593e-05,0.0006231452756041871,-2.9305631152942615
110,03,-1.4791143874625109e-05,4.141464673442225,3.25570567961662e-05,0.00047325576421621175,-8.382366675202562
114,07,-3.385038605679304e-05,-9.511822006717805,0.0,0.001171458948932473,6.8323721847123995
115,08,-3.211179117533902e-05,-13.866469908683532,0.0,0.0010266525363930598,2.628318884675221
116,09,-2.5435363158006416e-05,2.907980506727431,0.0,0.0009323654926211424,-2.148785310766432
117,10,-1.6347254436593455e-05,7.273599919801116,0.0,0.0007721173569709835,3.924836768201601
118,11,-1.0307503538792339e-05,7.8851572241889105,7.3817332585652676e-06,0.000563931326113359,-8.722512957763671
119,12,-7.866494279115095e-06,20.208327730240367,0.0,0.00053423904773601,-12.605013241860172
120,01,-5.490775168401608e-06,12.580168148245866,0.0,0.0005023698754026696,-0.17765723320745627
121,02,-1.1993180484209699e-05,15.243881237211681,4.026403029759725e-06,0.00042497837058714,3.106950273581913
123,04,-2.3728384267512105e-05,-15.711892689005532,7.404155201382107e-06,0.0005368266940982721,5.176459208255344
124,05,-3.2913617601255e-05,-32.404015432706444,0.0,0.0005949903542140838,-1.0060280780382052
125,06,-3.3498540398290464e-05,-35.047065074327264,0.0,0.0008175972156450774,-0.8146940553241305
127,08,-3.0036708770112647e-05,-17.0266568734774,0.0,0.0009896705504082786,-1.1468217086586903
129,10,-1.9913688146604526e-05,14.103063629806684,0.0,0.0008421332443241979,-2.4773695379892984
130,11,-1.311930024130561e-05,7.912713109334308,7.664759953816732e-08,0.0004454905331929088,-2.328028060743544
131,12,-7.719866410816296e-06,20.033501539989185,2.718377369706349e-05,0.00047829752353097696,3.374046808632471
132,01,-9.708490018202875e-06,23.531725362798216,3.920951197224279e-06,0.0005105691684948654,2.2783597749689575
133,02,-1.709957590030951e-05,31.83555304718018,2.0835172562372115e-06,0.0005475542892947997,3.3738418606576466
134,03,-1.7018775953137494e-05,2.372058311872584,2.4298456407362414e-05,0.00048062062612102977,-3.703874424616497
135,04,-2.7999317039636173e-05,-19.276666238742408,0.0,0.00037736529698403654,-2.407902050060696
136,05,-3.125298669270236e-05,-34.3688931694441,0.0,0.00042185220914118,-0.4548254154984667
137,06,-3.068480971400681e-05,-23.63770078192817,0.0,0.0008391077614164817,3.9676137081358167
138,07,-3.559518055198981e-05,-33.07448882301904,0.0,0.000870340643866736,-3.748802826481482
139,08,-2.897321149455781e-05,-28.290339532667595,0.0,0.0010727420896216627,0.09266292079802467
140,09,-2.7407515947157255e-05,-3.6402964202880854,0.0,0.0008673468175783354,-6.767911235004002
142,11,-1.0645134954231454e-05,8.876481322224937,1.7197676499684652e-05,0.0004970781178460824,-4.461492165671455
143,12,-1.0178729378000547e-05,19.264495642221096,0.00010385854269868586,0.0004455819003796224,-4.244458656290527
144,01,-9.804670876438911e-06,24.167181801416536,7.464897248052782e-06,0.00029198987653266507,2.6246698665003616
145,02,-6.996622216688376e-06,0.507544446309408,0.002555922939663842,0.000305701507385693,-1.0937606032008218
146,03,-1.2629808311264428e-05,-0.5304674036169569,0.0,0.0005727407951866191,3.679436902446132
147,04,-2.5889148811054637e-05,-18.50936585184733,1.8495678901672365e-06,0.00041218083241272116,-3.8804163361655335
148,05,-2.5811937759284265e-05,-33.066711107479634,0.0,0.0005622225995608382,-12.559387157317131
149,06,-2.987989489524302e-05,-20.686577268473304,0.0,0.0007455840776351881,2.312953067652385
150,07,-3.606362330103894e-05,-12.26554677852508,0.0,0.0011091873102282322,3.502324325315414
151,08,-2.9805839779475068e-05,-22.79464663072811,0.0,0.0010097339748723264,-1.1765128447214765
152,09,-2.1833397036001162e-05,-8.548686426798504,0.0,0.0008007140552823532,-0.019854519801669517
153,10,-2.004618059737534e-05,2.17344532234438,0.0,0.0006820325499599374,0.952629884084066
154,11,-1.4646135411648073e-05,14.444811823866104,2.8859506713019477e-05,0.0006339337644810405,1.6261124956766764
155,12,-7.654158530845394e-06,17.942148733159545,5.5359345610423755e-06,0.00046165224257053707,-8.3346434656779
156,01,-5.988280283046514e-06,9.900324605634134,0.0,0.000437638549289248,-4.6902770765161
157,02,-7.568776633878318e-06,10.513905402874128,3.7069602944385046e-05,0.00039763415424268303,-4.960775098691043
158,03,-1.6743815379482177e-05,3.675611719931326,1.1341134707132974e-05,0.0004879701252311531,-5.972428818959062
159,04,-2.3724830210206465e-05,-12.979907084147134,2.5939941406250002e-08,0.000579528459085648,-1.8858808835771346
160,05,-3.502280750303383e-05,-18.415903687507882,0.0,0.0005439886107167655,1.5834636519647416
161,06,-3.339920427913765e-05,-25.873405965508358,0.0,0.0008486856836498394,0.20037269441816533
163,08,-3.290884278264643e-05,-13.404264240552024,0.0,0.0012228114123283905,9.420622178641697
164,09,-2.5466491539959356e-05,-1.4094354346381297,0.0,0.0008614746787727199,4.871189140446982
165,10,-1.9484351597922247e-05,1.9587082073252686,1.8078127214985508e-06,0.0005589232049004094,-2.175138033138808
166,11,-1.321692710625939e-05,23.694389510769323,0.0,0.0005697992317844588,-2.830467434925503
168,01,-9.715480358609446e-06,34.39173987899288,4.798289268247543e-07,0.0005887621752377449,-2.1686067230265627
169,02,-8.449411843078754e-06,-1.1622854381742926,0.0001454247690382458,0.00038359931115603885,-7.902738267875852
170,03,-1.4966802825774622e-05,-6.011914413616221,0.00013486407008222353,0.0004124762266675568,-7.480420348013602
171,04,-2.191761210872048e-05,-4.539731902737087,0.0,0.000576000432182122,4.336087137201097
172,05,-3.0932743489659034e-05,-26.541132331437964,0.0,0.0007194121543284234,4.809687152677967
173,06,-3.281592492067931e-05,-24.277929318237305,0.0,0.0009091609778879503,-2.820804222467211
174,07,-3.3366269429406925e-05,-23.52127023184171,0.0,0.0009773544866860003,0.3682552195723335
175,08,-3.234485571499712e-05,-11.285276480397874,0.0,0.0010167660779612973,-1.517910512739612
176,09,-2.2725771390226628e-05,-2.4448908416748045,0.0,0.000888641576060541,2.567192783037821
177,10,-1.798888249350155e-05,2.3637267239478326,0.0,0.000542134024022548,3.3335509971905783
179,12,-9.250304196792702e-06,31.236705364924607,0.00020338165888222312,0.0004956924168822877,-2.3895911745461094
180,01,-8.814763398506955e-06,28.086010490499522,6.143172710172592e-05,0.0004701822597394422,-2.550082951761061
181,02,-9.681430163471391e-06,-2.9269207930791947,0.0003871754450457437,0.0004138276064931533,-1.1560002459117344
182,03,-1.5868986940443404e-05,12.424105568506382,9.499826738911291e-08,0.0005810495797577411,-5.109838371625509
184,05,-2.8615912740195944e-05,-19.306992470361852,0.0,0.0006858745914348111,3.848988206781366
185,06,-3.390126228795352e-05,-22.424498955281575,0.0,0.0010699702445989207,-1.7603594158596463
186,07,-3.466171150601792e-05,-32.442688338413035,0.0,0.0009186411803072188,3.6306611074632213
187,08,-3.527003988845888e-05,-15.806742182249662,0.0,0.0008680270261172562,2.5525207887670045
188,09,-2.649383951805552e-05,-2.2674784339057075,0.0,0.0008433525541978978,2.5801398991478814
189,10,-1.8016295581522476e-05,4.47270425086893,0.0,0.0007590626369145407,0.06765352751619064
190,11,-8.92097842036795e-06,12.752254605102538,0.0,0.0008178240753429337,-0.3912592182583275
191,12,-1.093666692604627e-05,22.757288210632986,6.536950347244099e-07,0.0005556525008313002,-0.4517669412141207
192,01,-1.2804497735976505e-05,25.385474410518523,0.0009627563479126142,0.00045759688101936,-4.624458262494815
193,02,-1.271823695051786e-05,20.178666164579848,5.487134059270224e-06,0.00048809193327531924,-0.782204506329128
194,03,-2.219248033328259e-05,-0.5256330294045062,0.00016835869896796444,0.00037265990637394303,-5.375294921936527
195,04,-2.3056703787511248e-05,-15.611610607231992,0.0,0.0005232466899471546,-8.217882198884753
196,05,-3.3250014936618425e-05,-29.631465932538433,0.0,0.0006214292339710306,1.762601557700865
197,06,-3.44918315846169e-05,-24.446217814466692,0.0,0.0007471122926498033,-4.784962304306031
198,07,-3.591561413959817e-05,-25.92438248894804,0.0,0.001035028367159925,2.4434866078284476
200,09,-2.6222378082234683e-05,-4.395296908230251,0.0,0.0008676720050675714,0.612849772156609
201,10,-1.4566836962311297e-05,5.514771194293934,0.0,0.0008753650264261328,5.549859377050913
203,12,-8.991161045966975e-06,-5.598886509064706,0.00015860379254946144,0.00039905608716880105,-2.867056723256265
204,01,-7.460320452180465e-06,-0.4728464959257379,0.00023015245699113416,0.00044037663110958085,6.124564749543385
205,02,-7.544903639281147e-06,5.38362545916678,0.0006102077837648064,0.00031412921131322426,-2.21206523458985
206,03,-1.2827322511164368e-05,-10.990242480862525,2.0419359207153323e-05,0.0004322530456430366,-7.0827326481316675
207,04,-2.0502408365953464e-05,-21.604367342122394,2.815988328721788e-08,0.0005573882549563778,0.9496918742709688
208,05,-2.4253428110207234e-05,-26.022296560964275,0.0,0.0006685273422467372,5.224901751507995
209,06,-2.8253365109311642e-05,-38.732165323215064,0.0,0.0007725716853643563,-2.092028507275052
210,07,-3.142641031134248e-05,-27.054918192217425,0.0,0.0009566610893040974,-3.1049256038050506
212,09,-2.534073391895315e-05,-7.00570699428982,0.0,0.0007056351989302735,-8.668936958101062
213,10,-1.7171301486478214e-05,8.106230379494288,0.0,0.0008193838488076182,1.0061798058786697
214,11,-1.4551765714713837e-05,14.46901237657335,0.00012027359008789062,0.0004943569559801082,-1.5732026177512282
215,12,-8.836182103413613e-06,1.1414017176474303,0.00011574836187465217,0.000456995769084828,-1.747326027634323
216,01,-3.583592048936e-06,-1.2817189340899076,0.00038023888808424755,0.0002965270524839061,-1.3202002071257561
218,03,-1.2413017713795421e-05,-3.0697627356744577,0.0,0.0005206532129615308,-7.647408246809437
219,04,-2.201332183204714e-05,-17.60772253417969,0.0,0.0005176294510015927,-13.783778404808043
220,05,-3.085946982284968e-05,-22.07697987414944,0.0,0.000691181856834612,0.9932646831184299
222,07,-3.376502295814329e-05,-20.43258258581674,0.0,0.0008547632643424363,-0.6637979181966475
223,08,-3.064838395117496e-05,-15.397676236060358,0.0,0.0010386910332973625,1.682758229081349
225,10,-2.0736059433235615e-05,1.8364669255082322,0.0,0.0007064217952702141,-9.586813698840396
226,11,-1.1372840429430654e-05,5.54297788119846,0.0,0.000528491018474924,5.854934998512268
228,01,-1.1099072907757458e-05,24.386054642872143,2.2409808251165574e-07,0.00045592296519506595,-1.450892314357142
229,02,-7.893391973560764e-06,12.879144769577753,3.740382904098147e-05,0.000624683462594898,-3.037549276329223
230,03,-1.582076560769428e-05,4.910139277304372,1.3940626575100807e-05,0.0006810213565312239,-10.113063399243101
231,04,-2.2395207648413717e-05,-10.670934447903104,2.9785103268093537e-07,0.0005132326088525791,8.915542415809632
232,05,-3.182257207745645e-05,-20.036693252071256,0.0,0.0007038634061112829,-0.6871010359282137
233,06,-3.4082233544055876e-05,-13.138249787733287,0.0,0.001018815234679136,6.3122358766767706
234,07,-3.6390916169732936e-05,-13.917790471887077,0.0,0.0009119439115554566,-1.1335652676243932
235,08,-3.4686337675251e-05,-19.754633603331865,0.0,0.0009149996268527415,-4.290398413873488
236,09,-2.4247977624205914e-05,0.3736279635959201,0.0,0.0010404470592029612,1.3469011118359038
237,10,-2.3367591303340108e-05,14.50471792602539,9.088093234646704e-07,0.0007692835288216944,-2.384550996001049
238,11,-1.186565926222506e-05,4.6568576497395835,2.143026722802056e-06,0.0004236663616776847,-6.541430208015441
240,01,-9.430198710966792e-06,24.63400003675235,0.00020755073460199501,0.0005411838983149154,0.13767809711989554
241,02,-1.079772392194216e-05,13.779260249546594,0.0025613292994953337,0.0004247924906180526,-15.095687816460925
243,04,-2.54553507465769e-05,-17.42901027967665,8.541558848487004e-06,0.00045097119342235603,0.7264303844663831
244,05,-3.422614240797327e-05,-20.88572949317194,0.0,0.0007112033766742989,2.5149216677758
246,07,-3.775679561435789e-05,-20.12216363230059,0.0,0.0008227019134094047,-0.9507721068679647
247,08,-3.318467006672979e-05,-13.657699137697938,0.0,0.0009116657846986517,1.798294270935879
248,09,-2.59650643648355e-05,-3.5717024329291456,0.0,0.0010456855732800857,7.428677170393202
250,11,-1.3179962080519347e-05,12.654008286878799,2.0961513784196646e-05,0.0005313356323464177,-5.3083783276663885
251,12,-1.3700721242369786e-05,27.986750325848984,0.0004829321933049028,0.0004460608781439875,-4.7865400395137
252,01,-6.553396535759588e-06,18.42038040095504,7.689163249026063e-06,0.0004392718665100694,-7.92022200951525
253,02,-1.2230161100386137e-05,18.65321454909752,3.605513052008618e-05,0.0004498816253623835,-5.22298073832194
255,04,-2.355722367422762e-05,-12.813957029554578,8.329312006632488e-07,0.0005945271223715785,9.074070477824739
256,05,-3.550879427684679e-05,-19.147158501081563,0.0,0.0006344104929724587,4.448491038230157
257,06,-3.750390542944741e-05,-27.016546727159287,0.0,0.0008396627575370277,1.1058663845909962
258,07,-3.168135436499142e-05,-21.668345875401656,0.0,0.0008486174719188665,-2.328411767098212
259,08,-3.0941285219664524e-05,-19.063545700565466,0.0,0.0008177378859400235,3.485725751159012
260,09,-2.4486756719630248e-05,-2.020394458007812,0.0,0.0011746618843225302,3.919733715248108
261,10,-2.1893689024856883e-05,11.235235126454343,0.0,0.000834898857871064,7.83856330803902
264,01,-6.723928980547147e-06,14.384707934964087,0.00041049615926640003,0.00033838884669713326,2.9121106677311723
266,03,-1.3063552253355424e-05,-6.242824222359606,0.00027922883085025255,0.00043964260734938635,2.0673602820775843
267,04,-2.4765318735565716e-05,-15.737299090576174,6.594268480936686e-06,0.0004324344195720945,-0.14914724131690124
268,05,-3.372209000100225e-05,-25.790908090242777,0.0,0.0006874419770607463,1.627706267162036
269,06,-3.303585196628976e-05,-31.827683939954966,0.0,0.0007031702677992751,-2.844979031266107
270,07,-3.6646507612448495e-05,-24.41304970722813,0.0,0.0009577895311687377,3.3910846430050428
271,08,-3.349079792080317e-05,-13.273838911159066,0.0,0.0011785009511229004,4.783530526397049
272,09,-2.8629883362433853e-05,-3.361749937269423,0.0,0.0008204311439514236,-5.33470389275021
273,10,-1.872843477780094e-05,15.499699002173642,0.0,0.0009255201393185142,8.002227872540873
274,11,-1.4045017091525046e-05,9.019137569173179,0.0,0.0006085738384488525,-9.810931996197173
275,12,-9.904081011676856e-06,14.487402564920403,0.00022924734956474715,0.00042967180998163804,-10.442604840391425
277,02,-1.6342577849974034e-05,27.257544948032923,5.277034782228017e-06,0.0005129149039266849,-1.1061846018972854
278,03,-1.718439095667989e-05,-2.8514695644583754,1.5001514906524331e-06,0.0004819596547454955,-3.643759417421075
279,04,-2.4829810814864887e-05,-14.182246478949653,0.0,0.0004709443206453266,-2.3918034127553303
280,05,-3.0134792006426703e-05,-17.31557953963741,0.0,0.0007120376103461025,8.87116875646448
281,06,-3.5836119472898846e-05,-20.466573669433593,0.0,0.0009486301975226323,5.354612818103367
282,07,-3.594073215623134e-05,-17.96138944137737,0.0,0.0010623623587375588,2.8066557161474734
283,08,-3.0240783373966385e-05,-12.41071590333344,0.0,0.001163815572202473,2.9107890031876105
285,10,-2.2813934475604865e-05,5.003235001430717,0.0,0.000718885400139463,-1.6580593323451214
286,11,-9.433203981300014e-06,10.082439758300783,0.0,0.0005791067180039236,3.1934507407718233
287,12,-9.155090198257839e-06,-0.601292420089886,1.2510566301243278e-09,0.0004945328851989802,2.2550676486517793
288,01,-7.996820467572737e-06,16.024269751435966,0.00044667841542151673,0.00041192595895207524,-6.687711740042573
289,02,-9.213011075579354e-06,1.6289639434814458,0.000368756529830751,0.0002735949758984874,-1.30996356187548
290,03,-1.4304734281419465e-05,-4.024482163624097,0.0,0.0004401956440712298,-1.8552307312462917
291,04,-2.383696288773839e-05,-17.2942943037245,1.5020370483398438e-08,0.0004770017007668381,-3.901022283871968
293,06,-3.491794925367785e-05,-29.63445593295627,0.0,0.0011471253787109367,3.9237639763090355
294,07,-3.637924248004731e-05,-25.786057973554062,0.0,0.000985359612786695,2.256303321858889
298,11,-8.746191556262298e-06,13.336127873399521,0.0,0.0006547417485429125,6.3600499339209655
299,12,-8.986315398414586e-06,16.75842543636855,1.2960655714875909e-05,0.0005586620659873345,-3.4697213137842007
300,01,-8.992702947169514e-06,20.66453995308825,0.0007110370653931812,0.0004630176850634722,-7.858934863285351
301,02,-1.1818901434843997e-05,12.780648606925178,0.0004339445432027181,0.000495099684988787,-6.535059127676075
302,03,-1.5225630396960167e-05,1.0669384965794064,0.00020815543461871405,0.00036018773000070863,-1.138047160363966
304,05,-2.847669872224737e-05,-31.81054322043798,0.0,0.0006152930506795131,-4.050122515422042
306,07,-3.5823426863228845e-05,-21.040274605699764,0.0,0.0009030186964724067,1.6926178633577083
307,08,-3.442271008691844e-05,-10.630728795861687,0.0,0.0011410420949086592,3.4108706453384894
308,09,-3.09724094837697e-05,1.3779368174235027,0.0,0.0008935518929530012,-2.9949600599924717
309,10,-1.9737982986943505e-05,10.8786054316695,0.0,0.0006333934098819987,8.574271400144022
311,12,-6.509792311736683e-06,12.651209838210898,0.000107577202140644,0.0003987152580916455,-4.153789951550063
313,02,-1.0796667724878803e-05,1.9850640389578682,0.00020228017086074463,0.00030567886635834556,-9.640787719771975
314,03,-1.2645556585016247e-05,2.2825399281491516,0.002058747031355417,0.0005048640071809572,-4.314629368566698
315,04,-2.402455134354872e-05,-12.38321820203993,0.0,0.0005435340928157731,2.4257510029686817
318,07,-3.409394384040644e-05,-23.561669685609886,0.0,0.0009847484367624458,-0.12447588444781559
319,08,-3.320200081173924e-05,-14.21000237282374,0.0,0.0008214074471167111,-2.113699344163299
320,09,-2.545146969718593e-05,-6.704652192857532,0.0,0.0009221086927508522,0.2588362180709841
321,10,-1.7187334372416657e-05,10.538457600583316,0.0,0.0007750956863858269,7.126440133228097
322,11,-1.4535249143672345e-05,9.326381112670902,0.0005737135661972894,0.0005952350228117148,-3.2043117451349894
324,01,-6.5253165958961526e-06,7.280853728591756,0.00014880976241122009,0.00037462094703483867,-3.6792645613557546
325,02,-8.8568046297561e-06,4.634872235616048,0.00010614823585464838,0.0003650888354684262,-7.89652470570519
326,03,-1.3873502668170125e-05,-4.782673361173239,0.0004253186384836833,0.00041051977616280897,-4.117894217727005
327,04,-2.37631702343909e-05,-18.782449027506512,0.0,0.00045216028320109117,-3.6884300680584374
328,05,-3.370682173148433e-05,-13.439136345319852,0.0,0.0006535041197075036,2.0604650645307303
329,06,-3.4785863751151034e-05,-27.11431088460287,0.0,0.0008772879220370063,-0.9218781734678478
330,07,-3.3670624993676266e-05,-35.11209074615151,0.0,0.0009552916027034605,3.439024755990633
332,09,-2.4569920312832332e-05,-1.9050392035590278,0.0,0.0011661635124005137,5.070309681532119
333,10,-2.0357669840078775e-05,8.929626497002058,0.0,0.0008570413862924212,4.390374926597842
334,11,-1.6638314112929544e-05,21.698549422539603,6.023910310533312e-08,0.0006521134779476141,1.2719425642437405
335,12,-1.1844671387852061e-05,21.158474252352146,1.2561005930746755e-06,0.0005773151541380593,2.7641417285755114
336,01,-1.3167410284109127e-05,32.71415653975292,7.495572490076866e-08,0.0005230013527154189,-6.19178593167951
339,04,-2.5420359923575438e-05,-23.728481532796227,0.0,0.0005033413915325177,-3.46331045973036
340,05,-3.1186685044343005e-05,-23.42358186127037,0.0,0.0008101687334261413,3.6249730836191487
341,06,-3.458860908376663e-05,-19.802041976589628,0.0,0.0009322974188374144,4.854381080479092
342,07,-4.0491175616739144e-05,-14.380545316962786,0.0,0.0009613429224455643,4.963316324623683
343,08,-3.430768915528969e-05,-11.902402343421853,0.0,0.0010274620080804539,1.2682946735505136
344,09,-2.677926907070085e-05,-2.246240928141275,0.0,0.0008591688969658409,-5.713435930930243
345,10,-1.4836711174446523e-05,-1.5530790907336818,0.0,0.0008285501714110792,-5.4607639956935765
346,11,-1.4172945336880124e-05,15.984315191311307,8.570086956024171e-06,0.0006465871534172897,-11.158009668244258
347,12,-9.103623443880553e-06,18.67049515623687,1.9495038576023557e-06,0.0003995294160866323,-1.8565782344777098
348,01,-9.98381483742544e-06,30.50790186531313,3.1635838170205394e-06,0.0005276380488101,0.586831203993931
349,02,-9.733829621899499e-06,11.488472740085646,9.416011558181937e-06,0.00042143233519641003,-1.961968575159709
350,03,-2.0140387961912898e-05,4.352542552004578,6.198341231192312e-05,0.0004389440757035161,-5.924768195429157
352,05,-3.326288808405293e-05,-18.37616691179173,0.0,0.0006870887521260839,3.5619684459522207
353,06,-3.476253857051133e-05,-32.52892781643338,0.0,0.0008564286241224787,2.4688790296554566
354,07,-3.577182100015043e-05,-18.878891244211506,0.0,0.0011261872946572934,3.024764808859876
355,08,-3.3834556450724496e-05,-9.036356891591062,0.0,0.001041277370647549,4.132854468827607
356,09,-2.5189189388381943e-05,-2.5223080678304033,0.0,0.0009044781553824899,-0.056067406590780286
358,11,-1.2143508331428165e-05,12.723418456013999,0.00035360905991660223,0.0005676329277205644,-2.265666114022997
359,12,-6.623100362498576e-06,8.910789440196046,3.1098793911677535e-05,0.00043185676473623153,-4.5166699999737485
360,01,-6.219402897665034e-06,13.638463789416898,0.00026115813434764905,0.0004136181822207933,0.47961315901561447
363,04,-2.2896213735516033e-05,-13.763160278998479,7.51813252766927e-09,0.0004889661802240576,6.029264274046157
365,06,-3.4585202314802804e-05,-32.20444840494791,0.0,0.0007885755440597576,-1.996933453241984
366,07,-3.995988693131167e-05,-23.939954596078525,0.0,0.0009029157017727434,5.637807804107666
367,08,-3.326769469126164e-05,-18.63527480389995,0.0,0.0010581389043553269,4.007808858727896
368,09,-2.396435872586961e-05,-8.675344586181641,0.0,0.0009490466401233954,-3.429848154513041
371,12,-8.896478755051119e-06,9.686923075029926,0.0033527605789963914,0.00038589618015715004,-0.943810666238108
373,02,-7.65345504045659e-06,5.717629487900508,0.0021790685525962285,0.0003673177904023817,1.1087709607850937
374,03,-1.4227020407356234e-05,-0.1344084672825314,1.3550689143519247e-05,0.0004143901391054961,-3.83277569327816
375,04,-2.4690822054900404e-05,-20.66956467929416,2.4727185567220055e-07,0.0004912910699575554,-3.325235909144084
376,05,-2.827942739082006e-05,-27.387183430333288,0.0,0.0005531739490862218,-1.7710000136590769
377,06,-3.182083758476639e-05,-35.711798379855686,0.0,0.0008911056623261983,-0.32030451049804715
378,07,-3.4407490462771055e-05,-31.11366353779454,0.0,0.0012401764772639779,5.159846364482757
379,08,-3.27152816781925e-05,-15.088779016966459,0.0,0.0010051635737900273,1.433999930351012
380,09,-2.3803562745282155e-05,-1.7829848341200085,0.0,0.0008983746668693987,-1.4900869473775227
381,10,-1.8914465963579488e-05,8.677334267236855,0.0,0.000821376938233815,-0.012806594397432208
382,11,-1.1904203317903414e-05,4.708053307088217,0.0002805316183302138,0.000539917925373298,2.2457498138851597
383,12,-7.738160395268594e-06,4.967533013128466,0.006288984498670025,0.00034308914540316133,-7.298802586606754
384,01,-4.432973011169315e-06,15.641597058367989,0.000611914046349064,0.00040994079856436554,-4.617686146418254
385,02,-7.274441715534998e-06,7.353929252261208,0.00014321758775483995,0.0005457368057977929,-1.8058714723359974
386,03,-1.235675504704564e-05,-6.3443144091534345,0.00019613219461133403,0.00039190909222795576,-2.7895524579530124
387,04,-2.5035789431644346e-05,-14.869033695136176,0.0,0.0005911379486306348,-2.1548139828152126
391,08,-3.274760770019843e-05,-10.64563058373236,0.0,0.0011464830641275342,5.2939196082699675
392,09,-2.5484862159343414e-05,2.648160398695204,0.0,0.0010463940876720393,4.46301638607449
393,10,-1.916051529891168e-05,8.726722329416583,1.6692376905871977e-07,0.0007127288467344178,-0.8078829870531637
394,11,-8.12447487300637e-06,7.208228931681314,0.0,0.0006513960211994212,5.527877823448181
395,12,-1.2744765838047034e-05,29.389911852764826,8.855871231325211e-05,0.0004817236066579237,-4.9778297481126685
397,02,-6.941694202459045e-06,2.77444112036694,0.0013561625960229456,0.0004849237747458461,-14.6274180279655
398,03,-1.1845709033173812e-05,-9.130659757880753,5.560450656439668e-06,0.00044616643216331627,-4.95342670649867
400,05,-3.2719707248821014e-05,-19.41600187732328,0.0,0.0008146372657843473,1.6779351170652654
403,08,-3.664081436780238e-05,-14.530181596981583,0.0,0.0010329766651933964,5.85169593275747
405,10,-1.749340033099435e-05,6.576196681525118,1.6571373067876343e-08,0.0009416702161500776,4.1778068266017465
406,11,-9.782895505729057e-06,13.286790387301977,0.0,0.0004847364594485018,4.77137181845771
407,12,-8.270612005098982e-06,23.135962751162953,0.0004308112231633996,0.0005064767144187343,-2.9825643158984443
408,01,-7.079607454118081e-06,9.77005108642578,0.0024007742763847433,0.000497766507189808,-5.328164857536234
409,02,-9.82560560788399e-06,1.2790957768758144,0.0007189501410438901,0.0003367882807537607,-10.674283386707305
410,03,-1.6003138249269338e-05,-14.11737674147083,0.00018706004465779953,0.0004201141621528276,-0.8068198277258105
411,04,-2.0434202846445263e-05,-16.983018215264217,0.0,0.0004941429305161389,4.8500732873916625
412,05,-2.7662325821888435e-05,-23.158452428017892,0.0,0.0006636143321345607,4.0431414947509765
413,06,-3.319209287441886e-05,-26.815010833062065,0.0,0.0008767861766169669,1.0148970746570165
415,08,-3.2683108437937644e-05,-17.84199171037572,0.0,0.0008798842714115641,2.009526890908519
416,09,-2.475842662511746e-05,-8.054260448540582,0.0,0.0009952416975374742,-3.601356833860608
417,10,-1.765674730958508e-05,13.677036990258001,0.0,0.0007650325017121314,5.100314021879627
418,11,-1.2026654228591521e-05,13.685960133870443,8.762069013383654e-05,0.0006722915904273629,-4.091161051813762
420,01,-8.580053124215514e-06,22.96357862870411,1.0653635506988855e-05,0.0004570045449137564,7.029194313151861
422,03,-1.6731313326227373e-05,-1.3453218475669946,6.519722682173533e-08,0.0004369409978938565,0.42368475792997606
423,04,-2.3883861623916246e-05,-16.521862002224392,0.0,0.0007145584834816368,-1.7134484677420727
424,05,-3.2321809314922687e-05,-17.350711201329386,5.8457146408737335e-06,0.0007860145196551182,1.5631698267536778
425,06,-3.645346474101341e-05,-28.120134918891054,0.0,0.0007369192126624208,-2.088116592703925
429,10,-1.6616273676728237e-05,8.951883064844276,0.0,0.0007536827149327755,5.742346490121657
430,11,-1.0089955154782932e-05,6.784489759657117,3.112157185872396e-08,0.0007041661412425191,9.118718305354646
431,12,-1.0581146033268115e-05,22.95546643394552,0.0004054831791949528,0.00047802787376777174,-5.379404907780308
432,01,-9.2527426375611e-06,26.340960131573418,0.00016244323407450028,0.000489844752344597,-3.8576281189046893
433,02,-8.153189459681882e-06,8.31590086110433,9.767446773392813e-05,0.0003498088643584164,-1.6321592513720196
434,03,-1.5915630637317265e-05,-1.6360386480515998,2.4049384619600027e-06,0.00042303985436162447,-2.835005319595337
435,04,-2.4346638547669703e-05,-22.934988667466907,9.625487857394749e-09,0.0005260060907692656,-5.030215973642137
436,05,-3.070366395367009e-05,-25.76910455847299,0.0,0.0007177736570713329,0.8686174524368779
437,06,-3.477750818122634e-05,-31.860220404391814,0.0,0.0009790266007457542,-1.0147045824898613
438,07,-3.7615658574522775e-05,-25.170489753641114,0.0,0.0010782962788556474,4.414139295885639
439,08,-3.326061218056918e-05,-12.586229408838417,0.0,0.0013657396460582901,10.0172870392543
440,09,-2.5603061031688413e-05,-1.6679924726698132,0.0,0.0007566028229298049,-1.4644166116926407
441,10,-1.3186316454061119e-05,-1.463842040031187,0.0,0.000853078227212879,0.10595317576008452
443,12,-8.385574634596725e-06,33.275967709449034,0.0,0.0007795188684168917,5.98071442790698
444,01,-9.004527324929857e-06,20.359526514525058,9.698816525038853e-05,0.000488436789451965,-1.7895402638835296
445,02,-1.2519085415486441e-05,14.879537966322628,1.52496250196435e-05,0.000396557157183862,-2.578204086939494
446,03,-1.4810545610421827e-05,-5.396197126162949,3.62938924502301e-05,0.00045848496732475713,-3.353224274830151
449,06,-3.356170396635004e-05,-23.02242342732747,0.0,0.0010927039331910299,2.423815758026971
450,07,-3.758493633006676e-05,-22.269790681900524,0.0,0.0010440241232438279,1.5464795664100233
451,08,-3.3272750999810424e-05,-17.014684508621052,0.0,0.0010487866989167115,-0.02936674651279236
452,09,-2.4645985519115736e-05,-7.889081433783638,0.0,0.0009151321535124882,3.5211581916385226
453,10,-1.526362983537594e-05,-3.798430909843855,0.0,0.0005933222717686742,-3.7648246855992142
454,11,-1.1750765303218536e-05,10.89123139716254,3.956906927956475e-05,0.0005619674263660951,-1.4600851942274309
455,12,-4.447676278540448e-06,15.633635981405934,3.86891185596425e-06,0.000560933945176403,-3.213377143326626
456,01,-6.416161365773257e-06,12.223324068787278,0.00022398640519829207,0.00038658891371489107,-9.303821084730084
458,03,-1.5800369091061108e-05,2.527072602630943,0.0,0.0006005471790666234,-1.2213739956066179
459,04,-2.5679135762624757e-05,-26.331729773288306,0.0,0.00046593889041503434,-8.98779911174774
460,05,-2.9667726341906155e-05,-25.198657173730993,0.0,0.0009037413714048589,1.8179982192952142
461,06,-3.566179110415154e-05,-31.36642959594727,0.0,0.0011968786994141958,1.6841690582911175
463,08,-3.333480648354688e-05,-12.395997953681537,0.0,0.0010214693359917133,5.206549530685589
464,09,-2.5415033401845397e-05,-5.530321179199219,0.0,0.0008053615700507684,-0.21663299340142145
465,10,-2.0550294828412475e-05,15.281469091599986,0.0,0.000977998422354175,-5.476527976702618
466,11,-1.2597567349661808e-05,15.910226154920792,3.65040037367079e-07,0.0005069242515831825,-5.144581027221679
468,01,-8.493993727101315e-06,23.796599253992884,1.641540501707344e-05,0.0004060688798143667,-0.8613272718409056
469,02,-1.1806723732206594e-05,-2.6082788761683875,9.837871222268968e-05,0.0002829947456795624,-7.8224522454852154
472,05,-3.631899526441482e-05,-17.44638056798135,0.0,0.0007784020966188845,2.19420731886997
473,06,-3.447691067930363e-05,-33.33076165534125,0.0,0.0009423105013197868,-2.731220611657037
474,07,-3.4126774513620195e-05,-44.31138712696363,0.0,0.0009376750856292581,0.2656826255757326
475,08,-3.324744642680256e-05,-25.59706884437479,0.0,0.0010718811275108415,3.0056359347681845
478,11,-1.049799736220949e-05,11.533768935139973,4.4242540995279946e-07,0.0007007089032915043,7.461448430400424
479,12,-7.425197422547768e-06,21.47761040308142,5.2109628595331655e-05,0.0005544804356621699,-7.805834964444561
481,02,-8.232899953890454e-06,13.675333238874163,6.108944188980828e-05,0.0004878204055308429,0.13648359216962544
482,03,-1.7898125718357898e-05,7.876527682396675,0.0,0.0005073455370986293,-4.36647806013784
483,04,-2.786484313502215e-05,-15.88577495863173,0.0,0.0003912166226224751,4.106000278896755
484,05,-2.8741963674400066e-05,-37.081440074305384,0.0,0.0006720132131989082,-3.1204028086098297
485,06,-3.9525050331051005e-05,-23.208365014648436,0.0,0.0009900846631499234,11.051475863477918
486,07,-3.625940142692049e-05,-31.74150496025496,0.0,0.001190152164367206,-1.339811041760188
487,08,-3.404563471354698e-05,-17.337182702177312,0.0,0.0009153493840614355,5.091376336723246
488,09,-2.6543087166161665e-05,-4.24653964674208,0.0,0.0009920191406140525,-1.7770658088896008
489,10,-1.8569231195137014e-05,10.235854191605762,0.0,0.0009659558784721729,6.308236840812109
490,11,-1.0039879183467646e-05,10.335369747924807,0.0,0.0005838539287481886,4.896114809354146
492,01,-6.012859741277161e-06,22.106840989635838,1.4043623401272683e-08,0.0005441964545661171,0.20016098563901893
493,02,-1.5386156723984276e-05,31.748662168305497,1.7729275528041798e-05,0.0006172183049920366,-0.9163454450629221
497,06,-3.546342912159163e-05,-30.903872137790252,0.0,0.0009531023765690003,5.139373203955756
498,07,-3.552329937512147e-05,-24.55973527871409,0.0,0.0011676926252908862,-0.7900067844185773
499,08,-3.48960954878191e-05,-17.491402352609946,0.0,0.0011642942770002831,4.093506789135677
500,09,-2.4679065476549213e-05,-6.537764871215822,0.0,0.0009814041400650556,0.22758089597490075
501,10,-1.848353834580477e-05,14.114419966174706,0.0,0.0008436635503033075,4.539380098568496
503,12,-6.893300624729055e-06,15.732371215492165,1.2867758350987586e-06,0.0004749457487080894,5.737939940524358
504,01,-7.860778656987515e-06,14.34612370152627,3.849816578690723e-05,0.0004323260738559914,-5.843250577844601
505,02,-9.005972841740524e-06,9.622026147751583,0.0020311918883096605,0.000539877978493261,2.4646371848923816
507,04,-2.588563685021654e-05,-27.98602328389486,1.457011964586046e-05,0.0003414452638194754,-6.421966052585177
509,06,-3.7502937650666964e-05,-26.38411481492784,0.0,0.0010744130859948195,3.3414038293414645
510,07,-3.6336240956178925e-05,-19.074829963273896,0.0,0.001075812178065009,2.9915820770673855
512,09,-2.3354238802332672e-05,-7.743464881388346,0.0,0.0009716396207307595,0.8442784887313844
514,11,-1.0072340758698473e-05,9.36498726196289,2.1571267975701224e-05,0.000526706469721909,-4.3413511865403915
