,month,MER,MSSHF,RH,NAO,msl
0,01,-7.186377549426466e-06,5.464709561255669,62.6901256937955,-2.12,485.4363
1,02,-7.399999772068052e-06,2.729709174746558,52.295623941567676,-1.2,246.28122
2,03,-1.408509512223264e-05,7.08405715679866,62.090667984242096,0.41,205.30109
3,04,-2.191347909663616e-05,-15.59233038906521,62.41300571294825,-2.01,-42.12647
4,05,-2.839083756912113e-05,-16.16055940262989,64.02205650719006,-0.9,-189.89906
5,06,-3.330413338050373e-05,-22.16353809509278,52.028707694198026,1.92,-441.37317
6,07,-3.0671342559486147e-05,-22.637875941122733,53.00265082314577,0.86,-504.88107
9,10,-1.6345863611966567e-05,2.642213581372333,56.92965585534547,0.18,86.785095
10,11,-1.1569333000928361e-05,13.890767045423724,49.679388139549886,0.42,331.1112
11,12,-1.207531024335357e-05,24.691616260159407,64.98245628347064,0.84,385.56335
12,01,-5.795284385228985e-06,8.867661568262244,49.01821534482766,-1.38,490.19363
13,02,-7.359469057738698e-06,6.865867059466484,53.581606617508264,-0.39,575.2116
14,03,-1.4070489600584629e-05,-6.186828353717764,55.02083505403355,-0.73,250.85161
15,04,-2.282624180893941e-05,-17.872287172783746,48.97103869282801,1.26,15.175926
16,05,-2.9285246377967465e-05,-30.998830406271004,47.47244699586335,-1.34,-243.10905
17,06,-3.014735746900341e-05,-26.066622504679362,62.37913317463399,-0.07,-473.37344
18,07,-3.1905643976779664e-05,-14.025872309859079,48.67037434149174,-0.39,-519.14746
19,08,-3.1051088017916934e-05,-11.540256553403795,47.008779259716306,-3.01,-432.91388
21,10,-2.1172643707369163e-05,7.590982919672484,58.4636376896443,-1.41,117.02972
24,01,-7.860688640385075e-06,20.899533713063885,47.875411116570554,-0.08,638.2864
25,02,-8.991757432514056e-06,2.888394768487839,50.11619150138895,0.6,402.40894
26,03,-1.2076194787720939e-05,11.89821663673975,73.37905685201383,-1.65,206.19678
27,04,-2.2320882245185202e-05,-19.334173597547743,50.02077896680037,0.25,-89.397766
28,05,-3.0310256707952082e-05,-17.47440350473055,59.34436809112436,0.24,-202.65036
30,07,-3.173775886429094e-05,-20.80200322239373,49.75860673643311,0.08,-548.0257
32,09,-2.269007780640903e-05,-3.5648343312581385,46.85175361700852,-1.27,-159.00337
33,10,-2.174942796122078e-05,9.781940688922843,60.93410625634399,-0.96,76.725784
34,11,-1.4328458308167076e-05,19.586548003133142,54.57233108670976,-0.53,390.34473
35,12,-7.687594037497059e-06,8.885675470167591,67.75924336626196,-0.11,443.44446
36,01,-5.276928763964617e-06,11.574925520045783,58.01885871766587,-1.55,433.3048
37,02,-7.864293709969517e-06,5.468580898829869,51.56958197040644,0.86,326.40128
39,04,-2.3437909088230905e-05,-21.874123499891493,46.11000325809585,-0.04,-96.14346
40,05,-2.9170486620455693e-05,-20.4214844770534,47.92201473479629,-0.44,-237.99055
41,06,-3.17826830204164e-05,-27.949367026435006,48.16991035015053,-1.34,-385.58002
42,07,-3.416977696542745e-05,-21.999847670688425,39.2781192299025,1.18,-516.0996
43,08,-3.1963929242763654e-05,-15.790871219429917,46.55304641459066,0.21,-448.68677
44,09,-2.1331834113273846e-05,-6.238656323920356,43.43915766518911,1.86,-172.35228
45,10,-1.6551261839878706e-05,3.491510892150223,54.79260846710333,-0.29,13.464577
46,11,-1.519573135911843e-05,20.401449884033198,56.70156626680825,1.55,291.7387
48,01,-1.1369238679367056e-05,31.70380508160335,51.86229076744793,1.34,581.6724
49,02,-1.1685804688698098e-05,2.732715975443522,46.129101684696614,-1.04,494.5201
50,03,-1.3839232150540515e-05,-0.5926843497983868,57.115805566785156,0.59,306.97644
51,04,-2.090864053300013e-05,-10.60586452026367,65.75529212030038,-1.07,-136.67172
52,05,-2.6606813441591635e-05,-11.409518621957432,66.050863289825,-0.01,-261.63406
53,06,-3.6603149109497395e-05,-25.008415187242296,46.266101067479454,1.31,-331.40875
55,08,-2.6941880611302234e-05,-27.08358682743196,31.77761535606461,1.95,-462.7303
56,09,-2.725831751290065e-05,0.9693071214463977,44.86737590899468,-0.95,-262.01123
57,10,-2.1395454446465794e-05,12.186390243366201,47.91972020449689,1.22,48.987305
58,11,-9.367185011372688e-06,10.117007967122396,41.05919099200301,-1.16,302.99796
59,12,-8.522425015388596e-06,21.808005747805364,57.410435429080856,0.18,445.82184
60,01,-1.1848107099418698e-05,28.771229348787696,56.9102486772409,1.42,551.8049
61,02,-9.682757584759485e-06,6.4267875001403105,47.08914505602986,0.37,544.5857
62,03,-1.3818876191033916e-05,-6.2181760956138685,56.610379949503034,-0.79,277.427
65,06,-3.0384449369921637e-05,-25.249517172580298,53.14751710217263,-0.12,-470.18094
66,07,-3.052118788760435e-05,-16.333257173927887,51.58020934386151,-0.04,-556.08813
67,08,-2.8069958612225798e-05,-17.017802792784988,42.472240740586344,1.35,-441.9674
68,09,-2.2138291550658728e-05,-0.809648367987739,66.94727416271104,0.31,-131.4416
69,10,-1.5594664512004833e-05,12.420039781796033,52.5519555827328,0.43,64.93642
70,11,-1.2000811908506469e-05,17.20852971835666,62.11537896577253,-0.2,284.422
71,12,-7.343828446024142e-06,12.754345215500043,59.86620702467682,-0.09,519.22504
73,02,-7.646551471441942e-06,-7.170963860648018,49.17462651499538,-1.0,274.09076
74,03,-1.1304150707112197e-05,-2.56875498781922,68.34861116093205,-0.19,241.93088
75,04,-2.3272295822324753e-05,-10.486857863362628,59.37646033687326,0.2,-150.50749
76,05,-2.800802443084893e-05,-16.149492612120927,55.7763452255995,-0.4,-266.65863
78,07,-3.447742918110781e-05,-15.274860501197074,50.75858460182529,1.25,-523.2272
79,08,-3.3271033724499884e-05,-4.3656862228557625,49.79625837316948,-0.74,-479.87213
80,09,-2.244669017984254e-05,-3.3109654418945316,48.444472670045165,-0.36,-147.05951
82,11,-1.5779393952086846e-05,2.730464919026692,53.6031213278585,-0.84,239.47739
83,12,-6.748697063030508e-06,22.216181771555252,62.92255071562849,0.11,538.7989
84,01,-1.0488508364736625e-05,25.802121266682942,67.17732922877546,0.78,552.0585
85,02,-9.105866422227595e-06,-15.737989101954868,41.279925076501705,-1.58,518.6742
86,03,-1.09558865346488e-05,2.199697240357758,53.96111336709735,1.39,229.72083
87,04,-1.9242588071877733e-05,-14.953707265557181,61.57429541588492,-0.79,-93.82852
88,05,-3.1224375424332516e-05,-18.680161248648037,54.14751819698144,0.84,-266.51874
89,06,-3.5890827366468634e-05,-24.274000357055662,43.53411597645681,1.54,-418.3711
90,07,-3.000731417455182e-05,-30.125119514383297,48.19723509739805,0.15,-495.64532
91,08,-3.1366839325049225e-05,-20.726613564768147,49.22354232249208,-1.53,-418.013
92,09,-2.1116000810717296e-05,-5.870355172729491,52.886519872754164,-0.95,-172.31567
94,11,-1.2770530823662637e-05,20.62896745435927,57.76803370095226,2.27,332.54645
95,12,-1.128779906788603e-05,28.043287035542146,58.52688881322774,0.83,505.67773
96,01,-8.849628261046861e-06,-8.473066081057311,52.03738375666833,-1.85,526.1339
97,02,-5.771432554432804e-06,6.824847212655203,67.52644709656069,-1.27,434.78424
98,03,-1.3287096029671374e-05,-5.803373095440609,55.151999684815046,-0.26,218.09085
100,05,-2.791426425801057e-05,-28.103053294192083,60.924986691195485,0.96,-244.89462
101,06,-2.8837502824555686e-05,-20.989433822292757,61.5306473079814,-1.53,-361.43097
103,08,-3.0242934917310693e-05,-13.572054321945357,50.633880177582476,-1.19,-438.13342
104,09,-2.5696148892024614e-05,-3.969099077690972,51.22118268649578,-1.04,-213.1867
106,11,-1.2423982501220758e-05,8.69252590874566,58.77474638277293,0.06,352.2984
107,12,-5.659096497726741e-06,10.619382738339004,50.16868590621025,0.21,394.14398
108,01,-9.400724827868036e-06,23.76198229324177,64.8158600401199,0.68,461.6369
109,02,-1.553154618433063e-05,17.196350676788683,61.10995617006565,0.42,558.1482
110,03,-1.4791143874625109e-05,4.141464673442225,71.63935923557511,-0.58,227.6612
113,06,-2.7714982728361462e-05,-28.63852083367242,47.29024293223089,1.19,-445.9911
114,07,-3.385038605679304e-05,-9.511822006717805,59.07058047961163,-0.32,-563.0693
117,10,-1.6347254436593455e-05,7.273599919801116,47.520342997120274,-0.66,81.09539
118,11,-1.0307503538792339e-05,7.8851572241889105,46.36847800110711,-0.49,269.30658
119,12,-7.866494279115095e-06,20.208327730240367,52.71666673100892,0.48,397.22565
120,01,-5.490775168401608e-06,12.580168148245866,46.32122026583841,0.85,392.16425
121,02,-1.1993180484209699e-05,15.243881237211681,52.799659086113884,1.82,325.67166
122,03,-1.7582771425163286e-05,5.919001820882161,61.97907953674307,1.54,161.59845
124,05,-3.2913617601255e-05,-32.404015432706444,43.15242019264416,1.33,-271.67676
125,06,-3.3498540398290464e-05,-35.047065074327264,55.710710440916486,0.03,-402.33768
126,07,-3.3625666249610085e-05,-27.510599928661055,42.19065745926929,1.0,-483.9238
128,09,-2.1827326350689368e-05,-6.781363076782227,44.02462579022247,2.15,-187.72833
129,10,-1.9913688146604526e-05,14.103063629806684,48.60193847477949,0.48,10.531771
131,12,-7.719866410816296e-06,20.033501539989185,45.286219627095804,-1.15,434.29208
132,01,-9.708490018202875e-06,23.531725362798216,54.619796854420386,0.7,494.36334
133,02,-1.709957590030951e-05,31.83555304718018,59.52337883048256,1.16,291.76495
135,04,-2.7999317039636173e-05,-19.276666238742408,46.732171709169286,2.03,-81.23465
136,05,-3.125298669270236e-05,-34.3688931694441,36.06377147361027,-1.37,-244.78505
137,06,-3.068480971400681e-05,-23.63770078192817,52.16888050745726,0.29,-481.1066
138,07,-3.559518055198981e-05,-33.07448882301904,37.832517702871755,0.56,-538.37
139,08,-2.897321149455781e-05,-28.290339532667595,47.590817581110095,1.12,-423.63345
141,10,-1.8407037761653066e-05,10.48773665069252,49.92561818830045,0.76,0.35224533
143,12,-1.0178729378000547e-05,19.264495642221096,49.02194799312469,0.11,347.06433
144,01,-9.804670876438911e-06,24.167181801416536,38.86062395377826,0.49,464.66357
145,02,-6.996622216688376e-06,0.507544446309408,46.996895068120395,0.74,508.97107
146,03,-1.2629808311264428e-05,-0.5304674036169569,53.76618897918476,-0.61,155.012
147,04,-2.5889148811054637e-05,-18.50936585184733,50.20018549894757,0.17,-6.50317
148,05,-2.5811937759284265e-05,-33.066711107479634,47.67298183366304,0.12,-205.80774
149,06,-2.987989489524302e-05,-20.686577268473304,57.62339900992447,-0.52,-414.65103
151,08,-2.9805839779475068e-05,-22.79464663072811,38.70661156831249,1.46,-412.71802
152,09,-2.1833397036001162e-05,-8.548686426798504,39.4321560544822,0.61,-139.11555
153,10,-2.004618059737534e-05,2.17344532234438,45.307421456006274,0.3,28.534235
155,12,-7.654158530845394e-06,17.942148733159545,42.031411531264894,0.34,460.81464
156,01,-5.988280283046514e-06,9.900324605634134,41.55076964045469,-0.66,548.71014
158,03,-1.6743815379482177e-05,3.675611719931326,56.535387553599556,0.51,260.29602
159,04,-2.3724830210206465e-05,-12.979907084147134,60.15185276207658,1.88,-81.86142
162,07,-3.3542465003026134e-05,-26.574038988010855,46.61348771423679,0.19,-504.46582
163,08,-3.290884278264643e-05,-13.404264240552024,52.83446418771308,0.97,-393.17862
164,09,-2.5466491539959356e-05,-1.4094354346381297,48.6797681992597,-0.28,-165.47263
165,10,-1.9484351597922247e-05,1.9587082073252686,58.379234332862715,-1.4,101.967186
167,12,-8.425528942156701e-06,11.411874493342573,45.69198678764476,0.35,349.1863
168,01,-9.715480358609446e-06,34.39173987899288,57.42208674485646,1.35,450.32928
169,02,-8.449411843078754e-06,-1.1622854381742926,41.2482318814184,0.12,419.56378
170,03,-1.4966802825774622e-05,-6.011914413616221,42.24266758934657,0.3,225.62265
171,04,-2.191761210872048e-05,-4.539731902737087,59.59964808656376,0.91,39.55569
173,06,-3.281592492067931e-05,-24.277929318237305,46.836056776909025,-0.29,-439.96222
174,07,-3.3366269429406925e-05,-23.52127023184171,53.23872095220833,-3.14,-518.54803
175,08,-3.234485571499712e-05,-11.285276480397874,49.79429166342623,0.03,-422.6394
176,09,-2.2725771390226628e-05,-2.4448908416748045,57.50485973500145,-0.41,-233.37456
178,11,-1.1587640056374466e-05,-1.8295716874864363,52.225245416957804,2.56,314.87494
179,12,-9.250304196792702e-06,31.236705364924607,64.63241229699248,1.36,509.43103
180,01,-8.814763398506955e-06,28.086010490499522,59.814965074129006,0.7,441.87238
181,02,-9.681430163471391e-06,-2.9269207930791947,54.97462990093799,0.08,333.66833
182,03,-1.5868986940443404e-05,12.424105568506382,56.25959003628518,0.92,231.5086
183,04,-2.4481364455176743e-05,-15.54007357143826,53.21672202842236,1.1,-62.586422
184,05,-2.8615912740195944e-05,-19.306992470361852,50.8592781971834,-0.48,-259.12805
185,06,-3.390126228795352e-05,-22.424498955281575,49.86442946763436,1.84,-464.96948
188,09,-2.649383951805552e-05,-2.2674784339057075,50.77799905458556,-1.14,-150.45203
190,11,-8.92097842036795e-06,12.752254605102538,55.27824593100681,0.54,150.53365
192,01,-1.2804497735976505e-05,25.385474410518523,57.77612080058489,0.57,583.5989
193,02,-1.271823695051786e-05,20.178666164579848,60.9734689490412,0.85,414.63873
194,03,-2.219248033328259e-05,-0.5256330294045062,56.57506640008187,0.91,204.38528
195,04,-2.3056703787511248e-05,-15.611610607231992,48.9374839578549,-1.07,-19.798138
196,05,-3.3250014936618425e-05,-29.631465932538433,52.844916530618114,-1.33,-214.83005
198,07,-3.591561413959817e-05,-25.92438248894804,39.340810654867084,-0.19,-549.1013
199,08,-3.331847033315239e-05,-31.29434137422295,33.68999910253863,0.76,-464.01062
200,09,-2.6222378082234683e-05,-4.395296908230251,54.09243484116659,0.45,-141.75363
201,10,-1.4566836962311297e-05,5.514771194293934,41.310020164710224,0.72,35.170403
202,11,-1.3042386322538529e-05,9.068964893934462,58.53600206141338,-1.59,195.3678
203,12,-8.991161045966975e-06,-5.598886509064706,48.51484771922968,-1.64,599.08325
205,02,-7.544903639281147e-06,5.38362545916678,55.18347650017959,-0.52,419.85678
206,03,-1.2827322511164368e-05,-10.990242480862525,51.72073062135199,-0.66,216.3547
208,05,-2.4253428110207234e-05,-26.022296560964275,51.92535755428705,-0.93,-232.37201
209,06,-2.8253365109311642e-05,-38.732165323215064,41.61192797080808,0.87,-430.31482
210,07,-3.142641031134248e-05,-27.054918192217425,49.82263012584947,0.7,-491.76834
211,08,-2.9903093116464793e-05,-15.358725825155936,42.33743624172287,1.19,-403.55664
212,09,-2.534073391895315e-05,-7.00570699428982,43.673043699496326,-0.69,-219.86008
213,10,-1.7171301486478214e-05,8.106230379494288,51.02844809201841,0.15,44.770927
215,12,-8.836182103413613e-06,1.1414017176474303,51.832999992789766,-1.4,370.3967
216,01,-3.583592048936e-06,-1.2817189340899076,35.36421269791357,-1.08,473.08466
217,02,-9.97768289436776e-06,28.48145621345157,61.04910012837534,1.48,445.2433
218,03,-1.2413017713795421e-05,-3.0697627356744577,49.8996438915832,1.13,157.9704
219,04,-2.201332183204714e-05,-17.60772253417969,50.15108422283994,-1.25,4.8479633
220,05,-3.085946982284968e-05,-22.07697987414944,55.658551038389554,-0.21,-232.1415
225,10,-2.0736059433235615e-05,1.8364669255082322,46.07108195983722,-1.34,71.16098
226,11,-1.1372840429430654e-05,5.54297788119846,52.451002673839106,-1.08,293.5619
227,12,-9.893875752236308e-06,16.98351939342868,60.12797338394067,-0.98,416.2761
228,01,-1.1099072907757458e-05,24.386054642872143,54.87726956107148,-0.05,592.3049
230,03,-1.582076560769428e-05,4.910139277304372,64.38913835901599,0.51,247.44452
232,05,-3.182257207745645e-05,-20.036693252071256,51.31070372274871,-1.17,-242.91147
235,08,-3.4686337675251e-05,-19.754633603331865,40.27667498864153,-0.15,-430.44043
236,09,-2.4247977624205914e-05,0.3736279635959201,55.41774919654528,-1.8,-245.70679
238,11,-1.186565926222506e-05,4.6568576497395835,50.09492808050447,-0.43,306.62158
239,12,-8.802920268002493e-06,22.454611907630838,51.308709990082264,0.72,415.3122
240,01,-9.430198710966792e-06,24.63400003675235,61.44896206574927,0.39,433.29773
241,02,-1.079772392194216e-05,13.779260249546594,59.85849182345754,-0.11,402.89532
242,03,-1.3397230129969535e-05,-0.9194605676794566,60.6708199271861,-0.16,152.57935
243,04,-2.54553507465769e-05,-17.42901027967665,53.24983413987689,-1.18,-122.45862
244,05,-3.422614240797327e-05,-20.88572949317194,50.723297991629586,0.9,-257.4149
245,06,-3.759346314859108e-05,-24.964019442409946,49.104056137108806,1.44,-403.94785
246,07,-3.775679561435789e-05,-20.12216363230059,34.70881050790896,-0.87,-567.7611
247,08,-3.318467006672979e-05,-13.657699137697938,45.50563225292391,0.38,-432.7975
248,09,-2.59650643648355e-05,-3.5717024329291456,50.26974016195536,0.5,-225.54121
249,10,-2.1588807777500546e-05,5.981483147405809,48.24640764357326,0.73,27.057365
250,11,-1.3179962080519347e-05,12.654008286878799,52.50058610761298,0.55,248.64813
251,12,-1.3700721242369786e-05,27.986750325848984,63.54783165261822,1.4,450.5583
252,01,-6.553396535759588e-06,18.42038040095504,45.80448549491872,0.19,456.53787
253,02,-1.2230161100386137e-05,18.65321454909752,54.35344561065067,1.48,470.0241
254,03,-1.4517082142339604e-05,-0.5979741453765541,58.83941007500695,0.4,219.93857
255,04,-2.355722367422762e-05,-12.813957029554578,60.681698268123455,-0.18,-127.12362
257,06,-3.750390542944741e-05,-27.016546727159287,42.780413097916714,0.28,-436.55725
258,07,-3.168135436499142e-05,-21.668345875401656,51.88578506780696,-1.0,-536.6048
259,08,-3.0941285219664524e-05,-19.063545700565466,39.65101154342005,-0.5,-457.06525
260,09,-2.4486756719630248e-05,-2.020394458007812,56.817002186003,-0.06,-203.27971
261,10,-2.1893689024856883e-05,11.235235126454343,57.40779917159772,1.51,95.423416
262,11,-1.5146696185204038e-05,20.892512133110895,68.07071139411661,-1.1,391.74658
263,12,-1.1904006665214989e-05,20.81303864280127,63.79751548051194,-0.63,507.47247
265,02,-9.421481274265325e-06,7.153048214503697,61.79020408172125,0.07,365.4422
266,03,-1.3063552253355424e-05,-6.242824222359606,58.59238742218351,-1.73,111.66919
267,04,-2.4765318735565716e-05,-15.737299090576174,60.65160554169682,-0.15,-87.370285
268,05,-3.372209000100225e-05,-25.790908090242777,45.58359570831253,0.03,-317.1534
269,06,-3.303585196628976e-05,-31.827683939954966,48.06642211600013,0.11,-499.9944
270,07,-3.6646507612448495e-05,-24.41304970722813,43.035889669943884,-0.22,-542.1084
271,08,-3.349079792080317e-05,-13.273838911159066,49.470468634774605,-0.22,-414.83636
272,09,-2.8629883362433853e-05,-3.361749937269423,60.89090815499625,-0.49,-173.20647
273,10,-1.872843477780094e-05,15.499699002173642,52.0420637966638,0.25,29.158886
274,11,-1.4045017091525046e-05,9.019137569173179,50.75557469189433,0.53,297.02454
275,12,-9.904081011676856e-06,14.487402564920403,52.82181985401466,-0.86,590.99585
276,01,-6.60295483731882e-06,23.604068570044735,51.65779350411636,0.0,413.32092
279,04,-2.4829810814864887e-05,-14.182246478949653,49.20558492463959,1.14,-112.97804
280,05,-3.0134792006426703e-05,-17.31557953963741,52.31226475243542,-0.15,-228.03557
281,06,-3.5836119472898846e-05,-20.466573669433593,50.7506326838851,0.69,-437.74445
282,07,-3.594073215623134e-05,-17.96138944137737,48.60045512300026,0.65,-496.8674
283,08,-3.0240783373966385e-05,-12.41071590333344,52.640142950275894,0.36,-434.90717
284,09,-2.726855740998468e-05,-6.606480073716904,41.46046437310777,-0.54,-179.4485
285,10,-2.2813934475604865e-05,5.003235001430717,55.25826176021304,-1.97,124.9035
286,11,-9.433203981300014e-06,10.082439758300783,57.335292302331666,-0.32,339.51068
287,12,-9.155090198257839e-06,-0.601292420089886,52.83887711868107,-0.96,556.26624
288,01,-7.996820467572737e-06,16.024269751435966,52.92226850532075,-0.32,561.6453
289,02,-9.213011075579354e-06,1.6289639434814458,40.65915042115535,0.26,361.65555
290,03,-1.4304734281419465e-05,-4.024482163624097,45.80751552796749,-0.07,237.60016
291,04,-2.383696288773839e-05,-17.2942943037245,47.44735419490735,-0.34,-54.70215
293,06,-3.491794925367785e-05,-29.63445593295627,48.58540389312637,0.24,-418.78864
295,08,-3.1032737283929096e-05,-31.771135562691633,39.36124998163152,-0.22,-387.6515
296,09,-2.437035215904568e-05,-12.497950702243381,40.21523504180775,0.16,-173.35156
298,11,-8.746191556262298e-06,13.336127873399521,55.471923015075255,0.77,210.21346
299,12,-8.986315398414586e-06,16.75842543636855,56.42778465677845,0.5,487.67487
300,01,-8.992702947169514e-06,20.66453995308825,64.87525535803712,-0.85,521.94116
301,02,-1.1818901434843997e-05,12.780648606925178,58.06078212638148,-0.6,413.12024
303,04,-2.4217375733618005e-05,-11.611916856553819,59.49211039767795,1.11,-77.98366
304,05,-2.847669872224737e-05,-31.81054322043798,50.857990436966695,0.23,-293.89636
305,06,-3.421590459786078e-05,-30.121984181382924,54.56608841220009,-0.59,-422.46948
306,07,-3.5823426863228845e-05,-21.040274605699764,48.61712288511441,1.16,-476.70822
307,08,-3.442271008691844e-05,-10.630728795861687,53.4802156332962,-0.74,-395.28925
308,09,-3.09724094837697e-05,1.3779368174235027,41.60773183429904,0.52,-185.3545
313,02,-1.0796667724878803e-05,1.9850640389578682,54.967533898224424,-0.51,471.69772
314,03,-1.2645556585016247e-05,2.2825399281491516,62.992716266741034,-2.32,231.84448
315,04,-2.402455134354872e-05,-12.38321820203993,55.9102142579476,-0.47,-49.926163
316,05,-3.3327865934669755e-05,-23.83920729967343,52.369123788558014,-1.11,-219.2272
317,06,-3.715115132452208e-05,-30.632264646063906,50.84424858076307,0.26,-477.87524
318,07,-3.409394384040644e-05,-23.561669685609886,47.80977541725482,-0.48,-535.9625
319,08,-3.320200081173924e-05,-14.21000237282374,41.28222914207624,0.35,-425.7929
320,09,-2.545146969718593e-05,-6.704652192857532,39.75358392157654,0.76,-213.74625
321,10,-1.7187334372416657e-05,10.538457600583316,41.694871458662455,-0.55,72.185875
322,11,-1.4535249143672345e-05,9.326381112670902,61.63253474075529,-0.46,209.38538
326,03,-1.3873502668170125e-05,-4.782673361173239,59.930227692120816,-1.75,96.03033
328,05,-3.370682173148433e-05,-13.439136345319852,55.415879218805216,-1.01,-252.19113
330,07,-3.3670624993676266e-05,-35.11209074615151,34.7803111832411,0.93,-520.38306
332,09,-2.4569920312832332e-05,-1.9050392035590278,48.50952039943403,-1.43,-200.77933
333,10,-2.0357669840078775e-05,8.929626497002058,49.91160704086961,-1.92,-17.70737
334,11,-1.6638314112929544e-05,21.698549422539603,51.20864173750348,0.33,184.66905
335,12,-1.1844671387852061e-05,21.158474252352146,51.61357204472506,1.15,484.7301
336,01,-1.3167410284109127e-05,32.71415653975292,54.798027210791915,-0.25,511.00647
340,05,-3.1186685044343005e-05,-23.42358186127037,55.67473245647261,0.66,-305.5144
341,06,-3.458860908376663e-05,-19.802041976589628,51.81401281598541,-1.01,-477.3604
344,09,-2.677926907070085e-05,-2.246240928141275,48.58724766878287,0.85,-217.93475
345,10,-1.4836711174446523e-05,-1.5530790907336818,46.4751422240952,1.0,112.80238
346,11,-1.4172945336880124e-05,15.984315191311307,55.0159122577058,0.48,282.67566
351,04,-2.446588194630345e-05,-15.287676639472116,50.48518859204715,-1.31,-149.47667
352,05,-3.326288808405293e-05,-18.37616691179173,46.32872357566895,-1.55,-260.57587
353,06,-3.476253857051133e-05,-32.52892781643338,47.80475471985869,-1.09,-494.18015
354,07,-3.577182100015043e-05,-18.878891244211506,53.425692884929724,-1.24,-551.81635
355,08,-3.3834556450724496e-05,-9.036356891591062,49.02626591384924,-1.62,-428.0039
356,09,-2.5189189388381943e-05,-2.5223080678304033,46.95382839618127,1.14,-211.914
357,10,-1.8222273044254205e-05,6.518695762716314,54.30898137165141,0.47,19.584127
358,11,-1.2143508331428165e-05,12.723418456013999,55.05112889809742,-0.47,263.3228
359,12,-6.623100362498576e-06,8.910789440196046,51.189781416840454,-0.35,363.57465
360,01,-6.219402897665034e-06,13.638463789416898,56.756673166043,-0.52,493.28696
361,02,-6.55127283612057e-06,7.2258432279314295,62.426701213981424,-0.38,230.88562
363,04,-2.2896213735516033e-05,-13.763160278998479,44.90089633327524,-0.36,-105.37742
364,05,-3.152253704363203e-05,-24.89160391596312,50.72287625494953,1.61,-262.10114
365,06,-3.4585202314802804e-05,-32.20444840494791,47.13420631794532,-0.91,-397.36328
366,07,-3.995988693131167e-05,-23.939954596078525,46.67216465320125,-2.11,-528.0993
367,08,-3.326769469126164e-05,-18.63527480389995,42.41847231385144,-0.37,-393.9862
369,10,-1.8213049179844e-05,4.716025361748153,49.256211021474606,-0.61,76.59152
370,11,-1.3997967538165946e-05,28.005924584282763,63.3120259418408,-0.16,300.65778
371,12,-8.896478755051119e-06,9.686923075029926,62.37685010996686,-1.88,453.85217
372,01,-6.091251291421628e-06,2.9262350808420488,60.36061479552843,-1.8,620.0311
373,02,-7.65345504045659e-06,5.717629487900508,61.53230691539674,-2.69,425.0414
374,03,-1.4227020407356234e-05,-0.1344084672825314,56.345688745778084,-1.33,212.42151
376,05,-2.827942739082006e-05,-27.387183430333288,51.416537502500645,-1.33,-252.411
378,07,-3.4407490462771055e-05,-31.11366353779454,49.13440625845617,-0.39,-521.0641
379,08,-3.27152816781925e-05,-15.088779016966459,50.057286181364006,-1.69,-431.96817
381,10,-1.8914465963579488e-05,8.677334267236855,54.52403665949838,-0.5,67.17354
383,12,-7.738160395268594e-06,4.967533013128466,56.59717789244652,-1.8,300.28036
384,01,-4.432973011169315e-06,15.641597058367989,49.85520389962581,-1.53,670.48834
385,02,-7.274441715534998e-06,7.353929252261208,64.81677477946593,0.35,229.55882
386,03,-1.235675504704564e-05,-6.3443144091534345,43.386579177287324,0.24,299.59894
387,04,-2.5035789431644346e-05,-14.869033695136176,49.48712501599656,2.55,-88.95486
388,05,-3.0008848766624646e-05,-32.62149781881353,48.67582858574712,-0.01,-245.16838
390,07,-3.7348723895911946e-05,-18.427609645064162,51.34294977803511,-1.48,-528.76575
391,08,-3.274760770019843e-05,-10.64563058373236,50.85391145080519,-1.85,-444.35672
392,09,-2.5484862159343414e-05,2.648160398695204,48.54894579696125,0.67,-187.0235
393,10,-1.916051529891168e-05,8.726722329416583,41.10612051369683,0.94,38.275703
394,11,-8.12447487300637e-06,7.208228931681314,45.10324230610001,1.3,209.27895
395,12,-1.2744765838047034e-05,29.389911852764826,62.27082245179138,2.25,524.4557
396,01,-9.557997748420493e-06,23.492998173539362,55.985124487241116,0.86,561.8572
397,02,-6.941694202459045e-06,2.77444112036694,54.92825397600388,0.03,468.81204
398,03,-1.1845709033173812e-05,-9.130659757880753,42.53471919810516,0.93,153.10262
399,04,-2.412122515035865e-05,-15.116672309705946,65.52592149374486,0.37,-160.5351
401,06,-3.633841799156573e-05,-15.284035491265191,54.862410076340026,-2.25,-480.53976
403,08,-3.664081436780238e-05,-14.530181596981583,48.63167088847007,-1.39,-466.51718
404,09,-2.780254297756781e-05,-4.337274759928387,47.643611919113,-0.43,-215.52852
405,10,-1.749340033099435e-05,6.576196681525118,62.883388684188155,-1.73,45.72417
406,11,-9.782895505729057e-06,13.286790387301977,48.36725960095062,-0.74,210.51804
407,12,-8.270612005098982e-06,23.135962751162953,68.44660146777348,0.07,472.81714
408,01,-7.079607454118081e-06,9.77005108642578,59.36599973937003,-0.11,474.99115
409,02,-9.82560560788399e-06,1.2790957768758144,54.799641565576906,-0.96,400.64673
410,03,-1.6003138249269338e-05,-14.11737674147083,62.83003596656937,-2.09,60.28849
411,04,-2.0434202846445263e-05,-16.983018215264217,45.651346360141694,0.6,-92.78389
413,06,-3.319209287441886e-05,-26.815010833062065,45.349666944320994,0.83,-447.5217
414,07,-3.405638901301333e-05,-27.630988150319745,40.32137145659744,0.7,-590.72095
415,08,-3.2683108437937644e-05,-17.84199171037572,39.46305893081491,1.12,-419.32245
416,09,-2.475842662511746e-05,-8.054260448540582,49.65095689521101,0.38,-213.92151
417,10,-1.765674730958508e-05,13.677036990258001,51.31546706972713,-0.88,53.935707
418,11,-1.2026654228591521e-05,13.685960133870443,60.59634180396663,0.81,187.41461
420,01,-8.580053124215514e-06,22.96357862870411,63.49304372530727,-0.17,492.1042
422,03,-1.6731313326227373e-05,-1.3453218475669946,47.843510205716214,0.44,187.32314
423,04,-2.3883861623916246e-05,-16.521862002224392,58.86005653639768,0.19,11.212128
424,05,-3.2321809314922687e-05,-17.350711201329386,63.11191008513332,-0.8,-266.42023
425,06,-3.645346474101341e-05,-28.120134918891054,43.231891095406475,-0.67,-428.9239
426,07,-3.570791800838603e-05,-18.498887496784167,52.862582088247414,0.21,-532.3197
427,08,-3.5946427165531874e-05,-15.756697428713563,51.75170243226714,-2.28,-380.84857
428,09,-2.0748739615697153e-05,-9.244409510294595,35.08465283191469,1.72,-179.01706
430,11,-1.0089955154782932e-05,6.784489759657117,59.376273723493675,0.58,285.1326
431,12,-1.0581146033268115e-05,22.95546643394552,54.273882943514856,1.63,507.6983
433,02,-8.153189459681882e-06,8.31590086110433,48.93550452213628,1.05,361.76483
434,03,-1.5915630637317265e-05,-1.6360386480515998,44.90566300547765,1.12,218.45007
435,04,-2.4346638547669703e-05,-22.934988667466907,50.17846367060873,0.64,-60.174015
436,05,-3.070366395367009e-05,-25.76910455847299,53.73915812349191,0.19,-270.0963
437,06,-3.477750818122634e-05,-31.860220404391814,46.7203716229452,0.24,-421.37433
438,07,-3.7615658574522775e-05,-25.170489753641114,45.05531850020347,-3.14,-512.553
439,08,-3.326061218056918e-05,-12.586229408838417,52.3345120203854,-1.1,-403.1908
441,10,-1.3186316454061119e-05,-1.463842040031187,51.45971762442205,0.99,62.59064
442,11,-1.4898132296588707e-05,27.46974549831814,55.57987919455502,1.7,231.58842
444,01,-9.004527324929857e-06,20.359526514525058,60.00615774854665,-0.37,670.1577
445,02,-1.2519085415486441e-05,14.879537966322628,54.698993667597065,1.35,543.10754
446,03,-1.4810545610421827e-05,-5.396197126162949,59.004922374092125,0.37,189.04285
447,04,-2.7581765115751797e-05,-20.820068422105575,57.557788026644126,0.26,-50.998745
448,05,-3.16294027814815e-05,-19.310568396455505,50.32535560724812,-0.67,-282.0692
449,06,-3.356170396635004e-05,-23.02242342732747,60.87640379265148,-0.13,-430.90842
450,07,-3.758493633006676e-05,-22.269790681900524,47.74635748879372,-1.72,-555.7798
452,09,-2.4645985519115736e-05,-7.889081433783638,37.34792189491059,0.74,-208.82426
453,10,-1.526362983537594e-05,-3.798430909843855,48.34944315867911,0.96,163.88422
454,11,-1.1750765303218536e-05,10.89123139716254,54.5964946256227,-0.31,339.5423
456,01,-6.416161365773257e-06,12.223324068787278,48.97643718384928,0.05,444.20203
459,04,-2.5679135762624757e-05,-26.331729773288306,46.84454056873057,1.74,-40.867916
460,05,-2.9667726341906155e-05,-25.198657173730993,56.839670298081565,-1.72,-244.83932
461,06,-3.566179110415154e-05,-31.36642959594727,52.944568701901716,0.35,-408.2082
462,07,-3.888270218750779e-05,-23.176640851420746,56.14024401203919,1.28,-531.34827
463,08,-3.333480648354688e-05,-12.395997953681537,44.035043613662005,-1.53,-377.08618
464,09,-2.5415033401845397e-05,-5.530321179199219,52.86381167994076,-0.45,-211.39912
465,10,-2.0550294828412475e-05,15.281469091599986,50.30405073937036,0.71,44.318146
466,11,-1.2597567349661808e-05,15.910226154920792,53.90823562632401,-0.14,195.28386
467,12,-7.748080553331723e-06,20.40142875687794,63.311030514205655,0.73,496.32697
468,01,-8.493993727101315e-06,23.796599253992884,55.116003269850566,1.17,553.9273
469,02,-1.1806723732206594e-05,-2.6082788761683875,46.30087924139698,1.34,332.1199
470,03,-1.3339704251535219e-05,-6.768148279333628,63.03257818707726,-1.38,27.7376
471,04,-2.4140652476206825e-05,-8.481860700141059,60.03202422682047,1.2,-23.734562
472,05,-3.631899526441482e-05,-17.44638056798135,47.40056218499266,2.02,-260.53894
473,06,-3.447691067930363e-05,-33.33076165534125,39.74884000571834,1.41,-450.04984
474,07,-3.4126774513620195e-05,-44.31138712696363,36.16823902212164,1.42,-566.51807
475,08,-3.324744642680256e-05,-25.59706884437479,43.61733073811633,2.4,-437.607
476,09,-2.7110998255941223e-05,-4.088550005425346,48.59134079140956,1.78,-169.92072
477,10,-1.717439320385384e-05,2.0582064438686585,44.893768001867876,1.53,108.77282
478,11,-1.049799736220949e-05,11.533768935139973,58.11769115721252,-0.25,304.5907
479,12,-7.425197422547768e-06,21.47761040308142,53.53903508252609,0.48,564.71326
482,03,-1.7898125718357898e-05,7.876527682396675,54.192069970153995,0.89,164.78522
483,04,-2.786484313502215e-05,-15.88577495863173,41.53150874974462,0.36,-40.10871
484,05,-2.8741963674400066e-05,-37.081440074305384,54.09692304540707,-2.38,-206.88254
485,06,-3.9525050331051005e-05,-23.208365014648436,47.86380608810849,-0.79,-450.74792
486,07,-3.625940142692049e-05,-31.74150496025496,48.734570516079984,-1.39,-524.1813
487,08,-3.404563471354698e-05,-17.337182702177312,41.57153246440298,-1.62,-434.229
489,10,-1.8569231195137014e-05,10.235854191605762,54.45598049366731,-1.03,33.803413
491,12,-8.260583359534854e-06,25.078029959073632,56.60606037604423,1.02,421.64758
492,01,-6.012859741277161e-06,22.106840989635838,48.67357203781476,1.05,414.13483
493,02,-1.5386156723984276e-05,31.748662168305497,64.97568837541958,0.98,376.3054
494,03,-1.9840231885472768e-05,-1.8349693298339842,46.56073982853019,0.66,26.42147
495,04,-2.7043378228700023e-05,-24.0670989525689,35.17819720014996,-1.26,9.251944
497,06,-3.546342912159163e-05,-30.903872137790252,54.092656515480414,0.16,-442.7667
498,07,-3.552329937512147e-05,-24.55973527871409,49.31133174363516,-1.19,-492.1336
499,08,-3.48960954878191e-05,-17.491402352609946,46.845165995435046,0.03,-429.57172
500,09,-2.4679065476549213e-05,-6.537764871215822,41.4254565234277,1.11,-184.5115
501,10,-1.848353834580477e-05,14.114419966174706,59.132486595437086,-0.2,62.292763
502,11,-1.0186800306089735e-05,15.631692754109702,47.969248177954896,2.54,310.67047
503,12,-6.893300624729055e-06,15.732371215492165,60.65007041392917,-0.37,562.83966
505,02,-9.005972841740524e-06,9.622026147751583,54.51137783175566,-0.29,328.4867
507,04,-2.588563685021654e-05,-27.98602328389486,47.86236142485672,-1.69,-28.849638
508,05,-3.230829694098981e-05,-22.4746828918457,60.26473778712485,-1.1,-242.98874
509,06,-3.7502937650666964e-05,-26.38411481492784,47.88007799596918,1.08,-396.61176
510,07,-3.6336240956178925e-05,-19.074829963273896,48.14752719921964,0.06,-545.414
511,08,-3.444879628501263e-05,-12.903870650096605,45.419211714576655,-0.49,-395.2558
512,09,-2.3354238802332672e-05,-7.743464881388346,41.71682162190013,-0.06,-222.03293
513,10,-1.864643046111826e-05,14.62936670381279,46.729617401201246,-1.98,119.85007
514,11,-1.0072340758698473e-05,9.36498726196289,49.88987413275507,-0.33,233.70163
