,month,MER,MSSHF,SD,SH,t2m
0,01,-7.186377549426466e-06,5.464709561255669,0.010292715281568547,0.00035855482704265606,271.0374221375988
1,02,-7.399999772068052e-06,2.729709174746558,0.0088853447891417,0.0003947880218570064,272.4365299592699
2,03,-1.408509512223264e-05,7.08405715679866,0.00040960040271923105,0.00044260006009506144,277.5071083010602
3,04,-2.191347909663616e-05,-15.59233038906521,3.557954761717054e-05,0.00044040625960559647,280.35185083779226
6,07,-3.0671342559486147e-05,-22.637875941122733,0.0,0.0010329003032600922,288.5937503051758
7,08,-2.8487004876296853e-05,-12.56110269165039,0.0,0.0009515669327950404,288.49456290886997
9,10,-1.6345863611966567e-05,2.642213581372333,5.061999700402701e-05,0.0009355248356116273,284.1524093375258
11,12,-1.207531024335357e-05,24.691616260159407,0.00017524099221793556,0.000536514795466784,278.9589235103156
12,01,-5.795284385228985e-06,8.867661568262244,0.000661063572411896,0.0002899667802897751,273.9435328466764
13,02,-7.359469057738698e-06,6.865867059466484,0.00011199214540678879,0.0004711822304191866,277.9200598216879
14,03,-1.4070489600584629e-05,-6.186828353717764,6.114121534491099e-05,0.00038754746073307194,277.7412255432786
16,05,-2.9285246377967465e-05,-30.998830406271004,0.0,0.0004922136487145694,284.48860593045146
17,06,-3.014735746900341e-05,-26.066622504679362,0.0,0.0008849550965466025,287.3835177541096
18,07,-3.1905643976779664e-05,-14.025872309859079,0.0,0.0008957915342465621,288.3328994714881
19,08,-3.1051088017916934e-05,-11.540256553403795,0.0,0.00108178564986637,289.8567247478526
20,09,-2.365392635981859e-05,-3.0327022542317708,0.0,0.0009669164780382541,288.5418778632271
21,10,-2.1172643707369163e-05,7.590982919672484,0.0,0.0007849959412277741,282.9430969840429
23,12,-7.873070872231058e-06,26.063403682913826,0.0016069860227646364,0.0005165828911668244,277.40736817940336
26,03,-1.2076194787720939e-05,11.89821663673975,0.0001724853964262111,0.0006871956544953496,280.6608627738133
27,04,-2.2320882245185202e-05,-19.334173597547743,1.5786700778537326e-06,0.0005069280005498918,280.8875384987725
28,05,-3.0310256707952082e-05,-17.47440350473055,9.34754648516255e-08,0.0007153930285222947,285.6955955049248
29,06,-3.0904296795920855e-05,-15.787571440294057,0.0,0.0009842194550476254,286.96279334038627
30,07,-3.173775886429094e-05,-20.80200322239373,0.0,0.001004735188951267,289.0546993070213
31,08,-2.8741253340065727e-05,-19.03508228654759,0.0,0.0010760535270361797,289.5996995383643
32,09,-2.269007780640903e-05,-3.5648343312581385,0.0,0.0008672290949221253,288.2523063490126
33,10,-2.174942796122078e-05,9.781940688922843,0.0,0.0006867919335684071,282.36856040909464
34,11,-1.4328458308167076e-05,19.586548003133142,2.2300614251030816e-06,0.0006729366678450485,280.54755887637674
35,12,-7.687594037497059e-06,8.885675470167591,0.012596724167946844,0.0004129887476064696,273.28184220705754
37,02,-7.864293709969517e-06,5.468580898829869,2.739869412921724e-07,0.000443328927262103,276.0330576188678
38,03,-1.6001877676116956e-05,1.792558938959594,3.8041683935349995e-06,0.0003661708261100601,278.2745939710473
39,04,-2.3437909088230905e-05,-21.874123499891493,2.168152067396376e-08,0.0004928932368082314,280.3653982337103
40,05,-2.9170486620455693e-05,-20.4214844770534,0.0,0.00055373141337474,285.1203722468551
41,06,-3.17826830204164e-05,-27.949367026435006,0.0,0.0008103595633521967,288.8242188401964
42,07,-3.416977696542745e-05,-21.999847670688425,0.0,0.0009021180810537498,291.04000476303924
43,08,-3.1963929242763654e-05,-15.790871219429917,0.0,0.0009689928345582772,290.1174927072832
44,09,-2.1331834113273846e-05,-6.238656323920356,0.0,0.0009065412273818056,288.8515710662842
45,10,-1.6551261839878706e-05,3.491510892150223,0.0,0.000806341602621908,284.4179603883477
46,11,-1.519573135911843e-05,20.401449884033198,5.0221549140082464e-08,0.0006367408295191699,281.542423581526
48,01,-1.1369238679367056e-05,31.70380508160335,0.00012911142713280135,0.0005065474144361389,279.3915269172832
49,02,-1.1685804688698098e-05,2.732715975443522,0.00031034646715436665,0.00024583032542684335,274.1075286789849
51,04,-2.090864053300013e-05,-10.60586452026367,1.1234845055474176e-05,0.0005298972676287223,281.01254923197433
52,05,-2.6606813441591635e-05,-11.409518621957432,0.0,0.0006822573668070693,283.5180301421791
53,06,-3.6603149109497395e-05,-25.008415187242296,0.0,0.0008680787925681217,288.4321055046929
54,07,-3.282222612492611e-05,-33.091220865229126,0.0,0.0011865903298230965,291.918114544284
55,08,-2.6941880611302234e-05,-27.08358682743196,0.0,0.0007854492272301715,290.7689338021227
56,09,-2.725831751290065e-05,0.9693071214463977,0.0,0.0008300272881937013,287.3565667371962
57,10,-2.1395454446465794e-05,12.186390243366201,0.0,0.000809845710132114,284.1974871086613
58,11,-9.367185011372688e-06,10.117007967122396,3.5537613762749565e-08,0.0005637446514673988,280.0425614195929
60,01,-1.1848107099418698e-05,28.771229348787696,0.0017296655524161556,0.0003542191671304773,276.7842754120365
62,03,-1.3818876191033916e-05,-6.2181760956138685,9.418372313181559e-05,0.00032761467128058087,277.09370695126444
64,05,-2.301351515928619e-05,-21.276121071107926,3.1990530670330086e-06,0.00067266253149976,282.87292314492504
66,07,-3.052118788760435e-05,-16.333257173927887,0.0,0.001033779662579662,288.32212674803367
67,08,-2.8069958612225798e-05,-17.017802792784988,0.0,0.0008598136095184325,290.61531108601883
68,09,-2.2138291550658728e-05,-0.809648367987739,0.0,0.0010072270758296226,286.73494841105145
71,12,-7.343828446024142e-06,12.754345215500043,1.1825137240912326e-05,0.0005638061713049892,277.9717317575434
72,01,-6.201572312694294e-06,7.789162023728894,0.006257890532093664,0.00032037616245556873,270.81246475709895
73,02,-7.646551471441942e-06,-7.170963860648018,0.00039035758092289885,0.00043289734202582635,272.6459450080508
74,03,-1.1304150707112197e-05,-2.56875498781922,0.0002458149412626861,0.00041982346533168605,276.80950123838204
75,04,-2.3272295822324753e-05,-10.486857863362628,3.632929590013292e-07,0.0005507065881250634,281.0197640380859
76,05,-2.800802443084893e-05,-16.149492612120927,0.0,0.0007271333313690247,285.3065335752425
77,06,-3.090711121482552e-05,-17.990251360066733,0.0,0.0007727630264536654,286.164952170478
78,07,-3.447742918110781e-05,-15.274860501197074,0.0,0.0010814784673431896,289.64287729209974
80,09,-2.244669017984254e-05,-3.3109654418945316,0.0,0.0010995125499796714,287.42453148261177
81,10,-1.5745955748394817e-05,1.4800897167574978,0.0,0.0007476628478483084,283.8836659237441
83,12,-6.748697063030508e-06,22.216181771555252,0.0009846030858255202,0.0006171308285160469,278.89900289527316
84,01,-1.0488508364736625e-05,25.802121266682942,0.0024635101813142014,0.00041564420438127206,275.801350984922
85,02,-9.105866422227595e-06,-15.737989101954868,0.0001222507996218545,0.00019560193471323016,269.8368100568681
87,04,-1.9242588071877733e-05,-14.953707265557181,7.426198323567707e-06,0.00039568850197150223,278.83615111126363
88,05,-3.1224375424332516e-05,-18.680161248648037,0.0,0.0007434592337500871,285.4117867415233
90,07,-3.000731417455182e-05,-30.125119514383297,0.0,0.0010106809674292967,289.44563059620185
92,09,-2.1116000810717296e-05,-5.870355172729491,0.0,0.0010170114291461383,284.9466449978299
94,11,-1.2770530823662637e-05,20.62896745435927,4.2331218719482425e-08,0.000712386935210562,281.3988308635288
95,12,-1.128779906788603e-05,28.043287035542146,0.00037468132152352284,0.0005160226476652414,278.653770938135
96,01,-8.849628261046861e-06,-8.473066081057311,0.0005335850459273144,0.00039371051453645855,271.0571230804279
97,02,-5.771432554432804e-06,6.824847212655203,0.00025317513942718504,0.0005444937176130874,275.3062230299087
98,03,-1.3287096029671374e-05,-5.803373095440609,7.337508534872401e-05,0.00038326355497387356,275.18381564716617
99,04,-2.2575659647211267e-05,-11.442104777696397,1.2648238076104058e-07,0.0005509123427555208,282.7985634870741
100,05,-2.791426425801057e-05,-28.103053294192083,0.0,0.0006231550341834262,282.72152383422844
101,06,-2.8837502824555686e-05,-20.989433822292757,0.0,0.0008995023713432398,286.23068305765787
102,07,-3.379324687933062e-05,-20.07741719498173,0.0,0.0011762637337276985,289.3334297852875
103,08,-3.0242934917310693e-05,-13.572054321945357,0.0,0.0011241900766090502,288.99911613021357
105,10,-1.9746457593286597e-05,13.28605210072507,0.0,0.0008929555590629677,284.1081416557065
106,11,-1.2423982501220758e-05,8.69252590874566,0.0,0.0005567817669088578,280.28694883850955
107,12,-5.659096497726741e-06,10.619382738339004,5.145294307380593e-05,0.0006231452756041871,277.7222096857871
108,01,-9.400724827868036e-06,23.76198229324177,0.0002939996052813786,0.0005186993550770137,279.10735159379686
109,02,-1.553154618433063e-05,17.196350676788683,4.479276722875135e-05,0.00036645799898507564,277.7702740127738
110,03,-1.4791143874625109e-05,4.141464673442225,3.25570567961662e-05,0.00047325576421621175,278.11941827511527
111,04,-2.4692344382775542e-05,-22.74501348402235,0.0,0.0005172340481790242,281.1784597961426
112,05,-3.182606770285695e-05,-15.882362545546664,0.0,0.0007443033780645266,286.42319685117656
113,06,-2.7714982728361462e-05,-28.63852083367242,0.0,0.0008593489899378255,287.1965049299452
114,07,-3.385038605679304e-05,-9.511822006717805,0.0,0.001171458948932473,288.8184828294324
115,08,-3.211179117533902e-05,-13.866469908683532,0.0,0.0010266525363930598,289.36880185199044
116,09,-2.5435363158006416e-05,2.907980506727431,0.0,0.0009323654926211424,287.1028169921874
117,10,-1.6347254436593455e-05,7.273599919801116,0.0,0.0007721173569709835,284.2524626317998
119,12,-7.866494279115095e-06,20.208327730240367,0.0,0.00053423904773601,280.1574802909768
120,01,-5.490775168401608e-06,12.580168148245866,0.0,0.0005023698754026696,278.0433618807229
122,03,-1.7582771425163286e-05,5.919001820882161,1.3147951454244634e-06,0.0005982449319345967,280.92673047006264
125,06,-3.3498540398290464e-05,-35.047065074327264,0.0,0.0008175972156450774,288.0712565836589
126,07,-3.3625666249610085e-05,-27.510599928661055,0.0,0.000971569565642772,290.43235706386776
128,09,-2.1827326350689368e-05,-6.781363076782227,0.0,0.0009320243816883804,288.6776379201254
129,10,-1.9913688146604526e-05,14.103063629806684,0.0,0.0008421332443241979,285.642628944643
130,11,-1.311930024130561e-05,7.912713109334308,7.664759953816732e-08,0.0004454905331929088,279.22501226437885
131,12,-7.719866410816296e-06,20.033501539989185,2.718377369706349e-05,0.00047829752353097696,278.14191156752395
132,01,-9.708490018202875e-06,23.531725362798216,3.920951197224279e-06,0.0005105691684948654,278.84542206019734
133,02,-1.709957590030951e-05,31.83555304718018,2.0835172562372115e-06,0.0005475542892947997,280.50749825822743
134,03,-1.7018775953137494e-05,2.372058311872584,2.4298456407362414e-05,0.00048062062612102977,281.1010017314214
135,04,-2.7999317039636173e-05,-19.276666238742408,0.0,0.00037736529698403654,281.5536805019803
136,05,-3.125298669270236e-05,-34.3688931694441,0.0,0.00042185220914118,286.42458363949356
137,06,-3.068480971400681e-05,-23.63770078192817,0.0,0.0008391077614164817,287.6530416948106
138,07,-3.559518055198981e-05,-33.07448882301904,0.0,0.000870340643866736,289.3471467754405
139,08,-2.897321149455781e-05,-28.290339532667595,0.0,0.0010727420896216627,291.14238770975095
140,09,-2.7407515947157255e-05,-3.6402964202880854,0.0,0.0008673468175783354,286.55917945963546
141,10,-1.8407037761653066e-05,10.48773665069252,0.0,0.0007825079715910818,285.16074951352357
142,11,-1.0645134954231454e-05,8.876481322224937,1.7197676499684652e-05,0.0004970781178460824,279.7035436231401
143,12,-1.0178729378000547e-05,19.264495642221096,0.00010385854269868586,0.0004455819003796224,277.58139236323046
145,02,-6.996622216688376e-06,0.507544446309408,0.002555922939663842,0.000305701507385693,272.81969927006674
146,03,-1.2629808311264428e-05,-0.5304674036169569,0.0,0.0005727407951866191,280.96131813873785
147,04,-2.5889148811054637e-05,-18.50936585184733,1.8495678901672365e-06,0.00041218083241272116,281.06129239251874
148,05,-2.5811937759284265e-05,-33.066711107479634,0.0,0.0005622225995608382,282.56432028493566
150,07,-3.606362330103894e-05,-12.26554677852508,0.0,0.0011091873102282322,291.0611541531471
151,08,-2.9805839779475068e-05,-22.79464663072811,0.0,0.0010097339748723264,290.6213046195738
152,09,-2.1833397036001162e-05,-8.548686426798504,0.0,0.0008007140552823532,288.29770074191623
153,10,-2.004618059737534e-05,2.17344532234438,0.0,0.0006820325499599374,283.64651159085514
154,11,-1.4646135411648073e-05,14.444811823866104,2.8859506713019477e-05,0.0006339337644810405,279.0964361319648
155,12,-7.654158530845394e-06,17.942148733159545,5.5359345610423755e-06,0.00046165224257053707,277.4903090515137
156,01,-5.988280283046514e-06,9.900324605634134,0.0,0.000437638549289248,276.29669176196023
157,02,-7.568776633878318e-06,10.513905402874128,3.7069602944385046e-05,0.00039763415424268303,278.02707910182556
158,03,-1.6743815379482177e-05,3.675611719931326,1.1341134707132974e-05,0.0004879701252311531,279.7299019205238
159,04,-2.3724830210206465e-05,-12.979907084147134,2.5939941406250002e-08,0.000579528459085648,281.38050007290315
160,05,-3.502280750303383e-05,-18.415903687507882,0.0,0.0005439886107167655,287.68378568587764
162,07,-3.3542465003026134e-05,-26.574038988010855,0.0,0.0011160113274397768,290.8302553724063
164,09,-2.5466491539959356e-05,-1.4094354346381297,0.0,0.0008614746787727199,287.5794175764296
165,10,-1.9484351597922247e-05,1.9587082073252686,1.8078127214985508e-06,0.0005589232049004094,281.5607008762565
167,12,-8.425528942156701e-06,11.411874493342573,3.2269544498894803e-06,0.00046205227275860006,277.1291988499139
168,01,-9.715480358609446e-06,34.39173987899288,4.798289268247543e-07,0.0005887621752377449,278.0689588641915
169,02,-8.449411843078754e-06,-1.1622854381742926,0.0001454247690382458,0.00038359931115603885,276.05196190389
171,04,-2.191761210872048e-05,-4.539731902737087,0.0,0.000576000432182122,283.3900037384034
172,05,-3.0932743489659034e-05,-26.541132331437964,0.0,0.0007194121543284234,286.5305111710743
173,06,-3.281592492067931e-05,-24.277929318237305,0.0,0.0009091609778879503,288.3121968231201
175,08,-3.234485571499712e-05,-11.285276480397874,0.0,0.0010167660779612973,288.38119730434624
177,10,-1.798888249350155e-05,2.3637267239478326,0.0,0.000542134024022548,282.4125413159196
178,11,-1.1587640056374466e-05,-1.8295716874864363,0.00015719194677140975,0.00047988380124447253,275.9691254242791
180,01,-8.814763398506955e-06,28.086010490499522,6.143172710172592e-05,0.0004701822597394422,278.4522831625169
183,04,-2.4481364455176743e-05,-15.54007357143826,6.838602489895291e-06,0.00040480200442157807,281.15531175240415
184,05,-2.8615912740195944e-05,-19.306992470361852,0.0,0.0006858745914348111,284.95634343137016
185,06,-3.390126228795352e-05,-22.424498955281575,0.0,0.0010699702445989207,287.7325351216634
187,08,-3.527003988845888e-05,-15.806742182249662,0.0,0.0008680270261172562,290.50995685306685
188,09,-2.649383951805552e-05,-2.2674784339057075,0.0,0.0008433525541978978,286.7490272650824
189,10,-1.8016295581522476e-05,4.47270425086893,0.0,0.0007590626369145407,282.91257732530823
190,11,-8.92097842036795e-06,12.752254605102538,0.0,0.0008178240753429337,283.18030227940875
191,12,-1.093666692604627e-05,22.757288210632986,6.536950347244099e-07,0.0005556525008313002,279.09193974574924
192,01,-1.2804497735976505e-05,25.385474410518523,0.0009627563479126142,0.00045759688101936,277.2651151844968
193,02,-1.271823695051786e-05,20.178666164579848,5.487134059270224e-06,0.00048809193327531924,279.69789509668806
194,03,-2.219248033328259e-05,-0.5256330294045062,0.00016835869896796444,0.00037265990637394303,278.52115150119414
196,05,-3.3250014936618425e-05,-29.631465932538433,0.0,0.0006214292339710306,285.3548243562432
197,06,-3.44918315846169e-05,-24.446217814466692,0.0,0.0007471122926498033,287.09207231580945
199,08,-3.331847033315239e-05,-31.29434137422295,0.0,0.0008271361476220967,292.1374796096639
200,09,-2.6222378082234683e-05,-4.395296908230251,0.0,0.0008676720050675714,287.4659033938938
203,12,-8.991161045966975e-06,-5.598886509064706,0.00015860379254946144,0.00039905608716880105,272.8523069154063
204,01,-7.460320452180465e-06,-0.4728464959257379,0.00023015245699113416,0.00044037663110958085,273.0739127290787
205,02,-7.544903639281147e-06,5.38362545916678,0.0006102077837648064,0.00031412921131322426,273.61455346710375
206,03,-1.2827322511164368e-05,-10.990242480862525,2.0419359207153323e-05,0.0004322530456430366,275.89573825737733
207,04,-2.0502408365953464e-05,-21.604367342122394,2.815988328721788e-08,0.0005573882549563778,281.5059792378743
209,06,-2.8253365109311642e-05,-38.732165323215064,0.0,0.0007725716853643563,287.7120379621718
210,07,-3.142641031134248e-05,-27.054918192217425,0.0,0.0009566610893040974,288.9736008786437
211,08,-2.9903093116464793e-05,-15.358725825155936,0.0,0.0008052989171323801,290.26938906532206
213,10,-1.7171301486478214e-05,8.106230379494288,0.0,0.0008193838488076182,284.35446074524754
214,11,-1.4551765714713837e-05,14.46901237657335,0.00012027359008789062,0.0004943569559801082,279.4499412578582
215,12,-8.836182103413613e-06,1.1414017176474303,0.00011574836187465217,0.000456995769084828,274.0792455669526
216,01,-3.583592048936e-06,-1.2817189340899076,0.00038023888808424755,0.0002965270524839061,272.25964624536164
217,02,-9.97768289436776e-06,28.48145621345157,6.829840796334402e-08,0.0005305327026612487,278.9320034816378
218,03,-1.2413017713795421e-05,-3.0697627356744577,0.0,0.0005206532129615308,280.40703176859375
219,04,-2.201332183204714e-05,-17.60772253417969,0.0,0.0005176294510015927,280.5644874141693
222,07,-3.376502295814329e-05,-20.43258258581674,0.0,0.0008547632643424363,290.03099838158397
223,08,-3.064838395117496e-05,-15.397676236060358,0.0,0.0010386910332973625,293.2227237929478
224,09,-2.7053925191669103e-05,-10.968042353990342,0.0,0.0009289264848881631,287.54944601949063
226,11,-1.1372840429430654e-05,5.54297788119846,0.0,0.000528491018474924,279.9875980561574
227,12,-9.893875752236308e-06,16.98351939342868,1.687051532089069e-05,0.0005512983522442909,278.3321768117105
228,01,-1.1099072907757458e-05,24.386054642872143,2.2409808251165574e-07,0.00045592296519506595,277.9622745796942
229,02,-7.893391973560764e-06,12.879144769577753,3.740382904098147e-05,0.000624683462594898,279.23413331127165
230,03,-1.582076560769428e-05,4.910139277304372,1.3940626575100807e-05,0.0006810213565312239,280.3343201620861
231,04,-2.2395207648413717e-05,-10.670934447903104,2.9785103268093537e-07,0.0005132326088525791,281.88296789105726
232,05,-3.182257207745645e-05,-20.036693252071256,0.0,0.0007038634061112829,286.9770894601474
233,06,-3.4082233544055876e-05,-13.138249787733287,0.0,0.001018815234679136,288.37100996331105
235,08,-3.4686337675251e-05,-19.754633603331865,0.0,0.0009149996268527415,289.45330056729875
236,09,-2.4247977624205914e-05,0.3736279635959201,0.0,0.0010404470592029612,288.04718676249183
238,11,-1.186565926222506e-05,4.6568576497395835,2.143026722802056e-06,0.0004236663616776847,277.3990418517218
239,12,-8.802920268002493e-06,22.454611907630838,0.00011667215695945164,0.0005018636649010024,277.97066255097747
240,01,-9.430198710966792e-06,24.63400003675235,0.00020755073460199501,0.0005411838983149154,278.42221806261614
241,02,-1.079772392194216e-05,13.779260249546594,0.0025613292994953337,0.0004247924906180526,276.5846275064377
243,04,-2.54553507465769e-05,-17.42901027967665,8.541558848487004e-06,0.00045097119342235603,282.47727725253634
244,05,-3.422614240797327e-05,-20.88572949317194,0.0,0.0007112033766742989,286.46426943280625
245,06,-3.759346314859108e-05,-24.964019442409946,0.0,0.0007349941236675172,287.621155009969
246,07,-3.775679561435789e-05,-20.12216363230059,0.0,0.0008227019134094047,291.3305993268413
247,08,-3.318467006672979e-05,-13.657699137697938,0.0,0.0009116657846986517,290.35377914166196
248,09,-2.59650643648355e-05,-3.5717024329291456,0.0,0.0010456855732800857,290.39740791795515
250,11,-1.3179962080519347e-05,12.654008286878799,2.0961513784196646e-05,0.0005313356323464177,280.36134305237664
251,12,-1.3700721242369786e-05,27.986750325848984,0.0004829321933049028,0.0004460608781439875,278.27631423343126
252,01,-6.553396535759588e-06,18.42038040095504,7.689163249026063e-06,0.0004392718665100694,277.79516857783
253,02,-1.2230161100386137e-05,18.65321454909752,3.605513052008618e-05,0.0004498816253623835,278.9918639561445
254,03,-1.4517082142339604e-05,-0.5979741453765541,2.188550656841647e-05,0.0004991599991315802,279.74647602704783
256,05,-3.550879427684679e-05,-19.147158501081563,0.0,0.0006344104929724587,286.87483983849967
257,06,-3.750390542944741e-05,-27.016546727159287,0.0,0.0008396627575370277,288.429064964803
258,07,-3.168135436499142e-05,-21.668345875401656,0.0,0.0008486174719188665,288.20182105771954
260,09,-2.4486756719630248e-05,-2.020394458007812,0.0,0.0011746618843225302,288.9522197736953
261,10,-2.1893689024856883e-05,11.235235126454343,0.0,0.000834898857871064,284.6498967747843
262,11,-1.5146696185204038e-05,20.892512133110895,0.0,0.0005471246481323154,281.02643124508324
264,01,-6.723928980547147e-06,14.384707934964087,0.00041049615926640003,0.00033838884669713326,275.96743091123847
265,02,-9.421481274265325e-06,7.153048214503697,0.0006544472773869832,0.00045849606639379885,277.52430097507295
266,03,-1.3063552253355424e-05,-6.242824222359606,0.00027922883085025255,0.00043964260734938635,277.80964705756395
267,04,-2.4765318735565716e-05,-15.737299090576174,6.594268480936686e-06,0.0004324344195720945,281.0073699052598
268,05,-3.372209000100225e-05,-25.790908090242777,0.0,0.0006874419770607463,286.25971681492297
270,07,-3.6646507612448495e-05,-24.41304970722813,0.0,0.0009577895311687377,291.0954466385379
271,08,-3.349079792080317e-05,-13.273838911159066,0.0,0.0011785009511229004,291.26248715078697
273,10,-1.872843477780094e-05,15.499699002173642,0.0,0.0009255201393185142,287.358400129749
274,11,-1.4045017091525046e-05,9.019137569173179,0.0,0.0006085738384488525,281.0378544276344
275,12,-9.904081011676856e-06,14.487402564920403,0.00022924734956474715,0.00042967180998163804,276.8109058604907
276,01,-6.60295483731882e-06,23.604068570044735,0.00012535062912971744,0.0005113839650168305,277.7092359037091
277,02,-1.6342577849974034e-05,27.257544948032923,5.277034782228017e-06,0.0005129149039266849,280.01173835877006
278,03,-1.718439095667989e-05,-2.8514695644583754,1.5001514906524331e-06,0.0004819596547454955,280.1865670277176
280,05,-3.0134792006426703e-05,-17.31557953963741,0.0,0.0007120376103461025,285.91615550937445
281,06,-3.5836119472898846e-05,-20.466573669433593,0.0,0.0009486301975226323,289.008934870402
282,07,-3.594073215623134e-05,-17.96138944137737,0.0,0.0010623623587375588,290.12367375199517
283,08,-3.0240783373966385e-05,-12.41071590333344,0.0,0.001163815572202473,291.52933090636554
285,10,-2.2813934475604865e-05,5.003235001430717,0.0,0.000718885400139463,283.04481736857923
286,11,-9.433203981300014e-06,10.082439758300783,0.0,0.0005791067180039236,281.24613218036234
288,01,-7.996820467572737e-06,16.024269751435966,0.00044667841542151673,0.00041192595895207524,276.0992543067932
289,02,-9.213011075579354e-06,1.6289639434814458,0.000368756529830751,0.0002735949758984874,275.1990847414562
290,03,-1.4304734281419465e-05,-4.024482163624097,0.0,0.0004401956440712298,280.07939777218405
291,04,-2.383696288773839e-05,-17.2942943037245,1.5020370483398438e-08,0.0004770017007668381,282.52701496353154
292,05,-3.0977665722578726e-05,-19.48317038226384,0.0,0.0007096738202905913,285.87503277128485
293,06,-3.491794925367785e-05,-29.63445593295627,0.0,0.0011471253787109367,290.1924542755127
296,09,-2.437035215904568e-05,-12.497950702243381,0.0,0.0008103102327222991,287.9652745859782
297,10,-2.1305207502659715e-05,-2.352458050143333,1.9682761161558088e-06,0.0005624345080602805,281.3235289662679
298,11,-8.746191556262298e-06,13.336127873399521,0.0,0.0006547417485429125,281.18456970901485
299,12,-8.986315398414586e-06,16.75842543636855,1.2960655714875909e-05,0.0005586620659873345,277.70850726802377
300,01,-8.992702947169514e-06,20.66453995308825,0.0007110370653931812,0.0004630176850634722,277.01399096031605
302,03,-1.5225630396960167e-05,1.0669384965794064,0.00020815543461871405,0.00036018773000070863,278.8729907035828
303,04,-2.4217375733618005e-05,-11.611916856553819,0.0,0.0005477365501182944,283.0342345699735
304,05,-2.847669872224737e-05,-31.81054322043798,0.0,0.0006152930506795131,284.7821008097331
305,06,-3.421590459786078e-05,-30.121984181382924,0.0,0.0008944627820598017,288.26498307020404
306,07,-3.5823426863228845e-05,-21.040274605699764,0.0,0.0009030186964724067,289.52838083738925
308,09,-3.09724094837697e-05,1.3779368174235027,0.0,0.0008935518929530012,288.3683370303683
309,10,-1.9737982986943505e-05,10.8786054316695,0.0,0.0006333934098819987,284.57554275028684
310,11,-1.219442167142309e-05,8.63346869269477,3.3279392454359266e-07,0.0006341721947358944,280.0218678001404
311,12,-6.509792311736683e-06,12.651209838210898,0.000107577202140644,0.0003987152580916455,277.18444233658494
313,02,-1.0796667724878803e-05,1.9850640389578682,0.00020228017086074463,0.00030567886635834556,275.683474075272
315,04,-2.402455134354872e-05,-12.38321820203993,0.0,0.0005435340928157731,282.71948648647725
316,05,-3.3327865934669755e-05,-23.83920729967343,0.0,0.0006399812987691344,284.99818274778966
317,06,-3.715115132452208e-05,-30.632264646063906,0.0,0.0010480431722563416,288.991852593655
318,07,-3.409394384040644e-05,-23.561669685609886,0.0,0.0009847484367624458,290.1906704429708
319,08,-3.320200081173924e-05,-14.21000237282374,0.0,0.0008214074471167111,289.1398493754069
322,11,-1.4535249143672345e-05,9.326381112670902,0.0005737135661972894,0.0005952350228117148,280.7140452206929
323,12,-9.12172876785682e-06,14.485518746324761,0.0003240881030277539,0.0004220962651623558,277.6781497156286
324,01,-6.5253165958961526e-06,7.280853728591756,0.00014880976241122009,0.00037462094703483867,274.90674294572244
325,02,-8.8568046297561e-06,4.634872235616048,0.00010614823585464838,0.0003650888354684262,275.99080734402787
326,03,-1.3873502668170125e-05,-4.782673361173239,0.0004253186384836833,0.00041051977616280897,276.79120616527274
328,05,-3.370682173148433e-05,-13.439136345319852,0.0,0.0006535041197075036,286.611448016423
329,06,-3.4785863751151034e-05,-27.11431088460287,0.0,0.0008772879220370063,288.7861003506131
330,07,-3.3670624993676266e-05,-35.11209074615151,0.0,0.0009552916027034605,294.31578268137275
331,08,-3.203818718891423e-05,-14.970106861073484,0.0,0.0009000416037593156,289.42563545177825
332,09,-2.4569920312832332e-05,-1.9050392035590278,0.0,0.0011661635124005137,290.8846295525445
333,10,-2.0357669840078775e-05,8.929626497002058,0.0,0.0008570413862924212,286.9078280718404
334,11,-1.6638314112929544e-05,21.698549422539603,6.023910310533312e-08,0.0006521134779476141,282.7481851179335
336,01,-1.3167410284109127e-05,32.71415653975292,7.495572490076866e-08,0.0005230013527154189,280.3280024761898
337,02,-9.635896793779033e-06,12.227102448962983,0.00012729246417681375,0.0005590188341237168,279.13144602752857
338,03,-1.969343553138324e-05,2.858439688077537,8.514286369405767e-07,0.0004028064890359467,280.9515473870718
339,04,-2.5420359923575438e-05,-23.728481532796227,0.0,0.0005033413915325177,285.1133049407959
341,06,-3.458860908376663e-05,-19.802041976589628,0.0,0.0009322974188374144,289.6702567504883
342,07,-4.0491175616739144e-05,-14.380545316962786,0.0,0.0009613429224455643,289.65608735082475
343,08,-3.430768915528969e-05,-11.902402343421853,0.0,0.0010274620080804539,290.0370085491878
344,09,-2.677926907070085e-05,-2.246240928141275,0.0,0.0008591688969658409,287.3048455885146
345,10,-1.4836711174446523e-05,-1.5530790907336818,0.0,0.0008285501714110792,283.5498818838469
346,11,-1.4172945336880124e-05,15.984315191311307,8.570086956024171e-06,0.0006465871534172897,280.5269208690644
347,12,-9.103623443880553e-06,18.67049515623687,1.9495038576023557e-06,0.0003995294160866323,277.3368185319388
348,01,-9.98381483742544e-06,30.50790186531313,3.1635838170205394e-06,0.0005276380488101,279.4891412764929
349,02,-9.733829621899499e-06,11.488472740085646,9.416011558181937e-06,0.00042143233519641003,278.2568273897719
350,03,-2.0140387961912898e-05,4.352542552004578,6.198341231192312e-05,0.0004389440757035161,278.8884844916969
352,05,-3.326288808405293e-05,-18.37616691179173,0.0,0.0006870887521260839,287.85736066133234
353,06,-3.476253857051133e-05,-32.52892781643338,0.0,0.0008564286241224787,288.7505925245497
354,07,-3.577182100015043e-05,-18.878891244211506,0.0,0.0011261872946572934,290.6381676658713
356,09,-2.5189189388381943e-05,-2.5223080678304033,0.0,0.0009044781553824899,286.9092003065321
357,10,-1.8222273044254205e-05,6.518695762716314,1.0895472700877858e-09,0.0008543528111196123,283.49328779224686
358,11,-1.2143508331428165e-05,12.723418456013999,0.00035360905991660223,0.0005676329277205644,280.38257168964805
359,12,-6.623100362498576e-06,8.910789440196046,3.1098793911677535e-05,0.00043185676473623153,276.00092939651654
360,01,-6.219402897665034e-06,13.638463789416898,0.00026115813434764905,0.0004136181822207933,274.32254045474144
362,03,-1.4006747319585248e-05,0.15545269151913163,4.5311066412156626e-07,0.0004989911271048672,279.1052625570399
365,06,-3.4585202314802804e-05,-32.20444840494791,0.0,0.0007885755440597576,288.15789018961584
367,08,-3.326769469126164e-05,-18.63527480389995,0.0,0.0010581389043553269,291.493365414199
368,09,-2.396435872586961e-05,-8.675344586181641,0.0,0.0009490466401233954,288.24405131666396
369,10,-1.8213049179844e-05,4.716025361748153,0.0,0.0008116932342555208,284.11453383484707
370,11,-1.3997967538165946e-05,28.005924584282763,7.164478302001954e-09,0.0006304514712387844,282.6301770416684
372,01,-6.091251291421628e-06,2.9262350808420488,0.002126177963390145,0.0003629201125318107,273.08482904479325
373,02,-7.65345504045659e-06,5.717629487900508,0.0021790685525962285,0.0003673177904023817,274.59004296811423
375,04,-2.4690822054900404e-05,-20.66956467929416,2.4727185567220055e-07,0.0004912910699575554,281.97344993078445
376,05,-2.827942739082006e-05,-27.387183430333288,0.0,0.0005531739490862218,283.07650033011487
377,06,-3.182083758476639e-05,-35.711798379855686,0.0,0.0008911056623261983,288.5699565473768
378,07,-3.4407490462771055e-05,-31.11366353779454,0.0,0.0012401764772639779,291.94731353169107
379,08,-3.27152816781925e-05,-15.088779016966459,0.0,0.0010051635737900273,289.71709932881015
380,09,-2.3803562745282155e-05,-1.7829848341200085,0.0,0.0008983746668693987,286.8539448320178
381,10,-1.8914465963579488e-05,8.677334267236855,0.0,0.000821376938233815,284.0074488248518
382,11,-1.1904203317903414e-05,4.708053307088217,0.0002805316183302138,0.000539917925373298,279.1010974715339
383,12,-7.738160395268594e-06,4.967533013128466,0.006288984498670025,0.00034308914540316133,272.7350027047024
385,02,-7.274441715534998e-06,7.353929252261208,0.00014321758775483995,0.0005457368057977929,277.5559378022239
386,03,-1.235675504704564e-05,-6.3443144091534345,0.00019613219461133403,0.00039190909222795576,278.86510410210394
387,04,-2.5035789431644346e-05,-14.869033695136176,0.0,0.0005911379486306348,285.153135196601
388,05,-3.0008848766624646e-05,-32.62149781881353,0.0,0.0006954327806093939,286.410771462061
389,06,-3.4230032604055946e-05,-25.01744469502767,0.0,0.000881464317699061,288.6127736097548
390,07,-3.7348723895911946e-05,-18.427609645064162,0.0,0.0009686399827052652,288.60765880658556
391,08,-3.274760770019843e-05,-10.64563058373236,0.0,0.0011464830641275342,289.6281859905284
392,09,-2.5484862159343414e-05,2.648160398695204,0.0,0.0010463940876720393,288.68825934821234
393,10,-1.916051529891168e-05,8.726722329416583,1.6692376905871977e-07,0.0007127288467344178,284.83637540882887
394,11,-8.12447487300637e-06,7.208228931681314,0.0,0.0006513960211994212,280.86535165697734
395,12,-1.2744765838047034e-05,29.389911852764826,8.855871231325211e-05,0.0004817236066579237,279.54841704272206
399,04,-2.412122515035865e-05,-15.116672309705946,0.0,0.0005342435015494618,281.0076457704756
400,05,-3.2719707248821014e-05,-19.41600187732328,0.0,0.0008146372657843473,286.39187647731336
401,06,-3.633841799156573e-05,-15.284035491265191,0.0,0.0009098009567069676,287.4815220364041
402,07,-3.9630504535585143e-05,-18.105863085346844,0.0,0.0010251161839649637,289.83332058683004
403,08,-3.664081436780238e-05,-14.530181596981583,0.0,0.0010329766651933964,291.1731117379793
404,09,-2.780254297756781e-05,-4.337274759928387,0.0,0.0009458465725743282,287.3234092200385
405,10,-1.749340033099435e-05,6.576196681525118,1.6571373067876343e-08,0.0009416702161500776,283.75088245457476
406,11,-9.782895505729057e-06,13.286790387301977,0.0,0.0004847364594485018,280.2187192969428
407,12,-8.270612005098982e-06,23.135962751162953,0.0004308112231633996,0.0005064767144187343,278.1779153431308
408,01,-7.079607454118081e-06,9.77005108642578,0.0024007742763847433,0.000497766507189808,275.1825925199447
409,02,-9.82560560788399e-06,1.2790957768758144,0.0007189501410438901,0.0003367882807537607,274.82777969859893
410,03,-1.6003138249269338e-05,-14.11737674147083,0.00018706004465779953,0.0004201141621528276,275.29698841222125
411,04,-2.0434202846445263e-05,-16.983018215264217,0.0,0.0004941429305161389,280.441605447091
412,05,-2.7662325821888435e-05,-23.158452428017892,0.0,0.0006636143321345607,283.8569099442677
415,08,-3.2683108437937644e-05,-17.84199171037572,0.0,0.0008798842714115641,290.9021847701535
416,09,-2.475842662511746e-05,-8.054260448540582,0.0,0.0009952416975374742,287.60815346442337
417,10,-1.765674730958508e-05,13.677036990258001,0.0,0.0007650325017121314,285.3490841153053
418,11,-1.2026654228591521e-05,13.685960133870443,8.762069013383654e-05,0.0006722915904273629,280.35682493527725
419,12,-9.44601224512954e-06,28.97793200421077,5.1136837210706475e-05,0.0005743988471772425,279.21073650786695
420,01,-8.580053124215514e-06,22.96357862870411,1.0653635506988855e-05,0.0004570045449137564,278.7270791265426
422,03,-1.6731313326227373e-05,-1.3453218475669946,6.519722682173533e-08,0.0004369409978938565,281.1189634679159
423,04,-2.3883861623916246e-05,-16.521862002224392,0.0,0.0007145584834816368,284.4238784166124
426,07,-3.570791800838603e-05,-18.498887496784167,0.0,0.0012707728695600497,292.2635286937426
427,08,-3.5946427165531874e-05,-15.756697428713563,0.0,0.00083940602619154,289.2081022578413
428,09,-2.0748739615697153e-05,-9.244409510294595,0.0,0.0007514128688763474,289.19143939514163
429,10,-1.6616273676728237e-05,8.951883064844276,0.0,0.0007536827149327755,286.6383070147115
435,04,-2.4346638547669703e-05,-22.934988667466907,9.625487857394749e-09,0.0005260060907692656,281.46281248359685
436,05,-3.070366395367009e-05,-25.76910455847299,0.0,0.0007177736570713329,284.7904129192393
437,06,-3.477750818122634e-05,-31.860220404391814,0.0,0.0009790266007457542,288.02580254245345
439,08,-3.326061218056918e-05,-12.586229408838417,0.0,0.0013657396460582901,291.25167575270126
441,10,-1.3186316454061119e-05,-1.463842040031187,0.0,0.000853078227212879,283.4427843608241
442,11,-1.4898132296588707e-05,27.46974549831814,4.5776367187500004e-09,0.0007983321246238999,283.10383579525416
443,12,-8.385574634596725e-06,33.275967709449034,0.0,0.0007795188684168917,282.58162065858744
445,02,-1.2519085415486441e-05,14.879537966322628,1.52496250196435e-05,0.000396557157183862,277.78108298799367
446,03,-1.4810545610421827e-05,-5.396197126162949,3.62938924502301e-05,0.00045848496732475713,278.4155945600284
447,04,-2.7581765115751797e-05,-20.820068422105575,1.3241238064236113e-07,0.0004367676396880408,281.36615560573995
448,05,-3.16294027814815e-05,-19.310568396455505,0.0,0.0007176550833915553,286.8687926589802
449,06,-3.356170396635004e-05,-23.02242342732747,0.0,0.0010927039331910299,289.0600437771266
450,07,-3.758493633006676e-05,-22.269790681900524,0.0,0.0010440241232438279,290.91323088844877
451,08,-3.3272750999810424e-05,-17.014684508621052,0.0,0.0010487866989167115,290.91866476046647
452,09,-2.4645985519115736e-05,-7.889081433783638,0.0,0.0009151321535124882,290.7287192874484
455,12,-4.447676278540448e-06,15.633635981405934,3.86891185596425e-06,0.000560933945176403,278.4459245055413
456,01,-6.416161365773257e-06,12.223324068787278,0.00022398640519829207,0.00038658891371489107,275.05028467830533
457,02,-8.18821650381367e-06,12.903916228158135,0.00023337035661651976,0.0005283647472425172,277.86915778559734
458,03,-1.5800369091061108e-05,2.527072602630943,0.0,0.0006005471790666234,281.2226937955631
459,04,-2.5679135762624757e-05,-26.331729773288306,0.0,0.00046593889041503434,281.41495227517026
460,05,-2.9667726341906155e-05,-25.198657173730993,0.0,0.0009037413714048589,287.2392350808421
461,06,-3.566179110415154e-05,-31.36642959594727,0.0,0.0011968786994141958,290.51245804307734
463,08,-3.333480648354688e-05,-12.395997953681537,0.0,0.0010214693359917133,290.3243722688408
465,10,-2.0550294828412475e-05,15.281469091599986,0.0,0.000977998422354175,286.4926618480888
466,11,-1.2597567349661808e-05,15.910226154920792,3.65040037367079e-07,0.0005069242515831825,280.83419648060266
467,12,-7.748080553331723e-06,20.40142875687794,0.0006995919622400755,0.0004944631197981608,278.2219712722122
468,01,-8.493993727101315e-06,23.796599253992884,1.641540501707344e-05,0.0004060688798143667,278.53154294832297
469,02,-1.1806723732206594e-05,-2.6082788761683875,9.837871222268968e-05,0.0002829947456795624,274.0743940366564
470,03,-1.3339704251535219e-05,-6.768148279333628,0.00012620726580260901,0.00046114679775602243,277.2524915700113
471,04,-2.4140652476206825e-05,-8.481860700141059,0.0,0.0007254045517381757,284.2523615995619
472,05,-3.631899526441482e-05,-17.44638056798135,0.0,0.0007784020966188845,288.52215093042514
473,06,-3.447691067930363e-05,-33.33076165534125,0.0,0.0009423105013197868,289.49784020724826
474,07,-3.4126774513620195e-05,-44.31138712696363,0.0,0.0009376750856292581,292.90806091046085
475,08,-3.324744642680256e-05,-25.59706884437479,0.0,0.0010718811275108415,291.3618514305854
476,09,-2.7110998255941223e-05,-4.088550005425346,0.0,0.0010813803784312972,288.21334796922474
477,10,-1.717439320385384e-05,2.0582064438686585,1.104806956424508e-05,0.0008625090847966448,285.3938754693308
478,11,-1.049799736220949e-05,11.533768935139973,4.4242540995279946e-07,0.0007007089032915043,280.0686911998748
479,12,-7.425197422547768e-06,21.47761040308142,5.2109628595331655e-05,0.0005544804356621699,279.4785891970973
480,01,-8.170035396257738e-06,18.813249751593478,0.0003725200532585062,0.0004562786708415723,276.9462481465493
481,02,-8.232899953890454e-06,13.675333238874163,6.108944188980828e-05,0.0004878204055308429,279.191337246032
482,03,-1.7898125718357898e-05,7.876527682396675,0.0,0.0005073455370986293,280.7588669757638
483,04,-2.786484313502215e-05,-15.88577495863173,0.0,0.0003912166226224751,283.32113693033864
485,06,-3.9525050331051005e-05,-23.208365014648436,0.0,0.0009900846631499234,290.2859401516385
486,07,-3.625940142692049e-05,-31.74150496025496,0.0,0.001190152164367206,291.26846290670414
487,08,-3.404563471354698e-05,-17.337182702177312,0.0,0.0009153493840614355,291.4738801791283
488,09,-2.6543087166161665e-05,-4.24653964674208,0.0,0.0009920191406140525,287.9392709560819
489,10,-1.8569231195137014e-05,10.235854191605762,0.0,0.0009659558784721729,284.78358039642666
490,11,-1.0039879183467646e-05,10.335369747924807,0.0,0.0005838539287481886,279.8074893178728
493,02,-1.5386156723984276e-05,31.748662168305497,1.7729275528041798e-05,0.0006172183049920366,280.04609204145413
494,03,-1.9840231885472768e-05,-1.8349693298339842,0.0,0.00044156570029401656,279.7202150045004
495,04,-2.7043378228700023e-05,-24.0670989525689,0.0,0.00044264087076846477,283.457096534729
497,06,-3.546342912159163e-05,-30.903872137790252,0.0,0.0009531023765690003,289.81179647657615
498,07,-3.552329937512147e-05,-24.55973527871409,0.0,0.0011676926252908862,289.7865116117744
499,08,-3.48960954878191e-05,-17.491402352609946,0.0,0.0011642942770002831,292.9717935617098
500,09,-2.4679065476549213e-05,-6.537764871215822,0.0,0.0009814041400650556,288.42726283230246
501,10,-1.848353834580477e-05,14.114419966174706,0.0,0.0008436635503033075,284.57053201831286
502,11,-1.0186800306089735e-05,15.631692754109702,0.0,0.0007050563983345021,282.13784168768984
503,12,-6.893300624729055e-06,15.732371215492165,1.2867758350987586e-06,0.0004749457487080894,278.8222056623889
504,01,-7.860778656987515e-06,14.34612370152627,3.849816578690723e-05,0.0004323260738559914,276.7231909807677
505,02,-9.005972841740524e-06,9.622026147751583,0.0020311918883096605,0.000539877978493261,276.8945384240831
506,03,-1.5948935392546162e-05,-0.9029574194467195,8.298632919147451e-08,0.0004469089032667109,279.32064444773675
507,04,-2.588563685021654e-05,-27.98602328389486,1.457011964586046e-05,0.0003414452638194754,279.4237252683427
508,05,-3.230829694098981e-05,-22.4746828918457,0.0,0.0005485733494364279,283.8163767559092
509,06,-3.7502937650666964e-05,-26.38411481492784,0.0,0.0010744130859948195,290.2330343007406
510,07,-3.6336240956178925e-05,-19.074829963273896,0.0,0.001075812178065009,290.67390889748197
512,09,-2.3354238802332672e-05,-7.743464881388346,0.0,0.0009716396207307595,289.1970728213839
514,11,-1.0072340758698473e-05,9.36498726196289,2.1571267975701224e-05,0.000526706469721909,281.017371949217
