,month,MER,MSSHF,SD,t2m,sst
0,01,-7.186377549426466e-06,5.464709561255669,0.010292715281568547,271.0374221375988,-208.0472
1,02,-7.399999772068052e-06,2.729709174746558,0.0088853447891417,272.4365299592699,-252.51073
3,04,-2.191347909663616e-05,-15.59233038906521,3.557954761717054e-05,280.35185083779226,-213.81543
4,05,-2.839083756912113e-05,-16.16055940262989,4.408267492889076e-05,284.1894770028719,-109.13354
7,08,-2.8487004876296853e-05,-12.56110269165039,0.0,288.49456290886997,299.98944
9,10,-1.6345863611966567e-05,2.642213581372333,5.061999700402701e-05,284.1524093375258,151.77737
10,11,-1.1569333000928361e-05,13.890767045423724,8.024262719684175e-05,279.5115746341281,14.035734
11,12,-1.207531024335357e-05,24.691616260159407,0.00017524099221793556,278.9589235103156,-112.261154
12,01,-5.795284385228985e-06,8.867661568262244,0.000661063572411896,273.9435328466764,-208.56384
13,02,-7.359469057738698e-06,6.865867059466484,0.00011199214540678879,277.9200598216879,-261.24286
14,03,-1.4070489600584629e-05,-6.186828353717764,6.114121534491099e-05,277.7412255432786,-267.2893
15,04,-2.282624180893941e-05,-17.872287172783746,0.0,280.6358343542311,-221.158
17,06,-3.014735746900341e-05,-26.066622504679362,0.0,287.3835177541096,52.07349
18,07,-3.1905643976779664e-05,-14.025872309859079,0.0,288.3328994714881,210.77895
20,09,-2.365392635981859e-05,-3.0327022542317708,0.0,288.5418778632271,262.49667
22,11,-1.4279194747299093e-05,14.235161112806532,0.0015326325999365914,278.42969395684133,2.9844131
23,12,-7.873070872231058e-06,26.063403682913826,0.0016069860227646364,277.40736817940336,-121.32629
24,01,-7.860688640385075e-06,20.899533713063885,0.0019344636983768915,276.2877688055551,-213.92578
25,02,-8.991757432514056e-06,2.888394768487839,0.0005664595067501069,274.87796189149225,-258.57364
26,03,-1.2076194787720939e-05,11.89821663673975,0.0001724853964262111,280.6608627738133,-264.59314
27,04,-2.2320882245185202e-05,-19.334173597547743,1.5786700778537326e-06,280.8875384987725,-211.16672
28,05,-3.0310256707952082e-05,-17.47440350473055,9.34754648516255e-08,285.6955955049248,-101.059166
29,06,-3.0904296795920855e-05,-15.787571440294057,0.0,286.96279334038627,58.03539
30,07,-3.173775886429094e-05,-20.80200322239373,0.0,289.0546993070213,212.55518
31,08,-2.8741253340065727e-05,-19.03508228654759,0.0,289.5996995383643,307.03
32,09,-2.269007780640903e-05,-3.5648343312581385,0.0,288.2523063490126,276.2434
33,10,-2.174942796122078e-05,9.781940688922843,0.0,282.36856040909464,159.55637
34,11,-1.4328458308167076e-05,19.586548003133142,2.2300614251030816e-06,280.54755887637674,14.041913
35,12,-7.687594037497059e-06,8.885675470167591,0.012596724167946844,273.28184220705754,-114.72571
36,01,-5.276928763964617e-06,11.574925520045783,0.0001972472347239012,274.71989871035333,-211.96393
37,02,-7.864293709969517e-06,5.468580898829869,2.739869412921724e-07,276.0330576188678,-257.89972
38,03,-1.6001877676116956e-05,1.792558938959594,3.8041683935349995e-06,278.2745939710473,-258.56714
39,04,-2.3437909088230905e-05,-21.874123499891493,2.168152067396376e-08,280.3653982337103,-214.04909
40,05,-2.9170486620455693e-05,-20.4214844770534,0.0,285.1203722468551,-101.52541
41,06,-3.17826830204164e-05,-27.949367026435006,0.0,288.8242188401964,46.869408
42,07,-3.416977696542745e-05,-21.999847670688425,0.0,291.04000476303924,191.81999
43,08,-3.1963929242763654e-05,-15.790871219429917,0.0,290.1174927072832,286.04633
44,09,-2.1331834113273846e-05,-6.238656323920356,0.0,288.8515710662842,260.1942
45,10,-1.6551261839878706e-05,3.491510892150223,0.0,284.4179603883477,143.28181
47,12,-1.0313162028783104e-05,17.753608460457098,4.658237964876236e-05,277.1484120603172,-126.54556
48,01,-1.1369238679367056e-05,31.70380508160335,0.00012911142713280135,279.3915269172832,-218.09163
50,03,-1.3839232150540515e-05,-0.5926843497983868,2.071826688704952e-05,278.44128489291285,-274.25012
51,04,-2.090864053300013e-05,-10.60586452026367,1.1234845055474176e-05,281.01254923197433,-225.71979
52,05,-2.6606813441591635e-05,-11.409518621957432,0.0,283.5180301421791,-107.899155
53,06,-3.6603149109497395e-05,-25.008415187242296,0.0,288.4321055046929,37.37397
54,07,-3.282222612492611e-05,-33.091220865229126,0.0,291.918114544284,190.53369
55,08,-2.6941880611302234e-05,-27.08358682743196,0.0,290.7689338021227,291.66638
56,09,-2.725831751290065e-05,0.9693071214463977,0.0,287.3565667371962,269.4481
57,10,-2.1395454446465794e-05,12.186390243366201,0.0,284.1974871086613,152.47488
59,12,-8.522425015388596e-06,21.808005747805364,2.6479295504990444e-05,277.4857788941578,-119.61698
60,01,-1.1848107099418698e-05,28.771229348787696,0.0017296655524161556,276.7842754120365,-217.58885
62,03,-1.3818876191033916e-05,-6.2181760956138685,9.418372313181559e-05,277.09370695126444,-272.1616
63,04,-2.3066575134180317e-05,-21.124448284233942,5.596658653683133e-05,280.480126296997,-225.20898
65,06,-3.0384449369921637e-05,-25.249517172580298,0.0,286.0332354305691,54.118706
66,07,-3.052118788760435e-05,-16.333257173927887,0.0,288.32212674803367,216.0836
67,08,-2.8069958612225798e-05,-17.017802792784988,0.0,290.61531108601883,307.2136
68,09,-2.2138291550658728e-05,-0.809648367987739,0.0,286.73494841105145,272.17334
70,11,-1.2000811908506469e-05,17.20852971835666,8.267998695373535e-07,281.5467750801086,6.428879
71,12,-7.343828446024142e-06,12.754345215500043,1.1825137240912326e-05,277.9717317575434,-117.8857
72,01,-6.201572312694294e-06,7.789162023728894,0.006257890532093664,270.81246475709895,-219.24226
73,02,-7.646551471441942e-06,-7.170963860648018,0.00039035758092289885,272.6459450080508,-267.4101
74,03,-1.1304150707112197e-05,-2.56875498781922,0.0002458149412626861,276.80950123838204,-269.86035
75,04,-2.3272295822324753e-05,-10.486857863362628,3.632929590013292e-07,281.0197640380859,-221.37355
76,05,-2.800802443084893e-05,-16.149492612120927,0.0,285.3065335752425,-111.4894
78,07,-3.447742918110781e-05,-15.274860501197074,0.0,289.64287729209974,197.76666
79,08,-3.3271033724499884e-05,-4.3656862228557625,0.0,288.7357638382451,290.94708
80,09,-2.244669017984254e-05,-3.3109654418945316,0.0,287.42453148261177,267.42972
82,11,-1.5779393952086846e-05,2.730464919026692,0.0001320727745691935,276.48227231207954,13.098164
83,12,-6.748697063030508e-06,22.216181771555252,0.0009846030858255202,278.89900289527316,-119.67667
85,02,-9.105866422227595e-06,-15.737989101954868,0.0001222507996218545,269.8368100568681,-265.97983
86,03,-1.09558865346488e-05,2.199697240357758,0.0001382134986180131,276.74076908246934,-273.97595
88,05,-3.1224375424332516e-05,-18.680161248648037,0.0,285.4117867415233,-106.34039
90,07,-3.000731417455182e-05,-30.125119514383297,0.0,289.44563059620185,194.59785
91,08,-3.1366839325049225e-05,-20.726613564768147,0.0,288.36188031465264,296.14972
92,09,-2.1116000810717296e-05,-5.870355172729491,0.0,284.9466449978299,269.4844
95,12,-1.128779906788603e-05,28.043287035542146,0.00037468132152352284,278.653770938135,-121.262985
96,01,-8.849628261046861e-06,-8.473066081057311,0.0005335850459273144,271.0571230804279,-217.5368
98,03,-1.3287096029671374e-05,-5.803373095440609,7.337508534872401e-05,275.18381564716617,-273.9879
100,05,-2.791426425801057e-05,-28.103053294192083,0.0,282.72152383422844,-117.66612
101,06,-2.8837502824555686e-05,-20.989433822292757,0.0,286.23068305765787,35.540985
102,07,-3.379324687933062e-05,-20.07741719498173,0.0,289.3334297852875,188.79993
106,11,-1.2423982501220758e-05,8.69252590874566,0.0,280.28694883850955,5.3221307
107,12,-5.659096497726741e-06,10.619382738339004,5.145294307380593e-05,277.7222096857871,-122.29018
108,01,-9.400724827868036e-06,23.76198229324177,0.0002939996052813786,279.10735159379686,-213.37563
109,02,-1.553154618433063e-05,17.196350676788683,4.479276722875135e-05,277.7702740127738,-266.9584
110,03,-1.4791143874625109e-05,4.141464673442225,3.25570567961662e-05,278.11941827511527,-269.80917
111,04,-2.4692344382775542e-05,-22.74501348402235,0.0,281.1784597961426,-215.12051
112,05,-3.182606770285695e-05,-15.882362545546664,0.0,286.42319685117656,-102.15052
113,06,-2.7714982728361462e-05,-28.63852083367242,0.0,287.1965049299452,54.989857
117,10,-1.6347254436593455e-05,7.273599919801116,0.0,284.2524626317998,152.87747
118,11,-1.0307503538792339e-05,7.8851572241889105,7.3817332585652676e-06,279.7681574443817,8.52215
119,12,-7.866494279115095e-06,20.208327730240367,0.0,280.1574802909768,-116.70962
120,01,-5.490775168401608e-06,12.580168148245866,0.0,278.0433618807229,-208.2898
121,02,-1.1993180484209699e-05,15.243881237211681,4.026403029759725e-06,278.5967229493005,-251.44476
122,03,-1.7582771425163286e-05,5.919001820882161,1.3147951454244634e-06,280.92673047006264,-258.3084
125,06,-3.3498540398290464e-05,-35.047065074327264,0.0,288.0712565836589,62.99002
127,08,-3.0036708770112647e-05,-17.0266568734774,0.0,290.0662455388552,316.84067
128,09,-2.1827326350689368e-05,-6.781363076782227,0.0,288.6776379201254,284.80817
129,10,-1.9913688146604526e-05,14.103063629806684,0.0,285.642628944643,158.55934
131,12,-7.719866410816296e-06,20.033501539989185,2.718377369706349e-05,278.14191156752395,-107.675
132,01,-9.708490018202875e-06,23.531725362798216,3.920951197224279e-06,278.84542206019734,-199.15704
133,02,-1.709957590030951e-05,31.83555304718018,2.0835172562372115e-06,280.50749825822743,-248.42781
134,03,-1.7018775953137494e-05,2.372058311872584,2.4298456407362414e-05,281.1010017314214,-248.20464
135,04,-2.7999317039636173e-05,-19.276666238742408,0.0,281.5536805019803,-203.66724
136,05,-3.125298669270236e-05,-34.3688931694441,0.0,286.42458363949356,-92.7892
138,07,-3.559518055198981e-05,-33.07448882301904,0.0,289.3471467754405,225.41553
139,08,-2.897321149455781e-05,-28.290339532667595,0.0,291.14238770975095,317.46478
140,09,-2.7407515947157255e-05,-3.6402964202880854,0.0,286.55917945963546,294.79254
141,10,-1.8407037761653066e-05,10.48773665069252,0.0,285.16074951352357,177.3863
142,11,-1.0645134954231454e-05,8.876481322224937,1.7197676499684652e-05,279.7035436231401,37.30681
144,01,-9.804670876438911e-06,24.167181801416536,7.464897248052782e-06,276.4995654494993,-188.60515
145,02,-6.996622216688376e-06,0.507544446309408,0.002555922939663842,272.81969927006674,-241.9139
147,04,-2.5889148811054637e-05,-18.50936585184733,1.8495678901672365e-06,281.06129239251874,-197.72714
149,06,-2.987989489524302e-05,-20.686577268473304,0.0,285.44453116149896,65.26111
150,07,-3.606362330103894e-05,-12.26554677852508,0.0,291.0611541531471,217.84415
151,08,-2.9805839779475068e-05,-22.79464663072811,0.0,290.6213046195738,306.1009
152,09,-2.1833397036001162e-05,-8.548686426798504,0.0,288.29770074191623,275.357
153,10,-2.004618059737534e-05,2.17344532234438,0.0,283.64651159085514,164.58841
154,11,-1.4646135411648073e-05,14.444811823866104,2.8859506713019477e-05,279.0964361319648,25.870312
155,12,-7.654158530845394e-06,17.942148733159545,5.5359345610423755e-06,277.4903090515137,-104.835754
157,02,-7.568776633878318e-06,10.513905402874128,3.7069602944385046e-05,278.02707910182556,-251.00488
160,05,-3.502280750303383e-05,-18.415903687507882,0.0,287.68378568587764,-101.411545
161,06,-3.339920427913765e-05,-25.873405965508358,0.0,289.51187445407453,59.193905
162,07,-3.3542465003026134e-05,-26.574038988010855,0.0,290.8302553724063,199.56102
163,08,-3.290884278264643e-05,-13.404264240552024,0.0,290.5360282891386,290.09802
165,10,-1.9484351597922247e-05,1.9587082073252686,1.8078127214985508e-06,281.5607008762565,145.93718
166,11,-1.321692710625939e-05,23.694389510769323,0.0,281.2424108364529,6.892231
167,12,-8.425528942156701e-06,11.411874493342573,3.2269544498894803e-06,277.1291988499139,-116.0451
168,01,-9.715480358609446e-06,34.39173987899288,4.798289268247543e-07,278.0689588641915,-202.97505
169,02,-8.449411843078754e-06,-1.1622854381742926,0.0001454247690382458,276.05196190389,-251.10838
170,03,-1.4966802825774622e-05,-6.011914413616221,0.00013486407008222353,278.6799079442178,-258.4952
171,04,-2.191761210872048e-05,-4.539731902737087,0.0,283.3900037384034,-213.16339
172,05,-3.0932743489659034e-05,-26.541132331437964,0.0,286.5305111710743,-101.0192
173,06,-3.281592492067931e-05,-24.277929318237305,0.0,288.3121968231201,53.928665
174,07,-3.3366269429406925e-05,-23.52127023184171,0.0,288.9670793329055,200.76387
176,09,-2.2725771390226628e-05,-2.4448908416748045,0.0,286.37938309156635,265.1156
177,10,-1.798888249350155e-05,2.3637267239478326,0.0,282.4125413159196,149.06073
178,11,-1.1587640056374466e-05,-1.8295716874864363,0.00015719194677140975,275.9691254242791,11.025282
179,12,-9.250304196792702e-06,31.236705364924607,0.00020338165888222312,278.55954070281985,-116.902084
181,02,-9.681430163471391e-06,-2.9269207930791947,0.0003871754450457437,274.71976377387267,-251.90485
183,04,-2.4481364455176743e-05,-15.54007357143826,6.838602489895291e-06,281.15531175240415,-204.06079
184,05,-2.8615912740195944e-05,-19.306992470361852,0.0,284.95634343137016,-94.16347
185,06,-3.390126228795352e-05,-22.424498955281575,0.0,287.7325351216634,63.828827
186,07,-3.466171150601792e-05,-32.442688338413035,0.0,293.29159473148474,228.9946
189,10,-1.8016295581522476e-05,4.47270425086893,0.0,282.91257732530823,179.22284
190,11,-8.92097842036795e-06,12.752254605102538,0.0,283.18030227940875,30.099154
191,12,-1.093666692604627e-05,22.757288210632986,6.536950347244099e-07,279.09193974574924,-98.978584
192,01,-1.2804497735976505e-05,25.385474410518523,0.0009627563479126142,277.2651151844968,-200.63264
193,02,-1.271823695051786e-05,20.178666164579848,5.487134059270224e-06,279.69789509668806,-252.66725
194,03,-2.219248033328259e-05,-0.5256330294045062,0.00016835869896796444,278.52115150119414,-257.4619
195,04,-2.3056703787511248e-05,-15.611610607231992,0.0,281.70371436835387,-211.19083
196,05,-3.3250014936618425e-05,-29.631465932538433,0.0,285.3548243562432,-97.65931
197,06,-3.44918315846169e-05,-24.446217814466692,0.0,287.09207231580945,59.537678
199,08,-3.331847033315239e-05,-31.29434137422295,0.0,292.1374796096639,317.61542
200,09,-2.6222378082234683e-05,-4.395296908230251,0.0,287.4659033938938,279.12177
201,10,-1.4566836962311297e-05,5.514771194293934,0.0,286.1660483907064,164.3011
202,11,-1.3042386322538529e-05,9.068964893934462,2.0260943306816947e-07,280.4485377359602,24.570602
204,01,-7.460320452180465e-06,-0.4728464959257379,0.00023015245699113416,273.0739127290787,-204.06038
205,02,-7.544903639281147e-06,5.38362545916678,0.0006102077837648064,273.61455346710375,-256.97333
206,03,-1.2827322511164368e-05,-10.990242480862525,2.0419359207153323e-05,275.89573825737733,-261.70828
207,04,-2.0502408365953464e-05,-21.604367342122394,2.815988328721788e-08,281.5059792378743,-209.73169
208,05,-2.4253428110207234e-05,-26.022296560964275,0.0,283.0404211406093,-96.75406
209,06,-2.8253365109311642e-05,-38.732165323215064,0.0,287.7120379621718,59.6248
210,07,-3.142641031134248e-05,-27.054918192217425,0.0,288.9736008786437,213.21967
211,08,-2.9903093116464793e-05,-15.358725825155936,0.0,290.26938906532206,317.52478
212,09,-2.534073391895315e-05,-7.00570699428982,0.0,286.062809048801,284.3599
213,10,-1.7171301486478214e-05,8.106230379494288,0.0,284.35446074524754,159.23087
214,11,-1.4551765714713837e-05,14.46901237657335,0.00012027359008789062,279.4499412578582,15.157323
216,01,-3.583592048936e-06,-1.2817189340899076,0.00038023888808424755,272.25964624536164,-198.75793
218,03,-1.2413017713795421e-05,-3.0697627356744577,0.0,280.40703176859375,-251.0547
219,04,-2.201332183204714e-05,-17.60772253417969,0.0,280.5644874141693,-202.0461
220,05,-3.085946982284968e-05,-22.07697987414944,0.0,285.1017764521773,-88.589806
221,06,-3.476727682935032e-05,-20.254541469319665,0.0,288.2355316602919,62.783436
222,07,-3.376502295814329e-05,-20.43258258581674,0.0,290.03099838158397,226.10323
223,08,-3.064838395117496e-05,-15.397676236060358,0.0,293.2227237929478,310.93164
224,09,-2.7053925191669103e-05,-10.968042353990342,0.0,287.54944601949063,276.95953
225,10,-2.0736059433235615e-05,1.8364669255082322,0.0,283.2611740620521,156.50781
227,12,-9.893875752236308e-06,16.98351939342868,1.687051532089069e-05,278.3321768117105,-122.59357
228,01,-1.1099072907757458e-05,24.386054642872143,2.2409808251165574e-07,277.9622745796942,-212.09898
229,02,-7.893391973560764e-06,12.879144769577753,3.740382904098147e-05,279.23413331127165,-260.74115
230,03,-1.582076560769428e-05,4.910139277304372,1.3940626575100807e-05,280.3343201620861,-262.0769
231,04,-2.2395207648413717e-05,-10.670934447903104,2.9785103268093537e-07,281.88296789105726,-205.8451
232,05,-3.182257207745645e-05,-20.036693252071256,0.0,286.9770894601474,-86.99788
233,06,-3.4082233544055876e-05,-13.138249787733287,0.0,288.37100996331105,75.19938
234,07,-3.6390916169732936e-05,-13.917790471887077,0.0,288.9995175761561,238.45435
236,09,-2.4247977624205914e-05,0.3736279635959201,0.0,288.04718676249183,287.70508
237,10,-2.3367591303340108e-05,14.50471792602539,9.088093234646704e-07,283.2419490077521,174.42175
238,11,-1.186565926222506e-05,4.6568576497395835,2.143026722802056e-06,277.3990418517218,29.756344
240,01,-9.430198710966792e-06,24.63400003675235,0.00020755073460199501,278.42221806261614,-193.77386
241,02,-1.079772392194216e-05,13.779260249546594,0.0025613292994953337,276.5846275064377,-244.52617
243,04,-2.54553507465769e-05,-17.42901027967665,8.541558848487004e-06,282.47727725253634,-201.72974
244,05,-3.422614240797327e-05,-20.88572949317194,0.0,286.46426943280625,-86.32059
245,06,-3.759346314859108e-05,-24.964019442409946,0.0,287.621155009969,73.063385
246,07,-3.775679561435789e-05,-20.12216363230059,0.0,291.3305993268413,227.99039
247,08,-3.318467006672979e-05,-13.657699137697938,0.0,290.35377914166196,323.58646
249,10,-2.1588807777500546e-05,5.981483147405809,0.0,284.0889761727855,178.02356
250,11,-1.3179962080519347e-05,12.654008286878799,2.0961513784196646e-05,280.36134305237664,27.850714
251,12,-1.3700721242369786e-05,27.986750325848984,0.0004829321933049028,278.27631423343126,-102.78388
252,01,-6.553396535759588e-06,18.42038040095504,7.689163249026063e-06,277.79516857783,-194.88657
253,02,-1.2230161100386137e-05,18.65321454909752,3.605513052008618e-05,278.9918639561445,-251.08154
254,03,-1.4517082142339604e-05,-0.5979741453765541,2.188550656841647e-05,279.74647602704783,-254.17932
255,04,-2.355722367422762e-05,-12.813957029554578,8.329312006632488e-07,282.30091152648924,-202.33922
256,05,-3.550879427684679e-05,-19.147158501081563,0.0,286.87483983849967,-79.938705
257,06,-3.750390542944741e-05,-27.016546727159287,0.0,288.429064964803,78.16007
258,07,-3.168135436499142e-05,-21.668345875401656,0.0,288.20182105771954,236.00206
259,08,-3.0941285219664524e-05,-19.063545700565466,0.0,290.2980615874259,327.58362
260,09,-2.4486756719630248e-05,-2.020394458007812,0.0,288.9522197736953,294.58496
261,10,-2.1893689024856883e-05,11.235235126454343,0.0,284.6498967747843,171.868
263,12,-1.1904006665214989e-05,20.81303864280127,0.0006958496250132079,278.4327853809069,-108.29987
264,01,-6.723928980547147e-06,14.384707934964087,0.00041049615926640003,275.96743091123847,-204.76425
265,02,-9.421481274265325e-06,7.153048214503697,0.0006544472773869832,277.52430097507295,-251.65425
267,04,-2.4765318735565716e-05,-15.737299090576174,6.594268480936686e-06,281.0073699052598,-208.47917
268,05,-3.372209000100225e-05,-25.790908090242777,0.0,286.25971681492297,-92.94574
269,06,-3.303585196628976e-05,-31.827683939954966,0.0,287.6171802242279,73.41554
270,07,-3.6646507612448495e-05,-24.41304970722813,0.0,291.0954466385379,236.13782
271,08,-3.349079792080317e-05,-13.273838911159066,0.0,291.26248715078697,324.1446
272,09,-2.8629883362433853e-05,-3.361749937269423,0.0,286.7026010084364,291.43805
273,10,-1.872843477780094e-05,15.499699002173642,0.0,287.358400129749,174.76064
274,11,-1.4045017091525046e-05,9.019137569173179,0.0,281.0378544276344,32.2202
275,12,-9.904081011676856e-06,14.487402564920403,0.00022924734956474715,276.8109058604907,-101.02421
276,01,-6.60295483731882e-06,23.604068570044735,0.00012535062912971744,277.7092359037091,-203.2256
278,03,-1.718439095667989e-05,-2.8514695644583754,1.5001514906524331e-06,280.1865670277176,-254.41945
279,04,-2.4829810814864887e-05,-14.182246478949653,0.0,282.0968799079047,-201.03177
280,05,-3.0134792006426703e-05,-17.31557953963741,0.0,285.91615550937445,-82.44359
282,07,-3.594073215623134e-05,-17.96138944137737,0.0,290.12367375199517,221.29576
283,08,-3.0240783373966385e-05,-12.41071590333344,0.0,291.52933090636554,313.5531
284,09,-2.726855740998468e-05,-6.606480073716904,0.0,288.12181282060413,287.3401
285,10,-2.2813934475604865e-05,5.003235001430717,0.0,283.04481736857923,170.11069
286,11,-9.433203981300014e-06,10.082439758300783,0.0,281.24613218036234,17.626099
287,12,-9.155090198257839e-06,-0.601292420089886,1.2510566301243278e-09,276.11271182759606,-114.95691
289,02,-9.213011075579354e-06,1.6289639434814458,0.000368756529830751,275.1990847414562,-260.3208
290,03,-1.4304734281419465e-05,-4.024482163624097,0.0,280.07939777218405,-264.1789
291,04,-2.383696288773839e-05,-17.2942943037245,1.5020370483398438e-08,282.52701496353154,-213.24873
292,05,-3.0977665722578726e-05,-19.48317038226384,0.0,285.87503277128485,-87.631226
293,06,-3.491794925367785e-05,-29.63445593295627,0.0,290.1924542755127,71.16351
294,07,-3.637924248004731e-05,-25.786057973554062,0.0,291.4632059519777,231.5637
295,08,-3.1032737283929096e-05,-31.771135562691633,0.0,291.8428295599825,325.2147
296,09,-2.437035215904568e-05,-12.497950702243381,0.0,287.9652745859782,301.46112
297,10,-2.1305207502659715e-05,-2.352458050143333,1.9682761161558088e-06,281.3235289662679,179.25377
298,11,-8.746191556262298e-06,13.336127873399521,0.0,281.18456970901485,32.52992
299,12,-8.986315398414586e-06,16.75842543636855,1.2960655714875909e-05,277.70850726802377,-104.987076
300,01,-8.992702947169514e-06,20.66453995308825,0.0007110370653931812,277.01399096031605,-195.87814
301,02,-1.1818901434843997e-05,12.780648606925178,0.0004339445432027181,277.98929517294346,-250.21284
302,03,-1.5225630396960167e-05,1.0669384965794064,0.00020815543461871405,278.8729907035828,-250.8944
304,05,-2.847669872224737e-05,-31.81054322043798,0.0,284.7821008097331,-81.512115
306,07,-3.5823426863228845e-05,-21.040274605699764,0.0,289.52838083738925,239.08908
307,08,-3.442271008691844e-05,-10.630728795861687,0.0,291.53894050384855,329.43982
308,09,-3.09724094837697e-05,1.3779368174235027,0.0,288.3683370303683,292.61163
309,10,-1.9737982986943505e-05,10.8786054316695,0.0,284.57554275028684,180.67514
310,11,-1.219442167142309e-05,8.63346869269477,3.3279392454359266e-07,280.0218678001404,37.034607
311,12,-6.509792311736683e-06,12.651209838210898,0.000107577202140644,277.18444233658494,-96.769
313,02,-1.0796667724878803e-05,1.9850640389578682,0.00020228017086074463,275.683474075272,-242.9389
317,06,-3.715115132452208e-05,-30.632264646063906,0.0,288.991852593655,82.59677
318,07,-3.409394384040644e-05,-23.561669685609886,0.0,290.1906704429708,246.01437
319,08,-3.320200081173924e-05,-14.21000237282374,0.0,289.1398493754069,335.78046
320,09,-2.545146969718593e-05,-6.704652192857532,0.0,289.0389223130968,311.01617
321,10,-1.7187334372416657e-05,10.538457600583316,0.0,286.6108520703879,189.67914
322,11,-1.4535249143672345e-05,9.326381112670902,0.0005737135661972894,280.7140452206929,42.50595
323,12,-9.12172876785682e-06,14.485518746324761,0.0003240881030277539,277.6781497156286,-101.79175
324,01,-6.5253165958961526e-06,7.280853728591756,0.00014880976241122009,274.90674294572244,-201.93631
325,02,-8.8568046297561e-06,4.634872235616048,0.00010614823585464838,275.99080734402787,-255.41321
326,03,-1.3873502668170125e-05,-4.782673361173239,0.0004253186384836833,276.79120616527274,-259.48224
327,04,-2.37631702343909e-05,-18.782449027506512,0.0,281.3412661899143,-205.78934
328,05,-3.370682173148433e-05,-13.439136345319852,0.0,286.611448016423,-88.79732
329,06,-3.4785863751151034e-05,-27.11431088460287,0.0,288.7861003506131,73.52519
330,07,-3.3670624993676266e-05,-35.11209074615151,0.0,294.31578268137275,234.83168
331,08,-3.203818718891423e-05,-14.970106861073484,0.0,289.42563545177825,335.87027
332,09,-2.4569920312832332e-05,-1.9050392035590278,0.0,290.8846295525445,301.04666
334,11,-1.6638314112929544e-05,21.698549422539603,6.023910310533312e-08,282.7481851179335,40.957066
335,12,-1.1844671387852061e-05,21.158474252352146,1.2561005930746755e-06,280.0480408410102,-97.38399
338,03,-1.969343553138324e-05,2.858439688077537,8.514286369405767e-07,280.9515473870718,-250.05585
342,07,-4.0491175616739144e-05,-14.380545316962786,0.0,289.65608735082475,223.2273
343,08,-3.430768915528969e-05,-11.902402343421853,0.0,290.0370085491878,320.58844
344,09,-2.677926907070085e-05,-2.246240928141275,0.0,287.3048455885146,299.55203
345,10,-1.4836711174446523e-05,-1.5530790907336818,0.0,283.5498818838469,183.44449
346,11,-1.4172945336880124e-05,15.984315191311307,8.570086956024171e-06,280.5269208690644,35.696136
347,12,-9.103623443880553e-06,18.67049515623687,1.9495038576023557e-06,277.3368185319388,-96.53436
348,01,-9.98381483742544e-06,30.50790186531313,3.1635838170205394e-06,279.4891412764929,-193.92682
349,02,-9.733829621899499e-06,11.488472740085646,9.416011558181937e-06,278.2568273897719,-243.08136
350,03,-2.0140387961912898e-05,4.352542552004578,6.198341231192312e-05,278.8884844916969,-249.38568
352,05,-3.326288808405293e-05,-18.37616691179173,0.0,287.85736066133234,-82.18404
353,06,-3.476253857051133e-05,-32.52892781643338,0.0,288.7505925245497,81.1409
354,07,-3.577182100015043e-05,-18.878891244211506,0.0,290.6381676658713,247.59366
355,08,-3.3834556450724496e-05,-9.036356891591062,0.0,290.2695800380912,331.52716
356,09,-2.5189189388381943e-05,-2.5223080678304033,0.0,286.9092003065321,299.10486
357,10,-1.8222273044254205e-05,6.518695762716314,1.0895472700877858e-09,283.49328779224686,178.0416
358,11,-1.2143508331428165e-05,12.723418456013999,0.00035360905991660223,280.38257168964805,33.14375
362,03,-1.4006747319585248e-05,0.15545269151913163,4.5311066412156626e-07,279.1052625570399,-252.47552
363,04,-2.2896213735516033e-05,-13.763160278998479,7.51813252766927e-09,284.289430710517,-200.74347
364,05,-3.152253704363203e-05,-24.89160391596312,0.0,286.32759907055924,-85.39888
365,06,-3.4585202314802804e-05,-32.20444840494791,0.0,288.15789018961584,79.9001
366,07,-3.995988693131167e-05,-23.939954596078525,0.0,290.62653678746375,237.69373
369,10,-1.8213049179844e-05,4.716025361748153,0.0,284.11453383484707,171.62631
371,12,-8.896478755051119e-06,9.686923075029926,0.0033527605789963914,275.9152564712032,-109.01128
372,01,-6.091251291421628e-06,2.9262350808420488,0.002126177963390145,273.08482904479325,-204.27402
373,02,-7.65345504045659e-06,5.717629487900508,0.0021790685525962285,274.59004296811423,-254.8571
374,03,-1.4227020407356234e-05,-0.1344084672825314,1.3550689143519247e-05,278.93887998355336,-260.93542
375,04,-2.4690822054900404e-05,-20.66956467929416,2.4727185567220055e-07,281.97344993078445,-209.59024
376,05,-2.827942739082006e-05,-27.387183430333288,0.0,283.07650033011487,-92.50047
377,06,-3.182083758476639e-05,-35.711798379855686,0.0,288.5699565473768,76.28186
378,07,-3.4407490462771055e-05,-31.11366353779454,0.0,291.94731353169107,250.23386
379,08,-3.27152816781925e-05,-15.088779016966459,0.0,289.71709932881015,344.98688
381,10,-1.8914465963579488e-05,8.677334267236855,0.0,284.0074488248518,174.14728
384,01,-4.432973011169315e-06,15.641597058367989,0.000611914046349064,276.640032220861,-195.5925
385,02,-7.274441715534998e-06,7.353929252261208,0.00014321758775483995,277.5559378022239,-247.91702
386,03,-1.235675504704564e-05,-6.3443144091534345,0.00019613219461133403,278.86510410210394,-257.80066
388,05,-3.0008848766624646e-05,-32.62149781881353,0.0,286.410771462061,-86.25306
389,06,-3.4230032604055946e-05,-25.01744469502767,0.0,288.6127736097548,76.41841
390,07,-3.7348723895911946e-05,-18.427609645064162,0.0,288.60765880658556,242.60957
391,08,-3.274760770019843e-05,-10.64563058373236,0.0,289.6281859905284,332.7611
392,09,-2.5484862159343414e-05,2.648160398695204,0.0,288.68825934821234,299.2412
393,10,-1.916051529891168e-05,8.726722329416583,1.6692376905871977e-07,284.83637540882887,175.45508
395,12,-1.2744765838047034e-05,29.389911852764826,8.855871231325211e-05,279.54841704272206,-97.61201
396,01,-9.557997748420493e-06,23.492998173539362,3.76804490243235e-05,278.0025916491273,-192.45241
397,02,-6.941694202459045e-06,2.77444112036694,0.0013561625960229456,273.9540438470512,-249.96674
398,03,-1.1845709033173812e-05,-9.130659757880753,5.560450656439668e-06,280.5903991654509,-253.88254
399,04,-2.412122515035865e-05,-15.116672309705946,0.0,281.0076457704756,-198.12996
400,05,-3.2719707248821014e-05,-19.41600187732328,0.0,286.39187647731336,-69.02406
402,07,-3.9630504535585143e-05,-18.105863085346844,0.0,289.83332058683004,246.84157
403,08,-3.664081436780238e-05,-14.530181596981583,0.0,291.1731117379793,341.74536
404,09,-2.780254297756781e-05,-4.337274759928387,0.0,287.3234092200385,308.52618
405,10,-1.749340033099435e-05,6.576196681525118,1.6571373067876343e-08,283.75088245457476,184.71494
406,11,-9.782895505729057e-06,13.286790387301977,0.0,280.2187192969428,35.916676
408,01,-7.079607454118081e-06,9.77005108642578,0.0024007742763847433,275.1825925199447,-202.09766
410,03,-1.6003138249269338e-05,-14.11737674147083,0.00018706004465779953,275.29698841222125,-262.16803
411,04,-2.0434202846445263e-05,-16.983018215264217,0.0,280.441605447091,-208.5484
413,06,-3.319209287441886e-05,-26.815010833062065,0.0,287.4700203450521,86.688446
414,07,-3.405638901301333e-05,-27.630988150319745,0.0,291.3996042135915,257.35767
416,09,-2.475842662511746e-05,-8.054260448540582,0.0,287.60815346442337,306.1524
417,10,-1.765674730958508e-05,13.677036990258001,0.0,285.3490841153053,178.19315
418,11,-1.2026654228591521e-05,13.685960133870443,8.762069013383654e-05,280.35682493527725,32.52706
419,12,-9.44601224512954e-06,28.97793200421077,5.1136837210706475e-05,279.21073650786695,-101.64691
421,02,-1.1990748406116751e-05,26.598223410470148,1.0926482223329089e-06,279.40804705011277,-249.63364
422,03,-1.6731313326227373e-05,-1.3453218475669946,6.519722682173533e-08,281.1189634679159,-257.46924
423,04,-2.3883861623916246e-05,-16.521862002224392,0.0,284.4238784166124,-201.46371
424,05,-3.2321809314922687e-05,-17.350711201329386,5.8457146408737335e-06,286.0054483229113,-81.191315
425,06,-3.645346474101341e-05,-28.120134918891054,0.0,288.60506283637153,87.364334
427,08,-3.5946427165531874e-05,-15.756697428713563,0.0,289.2081022578413,350.82117
430,11,-1.0089955154782932e-05,6.784489759657117,3.112157185872396e-08,281.4275366665734,30.377848
431,12,-1.0581146033268115e-05,22.95546643394552,0.0004054831791949528,278.36750006714686,-101.7001
434,03,-1.5915630637317265e-05,-1.6360386480515998,2.4049384619600027e-06,279.08244967077115,-252.13773
435,04,-2.4346638547669703e-05,-22.934988667466907,9.625487857394749e-09,281.46281248359685,-201.52196
436,05,-3.070366395367009e-05,-25.76910455847299,0.0,284.7904129192393,-74.436806
437,06,-3.477750818122634e-05,-31.860220404391814,0.0,288.02580254245345,88.37518
438,07,-3.7615658574522775e-05,-25.170489753641114,0.0,290.8353158631684,243.97717
440,09,-2.5603061031688413e-05,-1.6679924726698132,0.0,286.66352415195047,304.83472
441,10,-1.3186316454061119e-05,-1.463842040031187,0.0,283.4427843608241,181.22546
442,11,-1.4898132296588707e-05,27.46974549831814,4.5776367187500004e-09,283.10383579525416,36.37133
443,12,-8.385574634596725e-06,33.275967709449034,0.0,282.58162065858744,-95.70468
444,01,-9.004527324929857e-06,20.359526514525058,9.698816525038853e-05,278.0475291836237,-199.3538
445,02,-1.2519085415486441e-05,14.879537966322628,1.52496250196435e-05,277.78108298799367,-252.58574
446,03,-1.4810545610421827e-05,-5.396197126162949,3.62938924502301e-05,278.4155945600284,-257.68536
447,04,-2.7581765115751797e-05,-20.820068422105575,1.3241238064236113e-07,281.36615560573995,-202.82584
449,06,-3.356170396635004e-05,-23.02242342732747,0.0,289.0600437771266,89.75392
451,08,-3.3272750999810424e-05,-17.014684508621052,0.0,290.91866476046647,345.48325
452,09,-2.4645985519115736e-05,-7.889081433783638,0.0,290.7287192874484,307.90234
454,11,-1.1750765303218536e-05,10.89123139716254,3.956906927956475e-05,279.20990362701417,32.301666
456,01,-6.416161365773257e-06,12.223324068787278,0.00022398640519829207,275.05028467830533,-193.50812
457,02,-8.18821650381367e-06,12.903916228158135,0.00023337035661651976,277.86915778559734,-247.43697
459,04,-2.5679135762624757e-05,-26.331729773288306,0.0,281.41495227517026,-201.32385
461,06,-3.566179110415154e-05,-31.36642959594727,0.0,290.51245804307734,73.06183
462,07,-3.888270218750779e-05,-23.176640851420746,0.0,290.7070247267856,245.5405
463,08,-3.333480648354688e-05,-12.395997953681537,0.0,290.3243722688408,338.68484
464,09,-2.5415033401845397e-05,-5.530321179199219,0.0,287.1538292568631,306.59857
466,11,-1.2597567349661808e-05,15.910226154920792,3.65040037367079e-07,280.83419648060266,48.034912
468,01,-8.493993727101315e-06,23.796599253992884,1.641540501707344e-05,278.53154294832297,-178.17633
469,02,-1.1806723732206594e-05,-2.6082788761683875,9.837871222268968e-05,274.0743940366564,-232.09009
470,03,-1.3339704251535219e-05,-6.768148279333628,0.00012620726580260901,277.2524915700113,-238.27853
471,04,-2.4140652476206825e-05,-8.481860700141059,0.0,284.2523615995619,-192.50273
472,05,-3.631899526441482e-05,-17.44638056798135,0.0,288.52215093042514,-70.6819
473,06,-3.447691067930363e-05,-33.33076165534125,0.0,289.49784020724826,80.74161
475,08,-3.324744642680256e-05,-25.59706884437479,0.0,291.3618514305854,334.32605
476,09,-2.7110998255941223e-05,-4.088550005425346,0.0,288.21334796922474,311.60886
477,10,-1.717439320385384e-05,2.0582064438686585,1.104806956424508e-05,285.3938754693308,194.58598
478,11,-1.049799736220949e-05,11.533768935139973,4.4242540995279946e-07,280.0686911998748,48.3098
479,12,-7.425197422547768e-06,21.47761040308142,5.2109628595331655e-05,279.4785891970973,-92.60956
480,01,-8.170035396257738e-06,18.813249751593478,0.0003725200532585062,276.9462481465493,-191.49515
481,02,-8.232899953890454e-06,13.675333238874163,6.108944188980828e-05,279.191337246032,-241.50912
483,04,-2.786484313502215e-05,-15.88577495863173,0.0,283.32113693033864,-196.94864
484,05,-2.8741963674400066e-05,-37.081440074305384,0.0,284.36448736465616,-80.14787
487,08,-3.404563471354698e-05,-17.337182702177312,0.0,291.4738801791283,349.2819
488,09,-2.6543087166161665e-05,-4.24653964674208,0.0,287.9392709560819,316.6415
489,10,-1.8569231195137014e-05,10.235854191605762,0.0,284.78358039642666,196.52191
490,11,-1.0039879183467646e-05,10.335369747924807,0.0,279.8074893178728,51.370705
491,12,-8.260583359534854e-06,25.078029959073632,0.0,279.25270498681834,-89.45812
492,01,-6.012859741277161e-06,22.106840989635838,1.4043623401272683e-08,279.3999776622403,-183.28375
493,02,-1.5386156723984276e-05,31.748662168305497,1.7729275528041798e-05,280.04609204145413,-232.14198
494,03,-1.9840231885472768e-05,-1.8349693298339842,0.0,279.7202150045004,-233.44014
495,04,-2.7043378228700023e-05,-24.0670989525689,0.0,283.457096534729,-182.92296
496,05,-2.995519203009721e-05,-45.04488896819084,0.0,285.6595867329259,-72.33207
497,06,-3.546342912159163e-05,-30.903872137790252,0.0,289.81179647657615,96.14715
499,08,-3.48960954878191e-05,-17.491402352609946,0.0,292.9717935617098,355.87134
500,09,-2.4679065476549213e-05,-6.537764871215822,0.0,288.42726283230246,327.79355
501,10,-1.848353834580477e-05,14.114419966174706,0.0,284.57053201831286,210.11479
502,11,-1.0186800306089735e-05,15.631692754109702,0.0,282.13784168768984,64.70297
503,12,-6.893300624729055e-06,15.732371215492165,1.2867758350987586e-06,278.8222056623889,-74.28354
504,01,-7.860778656987515e-06,14.34612370152627,3.849816578690723e-05,276.7231909807677,-178.42133
505,02,-9.005972841740524e-06,9.622026147751583,0.0020311918883096605,276.8945384240831,-227.64835
506,03,-1.5948935392546162e-05,-0.9029574194467195,8.298632919147451e-08,279.32064444773675,-234.16312
507,04,-2.588563685021654e-05,-27.98602328389486,1.457011964586046e-05,279.4237252683427,-180.92966
508,05,-3.230829694098981e-05,-22.4746828918457,0.0,283.8163767559092,-64.26381
509,06,-3.7502937650666964e-05,-26.38411481492784,0.0,290.2330343007406,96.23187
510,07,-3.6336240956178925e-05,-19.074829963273896,0.0,290.67390889748197,262.9665
511,08,-3.444879628501263e-05,-12.903870650096605,0.0,289.92943471568117,349.35883
512,09,-2.3354238802332672e-05,-7.743464881388346,0.0,289.1970728213839,323.51178
513,10,-1.864643046111826e-05,14.62936670381279,0.0,285.1771994281072,199.0192
514,11,-1.0072340758698473e-05,9.36498726196289,2.1571267975701224e-05,281.017371949217,54.471325
