,month,MER,MSSHF,SD,SH,TCC
0,01,-7.186377549426466e-06,5.464709561255669,0.010292715281568547,0.00035855482704265606,0.7674197445941228
1,02,-7.399999772068052e-06,2.729709174746558,0.0088853447891417,0.0003947880218570064,0.8322987442470734
2,03,-1.408509512223264e-05,7.08405715679866,0.00040960040271923105,0.00044260006009506144,0.7213765135734314
3,04,-2.191347909663616e-05,-15.59233038906521,3.557954761717054e-05,0.00044040625960559647,0.7183522930145264
5,06,-3.330413338050373e-05,-22.16353809509278,0.0,0.0009014931640296304,0.624286894607544
6,07,-3.0671342559486147e-05,-22.637875941122733,0.0,0.0010329003032600922,0.6923592846778133
7,08,-2.8487004876296853e-05,-12.56110269165039,0.0,0.0009515669327950404,0.6369957595332977
8,09,-2.3132900744369383e-05,-4.023202255249023,0.0,0.0009334240310760934,0.6538724135504828
9,10,-1.6345863611966567e-05,2.642213581372333,5.061999700402701e-05,0.0009355248356116273,0.7263572831512779
10,11,-1.1569333000928361e-05,13.890767045423724,8.024262719684175e-05,0.0005703534181247354,0.7361187914530437
11,12,-1.207531024335357e-05,24.691616260159407,0.00017524099221793556,0.000536514795466784,0.8025561436478809
12,01,-5.795284385228985e-06,8.867661568262244,0.000661063572411896,0.0002899667802897751,0.7199518989645025
13,02,-7.359469057738698e-06,6.865867059466484,0.00011199214540678879,0.0004711822304191866,0.797145370790328
14,03,-1.4070489600584629e-05,-6.186828353717764,6.114121534491099e-05,0.00038754746073307194,0.837744382468603
15,04,-2.282624180893941e-05,-17.872287172783746,0.0,0.0003994695938296395,0.5745583197275798
16,05,-2.9285246377967465e-05,-30.998830406271004,0.0,0.0004922136487145694,0.5115912202814574
17,06,-3.014735746900341e-05,-26.066622504679362,0.0,0.0008849550965466025,0.7134443809085422
18,07,-3.1905643976779664e-05,-14.025872309859079,0.0,0.0008957915342465621,0.7010493204260383
19,08,-3.1051088017916934e-05,-11.540256553403795,0.0,0.00108178564986637,0.7037623250407558
20,09,-2.365392635981859e-05,-3.0327022542317708,0.0,0.0009669164780382541,0.653931602774726
21,10,-2.1172643707369163e-05,7.590982919672484,0.0,0.0007849959412277741,0.7753540998069188
28,05,-3.0310256707952082e-05,-17.47440350473055,9.34754648516255e-08,0.0007153930285222947,0.6752075911491151
29,06,-3.0904296795920855e-05,-15.787571440294057,0.0,0.0009842194550476254,0.7999754805246988
30,07,-3.173775886429094e-05,-20.80200322239373,0.0,0.001004735188951267,0.656765679923437
31,08,-2.8741253340065727e-05,-19.03508228654759,0.0,0.0010760535270361797,0.6846821722625404
32,09,-2.269007780640903e-05,-3.5648343312581385,0.0,0.0008672290949221253,0.6221041914621989
33,10,-2.174942796122078e-05,9.781940688922843,0.0,0.0006867919335684071,0.7679681318959883
34,11,-1.4328458308167076e-05,19.586548003133142,2.2300614251030816e-06,0.0006729366678450485,0.7831729083591039
36,01,-5.276928763964617e-06,11.574925520045783,0.0001972472347239012,0.00046975674859519613,0.6630252150668892
37,02,-7.864293709969517e-06,5.468580898829869,2.739869412921724e-07,0.000443328927262103,0.6381152653467087
38,03,-1.6001877676116956e-05,1.792558938959594,3.8041683935349995e-06,0.0003661708261100601,0.6297853519890898
39,04,-2.3437909088230905e-05,-21.874123499891493,2.168152067396376e-08,0.0004928932368082314,0.6042834651523166
40,05,-2.9170486620455693e-05,-20.4214844770534,0.0,0.00055373141337474,0.5381072768344675
41,06,-3.17826830204164e-05,-27.949367026435006,0.0,0.0008103595633521967,0.6107106636047364
42,07,-3.416977696542745e-05,-21.999847670688425,0.0,0.0009021180810537498,0.5667834904578425
43,08,-3.1963929242763654e-05,-15.790871219429917,0.0,0.0009689928345582772,0.6299341235417194
44,09,-2.1331834113273846e-05,-6.238656323920356,0.0,0.0009065412273818056,0.6479369944254556
45,10,-1.6551261839878706e-05,3.491510892150223,0.0,0.000806341602621908,0.7931934629460816
46,11,-1.519573135911843e-05,20.401449884033198,5.0221549140082464e-08,0.0006367408295191699,0.757184676700168
47,12,-1.0313162028783104e-05,17.753608460457098,4.658237964876236e-05,0.0004811068228571663,0.7608326711347028
48,01,-1.1369238679367056e-05,31.70380508160335,0.00012911142713280135,0.0005065474144361389,0.7840179075425671
49,02,-1.1685804688698098e-05,2.732715975443522,0.00031034646715436665,0.00024583032542684335,0.5929144132704963
50,03,-1.3839232150540515e-05,-0.5926843497983868,2.071826688704952e-05,0.00048506053711077566,0.7865977866470174
51,04,-2.090864053300013e-05,-10.60586452026367,1.1234845055474176e-05,0.0005298972676287223,0.742861790678236
52,05,-2.6606813441591635e-05,-11.409518621957432,0.0,0.0006822573668070693,0.7823214301242624
53,06,-3.6603149109497395e-05,-25.008415187242296,0.0,0.0008680787925681217,0.5639335038079155
54,07,-3.282222612492611e-05,-33.091220865229126,0.0,0.0011865903298230965,0.5684433198744251
57,10,-2.1395454446465794e-05,12.186390243366201,0.0,0.000809845710132114,0.7011912768374208
58,11,-9.367185011372688e-06,10.117007967122396,3.5537613762749565e-08,0.0005637446514673988,0.6633599039289689
59,12,-8.522425015388596e-06,21.808005747805364,2.6479295504990444e-05,0.0005939787194328425,0.7373599862129457
60,01,-1.1848107099418698e-05,28.771229348787696,0.0017296655524161556,0.0003542191671304773,0.7091302516896237
62,03,-1.3818876191033916e-05,-6.2181760956138685,9.418372313181559e-05,0.00032761467128058087,0.7108914005730743
63,04,-2.3066575134180317e-05,-21.124448284233942,5.596658653683133e-05,0.00045012077381442295,0.5456292518191869
64,05,-2.301351515928619e-05,-21.276121071107926,3.1990530670330086e-06,0.00067266253149976,0.8077163047380344
65,06,-3.0384449369921637e-05,-25.249517172580298,0.0,0.0009127790745715982,0.6465512983110214
67,08,-2.8069958612225798e-05,-17.017802792784988,0.0,0.0008598136095184325,0.4993924576133809
68,09,-2.2138291550658728e-05,-0.809648367987739,0.0,0.0010072270758296226,0.8249710806952584
69,10,-1.5594664512004833e-05,12.420039781796033,0.0,0.0008134660352591524,0.7500587646730484
70,11,-1.2000811908506469e-05,17.20852971835666,8.267998695373535e-07,0.000733812687942615,0.7200436461130779
72,01,-6.201572312694294e-06,7.789162023728894,0.006257890532093664,0.00032037616245556873,0.7623330554757067
73,02,-7.646551471441942e-06,-7.170963860648018,0.00039035758092289885,0.00043289734202582635,0.6680685249964396
76,05,-2.800802443084893e-05,-16.149492612120927,0.0,0.0007271333313690247,0.6990246018440494
77,06,-3.090711121482552e-05,-17.990251360066733,0.0,0.0007727630264536654,0.6643057591756185
78,07,-3.447742918110781e-05,-15.274860501197074,0.0,0.0010814784673431896,0.6424117790960497
79,08,-3.3271033724499884e-05,-4.3656862228557625,0.0,0.0009632387406820798,0.6493248435810047
81,10,-1.5745955748394817e-05,1.4800897167574978,0.0,0.0007476628478483084,0.6145378556200252
82,11,-1.5779393952086846e-05,2.730464919026692,0.0001320727745691935,0.00036442432660848377,0.7467017175886366
83,12,-6.748697063030508e-06,22.216181771555252,0.0009846030858255202,0.0006171308285160469,0.8592321815900905
84,01,-1.0488508364736625e-05,25.802121266682942,0.0024635101813142014,0.00041564420438127206,0.7623722744193129
85,02,-9.105866422227595e-06,-15.737989101954868,0.0001222507996218545,0.00019560193471323016,0.6196731731323969
87,04,-1.9242588071877733e-05,-14.953707265557181,7.426198323567707e-06,0.00039568850197150223,0.7479030370076497
88,05,-3.1224375424332516e-05,-18.680161248648037,0.0,0.0007434592337500871,0.5674221288209321
89,06,-3.5890827366468634e-05,-24.274000357055662,0.0,0.0008331960368823792,0.5244118612077501
90,07,-3.000731417455182e-05,-30.125119514383297,0.0,0.0010106809674292967,0.6702686336066134
91,08,-3.1366839325049225e-05,-20.726613564768147,0.0,0.0009093863952855494,0.686836864348381
92,09,-2.1116000810717296e-05,-5.870355172729491,0.0,0.0010170114291461383,0.7167194254557292
93,10,-1.7202233669146365e-05,6.4104873591597356,0.0,0.0008042660296969873,0.714295039597378
94,11,-1.2770530823662637e-05,20.62896745435927,4.2331218719482425e-08,0.000712386935210562,0.7851363912794326
95,12,-1.128779906788603e-05,28.043287035542146,0.00037468132152352284,0.0005160226476652414,0.7719007456789735
96,01,-8.849628261046861e-06,-8.473066081057311,0.0005335850459273144,0.00039371051453645855,0.7138544017422582
97,02,-5.771432554432804e-06,6.824847212655203,0.00025317513942718504,0.0005444937176130874,0.8714824445361185
98,03,-1.3287096029671374e-05,-5.803373095440609,7.337508534872401e-05,0.00038326355497387356,0.6475759961938345
101,06,-2.8837502824555686e-05,-20.989433822292757,0.0,0.0008995023713432398,0.7672273565504287
102,07,-3.379324687933062e-05,-20.07741719498173,0.0,0.0011762637337276985,0.6694636565998037
103,08,-3.0242934917310693e-05,-13.572054321945357,0.0,0.0011241900766090502,0.7321427008105863
104,09,-2.5696148892024614e-05,-3.969099077690972,0.0,0.001026891966428189,0.696313075680203
106,11,-1.2423982501220758e-05,8.69252590874566,0.0,0.0005567817669088578,0.8495418824089899
107,12,-5.659096497726741e-06,10.619382738339004,5.145294307380593e-05,0.0006231452756041871,0.841202174976308
110,03,-1.4791143874625109e-05,4.141464673442225,3.25570567961662e-05,0.00047325576421621175,0.8021229802613616
111,04,-2.4692344382775542e-05,-22.74501348402235,0.0,0.0005172340481790242,0.6086693189409044
112,05,-3.182606770285695e-05,-15.882362545546664,0.0,0.0007443033780645266,0.6065327840825564
113,06,-2.7714982728361462e-05,-28.63852083367242,0.0,0.0008593489899378255,0.787963741853502
114,07,-3.385038605679304e-05,-9.511822006717805,0.0,0.001171458948932473,0.7664063766233383
115,08,-3.211179117533902e-05,-13.866469908683532,0.0,0.0010266525363930598,0.6423366078612625
116,09,-2.5435363158006416e-05,2.907980506727431,0.0,0.0009323654926211424,0.6917857957204183
117,10,-1.6347254436593455e-05,7.273599919801116,0.0,0.0007721173569709835,0.740862602603051
119,12,-7.866494279115095e-06,20.208327730240367,0.0,0.00053423904773601,0.8517327044907436
120,01,-5.490775168401608e-06,12.580168148245866,0.0,0.0005023698754026696,0.6960385644974246
121,02,-1.1993180484209699e-05,15.243881237211681,4.026403029759725e-06,0.00042497837058714,0.6851143281573341
122,03,-1.7582771425163286e-05,5.919001820882161,1.3147951454244634e-06,0.0005982449319345967,0.7666241719235656
123,04,-2.3728384267512105e-05,-15.711892689005532,7.404155201382107e-06,0.0005368266940982721,0.7619601530710854
124,05,-3.2913617601255e-05,-32.404015432706444,0.0,0.0005949903542140838,0.41460931174985816
125,06,-3.3498540398290464e-05,-35.047065074327264,0.0,0.0008175972156450774,0.5851120146009657
126,07,-3.3625666249610085e-05,-27.510599928661055,0.0,0.000971569565642772,0.5743446630662487
128,09,-2.1827326350689368e-05,-6.781363076782227,0.0,0.0009320243816883804,0.6201116107092963
130,11,-1.311930024130561e-05,7.912713109334308,7.664759953816732e-08,0.0004454905331929088,0.5709897992451987
132,01,-9.708490018202875e-06,23.531725362798216,3.920951197224279e-06,0.0005105691684948654,0.8431987389185095
133,02,-1.709957590030951e-05,31.83555304718018,2.0835172562372115e-06,0.0005475542892947997,0.6681059597560336
134,03,-1.7018775953137494e-05,2.372058311872584,2.4298456407362414e-05,0.00048062062612102977,0.6078018044502504
135,04,-2.7999317039636173e-05,-19.276666238742408,0.0,0.00037736529698403654,0.4856501743316651
136,05,-3.125298669270236e-05,-34.3688931694441,0.0,0.00042185220914118,0.4253419031943044
138,07,-3.559518055198981e-05,-33.07448882301904,0.0,0.000870340643866736,0.48145341713197765
140,09,-2.7407515947157255e-05,-3.6402964202880854,0.0,0.0008673468175783354,0.7245800940619573
142,11,-1.0645134954231454e-05,8.876481322224937,1.7197676499684652e-05,0.0004970781178460824,0.7074830526563856
143,12,-1.0178729378000547e-05,19.264495642221096,0.00010385854269868586,0.0004455819003796224,0.741313444240119
144,01,-9.804670876438911e-06,24.167181801416536,7.464897248052782e-06,0.00029198987653266507,0.5920816008865194
145,02,-6.996622216688376e-06,0.507544446309408,0.002555922939663842,0.000305701507385693,0.6594038436526344
146,03,-1.2629808311264428e-05,-0.5304674036169569,0.0,0.0005727407951866191,0.6779174129937285
147,04,-2.5889148811054637e-05,-18.50936585184733,1.8495678901672365e-06,0.00041218083241272116,0.5432910179562039
149,06,-2.987989489524302e-05,-20.686577268473304,0.0,0.0007455840776351881,0.7380680046929254
150,07,-3.606362330103894e-05,-12.26554677852508,0.0,0.0011091873102282322,0.6136622345216813
151,08,-2.9805839779475068e-05,-22.79464663072811,0.0,0.0010097339748723264,0.5833647762011457
153,10,-2.004618059737534e-05,2.17344532234438,0.0,0.0006820325499599374,0.6938537020939652
154,11,-1.4646135411648073e-05,14.444811823866104,2.8859506713019477e-05,0.0006339337644810405,0.7607454043918185
155,12,-7.654158530845394e-06,17.942148733159545,5.5359345610423755e-06,0.00046165224257053707,0.6701996401715022
156,01,-5.988280283046514e-06,9.900324605634134,0.0,0.000437638549289248,0.7391515630906629
157,02,-7.568776633878318e-06,10.513905402874128,3.7069602944385046e-05,0.00039763415424268303,0.6980748454126818
159,04,-2.3724830210206465e-05,-12.979907084147134,2.5939941406250002e-08,0.000579528459085648,0.687911747233073
160,05,-3.502280750303383e-05,-18.415903687507882,0.0,0.0005439886107167655,0.40541161912487395
163,08,-3.290884278264643e-05,-13.404264240552024,0.0,0.0012228114123283905,0.6783674054709815
165,10,-1.9484351597922247e-05,1.9587082073252686,1.8078127214985508e-06,0.0005589232049004094,0.6918505046393281
166,11,-1.321692710625939e-05,23.694389510769323,0.0,0.0005697992317844588,0.754426333618164
167,12,-8.425528942156701e-06,11.411874493342573,3.2269544498894803e-06,0.00046205227275860006,0.710687043384839
168,01,-9.715480358609446e-06,34.39173987899288,4.798289268247543e-07,0.0005887621752377449,0.7435397178896012
169,02,-8.449411843078754e-06,-1.1622854381742926,0.0001454247690382458,0.00038359931115603885,0.7323262315023513
170,03,-1.4966802825774622e-05,-6.011914413616221,0.00013486407008222353,0.0004124762266675568,0.5090522961360152
171,04,-2.191761210872048e-05,-4.539731902737087,0.0,0.000576000432182122,0.6899678468916153
172,05,-3.0932743489659034e-05,-26.541132331437964,0.0,0.0007194121543284234,0.5782415237426759
173,06,-3.281592492067931e-05,-24.277929318237305,0.0,0.0009091609778879503,0.6491131579928928
174,07,-3.3366269429406925e-05,-23.52127023184171,0.0,0.0009773544866860003,0.646910205923101
175,08,-3.234485571499712e-05,-11.285276480397874,0.0,0.0010167660779612973,0.65965662880354
176,09,-2.2725771390226628e-05,-2.4448908416748045,0.0,0.000888641576060541,0.8023041222466362
177,10,-1.798888249350155e-05,2.3637267239478326,0.0,0.000542134024022548,0.6776582923807124
178,11,-1.1587640056374466e-05,-1.8295716874864363,0.00015719194677140975,0.00047988380124447253,0.6554577938927545
179,12,-9.250304196792702e-06,31.236705364924607,0.00020338165888222312,0.0004956924168822877,0.7918248019884992
181,02,-9.681430163471391e-06,-2.9269207930791947,0.0003871754450457437,0.0004138276064931533,0.6523898104713076
182,03,-1.5868986940443404e-05,12.424105568506382,9.499826738911291e-08,0.0005810495797577411,0.7475124271761985
183,04,-2.4481364455176743e-05,-15.54007357143826,6.838602489895291e-06,0.00040480200442157807,0.6873039249420165
185,06,-3.390126228795352e-05,-22.424498955281575,0.0,0.0010699702445989207,0.6148267804887558
186,07,-3.466171150601792e-05,-32.442688338413035,0.0,0.0009186411803072188,0.471899675594863
187,08,-3.527003988845888e-05,-15.806742182249662,0.0,0.0008680270261172562,0.6527889345640778
188,09,-2.649383951805552e-05,-2.2674784339057075,0.0,0.0008433525541978978,0.743529254659017
189,10,-1.8016295581522476e-05,4.47270425086893,0.0,0.0007590626369145407,0.7289226303100587
190,11,-8.92097842036795e-06,12.752254605102538,0.0,0.0008178240753429337,0.8463350632985434
193,02,-1.271823695051786e-05,20.178666164579848,5.487134059270224e-06,0.00048809193327531924,0.7695771319071454
194,03,-2.219248033328259e-05,-0.5256330294045062,0.00016835869896796444,0.00037265990637394303,0.5997859655810941
195,04,-2.3056703787511248e-05,-15.611610607231992,0.0,0.0005232466899471546,0.676606201256646
196,05,-3.3250014936618425e-05,-29.631465932538433,0.0,0.0006214292339710306,0.6325727252755113
198,07,-3.591561413959817e-05,-25.92438248894804,0.0,0.001035028367159925,0.500560249123522
200,09,-2.6222378082234683e-05,-4.395296908230251,0.0,0.0008676720050675714,0.7176794152577717
201,10,-1.4566836962311297e-05,5.514771194293934,0.0,0.0008753650264261328,0.7215961416100943
202,11,-1.3042386322538529e-05,9.068964893934462,2.0260943306816947e-07,0.0006469659394806109,0.7192740283966065
204,01,-7.460320452180465e-06,-0.4728464959257379,0.00023015245699113416,0.00044037663110958085,0.6517847482004473
205,02,-7.544903639281147e-06,5.38362545916678,0.0006102077837648064,0.00031412921131322426,0.8090819851228561
206,03,-1.2827322511164368e-05,-10.990242480862525,2.0419359207153323e-05,0.0004322530456430366,0.6624436052794098
207,04,-2.0502408365953464e-05,-21.604367342122394,2.815988328721788e-08,0.0005573882549563778,0.6166294084760878
208,05,-2.4253428110207234e-05,-26.022296560964275,0.0,0.0006685273422467372,0.7435633220877698
209,06,-2.8253365109311642e-05,-38.732165323215064,0.0,0.0007725716853643563,0.6266733358171251
210,07,-3.142641031134248e-05,-27.054918192217425,0.0,0.0009566610893040974,0.6206146289046092
211,08,-2.9903093116464793e-05,-15.358725825155936,0.0,0.0008052989171323801,0.5714169844350507
212,09,-2.534073391895315e-05,-7.00570699428982,0.0,0.0007056351989302735,0.6079831231011285
214,11,-1.4551765714713837e-05,14.46901237657335,0.00012027359008789062,0.0004943569559801082,0.7350521771748861
215,12,-8.836182103413613e-06,1.1414017176474303,0.00011574836187465217,0.000456995769084828,0.728104033603463
216,01,-3.583592048936e-06,-1.2817189340899076,0.00038023888808424755,0.0002965270524839061,0.6917340717930949
217,02,-9.97768289436776e-06,28.48145621345157,6.829840796334402e-08,0.0005305327026612487,0.778791059085301
218,03,-1.2413017713795421e-05,-3.0697627356744577,0.0,0.0005206532129615308,0.7020936220640775
220,05,-3.085946982284968e-05,-22.07697987414944,0.0,0.000691181856834612,0.6941719493250693
221,06,-3.476727682935032e-05,-20.254541469319665,0.0,0.0008864397704303581,0.6510188685946994
224,09,-2.7053925191669103e-05,-10.968042353990342,0.0,0.0009289264848881631,0.6161735351138645
225,10,-2.0736059433235615e-05,1.8364669255082322,0.0,0.0007064217952702141,0.6453099249973092
227,12,-9.893875752236308e-06,16.98351939342868,1.687051532089069e-05,0.0005512983522442909,0.8134230110004383
229,02,-7.893391973560764e-06,12.879144769577753,3.740382904098147e-05,0.000624683462594898,0.6531332498732068
230,03,-1.582076560769428e-05,4.910139277304372,1.3940626575100807e-05,0.0006810213565312239,0.8158999442233833
231,04,-2.2395207648413717e-05,-10.670934447903104,2.9785103268093537e-07,0.0005132326088525791,0.8237251260121663
234,07,-3.6390916169732936e-05,-13.917790471887077,0.0,0.0009119439115554566,0.7049917125496812
235,08,-3.4686337675251e-05,-19.754633603331865,0.0,0.0009149996268527415,0.617704378968926
236,09,-2.4247977624205914e-05,0.3736279635959201,0.0,0.0010404470592029612,0.7025377028147378
237,10,-2.3367591303340108e-05,14.50471792602539,9.088093234646704e-07,0.0007692835288216944,0.7994241635312314
238,11,-1.186565926222506e-05,4.6568576497395835,2.143026722802056e-06,0.0004236663616776847,0.695817248280843
239,12,-8.802920268002493e-06,22.454611907630838,0.00011667215695945164,0.0005018636649010024,0.7541032600402832
240,01,-9.430198710966792e-06,24.63400003675235,0.00020755073460199501,0.0005411838983149154,0.7435347398327242
241,02,-1.079772392194216e-05,13.779260249546594,0.0025613292994953337,0.0004247924906180526,0.7323656735647293
242,03,-1.3397230129969535e-05,-0.9194605676794566,8.536538770121912e-08,0.000520822167453769,0.7651577397008096
243,04,-2.54553507465769e-05,-17.42901027967665,8.541558848487004e-06,0.00045097119342235603,0.5809090511745877
244,05,-3.422614240797327e-05,-20.88572949317194,0.0,0.0007112033766742989,0.6588638867203909
245,06,-3.759346314859108e-05,-24.964019442409946,0.0,0.0007349941236675172,0.5561656050364175
246,07,-3.775679561435789e-05,-20.12216363230059,0.0,0.0008227019134094047,0.5384588477842269
247,08,-3.318467006672979e-05,-13.657699137697938,0.0,0.0009116657846986517,0.7109437208688386
248,09,-2.59650643648355e-05,-3.5717024329291456,0.0,0.0010456855732800857,0.6188350537194147
249,10,-2.1588807777500546e-05,5.981483147405809,0.0,0.0006945507025795002,0.6639337637296286
250,11,-1.3179962080519347e-05,12.654008286878799,2.0961513784196646e-05,0.0005313356323464177,0.7561134220971003
251,12,-1.3700721242369786e-05,27.986750325848984,0.0004829321933049028,0.0004460608781439875,0.7595967111074798
253,02,-1.2230161100386137e-05,18.65321454909752,3.605513052008618e-05,0.0004498816253623835,0.6892225647411128
255,04,-2.355722367422762e-05,-12.813957029554578,8.329312006632488e-07,0.0005945271223715785,0.7118717977735731
257,06,-3.750390542944741e-05,-27.016546727159287,0.0,0.0008396627575370277,0.5791649541642931
258,07,-3.168135436499142e-05,-21.668345875401656,0.0,0.0008486174719188665,0.7779165895933747
259,08,-3.0941285219664524e-05,-19.063545700565466,0.0,0.0008177378859400235,0.5950934829711911
260,09,-2.4486756719630248e-05,-2.020394458007812,0.0,0.0011746618843225302,0.778434502198961
261,10,-2.1893689024856883e-05,11.235235126454343,0.0,0.000834898857871064,0.7329834721472954
262,11,-1.5146696185204038e-05,20.892512133110895,0.0,0.0005471246481323154,0.7944869282616509
263,12,-1.1904006665214989e-05,20.81303864280127,0.0006958496250132079,0.0005704053421768659,0.7176606500276956
264,01,-6.723928980547147e-06,14.384707934964087,0.00041049615926640003,0.00033838884669713326,0.6732578391208444
265,02,-9.421481274265325e-06,7.153048214503697,0.0006544472773869832,0.00045849606639379885,0.7992697193509057
266,03,-1.3063552253355424e-05,-6.242824222359606,0.00027922883085025255,0.00043964260734938635,0.8346674006472352
267,04,-2.4765318735565716e-05,-15.737299090576174,6.594268480936686e-06,0.0004324344195720945,0.7354721421559652
268,05,-3.372209000100225e-05,-25.790908090242777,0.0,0.0006874419770607463,0.5665124677432481
269,06,-3.303585196628976e-05,-31.827683939954966,0.0,0.0007031702677992751,0.6896868352678089
270,07,-3.6646507612448495e-05,-24.41304970722813,0.0,0.0009577895311687377,0.609202791316535
271,08,-3.349079792080317e-05,-13.273838911159066,0.0,0.0011785009511229004,0.6550026206560032
273,10,-1.872843477780094e-05,15.499699002173642,0.0,0.0009255201393185142,0.7502056204683036
275,12,-9.904081011676856e-06,14.487402564920403,0.00022924734956474715,0.00042967180998163804,0.6670834625408213
276,01,-6.60295483731882e-06,23.604068570044735,0.00012535062912971744,0.0005113839650168305,0.7452024029147241
278,03,-1.718439095667989e-05,-2.8514695644583754,1.5001514906524331e-06,0.0004819596547454955,0.6759721070566486
279,04,-2.4829810814864887e-05,-14.182246478949653,0.0,0.0004709443206453266,0.6064626646253799
280,05,-3.0134792006426703e-05,-17.31557953963741,0.0,0.0007120376103461025,0.6915594408178842
281,06,-3.5836119472898846e-05,-20.466573669433593,0.0,0.0009486301975226323,0.6739444850497776
283,08,-3.0240783373966385e-05,-12.41071590333344,0.0,0.001163815572202473,0.6742144519846925
284,09,-2.726855740998468e-05,-6.606480073716904,0.0,0.0007335374628951386,0.6465029381222195
285,10,-2.2813934475604865e-05,5.003235001430717,0.0,0.000718885400139463,0.7211124756105485
286,11,-9.433203981300014e-06,10.082439758300783,0.0,0.0005791067180039236,0.7533690906524658
287,12,-9.155090198257839e-06,-0.601292420089886,1.2510566301243278e-09,0.0004945328851989802,0.773043066619545
288,01,-7.996820467572737e-06,16.024269751435966,0.00044667841542151673,0.00041192595895207524,0.7041166410138531
290,03,-1.4304734281419465e-05,-4.024482163624097,0.0,0.0004401956440712298,0.4610075515008742
293,06,-3.491794925367785e-05,-29.63445593295627,0.0,0.0011471253787109367,0.6205100622389051
294,07,-3.637924248004731e-05,-25.786057973554062,0.0,0.000985359612786695,0.5639495347135811
296,09,-2.437035215904568e-05,-12.497950702243381,0.0,0.0008103102327222991,0.5334368985493979
299,12,-8.986315398414586e-06,16.75842543636855,1.2960655714875909e-05,0.0005586620659873345,0.7093791133921633
300,01,-8.992702947169514e-06,20.66453995308825,0.0007110370653931812,0.0004630176850634722,0.837607708305441
301,02,-1.1818901434843997e-05,12.780648606925178,0.0004339445432027181,0.000495099684988787,0.7371907467019968
302,03,-1.5225630396960167e-05,1.0669384965794064,0.00020815543461871405,0.00036018773000070863,0.6286395969185776
304,05,-2.847669872224737e-05,-31.81054322043798,0.0,0.0006152930506795131,0.6642094037045716
306,07,-3.5823426863228845e-05,-21.040274605699764,0.0,0.0009030186964724067,0.6308969455431865
308,09,-3.09724094837697e-05,1.3779368174235027,0.0,0.0008935518929530012,0.5963927018059625
309,10,-1.9737982986943505e-05,10.8786054316695,0.0,0.0006333934098819987,0.6458563955163442
311,12,-6.509792311736683e-06,12.651209838210898,0.000107577202140644,0.0003987152580916455,0.7556278750922091
312,01,-1.0532949036563073e-05,27.835473567839585,0.0002284056717349637,0.0004537746557087837,0.6568636556645875
313,02,-1.0796667724878803e-05,1.9850640389578682,0.00020228017086074463,0.00030567886635834556,0.6938661958603632
314,03,-1.2645556585016247e-05,2.2825399281491516,0.002058747031355417,0.0005048640071809572,0.8004193943803029
316,05,-3.3327865934669755e-05,-23.83920729967343,0.0,0.0006399812987691344,0.6124563446455105
317,06,-3.715115132452208e-05,-30.632264646063906,0.0,0.0010480431722563416,0.5993636985354953
319,08,-3.320200081173924e-05,-14.21000237282374,0.0,0.0008214074471167111,0.5909341664057907
320,09,-2.545146969718593e-05,-6.704652192857532,0.0,0.0009221086927508522,0.5590018055809869
321,10,-1.7187334372416657e-05,10.538457600583316,0.0,0.0007750956863858269,0.5593414502297677
322,11,-1.4535249143672345e-05,9.326381112670902,0.0005737135661972894,0.0005952350228117148,0.7317150510576037
323,12,-9.12172876785682e-06,14.485518746324761,0.0003240881030277539,0.0004220962651623558,0.7231649466483824
324,01,-6.5253165958961526e-06,7.280853728591756,0.00014880976241122009,0.00037462094703483867,0.6964808228195354
325,02,-8.8568046297561e-06,4.634872235616048,0.00010614823585464838,0.0003650888354684262,0.8162552454812186
327,04,-2.37631702343909e-05,-18.782449027506512,0.0,0.00045216028320109117,0.6540204958173964
329,06,-3.4785863751151034e-05,-27.11431088460287,0.0,0.0008772879220370063,0.5200850902981229
331,08,-3.203818718891423e-05,-14.970106861073484,0.0,0.0009000416037593156,0.7095366280258342
333,10,-2.0357669840078775e-05,8.929626497002058,0.0,0.0008570413862924212,0.7225601808281356
334,11,-1.6638314112929544e-05,21.698549422539603,6.023910310533312e-08,0.0006521134779476141,0.6935433432685004
337,02,-9.635896793779033e-06,12.227102448962983,0.00012729246417681375,0.0005590188341237168,0.8024723008473714
338,03,-1.969343553138324e-05,2.858439688077537,8.514286369405767e-07,0.0004028064890359467,0.5542246515827793
339,04,-2.5420359923575438e-05,-23.728481532796227,0.0,0.0005033413915325177,0.4152809864044189
340,05,-3.1186685044343005e-05,-23.42358186127037,0.0,0.0008101687334261413,0.6321231530302314
341,06,-3.458860908376663e-05,-19.802041976589628,0.0,0.0009322974188374144,0.7590015696631538
342,07,-4.0491175616739144e-05,-14.380545316962786,0.0,0.0009613429224455643,0.6446249584074942
343,08,-3.430768915528969e-05,-11.902402343421853,0.0,0.0010274620080804539,0.646553179505051
344,09,-2.677926907070085e-05,-2.246240928141275,0.0,0.0008591688969658409,0.7133160124460857
346,11,-1.4172945336880124e-05,15.984315191311307,8.570086956024171e-06,0.0006465871534172897,0.7046124215443929
347,12,-9.103623443880553e-06,18.67049515623687,1.9495038576023557e-06,0.0003995294160866323,0.6842597386760096
348,01,-9.98381483742544e-06,30.50790186531313,3.1635838170205394e-06,0.0005276380488101,0.7874816801830005
351,04,-2.446588194630345e-05,-15.287676639472116,0.0,0.00038008468478427,0.6687994009229871
353,06,-3.476253857051133e-05,-32.52892781643338,0.0,0.0008564286241224787,0.614883675257365
354,07,-3.577182100015043e-05,-18.878891244211506,0.0,0.0011261872946572934,0.656665866605697
355,08,-3.3834556450724496e-05,-9.036356891591062,0.0,0.001041277370647549,0.6873497964182208
356,09,-2.5189189388381943e-05,-2.5223080678304033,0.0,0.0009044781553824899,0.6436648470984564
358,11,-1.2143508331428165e-05,12.723418456013999,0.00035360905991660223,0.0005676329277205644,0.825160391023424
359,12,-6.623100362498576e-06,8.910789440196046,3.1098793911677535e-05,0.00043185676473623153,0.6488331320977981
360,01,-6.219402897665034e-06,13.638463789416898,0.00026115813434764905,0.0004136181822207933,0.7386991263769006
362,03,-1.4006747319585248e-05,0.15545269151913163,4.5311066412156626e-07,0.0004989911271048672,0.7025409626294208
363,04,-2.2896213735516033e-05,-13.763160278998479,7.51813252766927e-09,0.0004889661802240576,0.48498084653218587
364,05,-3.152253704363203e-05,-24.89160391596312,0.0,0.0007151075125502661,0.5892127600639097
365,06,-3.4585202314802804e-05,-32.20444840494791,0.0,0.0007885755440597576,0.6027756735907661
366,07,-3.995988693131167e-05,-23.939954596078525,0.0,0.0009029157017727434,0.5932403564042943
367,08,-3.326769469126164e-05,-18.63527480389995,0.0,0.0010581389043553269,0.5826293396078129
368,09,-2.396435872586961e-05,-8.675344586181641,0.0,0.0009490466401233954,0.6611582132975261
369,10,-1.8213049179844e-05,4.716025361748153,0.0,0.0008116932342555208,0.7351699196600144
370,11,-1.3997967538165946e-05,28.005924584282763,7.164478302001954e-09,0.0006304514712387844,0.7561563105689154
371,12,-8.896478755051119e-06,9.686923075029926,0.0033527605789963914,0.00038589618015715004,0.773688859754993
372,01,-6.091251291421628e-06,2.9262350808420488,0.002126177963390145,0.0003629201125318107,0.8002005400298742
373,02,-7.65345504045659e-06,5.717629487900508,0.0021790685525962285,0.0003673177904023817,0.840362766038804
374,03,-1.4227020407356234e-05,-0.1344084672825314,1.3550689143519247e-05,0.0004143901391054961,0.7215320573622181
375,04,-2.4690822054900404e-05,-20.66956467929416,2.4727185567220055e-07,0.0004912910699575554,0.5461734185960557
376,05,-2.827942739082006e-05,-27.387183430333288,0.0,0.0005531739490862218,0.6631700312706732
377,06,-3.182083758476639e-05,-35.711798379855686,0.0,0.0008911056623261983,0.5540890511406792
378,07,-3.4407490462771055e-05,-31.11366353779454,0.0,0.0012401764772639779,0.5566342890339513
379,08,-3.27152816781925e-05,-15.088779016966459,0.0,0.0010051635737900273,0.6841084087740991
380,09,-2.3803562745282155e-05,-1.7829848341200085,0.0,0.0008983746668693987,0.723202462302314
383,12,-7.738160395268594e-06,4.967533013128466,0.006288984498670025,0.00034308914540316133,0.8155857144017373
384,01,-4.432973011169315e-06,15.641597058367989,0.000611914046349064,0.00040994079856436554,0.7540054655997985
385,02,-7.274441715534998e-06,7.353929252261208,0.00014321758775483995,0.0005457368057977929,0.8188976639793034
386,03,-1.235675504704564e-05,-6.3443144091534345,0.00019613219461133403,0.00039190909222795576,0.5508660727059971
387,04,-2.5035789431644346e-05,-14.869033695136176,0.0,0.0005911379486306348,0.48454507878621417
388,05,-3.0008848766624646e-05,-32.62149781881353,0.0,0.0006954327806093939,0.5843146355331587
390,07,-3.7348723895911946e-05,-18.427609645064162,0.0,0.0009686399827052652,0.6786915706101284
391,08,-3.274760770019843e-05,-10.64563058373236,0.0,0.0011464830641275342,0.7099633308328608
393,10,-1.916051529891168e-05,8.726722329416583,1.6692376905871977e-07,0.0007127288467344178,0.5575945420624107
394,11,-8.12447487300637e-06,7.208228931681314,0.0,0.0006513960211994212,0.701429992167155
395,12,-1.2744765838047034e-05,29.389911852764826,8.855871231325211e-05,0.0004817236066579237,0.7914767973705006
396,01,-9.557997748420493e-06,23.492998173539362,3.76804490243235e-05,0.00043240021513436713,0.6659661495249759
398,03,-1.1845709033173812e-05,-9.130659757880753,5.560450656439668e-06,0.00044616643216331627,0.5974054069108861
399,04,-2.412122515035865e-05,-15.116672309705946,0.0,0.0005342435015494618,0.7068757977379695
400,05,-3.2719707248821014e-05,-19.41600187732328,0.0,0.0008146372657843473,0.6124644136736471
401,06,-3.633841799156573e-05,-15.284035491265191,0.0,0.0009098009567069676,0.687191437657674
402,07,-3.9630504535585143e-05,-18.105863085346844,0.0,0.0010251161839649637,0.5855628573920137
403,08,-3.664081436780238e-05,-14.530181596981583,0.0,0.0010329766651933964,0.5989026939638199
405,10,-1.749340033099435e-05,6.576196681525118,1.6571373067876343e-08,0.0009416702161500776,0.7348696861267091
408,01,-7.079607454118081e-06,9.77005108642578,0.0024007742763847433,0.000497766507189808,0.7646267884367255
412,05,-2.7662325821888435e-05,-23.158452428017892,0.0,0.0006636143321345607,0.7251711857703425
414,07,-3.405638901301333e-05,-27.630988150319745,0.0,0.0009992564759155084,0.6092420989415978
415,08,-3.2683108437937644e-05,-17.84199171037572,0.0,0.0008798842714115641,0.5766515417201544
416,09,-2.475842662511746e-05,-8.054260448540582,0.0,0.0009952416975374742,0.6528738148583305
417,10,-1.765674730958508e-05,13.677036990258001,0.0,0.0007650325017121314,0.6837250661952521
418,11,-1.2026654228591521e-05,13.685960133870443,8.762069013383654e-05,0.0006722915904273629,0.8003848901536729
419,12,-9.44601224512954e-06,28.97793200421077,5.1136837210706475e-05,0.0005743988471772425,0.7417389381162581
420,01,-8.580053124215514e-06,22.96357862870411,1.0653635506988855e-05,0.0004570045449137564,0.7983653154680804
421,02,-1.1990748406116751e-05,26.598223410470148,1.0926482223329089e-06,0.000413683501669097,0.6781761727560135
423,04,-2.3883861623916246e-05,-16.521862002224392,0.0,0.0007145584834816368,0.6785136405097115
424,05,-3.2321809314922687e-05,-17.350711201329386,5.8457146408737335e-06,0.0007860145196551182,0.6571485758955761
425,06,-3.645346474101341e-05,-28.120134918891054,0.0,0.0007369192126624208,0.5881563861846926
426,07,-3.570791800838603e-05,-18.498887496784167,0.0,0.0012707728695600497,0.6470219174046671
427,08,-3.5946427165531874e-05,-15.756697428713563,0.0,0.00083940602619154,0.6329949576265069
429,10,-1.6616273676728237e-05,8.951883064844276,0.0,0.0007536827149327755,0.7446583362292218
430,11,-1.0089955154782932e-05,6.784489759657117,3.112157185872396e-08,0.0007041661412425191,0.7732809034559462
431,12,-1.0581146033268115e-05,22.95546643394552,0.0004054831791949528,0.00047802787376777174,0.7436095230348649
432,01,-9.2527426375611e-06,26.340960131573418,0.00016244323407450028,0.000489844752344597,0.7490556118872858
433,02,-8.153189459681882e-06,8.31590086110433,9.767446773392813e-05,0.0003498088643584164,0.6187316334588188
434,03,-1.5915630637317265e-05,-1.6360386480515998,2.4049384619600027e-06,0.00042303985436162447,0.6124300711847119
435,04,-2.4346638547669703e-05,-22.934988667466907,9.625487857394749e-09,0.0005260060907692656,0.5820095488230386
436,05,-3.070366395367009e-05,-25.76910455847299,0.0,0.0007177736570713329,0.6242730488520797
438,07,-3.7615658574522775e-05,-25.170489753641114,0.0,0.0010782962788556474,0.5755130044670517
439,08,-3.326061218056918e-05,-12.586229408838417,0.0,0.0013657396460582901,0.6391717044871341
440,09,-2.5603061031688413e-05,-1.6679924726698132,0.0,0.0007566028229298049,0.6096027513292099
441,10,-1.3186316454061119e-05,-1.463842040031187,0.0,0.000853078227212879,0.6930619200019426
442,11,-1.4898132296588707e-05,27.46974549831814,4.5776367187500004e-09,0.0007983321246238999,0.7604801555633546
443,12,-8.385574634596725e-06,33.275967709449034,0.0,0.0007795188684168917,0.8201382914307299
445,02,-1.2519085415486441e-05,14.879537966322628,1.52496250196435e-05,0.000396557157183862,0.6743794851193482
446,03,-1.4810545610421827e-05,-5.396197126162949,3.62938924502301e-05,0.00045848496732475713,0.7097408081382832
447,04,-2.7581765115751797e-05,-20.820068422105575,1.3241238064236113e-07,0.0004367676396880408,0.636205225669013
448,05,-3.16294027814815e-05,-19.310568396455505,0.0,0.0007176550833915553,0.6191458486331407
449,06,-3.356170396635004e-05,-23.02242342732747,0.0,0.0010927039331910299,0.7205961045159235
452,09,-2.4645985519115736e-05,-7.889081433783638,0.0,0.0009151321535124882,0.524225977367825
453,10,-1.526362983537594e-05,-3.798430909843855,0.0,0.0005933222717686742,0.6597179581426803
454,11,-1.1750765303218536e-05,10.89123139716254,3.956906927956475e-05,0.0005619674263660951,0.707203536605835
456,01,-6.416161365773257e-06,12.223324068787278,0.00022398640519829207,0.00038658891371489107,0.6294768250988375
457,02,-8.18821650381367e-06,12.903916228158135,0.00023337035661651976,0.0005283647472425172,0.7587214859099616
458,03,-1.5800369091061108e-05,2.527072602630943,0.0,0.0006005471790666234,0.6677468735889723
460,05,-2.9667726341906155e-05,-25.198657173730993,0.0,0.0009037413714048589,0.6373602849898801
461,06,-3.566179110415154e-05,-31.36642959594727,0.0,0.0011968786994141958,0.6336122379302978
462,07,-3.888270218750779e-05,-23.176640851420746,0.0,0.0012087215603821659,0.7181722790707824
464,09,-2.5415033401845397e-05,-5.530321179199219,0.0,0.0008053615700507684,0.6659469718509251
466,11,-1.2597567349661808e-05,15.910226154920792,3.65040037367079e-07,0.0005069242515831825,0.7324336131201851
467,12,-7.748080553331723e-06,20.40142875687794,0.0006995919622400755,0.0004944631197981608,0.8281377038853143
468,01,-8.493993727101315e-06,23.796599253992884,1.641540501707344e-05,0.0004060688798143667,0.773939332449308
469,02,-1.1806723732206594e-05,-2.6082788761683875,9.837871222268968e-05,0.0002829947456795624,0.49758824085053943
470,03,-1.3339704251535219e-05,-6.768148279333628,0.00012620726580260901,0.00046114679775602243,0.7746929998910554
471,04,-2.4140652476206825e-05,-8.481860700141059,0.0,0.0007254045517381757,0.6661409033033583
472,05,-3.631899526441482e-05,-17.44638056798135,0.0,0.0007784020966188845,0.5143529167175294
473,06,-3.447691067930363e-05,-33.33076165534125,0.0,0.0009423105013197868,0.6253157601250542
475,08,-3.324744642680256e-05,-25.59706884437479,0.0,0.0010718811275108415,0.6070490633236465
476,09,-2.7110998255941223e-05,-4.088550005425346,0.0,0.0010813803784312972,0.6058865221235487
477,10,-1.717439320385384e-05,2.0582064438686585,1.104806956424508e-05,0.0008625090847966448,0.639095217099754
479,12,-7.425197422547768e-06,21.47761040308142,5.2109628595331655e-05,0.0005544804356621699,0.7783618319521668
480,01,-8.170035396257738e-06,18.813249751593478,0.0003725200532585062,0.0004562786708415723,0.7528509053055958
481,02,-8.232899953890454e-06,13.675333238874163,6.108944188980828e-05,0.0004878204055308429,0.5672636126563663
482,03,-1.7898125718357898e-05,7.876527682396675,0.0,0.0005073455370986293,0.721235720644715
483,04,-2.786484313502215e-05,-15.88577495863173,0.0,0.0003912166226224751,0.4812803420596652
484,05,-2.8741963674400066e-05,-37.081440074305384,0.0,0.0006720132131989082,0.6394303563435872
485,06,-3.9525050331051005e-05,-23.208365014648436,0.0,0.0009900846631499234,0.5841832686954074
486,07,-3.625940142692049e-05,-31.74150496025496,0.0,0.001190152164367206,0.5832159745411206
487,08,-3.404563471354698e-05,-17.337182702177312,0.0,0.0009153493840614355,0.5233138246843891
488,09,-2.6543087166161665e-05,-4.24653964674208,0.0,0.0009920191406140525,0.6424437209659153
489,10,-1.8569231195137014e-05,10.235854191605762,0.0,0.0009659558784721729,0.7636217814209639
490,11,-1.0039879183467646e-05,10.335369747924807,0.0,0.0005838539287481886,0.7561230901506213
491,12,-8.260583359534854e-06,25.078029959073632,0.0,0.0006186688043578876,0.7474534945334158
492,01,-6.012859741277161e-06,22.106840989635838,1.4043623401272683e-08,0.0005441964545661171,0.7904847107343776
493,02,-1.5386156723984276e-05,31.748662168305497,1.7729275528041798e-05,0.0006172183049920366,0.7392679562185004
494,03,-1.9840231885472768e-05,-1.8349693298339842,0.0,0.00044156570029401656,0.5246091230248892
495,04,-2.7043378228700023e-05,-24.0670989525689,0.0,0.00044264087076846477,0.3913077477349175
496,05,-2.995519203009721e-05,-45.04488896819084,0.0,0.0006991983233638057,0.46418218013804446
498,07,-3.552329937512147e-05,-24.55973527871409,0.0,0.0011676926252908862,0.6232217548739526
499,08,-3.48960954878191e-05,-17.491402352609946,0.0,0.0011642942770002831,0.5777176292583507
500,09,-2.4679065476549213e-05,-6.537764871215822,0.0,0.0009814041400650556,0.5480422061920166
501,10,-1.848353834580477e-05,14.114419966174706,0.0,0.0008436635503033075,0.7742676958063597
502,11,-1.0186800306089735e-05,15.631692754109702,0.0,0.0007050563983345021,0.7008724307590062
503,12,-6.893300624729055e-06,15.732371215492165,1.2867758350987586e-06,0.0004749457487080894,0.8102792325583837
505,02,-9.005972841740524e-06,9.622026147751583,0.0020311918883096605,0.000539877978493261,0.7260083712169102
506,03,-1.5948935392546162e-05,-0.9029574194467195,8.298632919147451e-08,0.0004469089032667109,0.6499336244726693
507,04,-2.588563685021654e-05,-27.98602328389486,1.457011964586046e-05,0.0003414452638194754,0.5903446748521592
508,05,-3.230829694098981e-05,-22.4746828918457,0.0,0.0005485733494364279,0.6661243219273064
509,06,-3.7502937650666964e-05,-26.38411481492784,0.0,0.0010744130859948195,0.6145602842542861
511,08,-3.444879628501263e-05,-12.903870650096605,0.0,0.000943864032105035,0.6586032222214565
512,09,-2.3354238802332672e-05,-7.743464881388346,0.0,0.0009716396207307595,0.6791360401577418
513,10,-1.864643046111826e-05,14.62936670381279,0.0,0.0007882013383125549,0.7194449672083701
514,11,-1.0072340758698473e-05,9.36498726196289,2.1571267975701224e-05,0.000526706469721909,0.77442657178243
