,month,MER,MSSHF,RH,EA,SCA
0,01,-7.186377549426466e-06,5.464709561255669,62.6901256937955,-0.98,0.53
2,03,-1.408509512223264e-05,7.08405715679866,62.090667984242096,-0.94,0.75
4,05,-2.839083756912113e-05,-16.16055940262989,64.02205650719006,1.45,-0.38
5,06,-3.330413338050373e-05,-22.16353809509278,52.028707694198026,0.15,0.19
6,07,-3.0671342559486147e-05,-22.637875941122733,53.00265082314577,-0.59,-1.45
7,08,-2.8487004876296853e-05,-12.56110269165039,50.14281140049425,-0.92,0.38
8,09,-2.3132900744369383e-05,-4.023202255249023,42.3501046719922,-0.42,-1.41
9,10,-1.6345863611966567e-05,2.642213581372333,56.92965585534547,-0.26,1.26
10,11,-1.1569333000928361e-05,13.890767045423724,49.679388139549886,0.62,-0.15
11,12,-1.207531024335357e-05,24.691616260159407,64.98245628347064,0.94,0.35
13,02,-7.359469057738698e-06,6.865867059466484,53.581606617508264,-0.13,0.82
14,03,-1.4070489600584629e-05,-6.186828353717764,55.02083505403355,0.18,1.27
15,04,-2.282624180893941e-05,-17.872287172783746,48.97103869282801,-1.99,0.62
16,05,-2.9285246377967465e-05,-30.998830406271004,47.47244699586335,-1.45,0.68
17,06,-3.014735746900341e-05,-26.066622504679362,62.37913317463399,0.38,0.32
19,08,-3.1051088017916934e-05,-11.540256553403795,47.008779259716306,-0.68,-1.35
20,09,-2.365392635981859e-05,-3.0327022542317708,42.946886476458445,0.9,-0.14
21,10,-2.1172643707369163e-05,7.590982919672484,58.4636376896443,0.42,-1.17
22,11,-1.4279194747299093e-05,14.235161112806532,54.54851769668525,-0.2,-0.4
23,12,-7.873070872231058e-06,26.063403682913826,61.380955716897084,-1.29,-1.51
24,01,-7.860688640385075e-06,20.899533713063885,47.875411116570554,-2.52,-0.75
25,02,-8.991757432514056e-06,2.888394768487839,50.11619150138895,-0.95,0.59
27,04,-2.2320882245185202e-05,-19.334173597547743,50.02077896680037,-1.5,-1.34
29,06,-3.0904296795920855e-05,-15.787571440294057,51.69619375912348,0.57,-1.07
30,07,-3.173775886429094e-05,-20.80200322239373,49.75860673643311,0.83,0.7
31,08,-2.8741253340065727e-05,-19.03508228654759,42.77699926753197,-1.48,-0.05
32,09,-2.269007780640903e-05,-3.5648343312581385,46.85175361700852,0.54,-0.06
33,10,-2.174942796122078e-05,9.781940688922843,60.93410625634399,0.16,-1.35
34,11,-1.4328458308167076e-05,19.586548003133142,54.57233108670976,0.01,-0.69
36,01,-5.276928763964617e-06,11.574925520045783,58.01885871766587,-0.23,-0.77
38,03,-1.6001877676116956e-05,1.792558938959594,55.95160838729334,-0.47,0.72
40,05,-2.9170486620455693e-05,-20.4214844770534,47.92201473479629,0.72,-0.86
42,07,-3.416977696542745e-05,-21.999847670688425,39.2781192299025,-1.59,0.39
43,08,-3.1963929242763654e-05,-15.790871219429917,46.55304641459066,0.33,-0.5
44,09,-2.1331834113273846e-05,-6.238656323920356,43.43915766518911,1.15,-0.3
45,10,-1.6551261839878706e-05,3.491510892150223,54.79260846710333,0.74,1.47
46,11,-1.519573135911843e-05,20.401449884033198,56.70156626680825,0.85,0.21
47,12,-1.0313162028783104e-05,17.753608460457098,55.75187243828721,-1.34,-0.28
48,01,-1.1369238679367056e-05,31.70380508160335,51.86229076744793,0.59,-1.33
49,02,-1.1685804688698098e-05,2.732715975443522,46.129101684696614,-1.05,0.47
52,05,-2.6606813441591635e-05,-11.409518621957432,66.050863289825,1.06,1.48
54,07,-3.282222612492611e-05,-33.091220865229126,44.1499227373741,-1.72,0.74
55,08,-2.6941880611302234e-05,-27.08358682743196,31.77761535606461,-0.54,-0.44
59,12,-8.522425015388596e-06,21.808005747805364,57.410435429080856,-0.05,-1.87
60,01,-1.1848107099418698e-05,28.771229348787696,56.9102486772409,-0.31,-0.46
61,02,-9.682757584759485e-06,6.4267875001403105,47.08914505602986,-0.34,1.31
62,03,-1.3818876191033916e-05,-6.2181760956138685,56.610379949503034,-0.9,1.46
63,04,-2.3066575134180317e-05,-21.124448284233942,53.13685258980724,-0.4,1.51
64,05,-2.301351515928619e-05,-21.276121071107926,61.30564291210714,-0.92,0.98
65,06,-3.0384449369921637e-05,-25.249517172580298,53.14751710217263,-1.29,0.03
66,07,-3.052118788760435e-05,-16.333257173927887,51.58020934386151,-0.41,-0.72
67,08,-2.8069958612225798e-05,-17.017802792784988,42.472240740586344,-2.22,1.24
69,10,-1.5594664512004833e-05,12.420039781796033,52.5519555827328,1.91,-0.3
71,12,-7.343828446024142e-06,12.754345215500043,59.86620702467682,-1.18,2.84
72,01,-6.201572312694294e-06,7.789162023728894,59.71689801232405,-0.78,0.41
73,02,-7.646551471441942e-06,-7.170963860648018,49.17462651499538,-0.14,-0.2
75,04,-2.3272295822324753e-05,-10.486857863362628,59.37646033687326,0.3,-0.88
76,05,-2.800802443084893e-05,-16.149492612120927,55.7763452255995,-0.66,1.28
77,06,-3.090711121482552e-05,-17.990251360066733,61.34983533646531,1.06,0.11
78,07,-3.447742918110781e-05,-15.274860501197074,50.75858460182529,-0.23,0.15
79,08,-3.3271033724499884e-05,-4.3656862228557625,49.79625837316948,0.63,0.25
80,09,-2.244669017984254e-05,-3.3109654418945316,48.444472670045165,-0.18,-2.12
81,10,-1.5745955748394817e-05,1.4800897167574978,41.847355274659336,0.17,0.37
82,11,-1.5779393952086846e-05,2.730464919026692,53.6031213278585,-0.17,0.06
83,12,-6.748697063030508e-06,22.216181771555252,62.92255071562849,0.12,0.06
85,02,-9.105866422227595e-06,-15.737989101954868,41.279925076501705,-0.59,0.94
86,03,-1.09558865346488e-05,2.199697240357758,53.96111336709735,0.33,1.15
88,05,-3.1224375424332516e-05,-18.680161248648037,54.14751819698144,1.4,0.14
89,06,-3.5890827366468634e-05,-24.274000357055662,43.53411597645681,0.86,1.4
90,07,-3.000731417455182e-05,-30.125119514383297,48.19723509739805,-0.71,-1.95
91,08,-3.1366839325049225e-05,-20.726613564768147,49.22354232249208,-0.33,0.55
92,09,-2.1116000810717296e-05,-5.870355172729491,52.886519872754164,-1.34,-2.04
94,11,-1.2770530823662637e-05,20.62896745435927,57.76803370095226,0.72,0.15
95,12,-1.128779906788603e-05,28.043287035542146,58.52688881322774,1.13,0.49
96,01,-8.849628261046861e-06,-8.473066081057311,52.03738375666833,0.06,0.18
97,02,-5.771432554432804e-06,6.824847212655203,67.52644709656069,0.78,-0.52
98,03,-1.3287096029671374e-05,-5.803373095440609,55.151999684815046,-1.53,1.03
99,04,-2.2575659647211267e-05,-11.442104777696397,52.015024873095086,0.76,0.66
101,06,-2.8837502824555686e-05,-20.989433822292757,61.5306473079814,0.95,0.32
102,07,-3.379324687933062e-05,-20.07741719498173,55.40260847481861,-2.42,-0.97
104,09,-2.5696148892024614e-05,-3.969099077690972,51.22118268649578,1.53,-1.01
105,10,-1.9746457593286597e-05,13.28605210072507,59.41998880579267,1.01,1.4
106,11,-1.2423982501220758e-05,8.69252590874566,58.77474638277293,-0.54,0.36
107,12,-5.659096497726741e-06,10.619382738339004,50.16868590621025,0.95,-1.38
108,01,-9.400724827868036e-06,23.76198229324177,64.8158600401199,0.99,0.72
109,02,-1.553154618433063e-05,17.196350676788683,61.10995617006565,-0.83,0.6
110,03,-1.4791143874625109e-05,4.141464673442225,71.63935923557511,0.4,0.49
111,04,-2.4692344382775542e-05,-22.74501348402235,55.09817502149212,0.19,-0.96
112,05,-3.182606770285695e-05,-15.882362545546664,52.83810746537357,-0.01,0.85
113,06,-2.7714982728361462e-05,-28.63852083367242,47.29024293223089,-1.71,1.93
114,07,-3.385038605679304e-05,-9.511822006717805,59.07058047961163,1.25,0.81
115,08,-3.211179117533902e-05,-13.866469908683532,47.473473327189375,0.77,-0.19
116,09,-2.5435363158006416e-05,2.907980506727431,49.177534459747214,0.42,-1.08
117,10,-1.6347254436593455e-05,7.273599919801116,47.520342997120274,-0.66,0.1
119,12,-7.866494279115095e-06,20.208327730240367,52.71666673100892,-1.18,-1.98
120,01,-5.490775168401608e-06,12.580168148245866,46.32122026583841,0.7,-0.31
121,02,-1.1993180484209699e-05,15.243881237211681,52.799659086113884,0.22,-1.14
123,04,-2.3728384267512105e-05,-15.711892689005532,62.36782957411343,1.12,1.96
124,05,-3.2913617601255e-05,-32.404015432706444,43.15242019264416,-0.26,-1.85
125,06,-3.3498540398290464e-05,-35.047065074327264,55.710710440916486,-0.87,0.78
126,07,-3.3625666249610085e-05,-27.510599928661055,42.19065745926929,0.02,0.2
129,10,-1.9913688146604526e-05,14.103063629806684,48.60193847477949,-0.35,-0.65
130,11,-1.311930024130561e-05,7.912713109334308,43.72629240063826,-1.88,0.89
131,12,-7.719866410816296e-06,20.033501539989185,45.286219627095804,1.42,-1.58
132,01,-9.708490018202875e-06,23.531725362798216,54.619796854420386,0.19,0.16
133,02,-1.709957590030951e-05,31.83555304718018,59.52337883048256,1.55,-1.68
134,03,-1.7018775953137494e-05,2.372058311872584,47.98838851665681,1.31,-1.97
135,04,-2.7999317039636173e-05,-19.276666238742408,46.732171709169286,-0.67,-0.72
137,06,-3.068480971400681e-05,-23.63770078192817,52.16888050745726,0.57,0.03
138,07,-3.559518055198981e-05,-33.07448882301904,37.832517702871755,0.02,-0.79
139,08,-2.897321149455781e-05,-28.290339532667595,47.590817581110095,-0.24,-0.15
140,09,-2.7407515947157255e-05,-3.6402964202880854,48.108384553693405,-1.44,-0.21
141,10,-1.8407037761653066e-05,10.48773665069252,49.92561818830045,0.18,1.22
142,11,-1.0645134954231454e-05,8.876481322224937,54.38112868225972,-0.15,-0.08
143,12,-1.0178729378000547e-05,19.264495642221096,49.02194799312469,-0.78,-0.15
144,01,-9.804670876438911e-06,24.167181801416536,38.86062395377826,0.92,0.0
145,02,-6.996622216688376e-06,0.507544446309408,46.996895068120395,0.15,1.72
146,03,-1.2629808311264428e-05,-0.5304674036169569,53.76618897918476,0.7,0.92
147,04,-2.5889148811054637e-05,-18.50936585184733,50.20018549894757,-0.86,-0.86
148,05,-2.5811937759284265e-05,-33.066711107479634,47.67298183366304,-2.66,-1.53
149,06,-2.987989489524302e-05,-20.686577268473304,57.62339900992447,-1.45,-0.71
150,07,-3.606362330103894e-05,-12.26554677852508,46.37869990175771,-0.86,-0.51
152,09,-2.1833397036001162e-05,-8.548686426798504,39.4321560544822,0.48,-1.37
153,10,-2.004618059737534e-05,2.17344532234438,45.307421456006274,-1.63,0.18
154,11,-1.4646135411648073e-05,14.444811823866104,60.08639300202131,0.49,0.02
155,12,-7.654158530845394e-06,17.942148733159545,42.031411531264894,-1.3,0.01
157,02,-7.568776633878318e-06,10.513905402874128,42.596786469010105,-0.19,-0.03
158,03,-1.6743815379482177e-05,3.675611719931326,56.535387553599556,-0.08,0.41
160,05,-3.502280750303383e-05,-18.415903687507882,37.98684394011575,0.53,-0.67
162,07,-3.3542465003026134e-05,-26.574038988010855,46.61348771423679,-1.23,-1.03
163,08,-3.290884278264643e-05,-13.404264240552024,52.83446418771308,1.74,-1.24
164,09,-2.5466491539959356e-05,-1.4094354346381297,48.6797681992597,-0.22,1.59
165,10,-1.9484351597922247e-05,1.9587082073252686,58.379234332862715,-2.36,-0.08
166,11,-1.321692710625939e-05,23.694389510769323,50.96693710040848,1.0,-0.73
167,12,-8.425528942156701e-06,11.411874493342573,45.69198678764476,-0.05,-0.18
168,01,-9.715480358609446e-06,34.39173987899288,57.42208674485646,0.63,-1.29
169,02,-8.449411843078754e-06,-1.1622854381742926,41.2482318814184,-1.82,0.06
170,03,-1.4966802825774622e-05,-6.011914413616221,42.24266758934657,-0.03,-0.1
172,05,-3.0932743489659034e-05,-26.541132331437964,51.168041845343446,-0.68,1.49
173,06,-3.281592492067931e-05,-24.277929318237305,46.836056776909025,-0.44,-0.48
174,07,-3.3366269429406925e-05,-23.52127023184171,53.23872095220833,-1.41,-0.18
175,08,-3.234485571499712e-05,-11.285276480397874,49.79429166342623,-0.81,-0.63
176,09,-2.2725771390226628e-05,-2.4448908416748045,57.50485973500145,-0.46,1.18
177,10,-1.798888249350155e-05,2.3637267239478326,43.9463890340828,-1.13,0.76
178,11,-1.1587640056374466e-05,-1.8295716874864363,52.225245416957804,-0.77,1.9
179,12,-9.250304196792702e-06,31.236705364924607,64.63241229699248,0.43,-0.04
180,01,-8.814763398506955e-06,28.086010490499522,59.814965074129006,0.0,-0.24
182,03,-1.5868986940443404e-05,12.424105568506382,56.25959003628518,0.7,-0.72
186,07,-3.466171150601792e-05,-32.442688338413035,36.16844127948567,0.97,0.6
188,09,-2.649383951805552e-05,-2.2674784339057075,50.77799905458556,-0.79,-0.02
189,10,-1.8016295581522476e-05,4.47270425086893,52.33998963107474,-0.9,-1.33
190,11,-8.92097842036795e-06,12.752254605102538,55.27824593100681,0.76,-0.53
192,01,-1.2804497735976505e-05,25.385474410518523,57.77612080058489,0.09,-0.09
193,02,-1.271823695051786e-05,20.178666164579848,60.9734689490412,1.03,-2.08
194,03,-2.219248033328259e-05,-0.5256330294045062,56.57506640008187,-2.46,-0.32
195,04,-2.3056703787511248e-05,-15.611610607231992,48.9374839578549,-1.71,-0.98
196,05,-3.3250014936618425e-05,-29.631465932538433,52.844916530618114,0.06,-0.35
197,06,-3.44918315846169e-05,-24.446217814466692,49.08188772321145,-1.84,1.69
198,07,-3.591561413959817e-05,-25.92438248894804,39.340810654867084,-0.8,-0.36
199,08,-3.331847033315239e-05,-31.29434137422295,33.68999910253863,-2.09,0.06
201,10,-1.4566836962311297e-05,5.514771194293934,41.310020164710224,0.53,0.69
203,12,-8.991161045966975e-06,-5.598886509064706,48.51484771922968,0.57,-0.89
204,01,-7.460320452180465e-06,-0.4728464959257379,45.67560021059616,-0.53,2.86
205,02,-7.544903639281147e-06,5.38362545916678,55.18347650017959,-1.12,-0.22
206,03,-1.2827322511164368e-05,-10.990242480862525,51.72073062135199,-0.65,2.15
207,04,-2.0502408365953464e-05,-21.604367342122394,58.54018084150156,-0.69,1.24
208,05,-2.4253428110207234e-05,-26.022296560964275,51.92535755428705,-0.38,0.36
209,06,-2.8253365109311642e-05,-38.732165323215064,41.61192797080808,-0.53,-0.33
210,07,-3.142641031134248e-05,-27.054918192217425,49.82263012584947,0.39,-1.59
211,08,-2.9903093116464793e-05,-15.358725825155936,42.33743624172287,-0.08,2.93
212,09,-2.534073391895315e-05,-7.00570699428982,43.673043699496326,-0.95,1.03
213,10,-1.7171301486478214e-05,8.106230379494288,51.02844809201841,0.49,0.4
214,11,-1.4551765714713837e-05,14.46901237657335,58.72207561985916,1.38,0.01
215,12,-8.836182103413613e-06,1.1414017176474303,51.832999992789766,-1.52,-0.19
217,02,-9.97768289436776e-06,28.48145621345157,61.04910012837534,1.06,-0.87
218,03,-1.2413017713795421e-05,-3.0697627356744577,49.8996438915832,0.27,-1.33
219,04,-2.201332183204714e-05,-17.60772253417969,50.15108422283994,-1.91,-2.44
221,06,-3.476727682935032e-05,-20.254541469319665,56.16686724849277,-0.75,1.64
223,08,-3.064838395117496e-05,-15.397676236060358,39.11490551742816,0.18,1.18
224,09,-2.7053925191669103e-05,-10.968042353990342,40.873450344501606,-0.81,-1.42
226,11,-1.1372840429430654e-05,5.54297788119846,52.451002673839106,0.92,1.42
227,12,-9.893875752236308e-06,16.98351939342868,60.12797338394067,1.74,0.61
228,01,-1.1099072907757458e-05,24.386054642872143,54.87726956107148,0.14,0.59
230,03,-1.582076560769428e-05,4.910139277304372,64.38913835901599,0.49,-0.05
231,04,-2.2395207648413717e-05,-10.670934447903104,67.35853829729425,2.39,0.54
232,05,-3.182257207745645e-05,-20.036693252071256,51.31070372274871,-1.25,0.25
233,06,-3.4082233544055876e-05,-13.138249787733287,60.09514157660935,-0.03,-1.02
234,07,-3.6390916169732936e-05,-13.917790471887077,46.5719772114318,1.04,-1.63
235,08,-3.4686337675251e-05,-19.754633603331865,40.27667498864153,1.31,-2.19
236,09,-2.4247977624205914e-05,0.3736279635959201,55.41774919654528,0.17,1.41
237,10,-2.3367591303340108e-05,14.50471792602539,57.49670259841796,0.71,-0.49
238,11,-1.186565926222506e-05,4.6568576497395835,50.09492808050447,0.11,-0.37
239,12,-8.802920268002493e-06,22.454611907630838,51.308709990082264,0.67,-0.95
240,01,-9.430198710966792e-06,24.63400003675235,61.44896206574927,-0.27,-0.01
241,02,-1.079772392194216e-05,13.779260249546594,59.85849182345754,-1.64,-1.71
242,03,-1.3397230129969535e-05,-0.9194605676794566,60.6708199271861,-2.01,1.68
243,04,-2.54553507465769e-05,-17.42901027967665,53.24983413987689,1.01,-0.25
244,05,-3.422614240797327e-05,-20.88572949317194,50.723297991629586,0.41,-1.28
245,06,-3.759346314859108e-05,-24.964019442409946,49.104056137108806,0.13,0.49
246,07,-3.775679561435789e-05,-20.12216363230059,34.70881050790896,0.48,-0.01
247,08,-3.318467006672979e-05,-13.657699137697938,45.50563225292391,-0.27,-0.39
248,09,-2.59650643648355e-05,-3.5717024329291456,50.26974016195536,1.07,1.24
249,10,-2.1588807777500546e-05,5.981483147405809,48.24640764357326,-0.16,0.81
251,12,-1.3700721242369786e-05,27.986750325848984,63.54783165261822,0.46,-0.34
254,03,-1.4517082142339604e-05,-0.5979741453765541,58.83941007500695,-0.68,-0.92
255,04,-2.355722367422762e-05,-12.813957029554578,60.681698268123455,0.33,0.34
256,05,-3.550879427684679e-05,-19.147158501081563,47.704144963514416,0.2,0.27
257,06,-3.750390542944741e-05,-27.016546727159287,42.780413097916714,1.41,-1.14
258,07,-3.168135436499142e-05,-21.668345875401656,51.88578506780696,-0.27,1.46
259,08,-3.0941285219664524e-05,-19.063545700565466,39.65101154342005,-0.21,-0.11
261,10,-2.1893689024856883e-05,11.235235126454343,57.40779917159772,1.22,1.07
262,11,-1.5146696185204038e-05,20.892512133110895,68.07071139411661,0.64,1.91
264,01,-6.723928980547147e-06,14.384707934964087,53.25762820807451,1.53,1.45
265,02,-9.421481274265325e-06,7.153048214503697,61.79020408172125,-0.39,-0.07
266,03,-1.3063552253355424e-05,-6.242824222359606,58.59238742218351,1.23,-0.53
267,04,-2.4765318735565716e-05,-15.737299090576174,60.65160554169682,0.65,-0.52
268,05,-3.372209000100225e-05,-25.790908090242777,45.58359570831253,0.33,-0.73
269,06,-3.303585196628976e-05,-31.827683939954966,48.06642211600013,-0.14,-0.58
271,08,-3.349079792080317e-05,-13.273838911159066,49.470468634774605,1.83,-0.55
275,12,-9.904081011676856e-06,14.487402564920403,52.82181985401466,-0.89,0.68
276,01,-6.60295483731882e-06,23.604068570044735,51.65779350411636,1.68,-0.7
277,02,-1.6342577849974034e-05,27.257544948032923,61.67323920420096,1.43,-1.61
279,04,-2.4829810814864887e-05,-14.182246478949653,49.20558492463959,-0.19,0.94
280,05,-3.0134792006426703e-05,-17.31557953963741,52.31226475243542,0.15,1.3
282,07,-3.594073215623134e-05,-17.96138944137737,48.60045512300026,0.67,0.2
283,08,-3.0240783373966385e-05,-12.41071590333344,52.640142950275894,-0.39,1.22
284,09,-2.726855740998468e-05,-6.606480073716904,41.46046437310777,-1.87,0.88
286,11,-9.433203981300014e-06,10.082439758300783,57.335292302331666,0.67,0.8
289,02,-9.213011075579354e-06,1.6289639434814458,40.65915042115535,-0.09,1.55
290,03,-1.4304734281419465e-05,-4.024482163624097,45.80751552796749,0.96,-0.36
291,04,-2.383696288773839e-05,-17.2942943037245,47.44735419490735,-0.54,0.9
292,05,-3.0977665722578726e-05,-19.48317038226384,57.695412786129985,1.73,-0.67
293,06,-3.491794925367785e-05,-29.63445593295627,48.58540389312637,1.31,-0.77
294,07,-3.637924248004731e-05,-25.786057973554062,44.12265574810709,1.26,1.01
295,08,-3.1032737283929096e-05,-31.771135562691633,39.36124998163152,-0.16,-1.31
296,09,-2.437035215904568e-05,-12.497950702243381,40.21523504180775,0.75,-0.13
297,10,-2.1305207502659715e-05,-2.352458050143333,49.86598729915773,-1.89,-0.62
298,11,-8.746191556262298e-06,13.336127873399521,55.471923015075255,0.98,1.51
299,12,-8.986315398414586e-06,16.75842543636855,56.42778465677845,-0.49,-0.94
300,01,-8.992702947169514e-06,20.66453995308825,64.87525535803712,-0.45,-0.25
301,02,-1.1818901434843997e-05,12.780648606925178,58.06078212638148,0.32,-0.14
302,03,-1.5225630396960167e-05,1.0669384965794064,50.376974003080406,1.21,1.12
303,04,-2.4217375733618005e-05,-11.611916856553819,59.49211039767795,-0.34,1.04
305,06,-3.421590459786078e-05,-30.121984181382924,54.56608841220009,0.67,-1.26
306,07,-3.5823426863228845e-05,-21.040274605699764,48.61712288511441,-0.23,-0.5
307,08,-3.442271008691844e-05,-10.630728795861687,53.4802156332962,0.05,0.55
308,09,-3.09724094837697e-05,1.3779368174235027,41.60773183429904,0.09,-0.21
309,10,-1.9737982986943505e-05,10.8786054316695,45.96995730125903,-0.6,0.55
310,11,-1.219442167142309e-05,8.63346869269477,52.650442458646836,-1.45,-0.97
311,12,-6.509792311736683e-06,12.651209838210898,41.13814304297201,-1.19,0.13
312,01,-1.0532949036563073e-05,27.835473567839585,50.62756816835045,-1.77,-0.36
313,02,-1.0796667724878803e-05,1.9850640389578682,54.967533898224424,-1.96,0.74
316,05,-3.3327865934669755e-05,-23.83920729967343,52.369123788558014,1.03,-1.49
317,06,-3.715115132452208e-05,-30.632264646063906,50.84424858076307,-1.6,-0.44
318,07,-3.409394384040644e-05,-23.561669685609886,47.80977541725482,0.92,0.68
319,08,-3.320200081173924e-05,-14.21000237282374,41.28222914207624,0.56,0.0
320,09,-2.545146969718593e-05,-6.704652192857532,39.75358392157654,1.44,-0.5
321,10,-1.7187334372416657e-05,10.538457600583316,41.694871458662455,0.57,0.48
322,11,-1.4535249143672345e-05,9.326381112670902,61.63253474075529,-0.36,0.49
323,12,-9.12172876785682e-06,14.485518746324761,56.37181309181387,-1.22,0.94
325,02,-8.8568046297561e-06,4.634872235616048,55.29220876641359,-0.59,0.12
326,03,-1.3873502668170125e-05,-4.782673361173239,59.930227692120816,-0.68,-0.66
327,04,-2.37631702343909e-05,-18.782449027506512,53.65862876264652,1.07,-0.11
328,05,-3.370682173148433e-05,-13.439136345319852,55.415879218805216,1.15,0.13
329,06,-3.4785863751151034e-05,-27.11431088460287,44.96967633606062,0.02,-0.11
331,08,-3.203818718891423e-05,-14.970106861073484,56.166526000266416,-0.52,1.89
332,09,-2.4569920312832332e-05,-1.9050392035590278,48.50952039943403,1.82,0.45
333,10,-2.0357669840078775e-05,8.929626497002058,49.91160704086961,0.66,1.22
335,12,-1.1844671387852061e-05,21.158474252352146,51.61357204472506,1.0,-0.04
336,01,-1.3167410284109127e-05,32.71415653975292,54.798027210791915,1.51,-2.33
337,02,-9.635896793779033e-06,12.227102448962983,62.05461917357218,1.68,0.54
338,03,-1.969343553138324e-05,2.858439688077537,50.951221448258686,0.21,0.53
339,04,-2.5420359923575438e-05,-23.728481532796227,35.425640993569964,-1.23,-1.32
340,05,-3.1186685044343005e-05,-23.42358186127037,55.67473245647261,1.01,0.42
341,06,-3.458860908376663e-05,-19.802041976589628,51.81401281598541,0.55,1.05
342,07,-4.0491175616739144e-05,-14.380545316962786,51.51913973191349,-0.03,-0.2
343,08,-3.430768915528969e-05,-11.902402343421853,46.669440629773256,0.07,-0.13
345,10,-1.4836711174446523e-05,-1.5530790907336818,46.4751422240952,-0.33,-0.16
346,11,-1.4172945336880124e-05,15.984315191311307,55.0159122577058,-2.07,-0.81
347,12,-9.103623443880553e-06,18.67049515623687,44.72693699303237,-0.12,0.43
348,01,-9.98381483742544e-06,30.50790186531313,59.32570013750177,-0.35,0.46
349,02,-9.733829621899499e-06,11.488472740085646,43.235250111784055,0.47,-0.21
350,03,-2.0140387961912898e-05,4.352542552004578,67.29393991330491,0.16,-1.76
351,04,-2.446588194630345e-05,-15.287676639472116,50.48518859204715,0.88,0.18
352,05,-3.326288808405293e-05,-18.37616691179173,46.32872357566895,-0.85,0.53
353,06,-3.476253857051133e-05,-32.52892781643338,47.80475471985869,0.85,-0.15
354,07,-3.577182100015043e-05,-18.878891244211506,53.425692884929724,0.85,1.33
356,09,-2.5189189388381943e-05,-2.5223080678304033,46.95382839618127,-0.3,1.16
357,10,-1.8222273044254205e-05,6.518695762716314,54.30898137165141,0.08,-0.97
358,11,-1.2143508331428165e-05,12.723418456013999,55.05112889809742,-0.89,-0.71
359,12,-6.623100362498576e-06,8.910789440196046,51.189781416840454,-1.44,0.38
360,01,-6.219402897665034e-06,13.638463789416898,56.756673166043,1.13,0.06
362,03,-1.4006747319585248e-05,0.15545269151913163,60.10794240493287,-1.34,-0.51
363,04,-2.2896213735516033e-05,-13.763160278998479,44.90089633327524,0.26,-0.12
364,05,-3.152253704363203e-05,-24.89160391596312,50.72287625494953,1.12,0.38
367,08,-3.326769469126164e-05,-18.63527480389995,42.41847231385144,1.85,-0.21
369,10,-1.8213049179844e-05,4.716025361748153,49.256211021474606,0.96,-0.74
370,11,-1.3997967538165946e-05,28.005924584282763,63.3120259418408,1.48,0.82
371,12,-8.896478755051119e-06,9.686923075029926,62.37685010996686,0.93,0.86
372,01,-6.091251291421628e-06,2.9262350808420488,60.36061479552843,0.38,1.23
373,02,-7.65345504045659e-06,5.717629487900508,61.53230691539674,1.25,1.04
374,03,-1.4227020407356234e-05,-0.1344084672825314,56.345688745778084,1.23,-0.4
375,04,-2.4690822054900404e-05,-20.66956467929416,50.227940069592,0.09,-0.33
378,07,-3.4407490462771055e-05,-31.11366353779454,49.13440625845617,1.8,0.79
380,09,-2.3803562745282155e-05,-1.7829848341200085,47.799041656389505,0.55,0.5
381,10,-1.8914465963579488e-05,8.677334267236855,54.52403665949838,-0.78,0.33
382,11,-1.1904203317903414e-05,4.708053307088217,64.34552551558414,0.24,-0.08
383,12,-7.738160395268594e-06,4.967533013128466,56.59717789244652,-0.49,0.6
384,01,-4.432973011169315e-06,15.641597058367989,49.85520389962581,-1.31,-0.24
386,03,-1.235675504704564e-05,-6.3443144091534345,43.386579177287324,-0.77,-0.98
387,04,-2.5035789431644346e-05,-14.869033695136176,49.48712501599656,-0.59,-0.4
388,05,-3.0008848766624646e-05,-32.62149781881353,48.67582858574712,-0.67,-1.08
389,06,-3.4230032604055946e-05,-25.01744469502767,49.43961729888122,-0.22,-0.57
390,07,-3.7348723895911946e-05,-18.427609645064162,51.34294977803511,0.41,2.48
391,08,-3.274760770019843e-05,-10.64563058373236,50.85391145080519,1.04,0.24
394,11,-8.12447487300637e-06,7.208228931681314,45.10324230610001,-0.09,0.62
395,12,-1.2744765838047034e-05,29.389911852764826,62.27082245179138,0.11,0.53
396,01,-9.557997748420493e-06,23.492998173539362,55.985124487241116,-1.76,0.57
397,02,-6.941694202459045e-06,2.77444112036694,54.92825397600388,-1.73,0.34
398,03,-1.1845709033173812e-05,-9.130659757880753,42.53471919810516,-0.64,-0.47
399,04,-2.412122515035865e-05,-15.116672309705946,65.52592149374486,-0.28,-0.93
400,05,-3.2719707248821014e-05,-19.41600187732328,54.71462800888861,0.52,-0.58
401,06,-3.633841799156573e-05,-15.284035491265191,54.862410076340026,-0.11,-1.42
402,07,-3.9630504535585143e-05,-18.105863085346844,55.33667580591222,1.02,-0.56
403,08,-3.664081436780238e-05,-14.530181596981583,48.63167088847007,1.36,0.85
404,09,-2.780254297756781e-05,-4.337274759928387,47.643611919113,0.38,-0.93
405,10,-1.749340033099435e-05,6.576196681525118,62.883388684188155,-0.32,-0.28
406,11,-9.782895505729057e-06,13.286790387301977,48.36725960095062,1.15,0.68
408,01,-7.079607454118081e-06,9.77005108642578,59.36599973937003,0.88,0.08
409,02,-9.82560560788399e-06,1.2790957768758144,54.799641565576906,0.14,1.0
410,03,-1.6003138249269338e-05,-14.11737674147083,62.83003596656937,-0.24,-0.57
411,04,-2.0434202846445263e-05,-16.983018215264217,45.651346360141694,1.31,-1.1
412,05,-2.7662325821888435e-05,-23.158452428017892,56.92952051083376,0.14,0.48
413,06,-3.319209287441886e-05,-26.815010833062065,45.349666944320994,0.66,0.3
414,07,-3.405638901301333e-05,-27.630988150319745,40.32137145659744,0.63,-0.03
415,08,-3.2683108437937644e-05,-17.84199171037572,39.46305893081491,0.34,-0.82
416,09,-2.475842662511746e-05,-8.054260448540582,49.65095689521101,-0.57,0.38
417,10,-1.765674730958508e-05,13.677036990258001,51.31546706972713,1.39,0.67
418,11,-1.2026654228591521e-05,13.685960133870443,60.59634180396663,0.09,-0.7
420,01,-8.580053124215514e-06,22.96357862870411,63.49304372530727,1.37,1.75
421,02,-1.1990748406116751e-05,26.598223410470148,61.15281964255657,2.23,1.1
422,03,-1.6731313326227373e-05,-1.3453218475669946,47.843510205716214,0.92,-0.47
423,04,-2.3883861623916246e-05,-16.521862002224392,58.86005653639768,0.52,-0.66
427,08,-3.5946427165531874e-05,-15.756697428713563,51.75170243226714,0.75,-0.59
428,09,-2.0748739615697153e-05,-9.244409510294595,35.08465283191469,0.2,1.14
429,10,-1.6616273676728237e-05,8.951883064844276,46.06859467966968,1.02,1.11
430,11,-1.0089955154782932e-05,6.784489759657117,59.376273723493675,0.43,1.77
431,12,-1.0581146033268115e-05,22.95546643394552,54.273882943514856,-0.59,-0.4
432,01,-9.2527426375611e-06,26.340960131573418,62.63006211892765,1.11,-0.18
433,02,-8.153189459681882e-06,8.31590086110433,48.93550452213628,-0.04,-0.37
434,03,-1.5915630637317265e-05,-1.6360386480515998,44.90566300547765,1.2,0.39
436,05,-3.070366395367009e-05,-25.76910455847299,53.73915812349191,0.71,-2.15
437,06,-3.477750818122634e-05,-31.860220404391814,46.7203716229452,1.06,-1.52
439,08,-3.326061218056918e-05,-12.586229408838417,52.3345120203854,1.08,0.87
440,09,-2.5603061031688413e-05,-1.6679924726698132,46.654843129608366,0.15,1.09
441,10,-1.3186316454061119e-05,-1.463842040031187,51.45971762442205,0.22,0.62
442,11,-1.4898132296588707e-05,27.46974549831814,55.57987919455502,1.55,-0.4
444,01,-9.004527324929857e-06,20.359526514525058,60.00615774854665,1.01,-0.68
447,04,-2.7581765115751797e-05,-20.820068422105575,57.557788026644126,0.97,-0.11
448,05,-3.16294027814815e-05,-19.310568396455505,50.32535560724812,0.22,1.05
449,06,-3.356170396635004e-05,-23.02242342732747,60.87640379265148,0.41,-0.95
450,07,-3.758493633006676e-05,-22.269790681900524,47.74635748879372,1.82,-0.7
452,09,-2.4645985519115736e-05,-7.889081433783638,37.34792189491059,3.48,-0.99
454,11,-1.1750765303218536e-05,10.89123139716254,54.5964946256227,-0.45,-0.06
457,02,-8.18821650381367e-06,12.903916228158135,62.959067062718525,0.58,0.67
458,03,-1.5800369091061108e-05,2.527072602630943,59.88884960889175,1.03,-1.02
459,04,-2.5679135762624757e-05,-26.331729773288306,46.84454056873057,-0.62,-1.45
460,05,-2.9667726341906155e-05,-25.198657173730993,56.839670298081565,0.54,0.95
461,06,-3.566179110415154e-05,-31.36642959594727,52.944568701901716,2.03,-1.43
462,07,-3.888270218750779e-05,-23.176640851420746,56.14024401203919,1.83,0.03
464,09,-2.5415033401845397e-05,-5.530321179199219,52.86381167994076,1.58,0.46
465,10,-2.0550294828412475e-05,15.281469091599986,50.30405073937036,0.62,0.3
467,12,-7.748080553331723e-06,20.40142875687794,63.311030514205655,-0.5,-0.48
469,02,-1.1806723732206594e-05,-2.6082788761683875,46.30087924139698,-1.38,0.43
470,03,-1.3339704251535219e-05,-6.768148279333628,63.03257818707726,-0.62,-0.81
471,04,-2.4140652476206825e-05,-8.481860700141059,60.03202422682047,1.13,0.32
472,05,-3.631899526441482e-05,-17.44638056798135,47.40056218499266,-0.07,1.69
474,07,-3.4126774513620195e-05,-44.31138712696363,36.16823902212164,2.36,2.27
476,09,-2.7110998255941223e-05,-4.088550005425346,48.59134079140956,0.15,-0.74
477,10,-1.717439320385384e-05,2.0582064438686585,44.893768001867876,-0.39,-1.11
478,11,-1.049799736220949e-05,11.533768935139973,58.11769115721252,0.32,1.89
480,01,-8.170035396257738e-06,18.813249751593478,61.34680531404607,-1.67,-0.09
483,04,-2.786484313502215e-05,-15.88577495863173,41.53150874974462,-0.96,2.09
484,05,-2.8741963674400066e-05,-37.081440074305384,54.09692304540707,-0.64,-0.11
485,06,-3.9525050331051005e-05,-23.208365014648436,47.86380608810849,1.28,-0.16
487,08,-3.404563471354698e-05,-17.337182702177312,41.57153246440298,1.93,-2.09
488,09,-2.6543087166161665e-05,-4.24653964674208,45.73786681658825,2.19,-0.52
490,11,-1.0039879183467646e-05,10.335369747924807,64.20363267016013,0.07,1.45
491,12,-8.260583359534854e-06,25.078029959073632,56.60606037604423,0.81,0.84
492,01,-6.012859741277161e-06,22.106840989635838,48.67357203781476,1.74,-0.55
493,02,-1.5386156723984276e-05,31.748662168305497,64.97568837541958,1.38,-2.69
494,03,-1.9840231885472768e-05,-1.8349693298339842,46.56073982853019,-0.11,-0.88
495,04,-2.7043378228700023e-05,-24.0670989525689,35.17819720014996,0.58,-1.52
497,06,-3.546342912159163e-05,-30.903872137790252,54.092656515480414,-0.08,0.58
499,08,-3.48960954878191e-05,-17.491402352609946,46.845165995435046,1.57,-1.56
500,09,-2.4679065476549213e-05,-6.537764871215822,41.4254565234277,1.95,-0.47
503,12,-6.893300624729055e-06,15.732371215492165,60.65007041392917,-0.8,2.33
504,01,-7.860778656987515e-06,14.34612370152627,66.80461903254064,-0.04,0.31
505,02,-9.005972841740524e-06,9.622026147751583,54.51137783175566,1.22,0.31
507,04,-2.588563685021654e-05,-27.98602328389486,47.86236142485672,0.31,-1.16
508,05,-3.230829694098981e-05,-22.4746828918457,60.26473778712485,0.8,-1.06
509,06,-3.7502937650666964e-05,-26.38411481492784,47.88007799596918,1.02,-0.11
510,07,-3.6336240956178925e-05,-19.074829963273896,48.14752719921964,2.16,1.48
511,08,-3.444879628501263e-05,-12.903870650096605,45.419211714576655,1.08,-1.4
512,09,-2.3354238802332672e-05,-7.743464881388346,41.71682162190013,1.7,-0.14
513,10,-1.864643046111826e-05,14.62936670381279,46.729617401201246,0.86,-0.18
514,11,-1.0072340758698473e-05,9.36498726196289,49.88987413275507,-0.91,-0.77
