,month,MER,MSSHF,SD,SH,msl
0,01,-7.186377549426466e-06,5.464709561255669,0.010292715281568547,0.00035855482704265606,481.24518
1,02,-7.399999772068052e-06,2.729709174746558,0.0088853447891417,0.0003947880218570064,228.54741
2,03,-1.408509512223264e-05,7.08405715679866,0.00040960040271923105,0.00044260006009506144,211.5083
3,04,-2.191347909663616e-05,-15.59233038906521,3.557954761717054e-05,0.00044040625960559647,-32.289883
4,05,-2.839083756912113e-05,-16.16055940262989,4.408267492889076e-05,0.0007071434940667084,-182.3917
5,06,-3.330413338050373e-05,-22.16353809509278,0.0,0.0009014931640296304,-434.3283
6,07,-3.0671342559486147e-05,-22.637875941122733,0.0,0.0010329003032600922,-494.6075
7,08,-2.8487004876296853e-05,-12.56110269165039,0.0,0.0009515669327950404,-399.1636
9,10,-1.6345863611966567e-05,2.642213581372333,5.061999700402701e-05,0.0009355248356116273,73.55471
10,11,-1.1569333000928361e-05,13.890767045423724,8.024262719684175e-05,0.0005703534181247354,318.96487
11,12,-1.207531024335357e-05,24.691616260159407,0.00017524099221793556,0.000536514795466784,364.286
12,01,-5.795284385228985e-06,8.867661568262244,0.000661063572411896,0.0002899667802897751,482.4283
13,02,-7.359469057738698e-06,6.865867059466484,0.00011199214540678879,0.0004711822304191866,549.45496
14,03,-1.4070489600584629e-05,-6.186828353717764,6.114121534491099e-05,0.00038754746073307194,248.93802
15,04,-2.282624180893941e-05,-17.872287172783746,0.0,0.0003994695938296395,21.366056
16,05,-2.9285246377967465e-05,-30.998830406271004,0.0,0.0004922136487145694,-240.04031
17,06,-3.014735746900341e-05,-26.066622504679362,0.0,0.0008849550965466025,-462.0226
18,07,-3.1905643976779664e-05,-14.025872309859079,0.0,0.0008957915342465621,-506.18768
19,08,-3.1051088017916934e-05,-11.540256553403795,0.0,0.00108178564986637,-425.53217
20,09,-2.365392635981859e-05,-3.0327022542317708,0.0,0.0009669164780382541,-162.8398
21,10,-2.1172643707369163e-05,7.590982919672484,0.0,0.0007849959412277741,108.159645
23,12,-7.873070872231058e-06,26.063403682913826,0.0016069860227646364,0.0005165828911668244,463.93848
24,01,-7.860688640385075e-06,20.899533713063885,0.0019344636983768915,0.000374949257934248,624.588
26,03,-1.2076194787720939e-05,11.89821663673975,0.0001724853964262111,0.0006871956544953496,185.43669
27,04,-2.2320882245185202e-05,-19.334173597547743,1.5786700778537326e-06,0.0005069280005498918,-79.94849
28,05,-3.0310256707952082e-05,-17.47440350473055,9.34754648516255e-08,0.0007153930285222947,-190.93576
29,06,-3.0904296795920855e-05,-15.787571440294057,0.0,0.0009842194550476254,-398.66006
30,07,-3.173775886429094e-05,-20.80200322239373,0.0,0.001004735188951267,-539.99445
31,08,-2.8741253340065727e-05,-19.03508228654759,0.0,0.0010760535270361797,-415.33502
32,09,-2.269007780640903e-05,-3.5648343312581385,0.0,0.0008672290949221253,-154.1243
33,10,-2.174942796122078e-05,9.781940688922843,0.0,0.0006867919335684071,86.36515
34,11,-1.4328458308167076e-05,19.586548003133142,2.2300614251030816e-06,0.0006729366678450485,373.28616
35,12,-7.687594037497059e-06,8.885675470167591,0.012596724167946844,0.0004129887476064696,440.3484
36,01,-5.276928763964617e-06,11.574925520045783,0.0001972472347239012,0.00046975674859519613,420.78204
37,02,-7.864293709969517e-06,5.468580898829869,2.739869412921724e-07,0.000443328927262103,313.3103
39,04,-2.3437909088230905e-05,-21.874123499891493,2.168152067396376e-08,0.0004928932368082314,-81.24005
40,05,-2.9170486620455693e-05,-20.4214844770534,0.0,0.00055373141337474,-231.43024
41,06,-3.17826830204164e-05,-27.949367026435006,0.0,0.0008103595633521967,-382.00098
43,08,-3.1963929242763654e-05,-15.790871219429917,0.0,0.0009689928345582772,-440.87094
44,09,-2.1331834113273846e-05,-6.238656323920356,0.0,0.0009065412273818056,-173.23726
45,10,-1.6551261839878706e-05,3.491510892150223,0.0,0.000806341602621908,10.89125
46,11,-1.519573135911843e-05,20.401449884033198,5.0221549140082464e-08,0.0006367408295191699,273.35968
47,12,-1.0313162028783104e-05,17.753608460457098,4.658237964876236e-05,0.0004811068228571663,425.01566
48,01,-1.1369238679367056e-05,31.70380508160335,0.00012911142713280135,0.0005065474144361389,555.20667
50,03,-1.3839232150540515e-05,-0.5926843497983868,2.071826688704952e-05,0.00048506053711077566,299.56772
51,04,-2.090864053300013e-05,-10.60586452026367,1.1234845055474176e-05,0.0005298972676287223,-123.74166
52,05,-2.6606813441591635e-05,-11.409518621957432,0.0,0.0006822573668070693,-247.85803
53,06,-3.6603149109497395e-05,-25.008415187242296,0.0,0.0008680787925681217,-324.63458
54,07,-3.282222612492611e-05,-33.091220865229126,0.0,0.0011865903298230965,-509.88992
55,08,-2.6941880611302234e-05,-27.08358682743196,0.0,0.0007854492272301715,-455.67865
56,09,-2.725831751290065e-05,0.9693071214463977,0.0,0.0008300272881937013,-256.8452
57,10,-2.1395454446465794e-05,12.186390243366201,0.0,0.000809845710132114,43.862587
58,11,-9.367185011372688e-06,10.117007967122396,3.5537613762749565e-08,0.0005637446514673988,286.81296
59,12,-8.522425015388596e-06,21.808005747805364,2.6479295504990444e-05,0.0005939787194328425,430.90454
61,02,-9.682757584759485e-06,6.4267875001403105,8.748411584174497e-05,0.0003115679466334117,536.984
62,03,-1.3818876191033916e-05,-6.2181760956138685,9.418372313181559e-05,0.00032761467128058087,285.35498
63,04,-2.3066575134180317e-05,-21.124448284233942,5.596658653683133e-05,0.00045012077381442295,-78.30711
64,05,-2.301351515928619e-05,-21.276121071107926,3.1990530670330086e-06,0.00067266253149976,-251.28748
66,07,-3.052118788760435e-05,-16.333257173927887,0.0,0.001033779662579662,-543.43256
67,08,-2.8069958612225798e-05,-17.017802792784988,0.0,0.0008598136095184325,-434.15317
68,09,-2.2138291550658728e-05,-0.809648367987739,0.0,0.0010072270758296226,-131.58951
69,10,-1.5594664512004833e-05,12.420039781796033,0.0,0.0008134660352591524,57.035595
72,01,-6.201572312694294e-06,7.789162023728894,0.006257890532093664,0.00032037616245556873,555.7761
73,02,-7.646551471441942e-06,-7.170963860648018,0.00039035758092289885,0.00043289734202582635,271.24594
74,03,-1.1304150707112197e-05,-2.56875498781922,0.0002458149412626861,0.00041982346533168605,233.96095
75,04,-2.3272295822324753e-05,-10.486857863362628,3.632929590013292e-07,0.0005507065881250634,-144.92355
76,05,-2.800802443084893e-05,-16.149492612120927,0.0,0.0007271333313690247,-259.25662
77,06,-3.090711121482552e-05,-17.990251360066733,0.0,0.0007727630264536654,-457.36542
78,07,-3.447742918110781e-05,-15.274860501197074,0.0,0.0010814784673431896,-514.2541
79,08,-3.3271033724499884e-05,-4.3656862228557625,0.0,0.0009632387406820798,-470.43365
80,09,-2.244669017984254e-05,-3.3109654418945316,0.0,0.0010995125499796714,-147.10992
82,11,-1.5779393952086846e-05,2.730464919026692,0.0001320727745691935,0.00036442432660848377,235.12888
83,12,-6.748697063030508e-06,22.216181771555252,0.0009846030858255202,0.0006171308285160469,510.61197
84,01,-1.0488508364736625e-05,25.802121266682942,0.0024635101813142014,0.00041564420438127206,539.8999
86,03,-1.09558865346488e-05,2.199697240357758,0.0001382134986180131,0.000417650180977115,216.47058
87,04,-1.9242588071877733e-05,-14.953707265557181,7.426198323567707e-06,0.00039568850197150223,-76.4191
89,06,-3.5890827366468634e-05,-24.274000357055662,0.0,0.0008331960368823792,-413.44382
91,08,-3.1366839325049225e-05,-20.726613564768147,0.0,0.0009093863952855494,-405.65466
92,09,-2.1116000810717296e-05,-5.870355172729491,0.0,0.0010170114291461383,-166.59726
94,11,-1.2770530823662637e-05,20.62896745435927,4.2331218719482425e-08,0.000712386935210562,313.12762
95,12,-1.128779906788603e-05,28.043287035542146,0.00037468132152352284,0.0005160226476652414,468.09766
96,01,-8.849628261046861e-06,-8.473066081057311,0.0005335850459273144,0.00039371051453645855,498.63824
97,02,-5.771432554432804e-06,6.824847212655203,0.00025317513942718504,0.0005444937176130874,412.6997
98,03,-1.3287096029671374e-05,-5.803373095440609,7.337508534872401e-05,0.00038326355497387356,215.44824
99,04,-2.2575659647211267e-05,-11.442104777696397,1.2648238076104058e-07,0.0005509123427555208,-37.645157
100,05,-2.791426425801057e-05,-28.103053294192083,0.0,0.0006231550341834262,-233.62209
101,06,-2.8837502824555686e-05,-20.989433822292757,0.0,0.0008995023713432398,-358.7652
102,07,-3.379324687933062e-05,-20.07741719498173,0.0,0.0011762637337276985,-483.02084
103,08,-3.0242934917310693e-05,-13.572054321945357,0.0,0.0011241900766090502,-426.86053
105,10,-1.9746457593286597e-05,13.28605210072507,0.0,0.0008929555590629677,105.13404
106,11,-1.2423982501220758e-05,8.69252590874566,0.0,0.0005567817669088578,341.6129
107,12,-5.659096497726741e-06,10.619382738339004,5.145294307380593e-05,0.0006231452756041871,359.3552
109,02,-1.553154618433063e-05,17.196350676788683,4.479276722875135e-05,0.00036645799898507564,556.8523
110,03,-1.4791143874625109e-05,4.141464673442225,3.25570567961662e-05,0.00047325576421621175,226.69641
111,04,-2.4692344382775542e-05,-22.74501348402235,0.0,0.0005172340481790242,-35.52745
112,05,-3.182606770285695e-05,-15.882362545546664,0.0,0.0007443033780645266,-228.48997
115,08,-3.211179117533902e-05,-13.866469908683532,0.0,0.0010266525363930598,-422.72488
116,09,-2.5435363158006416e-05,2.907980506727431,0.0,0.0009323654926211424,-193.34601
117,10,-1.6347254436593455e-05,7.273599919801116,0.0,0.0007721173569709835,84.50512
119,12,-7.866494279115095e-06,20.208327730240367,0.0,0.00053423904773601,377.25293
120,01,-5.490775168401608e-06,12.580168148245866,0.0,0.0005023698754026696,362.90594
121,02,-1.1993180484209699e-05,15.243881237211681,4.026403029759725e-06,0.00042497837058714,315.32922
122,03,-1.7582771425163286e-05,5.919001820882161,1.3147951454244634e-06,0.0005982449319345967,163.71944
123,04,-2.3728384267512105e-05,-15.711892689005532,7.404155201382107e-06,0.0005368266940982721,-68.52293
126,07,-3.3625666249610085e-05,-27.510599928661055,0.0,0.000971569565642772,-474.72897
128,09,-2.1827326350689368e-05,-6.781363076782227,0.0,0.0009320243816883804,-186.99207
130,11,-1.311930024130561e-05,7.912713109334308,7.664759953816732e-08,0.0004454905331929088,288.915
131,12,-7.719866410816296e-06,20.033501539989185,2.718377369706349e-05,0.00047829752353097696,406.476
134,03,-1.7018775953137494e-05,2.372058311872584,2.4298456407362414e-05,0.00048062062612102977,194.33542
136,05,-3.125298669270236e-05,-34.3688931694441,0.0,0.00042185220914118,-241.92479
137,06,-3.068480971400681e-05,-23.63770078192817,0.0,0.0008391077614164817,-472.58582
138,07,-3.559518055198981e-05,-33.07448882301904,0.0,0.000870340643866736,-534.35645
141,10,-1.8407037761653066e-05,10.48773665069252,0.0,0.0007825079715910818,-3.5742655
142,11,-1.0645134954231454e-05,8.876481322224937,1.7197676499684652e-05,0.0004970781178460824,138.34424
143,12,-1.0178729378000547e-05,19.264495642221096,0.00010385854269868586,0.0004455819003796224,336.83038
144,01,-9.804670876438911e-06,24.167181801416536,7.464897248052782e-06,0.00029198987653266507,446.59534
145,02,-6.996622216688376e-06,0.507544446309408,0.002555922939663842,0.000305701507385693,495.73093
147,04,-2.5889148811054637e-05,-18.50936585184733,1.8495678901672365e-06,0.00041218083241272116,-0.109731674
148,05,-2.5811937759284265e-05,-33.066711107479634,0.0,0.0005622225995608382,-200.3122
150,07,-3.606362330103894e-05,-12.26554677852508,0.0,0.0011091873102282322,-533.3147
151,08,-2.9805839779475068e-05,-22.79464663072811,0.0,0.0010097339748723264,-410.0398
152,09,-2.1833397036001162e-05,-8.548686426798504,0.0,0.0008007140552823532,-142.02588
154,11,-1.4646135411648073e-05,14.444811823866104,2.8859506713019477e-05,0.0006339337644810405,315.70007
155,12,-7.654158530845394e-06,17.942148733159545,5.5359345610423755e-06,0.00046165224257053707,431.1083
156,01,-5.988280283046514e-06,9.900324605634134,0.0,0.000437638549289248,512.9306
157,02,-7.568776633878318e-06,10.513905402874128,3.7069602944385046e-05,0.00039763415424268303,314.92334
158,03,-1.6743815379482177e-05,3.675611719931326,1.1341134707132974e-05,0.0004879701252311531,253.41708
159,04,-2.3724830210206465e-05,-12.979907084147134,2.5939941406250002e-08,0.000579528459085648,-74.76694
160,05,-3.502280750303383e-05,-18.415903687507882,0.0,0.0005439886107167655,-177.46298
161,06,-3.339920427913765e-05,-25.873405965508358,0.0,0.0008486856836498394,-356.95142
162,07,-3.3542465003026134e-05,-26.574038988010855,0.0,0.0011160113274397768,-499.09235
163,08,-3.290884278264643e-05,-13.404264240552024,0.0,0.0012228114123283905,-391.4895
164,09,-2.5466491539959356e-05,-1.4094354346381297,0.0,0.0008614746787727199,-160.2395
165,10,-1.9484351597922247e-05,1.9587082073252686,1.8078127214985508e-06,0.0005589232049004094,111.10877
166,11,-1.321692710625939e-05,23.694389510769323,0.0,0.0005697992317844588,308.3258
168,01,-9.715480358609446e-06,34.39173987899288,4.798289268247543e-07,0.0005887621752377449,426.7577
170,03,-1.4966802825774622e-05,-6.011914413616221,0.00013486407008222353,0.0004124762266675568,217.52734
171,04,-2.191761210872048e-05,-4.539731902737087,0.0,0.000576000432182122,45.470734
172,05,-3.0932743489659034e-05,-26.541132331437964,0.0,0.0007194121543284234,-197.05435
173,06,-3.281592492067931e-05,-24.277929318237305,0.0,0.0009091609778879503,-432.31476
175,08,-3.234485571499712e-05,-11.285276480397874,0.0,0.0010167660779612973,-412.64578
176,09,-2.2725771390226628e-05,-2.4448908416748045,0.0,0.000888641576060541,-228.09071
177,10,-1.798888249350155e-05,2.3637267239478326,0.0,0.000542134024022548,93.266785
178,11,-1.1587640056374466e-05,-1.8295716874864363,0.00015719194677140975,0.00047988380124447253,294.8905
180,01,-8.814763398506955e-06,28.086010490499522,6.143172710172592e-05,0.0004701822597394422,432.02527
182,03,-1.5868986940443404e-05,12.424105568506382,9.499826738911291e-08,0.0005810495797577411,222.66542
184,05,-2.8615912740195944e-05,-19.306992470361852,0.0,0.0006858745914348111,-252.09563
185,06,-3.390126228795352e-05,-22.424498955281575,0.0,0.0010699702445989207,-458.3885
186,07,-3.466171150601792e-05,-32.442688338413035,0.0,0.0009186411803072188,-583.77576
189,10,-1.8016295581522476e-05,4.47270425086893,0.0,0.0007590626369145407,113.80286
190,11,-8.92097842036795e-06,12.752254605102538,0.0,0.0008178240753429337,128.83899
191,12,-1.093666692604627e-05,22.757288210632986,6.536950347244099e-07,0.0005556525008313002,494.80252
192,01,-1.2804497735976505e-05,25.385474410518523,0.0009627563479126142,0.00045759688101936,565.6335
193,02,-1.271823695051786e-05,20.178666164579848,5.487134059270224e-06,0.00048809193327531924,399.73697
194,03,-2.219248033328259e-05,-0.5256330294045062,0.00016835869896796444,0.00037265990637394303,217.6437
195,04,-2.3056703787511248e-05,-15.611610607231992,0.0,0.0005232466899471546,-14.99232
196,05,-3.3250014936618425e-05,-29.631465932538433,0.0,0.0006214292339710306,-209.78088
198,07,-3.591561413959817e-05,-25.92438248894804,0.0,0.001035028367159925,-537.7966
199,08,-3.331847033315239e-05,-31.29434137422295,0.0,0.0008271361476220967,-458.36032
200,09,-2.6222378082234683e-05,-4.395296908230251,0.0,0.0008676720050675714,-139.5399
201,10,-1.4566836962311297e-05,5.514771194293934,0.0,0.0008753650264261328,29.238049
202,11,-1.3042386322538529e-05,9.068964893934462,2.0260943306816947e-07,0.0006469659394806109,204.15878
203,12,-8.991161045966975e-06,-5.598886509064706,0.00015860379254946144,0.00039905608716880105,577.2544
204,01,-7.460320452180465e-06,-0.4728464959257379,0.00023015245699113416,0.00044037663110958085,489.3202
205,02,-7.544903639281147e-06,5.38362545916678,0.0006102077837648064,0.00031412921131322426,423.3755
207,04,-2.0502408365953464e-05,-21.604367342122394,2.815988328721788e-08,0.0005573882549563778,43.52028
208,05,-2.4253428110207234e-05,-26.022296560964275,0.0,0.0006685273422467372,-213.83057
209,06,-2.8253365109311642e-05,-38.732165323215064,0.0,0.0007725716853643563,-422.82187
210,07,-3.142641031134248e-05,-27.054918192217425,0.0,0.0009566610893040974,-481.836
211,08,-2.9903093116464793e-05,-15.358725825155936,0.0,0.0008052989171323801,-391.20233
212,09,-2.534073391895315e-05,-7.00570699428982,0.0,0.0007056351989302735,-212.94836
214,11,-1.4551765714713837e-05,14.46901237657335,0.00012027359008789062,0.0004943569559801082,356.94836
215,12,-8.836182103413613e-06,1.1414017176474303,0.00011574836187465217,0.000456995769084828,376.63464
216,01,-3.583592048936e-06,-1.2817189340899076,0.00038023888808424755,0.0002965270524839061,459.43655
217,02,-9.97768289436776e-06,28.48145621345157,6.829840796334402e-08,0.0005305327026612487,415.08292
219,04,-2.201332183204714e-05,-17.60772253417969,0.0,0.0005176294510015927,5.8894496
220,05,-3.085946982284968e-05,-22.07697987414944,0.0,0.000691181856834612,-220.55936
221,06,-3.476727682935032e-05,-20.254541469319665,0.0,0.0008864397704303581,-421.104
222,07,-3.376502295814329e-05,-20.43258258581674,0.0,0.0008547632643424363,-518.23206
223,08,-3.064838395117496e-05,-15.397676236060358,0.0,0.0010386910332973625,-441.13434
224,09,-2.7053925191669103e-05,-10.968042353990342,0.0,0.0009289264848881631,-108.08444
225,10,-2.0736059433235615e-05,1.8364669255082322,0.0,0.0007064217952702141,74.73169
226,11,-1.1372840429430654e-05,5.54297788119846,0.0,0.000528491018474924,273.91272
227,12,-9.893875752236308e-06,16.98351939342868,1.687051532089069e-05,0.0005512983522442909,383.64835
228,01,-1.1099072907757458e-05,24.386054642872143,2.2409808251165574e-07,0.00045592296519506595,578.40063
229,02,-7.893391973560764e-06,12.879144769577753,3.740382904098147e-05,0.000624683462594898,373.84717
230,03,-1.582076560769428e-05,4.910139277304372,1.3940626575100807e-05,0.0006810213565312239,243.93625
231,04,-2.2395207648413717e-05,-10.670934447903104,2.9785103268093537e-07,0.0005132326088525791,-125.74582
237,10,-2.3367591303340108e-05,14.50471792602539,9.088093234646704e-07,0.0007692835288216944,11.304094
238,11,-1.186565926222506e-05,4.6568576497395835,2.143026722802056e-06,0.0004236663616776847,286.65332
239,12,-8.802920268002493e-06,22.454611907630838,0.00011667215695945164,0.0005018636649010024,388.9425
240,01,-9.430198710966792e-06,24.63400003675235,0.00020755073460199501,0.0005411838983149154,422.42914
241,02,-1.079772392194216e-05,13.779260249546594,0.0025613292994953337,0.0004247924906180526,398.38135
243,04,-2.54553507465769e-05,-17.42901027967665,8.541558848487004e-06,0.00045097119342235603,-122.623276
244,05,-3.422614240797327e-05,-20.88572949317194,0.0,0.0007112033766742989,-247.35764
245,06,-3.759346314859108e-05,-24.964019442409946,0.0,0.0007349941236675172,-398.4273
246,07,-3.775679561435789e-05,-20.12216363230059,0.0,0.0008227019134094047,-559.4752
247,08,-3.318467006672979e-05,-13.657699137697938,0.0,0.0009116657846986517,-426.64493
248,09,-2.59650643648355e-05,-3.5717024329291456,0.0,0.0010456855732800857,-223.23235
249,10,-2.1588807777500546e-05,5.981483147405809,0.0,0.0006945507025795002,22.255474
250,11,-1.3179962080519347e-05,12.654008286878799,2.0961513784196646e-05,0.0005313356323464177,237.59296
252,01,-6.553396535759588e-06,18.42038040095504,7.689163249026063e-06,0.0004392718665100694,458.06937
253,02,-1.2230161100386137e-05,18.65321454909752,3.605513052008618e-05,0.0004498816253623835,436.3771
254,03,-1.4517082142339604e-05,-0.5979741453765541,2.188550656841647e-05,0.0004991599991315802,211.26703
255,04,-2.355722367422762e-05,-12.813957029554578,8.329312006632488e-07,0.0005945271223715785,-111.6875
257,06,-3.750390542944741e-05,-27.016546727159287,0.0,0.0008396627575370277,-432.0098
258,07,-3.168135436499142e-05,-21.668345875401656,0.0,0.0008486174719188665,-519.22406
262,11,-1.5146696185204038e-05,20.892512133110895,0.0,0.0005471246481323154,377.97498
264,01,-6.723928980547147e-06,14.384707934964087,0.00041049615926640003,0.00033838884669713326,512.01685
266,03,-1.3063552253355424e-05,-6.242824222359606,0.00027922883085025255,0.00043964260734938635,109.58434
269,06,-3.303585196628976e-05,-31.827683939954966,0.0,0.0007031702677992751,-487.6167
270,07,-3.6646507612448495e-05,-24.41304970722813,0.0,0.0009577895311687377,-530.6724
271,08,-3.349079792080317e-05,-13.273838911159066,0.0,0.0011785009511229004,-409.81018
272,09,-2.8629883362433853e-05,-3.361749937269423,0.0,0.0008204311439514236,-169.1279
273,10,-1.872843477780094e-05,15.499699002173642,0.0,0.0009255201393185142,19.474413
275,12,-9.904081011676856e-06,14.487402564920403,0.00022924734956474715,0.00042967180998163804,579.66986
276,01,-6.60295483731882e-06,23.604068570044735,0.00012535062912971744,0.0005113839650168305,372.75055
277,02,-1.6342577849974034e-05,27.257544948032923,5.277034782228017e-06,0.0005129149039266849,329.01846
278,03,-1.718439095667989e-05,-2.8514695644583754,1.5001514906524331e-06,0.0004819596547454955,24.02731
279,04,-2.4829810814864887e-05,-14.182246478949653,0.0,0.0004709443206453266,-96.952225
282,07,-3.594073215623134e-05,-17.96138944137737,0.0,0.0010623623587375588,-482.8824
284,09,-2.726855740998468e-05,-6.606480073716904,0.0,0.0007335374628951386,-177.15956
285,10,-2.2813934475604865e-05,5.003235001430717,0.0,0.000718885400139463,119.08249
287,12,-9.155090198257839e-06,-0.601292420089886,1.2510566301243278e-09,0.0004945328851989802,520.7812
288,01,-7.996820467572737e-06,16.024269751435966,0.00044667841542151673,0.00041192595895207524,543.46533
289,02,-9.213011075579354e-06,1.6289639434814458,0.000368756529830751,0.0002735949758984874,340.70197
291,04,-2.383696288773839e-05,-17.2942943037245,1.5020370483398438e-08,0.0004770017007668381,-54.433456
292,05,-3.0977665722578726e-05,-19.48317038226384,0.0,0.0007096738202905913,-225.05432
293,06,-3.491794925367785e-05,-29.63445593295627,0.0,0.0011471253787109367,-417.00232
294,07,-3.637924248004731e-05,-25.786057973554062,0.0,0.000985359612786695,-520.66956
296,09,-2.437035215904568e-05,-12.497950702243381,0.0,0.0008103102327222991,-169.37001
297,10,-2.1305207502659715e-05,-2.352458050143333,1.9682761161558088e-06,0.0005624345080602805,77.57999
298,11,-8.746191556262298e-06,13.336127873399521,0.0,0.0006547417485429125,198.79585
299,12,-8.986315398414586e-06,16.75842543636855,1.2960655714875909e-05,0.0005586620659873345,470.41058
302,03,-1.5225630396960167e-05,1.0669384965794064,0.00020815543461871405,0.00036018773000070863,152.52821
305,06,-3.421590459786078e-05,-30.121984181382924,0.0,0.0008944627820598017,-416.5597
306,07,-3.5823426863228845e-05,-21.040274605699764,0.0,0.0009030186964724067,-466.29865
307,08,-3.442271008691844e-05,-10.630728795861687,0.0,0.0011410420949086592,-386.15732
308,09,-3.09724094837697e-05,1.3779368174235027,0.0,0.0008935518929530012,-189.3183
309,10,-1.9737982986943505e-05,10.8786054316695,0.0,0.0006333934098819987,51.76091
310,11,-1.219442167142309e-05,8.63346869269477,3.3279392454359266e-07,0.0006341721947358944,217.07188
311,12,-6.509792311736683e-06,12.651209838210898,0.000107577202140644,0.0003987152580916455,443.68192
313,02,-1.0796667724878803e-05,1.9850640389578682,0.00020228017086074463,0.00030567886635834556,480.03546
314,03,-1.2645556585016247e-05,2.2825399281491516,0.002058747031355417,0.0005048640071809572,221.58725
315,04,-2.402455134354872e-05,-12.38321820203993,0.0,0.0005435340928157731,-44.61866
316,05,-3.3327865934669755e-05,-23.83920729967343,0.0,0.0006399812987691344,-201.66408
317,06,-3.715115132452208e-05,-30.632264646063906,0.0,0.0010480431722563416,-476.24167
318,07,-3.409394384040644e-05,-23.561669685609886,0.0,0.0009847484367624458,-523.92346
319,08,-3.320200081173924e-05,-14.21000237282374,0.0,0.0008214074471167111,-417.3427
320,09,-2.545146969718593e-05,-6.704652192857532,0.0,0.0009221086927508522,-215.357
323,12,-9.12172876785682e-06,14.485518746324761,0.0003240881030277539,0.0004220962651623558,638.3324
324,01,-6.5253165958961526e-06,7.280853728591756,0.00014880976241122009,0.00037462094703483867,505.73325
325,02,-8.8568046297561e-06,4.634872235616048,0.00010614823585464838,0.0003650888354684262,322.90515
326,03,-1.3873502668170125e-05,-4.782673361173239,0.0004253186384836833,0.00041051977616280897,92.55742
328,05,-3.370682173148433e-05,-13.439136345319852,0.0,0.0006535041197075036,-240.4398
329,06,-3.4785863751151034e-05,-27.11431088460287,0.0,0.0008772879220370063,-434.95804
330,07,-3.3670624993676266e-05,-35.11209074615151,0.0,0.0009552916027034605,-514.4265
331,08,-3.203818718891423e-05,-14.970106861073484,0.0,0.0009000416037593156,-455.24216
332,09,-2.4569920312832332e-05,-1.9050392035590278,0.0,0.0011661635124005137,-199.4615
333,10,-2.0357669840078775e-05,8.929626497002058,0.0,0.0008570413862924212,-19.76256
335,12,-1.1844671387852061e-05,21.158474252352146,1.2561005930746755e-06,0.0005773151541380593,445.39856
336,01,-1.3167410284109127e-05,32.71415653975292,7.495572490076866e-08,0.0005230013527154189,487.18988
337,02,-9.635896793779033e-06,12.227102448962983,0.00012729246417681375,0.0005590188341237168,251.71138
338,03,-1.969343553138324e-05,2.858439688077537,8.514286369405767e-07,0.0004028064890359467,189.538
340,05,-3.1186685044343005e-05,-23.42358186127037,0.0,0.0008101687334261413,-293.09964
341,06,-3.458860908376663e-05,-19.802041976589628,0.0,0.0009322974188374144,-461.5364
342,07,-4.0491175616739144e-05,-14.380545316962786,0.0,0.0009613429224455643,-511.24545
343,08,-3.430768915528969e-05,-11.902402343421853,0.0,0.0010274620080804539,-431.13208
345,10,-1.4836711174446523e-05,-1.5530790907336818,0.0,0.0008285501714110792,97.619125
346,11,-1.4172945336880124e-05,15.984315191311307,8.570086956024171e-06,0.0006465871534172897,278.87927
349,02,-9.733829621899499e-06,11.488472740085646,9.416011558181937e-06,0.00042143233519641003,481.42444
350,03,-2.0140387961912898e-05,4.352542552004578,6.198341231192312e-05,0.0004389440757035161,83.106995
351,04,-2.446588194630345e-05,-15.287676639472116,0.0,0.00038008468478427,-136.31631
352,05,-3.326288808405293e-05,-18.37616691179173,0.0,0.0006870887521260839,-250.00928
353,06,-3.476253857051133e-05,-32.52892781643338,0.0,0.0008564286241224787,-478.91348
355,08,-3.3834556450724496e-05,-9.036356891591062,0.0,0.001041277370647549,-419.2934
356,09,-2.5189189388381943e-05,-2.5223080678304033,0.0,0.0009044781553824899,-206.191
357,10,-1.8222273044254205e-05,6.518695762716314,1.0895472700877858e-09,0.0008543528111196123,13.882775
358,11,-1.2143508331428165e-05,12.723418456013999,0.00035360905991660223,0.0005676329277205644,267.14798
359,12,-6.623100362498576e-06,8.910789440196046,3.1098793911677535e-05,0.00043185676473623153,358.80682
361,02,-6.55127283612057e-06,7.2258432279314295,5.497220584324428e-05,0.00047579284143406164,227.00526
362,03,-1.4006747319585248e-05,0.15545269151913163,4.5311066412156626e-07,0.0004989911271048672,92.88088
363,04,-2.2896213735516033e-05,-13.763160278998479,7.51813252766927e-09,0.0004889661802240576,-98.668335
365,06,-3.4585202314802804e-05,-32.20444840494791,0.0,0.0007885755440597576,-386.19165
366,07,-3.995988693131167e-05,-23.939954596078525,0.0,0.0009029157017727434,-518.68243
367,08,-3.326769469126164e-05,-18.63527480389995,0.0,0.0010581389043553269,-389.22003
368,09,-2.396435872586961e-05,-8.675344586181641,0.0,0.0009490466401233954,-174.90082
369,10,-1.8213049179844e-05,4.716025361748153,0.0,0.0008116932342555208,69.370285
370,11,-1.3997967538165946e-05,28.005924584282763,7.164478302001954e-09,0.0006304514712387844,281.88232
372,01,-6.091251291421628e-06,2.9262350808420488,0.002126177963390145,0.0003629201125318107,604.91223
373,02,-7.65345504045659e-06,5.717629487900508,0.0021790685525962285,0.0003673177904023817,419.67065
374,03,-1.4227020407356234e-05,-0.1344084672825314,1.3550689143519247e-05,0.0004143901391054961,201.67557
376,05,-2.827942739082006e-05,-27.387183430333288,0.0,0.0005531739490862218,-238.09291
377,06,-3.182083758476639e-05,-35.711798379855686,0.0,0.0008911056623261983,-418.90613
378,07,-3.4407490462771055e-05,-31.11366353779454,0.0,0.0012401764772639779,-510.26416
379,08,-3.27152816781925e-05,-15.088779016966459,0.0,0.0010051635737900273,-420.4404
380,09,-2.3803562745282155e-05,-1.7829848341200085,0.0,0.0008983746668693987,-167.19666
381,10,-1.8914465963579488e-05,8.677334267236855,0.0,0.000821376938233815,58.544594
382,11,-1.1904203317903414e-05,4.708053307088217,0.0002805316183302138,0.000539917925373298,148.02625
383,12,-7.738160395268594e-06,4.967533013128466,0.006288984498670025,0.00034308914540316133,318.58087
384,01,-4.432973011169315e-06,15.641597058367989,0.000611914046349064,0.00040994079856436554,665.0376
386,03,-1.235675504704564e-05,-6.3443144091534345,0.00019613219461133403,0.00039190909222795576,296.5897
389,06,-3.4230032604055946e-05,-25.01744469502767,0.0,0.000881464317699061,-480.73358
390,07,-3.7348723895911946e-05,-18.427609645064162,0.0,0.0009686399827052652,-517.27295
391,08,-3.274760770019843e-05,-10.64563058373236,0.0,0.0011464830641275342,-436.11948
392,09,-2.5484862159343414e-05,2.648160398695204,0.0,0.0010463940876720393,-194.55014
393,10,-1.916051529891168e-05,8.726722329416583,1.6692376905871977e-07,0.0007127288467344178,26.736423
394,11,-8.12447487300637e-06,7.208228931681314,0.0,0.0006513960211994212,191.18944
395,12,-1.2744765838047034e-05,29.389911852764826,8.855871231325211e-05,0.0004817236066579237,508.64673
396,01,-9.557997748420493e-06,23.492998173539362,3.76804490243235e-05,0.00043240021513436713,556.7887
397,02,-6.941694202459045e-06,2.77444112036694,0.0013561625960229456,0.0004849237747458461,452.97476
399,04,-2.412122515035865e-05,-15.116672309705946,0.0,0.0005342435015494618,-140.62549
400,05,-3.2719707248821014e-05,-19.41600187732328,0.0,0.0008146372657843473,-267.71558
402,07,-3.9630504535585143e-05,-18.105863085346844,0.0,0.0010251161839649637,-538.15326
404,09,-2.780254297756781e-05,-4.337274759928387,0.0,0.0009458465725743282,-209.24762
406,11,-9.782895505729057e-06,13.286790387301977,0.0,0.0004847364594485018,215.27232
407,12,-8.270612005098982e-06,23.135962751162953,0.0004308112231633996,0.0005064767144187343,455.4534
408,01,-7.079607454118081e-06,9.77005108642578,0.0024007742763847433,0.000497766507189808,448.3609
409,02,-9.82560560788399e-06,1.2790957768758144,0.0007189501410438901,0.0003367882807537607,389.48444
410,03,-1.6003138249269338e-05,-14.11737674147083,0.00018706004465779953,0.0004201141621528276,72.426674
411,04,-2.0434202846445263e-05,-16.983018215264217,0.0,0.0004941429305161389,-71.0589
412,05,-2.7662325821888435e-05,-23.158452428017892,0.0,0.0006636143321345607,-278.9734
413,06,-3.319209287441886e-05,-26.815010833062065,0.0,0.0008767861766169669,-439.31882
414,07,-3.405638901301333e-05,-27.630988150319745,0.0,0.0009992564759155084,-579.4009
416,09,-2.475842662511746e-05,-8.054260448540582,0.0,0.0009952416975374742,-212.13525
417,10,-1.765674730958508e-05,13.677036990258001,0.0,0.0007650325017121314,39.055733
418,11,-1.2026654228591521e-05,13.685960133870443,8.762069013383654e-05,0.0006722915904273629,193.33209
420,01,-8.580053124215514e-06,22.96357862870411,1.0653635506988855e-05,0.0004570045449137564,469.9395
421,02,-1.1990748406116751e-05,26.598223410470148,1.0926482223329089e-06,0.000413683501669097,452.69568
422,03,-1.6731313326227373e-05,-1.3453218475669946,6.519722682173533e-08,0.0004369409978938565,182.42358
423,04,-2.3883861623916246e-05,-16.521862002224392,0.0,0.0007145584834816368,9.899794
424,05,-3.2321809314922687e-05,-17.350711201329386,5.8457146408737335e-06,0.0007860145196551182,-249.04004
425,06,-3.645346474101341e-05,-28.120134918891054,0.0,0.0007369192126624208,-413.3935
427,08,-3.5946427165531874e-05,-15.756697428713563,0.0,0.00083940602619154,-370.33597
428,09,-2.0748739615697153e-05,-9.244409510294595,0.0,0.0007514128688763474,-177.00525
429,10,-1.6616273676728237e-05,8.951883064844276,0.0,0.0007536827149327755,57.635506
430,11,-1.0089955154782932e-05,6.784489759657117,3.112157185872396e-08,0.0007041661412425191,266.48627
431,12,-1.0581146033268115e-05,22.95546643394552,0.0004054831791949528,0.00047802787376777174,495.67255
433,02,-8.153189459681882e-06,8.31590086110433,9.767446773392813e-05,0.0003498088643584164,366.95227
435,04,-2.4346638547669703e-05,-22.934988667466907,9.625487857394749e-09,0.0005260060907692656,-64.055115
436,05,-3.070366395367009e-05,-25.76910455847299,0.0,0.0007177736570713329,-265.7683
437,06,-3.477750818122634e-05,-31.860220404391814,0.0,0.0009790266007457542,-409.1147
439,08,-3.326061218056918e-05,-12.586229408838417,0.0,0.0013657396460582901,-389.39093
440,09,-2.5603061031688413e-05,-1.6679924726698132,0.0,0.0007566028229298049,-166.77689
441,10,-1.3186316454061119e-05,-1.463842040031187,0.0,0.000853078227212879,54.295105
442,11,-1.4898132296588707e-05,27.46974549831814,4.5776367187500004e-09,0.0007983321246238999,218.79367
443,12,-8.385574634596725e-06,33.275967709449034,0.0,0.0007795188684168917,404.46417
444,01,-9.004527324929857e-06,20.359526514525058,9.698816525038853e-05,0.000488436789451965,635.372
445,02,-1.2519085415486441e-05,14.879537966322628,1.52496250196435e-05,0.000396557157183862,526.3474
446,03,-1.4810545610421827e-05,-5.396197126162949,3.62938924502301e-05,0.00045848496732475713,184.24821
447,04,-2.7581765115751797e-05,-20.820068422105575,1.3241238064236113e-07,0.0004367676396880408,-42.537422
448,05,-3.16294027814815e-05,-19.310568396455505,0.0,0.0007176550833915553,-269.93524
449,06,-3.356170396635004e-05,-23.02242342732747,0.0,0.0010927039331910299,-422.10242
450,07,-3.758493633006676e-05,-22.269790681900524,0.0,0.0010440241232438279,-541.42346
451,08,-3.3272750999810424e-05,-17.014684508621052,0.0,0.0010487866989167115,-397.09198
452,09,-2.4645985519115736e-05,-7.889081433783638,0.0,0.0009151321535124882,-210.25906
453,10,-1.526362983537594e-05,-3.798430909843855,0.0,0.0005933222717686742,150.50719
454,11,-1.1750765303218536e-05,10.89123139716254,3.956906927956475e-05,0.0005619674263660951,331.73828
455,12,-4.447676278540448e-06,15.633635981405934,3.86891185596425e-06,0.000560933945176403,299.42468
456,01,-6.416161365773257e-06,12.223324068787278,0.00022398640519829207,0.00038658891371489107,435.96466
457,02,-8.18821650381367e-06,12.903916228158135,0.00023337035661651976,0.0005283647472425172,382.29047
458,03,-1.5800369091061108e-05,2.527072602630943,0.0,0.0006005471790666234,253.40186
459,04,-2.5679135762624757e-05,-26.331729773288306,0.0,0.00046593889041503434,-38.887165
460,05,-2.9667726341906155e-05,-25.198657173730993,0.0,0.0009037413714048589,-241.15512
461,06,-3.566179110415154e-05,-31.36642959594727,0.0,0.0011968786994141958,-403.98175
463,08,-3.333480648354688e-05,-12.395997953681537,0.0,0.0010214693359917133,-366.8172
464,09,-2.5415033401845397e-05,-5.530321179199219,0.0,0.0008053615700507684,-211.77534
465,10,-2.0550294828412475e-05,15.281469091599986,0.0,0.000977998422354175,35.590534
467,12,-7.748080553331723e-06,20.40142875687794,0.0006995919622400755,0.0004944631197981608,481.95648
468,01,-8.493993727101315e-06,23.796599253992884,1.641540501707344e-05,0.0004060688798143667,540.29614
469,02,-1.1806723732206594e-05,-2.6082788761683875,9.837871222268968e-05,0.0002829947456795624,336.71582
470,03,-1.3339704251535219e-05,-6.768148279333628,0.00012620726580260901,0.00046114679775602243,39.835697
471,04,-2.4140652476206825e-05,-8.481860700141059,0.0,0.0007254045517381757,-26.755318
472,05,-3.631899526441482e-05,-17.44638056798135,0.0,0.0007784020966188845,-257.7254
473,06,-3.447691067930363e-05,-33.33076165534125,0.0,0.0009423105013197868,-443.054
474,07,-3.4126774513620195e-05,-44.31138712696363,0.0,0.0009376750856292581,-551.9286
475,08,-3.324744642680256e-05,-25.59706884437479,0.0,0.0010718811275108415,-430.8132
476,09,-2.7110998255941223e-05,-4.088550005425346,0.0,0.0010813803784312972,-161.80273
477,10,-1.717439320385384e-05,2.0582064438686585,1.104806956424508e-05,0.0008625090847966448,104.03198
478,11,-1.049799736220949e-05,11.533768935139973,4.4242540995279946e-07,0.0007007089032915043,286.9229
479,12,-7.425197422547768e-06,21.47761040308142,5.2109628595331655e-05,0.0005544804356621699,535.90686
480,01,-8.170035396257738e-06,18.813249751593478,0.0003725200532585062,0.0004562786708415723,498.52466
481,02,-8.232899953890454e-06,13.675333238874163,6.108944188980828e-05,0.0004878204055308429,308.5874
482,03,-1.7898125718357898e-05,7.876527682396675,0.0,0.0005073455370986293,154.5494
483,04,-2.786484313502215e-05,-15.88577495863173,0.0,0.0003912166226224751,-43.30928
484,05,-2.8741963674400066e-05,-37.081440074305384,0.0,0.0006720132131989082,-201.44553
485,06,-3.9525050331051005e-05,-23.208365014648436,0.0,0.0009900846631499234,-431.35748
486,07,-3.625940142692049e-05,-31.74150496025496,0.0,0.001190152164367206,-512.2937
487,08,-3.404563471354698e-05,-17.337182702177312,0.0,0.0009153493840614355,-422.5833
489,10,-1.8569231195137014e-05,10.235854191605762,0.0,0.0009659558784721729,33.27799
490,11,-1.0039879183467646e-05,10.335369747924807,0.0,0.0005838539287481886,331.98535
493,02,-1.5386156723984276e-05,31.748662168305497,1.7729275528041798e-05,0.0006172183049920366,347.65152
495,04,-2.7043378228700023e-05,-24.0670989525689,0.0,0.00044264087076846477,17.987974
496,05,-2.995519203009721e-05,-45.04488896819084,0.0,0.0006991983233638057,-203.9492
498,07,-3.552329937512147e-05,-24.55973527871409,0.0,0.0011676926252908862,-479.44537
499,08,-3.48960954878191e-05,-17.491402352609946,0.0,0.0011642942770002831,-426.7846
500,09,-2.4679065476549213e-05,-6.537764871215822,0.0,0.0009814041400650556,-177.83173
501,10,-1.848353834580477e-05,14.114419966174706,0.0,0.0008436635503033075,66.21971
503,12,-6.893300624729055e-06,15.732371215492165,1.2867758350987586e-06,0.0004749457487080894,551.83105
504,01,-7.860778656987515e-06,14.34612370152627,3.849816578690723e-05,0.0004323260738559914,509.6884
505,02,-9.005972841740524e-06,9.622026147751583,0.0020311918883096605,0.000539877978493261,302.74896
506,03,-1.5948935392546162e-05,-0.9029574194467195,8.298632919147451e-08,0.0004469089032667109,29.503744
508,05,-3.230829694098981e-05,-22.4746828918457,0.0,0.0005485733494364279,-236.6804
509,06,-3.7502937650666964e-05,-26.38411481492784,0.0,0.0010744130859948195,-392.2007
510,07,-3.6336240956178925e-05,-19.074829963273896,0.0,0.001075812178065009,-533.4256
511,08,-3.444879628501263e-05,-12.903870650096605,0.0,0.000943864032105035,-386.2801
514,11,-1.0072340758698473e-05,9.36498726196289,2.1571267975701224e-05,0.000526706469721909,241.32819
