,month,MER,MSSHF,RH,SD,VW
0,01,-7.186377549426466e-06,5.464709561255669,62.6901256937955,0.010292715281568547,-3.7666581846052605
1,02,-7.399999772068052e-06,2.729709174746558,52.295623941567676,0.0088853447891417,-1.3059519413312277
2,03,-1.408509512223264e-05,7.08405715679866,62.090667984242096,0.00040960040271923105,3.9315372702485787
3,04,-2.191347909663616e-05,-15.59233038906521,62.41300571294825,3.557954761717054e-05,1.0740941146002878
5,06,-3.330413338050373e-05,-22.16353809509278,52.028707694198026,0.0,3.2090791480382284
6,07,-3.0671342559486147e-05,-22.637875941122733,53.00265082314577,0.0,-5.838931852156116
7,08,-2.8487004876296853e-05,-12.56110269165039,50.14281140049425,0.0,3.1812677038664456
8,09,-2.3132900744369383e-05,-4.023202255249023,42.3501046719922,0.0,-0.510687753507826
10,11,-1.1569333000928361e-05,13.890767045423724,49.679388139549886,8.024262719684175e-05,-4.489285752847461
11,12,-1.207531024335357e-05,24.691616260159407,64.98245628347064,0.00017524099221793556,-0.28389227742020834
12,01,-5.795284385228985e-06,8.867661568262244,49.01821534482766,0.000661063572411896,-3.3814287265244354
13,02,-7.359469057738698e-06,6.865867059466484,53.581606617508264,0.00011199214540678879,-0.3616500237782795
15,04,-2.282624180893941e-05,-17.872287172783746,48.97103869282801,0.0,-9.524053100861446
17,06,-3.014735746900341e-05,-26.066622504679362,62.37913317463399,0.0,2.5734654588063557
19,08,-3.1051088017916934e-05,-11.540256553403795,47.008779259716306,0.0,-0.9145211367658391
20,09,-2.365392635981859e-05,-3.0327022542317708,42.946886476458445,0.0,1.5179921280543012
21,10,-2.1172643707369163e-05,7.590982919672484,58.4636376896443,0.0,0.00958403039747691
22,11,-1.4279194747299093e-05,14.235161112806532,54.54851769668525,0.0015326325999365914,-4.371212425486247
23,12,-7.873070872231058e-06,26.063403682913826,61.380955716897084,0.0016069860227646364,-9.22203131144534
24,01,-7.860688640385075e-06,20.899533713063885,47.875411116570554,0.0019344636983768915,-14.993898111712548
25,02,-8.991757432514056e-06,2.888394768487839,50.11619150138895,0.0005664595067501069,-5.97966216750372
27,04,-2.2320882245185202e-05,-19.334173597547743,50.02077896680037,1.5786700778537326e-06,-3.2069450362735323
28,05,-3.0310256707952082e-05,-17.47440350473055,59.34436809112436,9.34754648516255e-08,7.16871375371051
29,06,-3.0904296795920855e-05,-15.787571440294057,51.69619375912348,0.0,-0.5180842866049874
30,07,-3.173775886429094e-05,-20.80200322239373,49.75860673643311,0.0,-0.9555403572000489
31,08,-2.8741253340065727e-05,-19.03508228654759,42.77699926753197,0.0,-5.737638261405371
33,10,-2.174942796122078e-05,9.781940688922843,60.93410625634399,0.0,2.4850872046152754
37,02,-7.864293709969517e-06,5.468580898829869,51.56958197040644,2.739869412921724e-07,1.6552668325560431
39,04,-2.3437909088230905e-05,-21.874123499891493,46.11000325809585,2.168152067396376e-08,-12.943029245885215
40,05,-2.9170486620455693e-05,-20.4214844770534,47.92201473479629,0.0,5.09572851915257
41,06,-3.17826830204164e-05,-27.949367026435006,48.16991035015053,0.0,1.782730908033583
43,08,-3.1963929242763654e-05,-15.790871219429917,46.55304641459066,0.0,3.203157168829313
44,09,-2.1331834113273846e-05,-6.238656323920356,43.43915766518911,0.0,5.005797420205011
45,10,-1.6551261839878706e-05,3.491510892150223,54.79260846710333,0.0,3.9553702151800993
46,11,-1.519573135911843e-05,20.401449884033198,56.70156626680825,5.0221549140082464e-08,5.924383153004117
47,12,-1.0313162028783104e-05,17.753608460457098,55.75187243828721,4.658237964876236e-05,-1.7107022496705413
48,01,-1.1369238679367056e-05,31.70380508160335,51.86229076744793,0.00012911142713280135,-7.28827055961855
49,02,-1.1685804688698098e-05,2.732715975443522,46.129101684696614,0.00031034646715436665,-5.2380526352155785
50,03,-1.3839232150540515e-05,-0.5926843497983868,57.115805566785156,2.071826688704952e-05,-4.877558255903184
51,04,-2.090864053300013e-05,-10.60586452026367,65.75529212030038,1.1234845055474176e-05,7.622805477269491
54,07,-3.282222612492611e-05,-33.091220865229126,44.1499227373741,0.0,0.5349078274183373
55,08,-2.6941880611302234e-05,-27.08358682743196,31.77761535606461,0.0,-1.2125626575510984
56,09,-2.725831751290065e-05,0.9693071214463977,44.86737590899468,0.0,1.751585998386807
57,10,-2.1395454446465794e-05,12.186390243366201,47.91972020449689,0.0,-2.097481352693291
58,11,-9.367185011372688e-06,10.117007967122396,41.05919099200301,3.5537613762749565e-08,-6.614907704395718
60,01,-1.1848107099418698e-05,28.771229348787696,56.9102486772409,0.0017296655524161556,-1.8171058356992653
61,02,-9.682757584759485e-06,6.4267875001403105,47.08914505602986,8.748411584174497e-05,-7.605639194422754
62,03,-1.3818876191033916e-05,-6.2181760956138685,56.610379949503034,9.418372313181559e-05,-2.6351272446211946
63,04,-2.3066575134180317e-05,-21.124448284233942,53.13685258980724,5.596658653683133e-05,-3.7798098264482283
64,05,-2.301351515928619e-05,-21.276121071107926,61.30564291210714,3.1990530670330086e-06,-0.677646871115572
66,07,-3.052118788760435e-05,-16.333257173927887,51.58020934386151,0.0,-3.011209047296996
68,09,-2.2138291550658728e-05,-0.809648367987739,66.94727416271104,0.0,-1.9586343215306596
70,11,-1.2000811908506469e-05,17.20852971835666,62.11537896577253,8.267998695373535e-07,9.75799302626716
71,12,-7.343828446024142e-06,12.754345215500043,59.86620702467682,1.1825137240912326e-05,0.8407210145560645
73,02,-7.646551471441942e-06,-7.170963860648018,49.17462651499538,0.00039035758092289885,-8.188289751120978
74,03,-1.1304150707112197e-05,-2.56875498781922,68.34861116093205,0.0002458149412626861,0.883263510611749
75,04,-2.3272295822324753e-05,-10.486857863362628,59.37646033687326,3.632929590013292e-07,-3.498696371036106
77,06,-3.090711121482552e-05,-17.990251360066733,61.34983533646531,0.0,0.5723389233907065
78,07,-3.447742918110781e-05,-15.274860501197074,50.75858460182529,0.0,1.9624681110997348
79,08,-3.3271033724499884e-05,-4.3656862228557625,49.79625837316948,0.0,6.747224802570958
80,09,-2.244669017984254e-05,-3.3109654418945316,48.444472670045165,0.0,-4.491637453036838
81,10,-1.5745955748394817e-05,1.4800897167574978,41.847355274659336,0.0,0.5071230077846077
82,11,-1.5779393952086846e-05,2.730464919026692,53.6031213278585,0.0001320727745691935,-4.4680131394492255
84,01,-1.0488508364736625e-05,25.802121266682942,67.17732922877546,0.0024635101813142014,-6.017850162034394
85,02,-9.105866422227595e-06,-15.737989101954868,41.279925076501705,0.0001222507996218545,-4.677185569944837
86,03,-1.09558865346488e-05,2.199697240357758,53.96111336709735,0.0001382134986180131,1.529696232846988
87,04,-1.9242588071877733e-05,-14.953707265557181,61.57429541588492,7.426198323567707e-06,5.869092054367065
88,05,-3.1224375424332516e-05,-18.680161248648037,54.14751819698144,0.0,8.900653361905007
89,06,-3.5890827366468634e-05,-24.274000357055662,43.53411597645681,0.0,-1.683861653221978
90,07,-3.000731417455182e-05,-30.125119514383297,48.19723509739805,0.0,-0.8332931163541726
91,08,-3.1366839325049225e-05,-20.726613564768147,49.22354232249208,0.0,5.28556109350471
93,10,-1.7202233669146365e-05,6.4104873591597356,48.62927366667281,0.0,1.2270836029257823
94,11,-1.2770530823662637e-05,20.62896745435927,57.76803370095226,4.2331218719482425e-08,2.6885640857060755
95,12,-1.128779906788603e-05,28.043287035542146,58.52688881322774,0.00037468132152352284,-3.9448398696120077
96,01,-8.849628261046861e-06,-8.473066081057311,52.03738375666833,0.0005335850459273144,-10.992317990600421
97,02,-5.771432554432804e-06,6.824847212655203,67.52644709656069,0.00025317513942718504,-2.305479620888119
98,03,-1.3287096029671374e-05,-5.803373095440609,55.151999684815046,7.337508534872401e-05,-7.2440210121934125
99,04,-2.2575659647211267e-05,-11.442104777696397,52.015024873095086,1.2648238076104058e-07,0.2727976148605345
100,05,-2.791426425801057e-05,-28.103053294192083,60.924986691195485,0.0,-5.130835388368177
101,06,-2.8837502824555686e-05,-20.989433822292757,61.5306473079814,0.0,3.1211598950915858
102,07,-3.379324687933062e-05,-20.07741719498173,55.40260847481861,0.0,-0.3532960533019038
103,08,-3.0242934917310693e-05,-13.572054321945357,50.633880177582476,0.0,-3.461253159225629
104,09,-2.5696148892024614e-05,-3.969099077690972,51.22118268649578,0.0,2.196264123302036
105,10,-1.9746457593286597e-05,13.28605210072507,59.41998880579267,0.0,13.057100941893877
106,11,-1.2423982501220758e-05,8.69252590874566,58.77474638277293,0.0,-4.4051263535393606
107,12,-5.659096497726741e-06,10.619382738339004,50.16868590621025,5.145294307380593e-05,-2.9305631152942615
108,01,-9.400724827868036e-06,23.76198229324177,64.8158600401199,0.0002939996052813786,5.527936221091978
109,02,-1.553154618433063e-05,17.196350676788683,61.10995617006565,4.479276722875135e-05,-6.142772103408288
110,03,-1.4791143874625109e-05,4.141464673442225,71.63935923557511,3.25570567961662e-05,-8.382366675202562
112,05,-3.182606770285695e-05,-15.882362545546664,52.83810746537357,0.0,6.448995066488942
114,07,-3.385038605679304e-05,-9.511822006717805,59.07058047961163,0.0,6.8323721847123995
115,08,-3.211179117533902e-05,-13.866469908683532,47.473473327189375,0.0,2.628318884675221
116,09,-2.5435363158006416e-05,2.907980506727431,49.177534459747214,0.0,-2.148785310766432
117,10,-1.6347254436593455e-05,7.273599919801116,47.520342997120274,0.0,3.924836768201601
120,01,-5.490775168401608e-06,12.580168148245866,46.32122026583841,0.0,-0.17765723320745627
121,02,-1.1993180484209699e-05,15.243881237211681,52.799659086113884,4.026403029759725e-06,3.106950273581913
122,03,-1.7582771425163286e-05,5.919001820882161,61.97907953674307,1.3147951454244634e-06,0.9141703075901154
123,04,-2.3728384267512105e-05,-15.711892689005532,62.36782957411343,7.404155201382107e-06,5.176459208255344
124,05,-3.2913617601255e-05,-32.404015432706444,43.15242019264416,0.0,-1.0060280780382052
125,06,-3.3498540398290464e-05,-35.047065074327264,55.710710440916486,0.0,-0.8146940553241305
126,07,-3.3625666249610085e-05,-27.510599928661055,42.19065745926929,0.0,-5.965661229246407
127,08,-3.0036708770112647e-05,-17.0266568734774,43.458151734339296,0.0,-1.1468217086586903
128,09,-2.1827326350689368e-05,-6.781363076782227,44.02462579022247,0.0,-1.0855375805324978
130,11,-1.311930024130561e-05,7.912713109334308,43.72629240063826,7.664759953816732e-08,-2.328028060743544
131,12,-7.719866410816296e-06,20.033501539989185,45.286219627095804,2.718377369706349e-05,3.374046808632471
132,01,-9.708490018202875e-06,23.531725362798216,54.619796854420386,3.920951197224279e-06,2.2783597749689575
133,02,-1.709957590030951e-05,31.83555304718018,59.52337883048256,2.0835172562372115e-06,3.3738418606576466
134,03,-1.7018775953137494e-05,2.372058311872584,47.98838851665681,2.4298456407362414e-05,-3.703874424616497
135,04,-2.7999317039636173e-05,-19.276666238742408,46.732171709169286,0.0,-2.407902050060696
136,05,-3.125298669270236e-05,-34.3688931694441,36.06377147361027,0.0,-0.4548254154984667
137,06,-3.068480971400681e-05,-23.63770078192817,52.16888050745726,0.0,3.9676137081358167
139,08,-2.897321149455781e-05,-28.290339532667595,47.590817581110095,0.0,0.09266292079802467
140,09,-2.7407515947157255e-05,-3.6402964202880854,48.108384553693405,0.0,-6.767911235004002
141,10,-1.8407037761653066e-05,10.48773665069252,49.92561818830045,0.0,7.068571275341894
143,12,-1.0178729378000547e-05,19.264495642221096,49.02194799312469,0.00010385854269868586,-4.244458656290527
144,01,-9.804670876438911e-06,24.167181801416536,38.86062395377826,7.464897248052782e-06,2.6246698665003616
145,02,-6.996622216688376e-06,0.507544446309408,46.996895068120395,0.002555922939663842,-1.0937606032008218
148,05,-2.5811937759284265e-05,-33.066711107479634,47.67298183366304,0.0,-12.559387157317131
149,06,-2.987989489524302e-05,-20.686577268473304,57.62339900992447,0.0,2.312953067652385
150,07,-3.606362330103894e-05,-12.26554677852508,46.37869990175771,0.0,3.502324325315414
151,08,-2.9805839779475068e-05,-22.79464663072811,38.70661156831249,0.0,-1.1765128447214765
152,09,-2.1833397036001162e-05,-8.548686426798504,39.4321560544822,0.0,-0.019854519801669517
153,10,-2.004618059737534e-05,2.17344532234438,45.307421456006274,0.0,0.952629884084066
154,11,-1.4646135411648073e-05,14.444811823866104,60.08639300202131,2.8859506713019477e-05,1.6261124956766764
155,12,-7.654158530845394e-06,17.942148733159545,42.031411531264894,5.5359345610423755e-06,-8.3346434656779
156,01,-5.988280283046514e-06,9.900324605634134,41.55076964045469,0.0,-4.6902770765161
158,03,-1.6743815379482177e-05,3.675611719931326,56.535387553599556,1.1341134707132974e-05,-5.972428818959062
159,04,-2.3724830210206465e-05,-12.979907084147134,60.15185276207658,2.5939941406250002e-08,-1.8858808835771346
160,05,-3.502280750303383e-05,-18.415903687507882,37.98684394011575,0.0,1.5834636519647416
162,07,-3.3542465003026134e-05,-26.574038988010855,46.61348771423679,0.0,2.7526454527044804
163,08,-3.290884278264643e-05,-13.404264240552024,52.83446418771308,0.0,9.420622178641697
164,09,-2.5466491539959356e-05,-1.4094354346381297,48.6797681992597,0.0,4.871189140446982
165,10,-1.9484351597922247e-05,1.9587082073252686,58.379234332862715,1.8078127214985508e-06,-2.175138033138808
166,11,-1.321692710625939e-05,23.694389510769323,50.96693710040848,0.0,-2.830467434925503
167,12,-8.425528942156701e-06,11.411874493342573,45.69198678764476,3.2269544498894803e-06,1.79938270771888
171,04,-2.191761210872048e-05,-4.539731902737087,59.59964808656376,0.0,4.336087137201097
172,05,-3.0932743489659034e-05,-26.541132331437964,51.168041845343446,0.0,4.809687152677967
174,07,-3.3366269429406925e-05,-23.52127023184171,53.23872095220833,0.0,0.3682552195723335
175,08,-3.234485571499712e-05,-11.285276480397874,49.79429166342623,0.0,-1.517910512739612
176,09,-2.2725771390226628e-05,-2.4448908416748045,57.50485973500145,0.0,2.567192783037821
177,10,-1.798888249350155e-05,2.3637267239478326,43.9463890340828,0.0,3.3335509971905783
179,12,-9.250304196792702e-06,31.236705364924607,64.63241229699248,0.00020338165888222312,-2.3895911745461094
180,01,-8.814763398506955e-06,28.086010490499522,59.814965074129006,6.143172710172592e-05,-2.550082951761061
181,02,-9.681430163471391e-06,-2.9269207930791947,54.97462990093799,0.0003871754450457437,-1.1560002459117344
182,03,-1.5868986940443404e-05,12.424105568506382,56.25959003628518,9.499826738911291e-08,-5.109838371625509
183,04,-2.4481364455176743e-05,-15.54007357143826,53.21672202842236,6.838602489895291e-06,1.072442509057787
184,05,-2.8615912740195944e-05,-19.306992470361852,50.8592781971834,0.0,3.848988206781366
186,07,-3.466171150601792e-05,-32.442688338413035,36.16844127948567,0.0,3.6306611074632213
187,08,-3.527003988845888e-05,-15.806742182249662,41.714041907468136,0.0,2.5525207887670045
188,09,-2.649383951805552e-05,-2.2674784339057075,50.77799905458556,0.0,2.5801398991478814
190,11,-8.92097842036795e-06,12.752254605102538,55.27824593100681,0.0,-0.3912592182583275
191,12,-1.093666692604627e-05,22.757288210632986,53.902280609893545,6.536950347244099e-07,-0.4517669412141207
192,01,-1.2804497735976505e-05,25.385474410518523,57.77612080058489,0.0009627563479126142,-4.624458262494815
193,02,-1.271823695051786e-05,20.178666164579848,60.9734689490412,5.487134059270224e-06,-0.782204506329128
194,03,-2.219248033328259e-05,-0.5256330294045062,56.57506640008187,0.00016835869896796444,-5.375294921936527
195,04,-2.3056703787511248e-05,-15.611610607231992,48.9374839578549,0.0,-8.217882198884753
196,05,-3.3250014936618425e-05,-29.631465932538433,52.844916530618114,0.0,1.762601557700865
197,06,-3.44918315846169e-05,-24.446217814466692,49.08188772321145,0.0,-4.784962304306031
198,07,-3.591561413959817e-05,-25.92438248894804,39.340810654867084,0.0,2.4434866078284476
199,08,-3.331847033315239e-05,-31.29434137422295,33.68999910253863,0.0,-6.406313635016001
200,09,-2.6222378082234683e-05,-4.395296908230251,54.09243484116659,0.0,0.612849772156609
201,10,-1.4566836962311297e-05,5.514771194293934,41.310020164710224,0.0,5.549859377050913
202,11,-1.3042386322538529e-05,9.068964893934462,58.53600206141338,2.0260943306816947e-07,-4.377470945951673
203,12,-8.991161045966975e-06,-5.598886509064706,48.51484771922968,0.00015860379254946144,-2.867056723256265
205,02,-7.544903639281147e-06,5.38362545916678,55.18347650017959,0.0006102077837648064,-2.21206523458985
206,03,-1.2827322511164368e-05,-10.990242480862525,51.72073062135199,2.0419359207153323e-05,-7.0827326481316675
207,04,-2.0502408365953464e-05,-21.604367342122394,58.54018084150156,2.815988328721788e-08,0.9496918742709688
208,05,-2.4253428110207234e-05,-26.022296560964275,51.92535755428705,0.0,5.224901751507995
209,06,-2.8253365109311642e-05,-38.732165323215064,41.61192797080808,0.0,-2.092028507275052
210,07,-3.142641031134248e-05,-27.054918192217425,49.82263012584947,0.0,-3.1049256038050506
211,08,-2.9903093116464793e-05,-15.358725825155936,42.33743624172287,0.0,2.7272199784145563
212,09,-2.534073391895315e-05,-7.00570699428982,43.673043699496326,0.0,-8.668936958101062
213,10,-1.7171301486478214e-05,8.106230379494288,51.02844809201841,0.0,1.0061798058786697
214,11,-1.4551765714713837e-05,14.46901237657335,58.72207561985916,0.00012027359008789062,-1.5732026177512282
215,12,-8.836182103413613e-06,1.1414017176474303,51.832999992789766,0.00011574836187465217,-1.747326027634323
216,01,-3.583592048936e-06,-1.2817189340899076,35.36421269791357,0.00038023888808424755,-1.3202002071257561
217,02,-9.97768289436776e-06,28.48145621345157,61.04910012837534,6.829840796334402e-08,-0.7881853435834248
220,05,-3.085946982284968e-05,-22.07697987414944,55.658551038389554,0.0,0.9932646831184299
221,06,-3.476727682935032e-05,-20.254541469319665,56.16686724849277,0.0,4.90637015830146
222,07,-3.376502295814329e-05,-20.43258258581674,48.29218798171063,0.0,-0.6637979181966475
224,09,-2.7053925191669103e-05,-10.968042353990342,40.873450344501606,0.0,-1.7348625640445288
225,10,-2.0736059433235615e-05,1.8364669255082322,46.07108195983722,0.0,-9.586813698840396
226,11,-1.1372840429430654e-05,5.54297788119846,52.451002673839106,0.0,5.854934998512268
227,12,-9.893875752236308e-06,16.98351939342868,60.12797338394067,1.687051532089069e-05,-0.8512120128344458
228,01,-1.1099072907757458e-05,24.386054642872143,54.87726956107148,2.2409808251165574e-07,-1.450892314357142
230,03,-1.582076560769428e-05,4.910139277304372,64.38913835901599,1.3940626575100807e-05,-10.113063399243101
232,05,-3.182257207745645e-05,-20.036693252071256,51.31070372274871,0.0,-0.6871010359282137
234,07,-3.6390916169732936e-05,-13.917790471887077,46.5719772114318,0.0,-1.1335652676243932
235,08,-3.4686337675251e-05,-19.754633603331865,40.27667498864153,0.0,-4.290398413873488
236,09,-2.4247977624205914e-05,0.3736279635959201,55.41774919654528,0.0,1.3469011118359038
237,10,-2.3367591303340108e-05,14.50471792602539,57.49670259841796,9.088093234646704e-07,-2.384550996001049
238,11,-1.186565926222506e-05,4.6568576497395835,50.09492808050447,2.143026722802056e-06,-6.541430208015441
240,01,-9.430198710966792e-06,24.63400003675235,61.44896206574927,0.00020755073460199501,0.13767809711989554
241,02,-1.079772392194216e-05,13.779260249546594,59.85849182345754,0.0025613292994953337,-15.095687816460925
243,04,-2.54553507465769e-05,-17.42901027967665,53.24983413987689,8.541558848487004e-06,0.7264303844663831
244,05,-3.422614240797327e-05,-20.88572949317194,50.723297991629586,0.0,2.5149216677758
245,06,-3.759346314859108e-05,-24.964019442409946,49.104056137108806,0.0,2.4077966739866468
246,07,-3.775679561435789e-05,-20.12216363230059,34.70881050790896,0.0,-0.9507721068679647
247,08,-3.318467006672979e-05,-13.657699137697938,45.50563225292391,0.0,1.798294270935879
248,09,-2.59650643648355e-05,-3.5717024329291456,50.26974016195536,0.0,7.428677170393202
249,10,-2.1588807777500546e-05,5.981483147405809,48.24640764357326,0.0,0.7620047189240815
251,12,-1.3700721242369786e-05,27.986750325848984,63.54783165261822,0.0004829321933049028,-4.7865400395137
253,02,-1.2230161100386137e-05,18.65321454909752,54.35344561065067,3.605513052008618e-05,-5.22298073832194
255,04,-2.355722367422762e-05,-12.813957029554578,60.681698268123455,8.329312006632488e-07,9.074070477824739
256,05,-3.550879427684679e-05,-19.147158501081563,47.704144963514416,0.0,4.448491038230157
257,06,-3.750390542944741e-05,-27.016546727159287,42.780413097916714,0.0,1.1058663845909962
258,07,-3.168135436499142e-05,-21.668345875401656,51.88578506780696,0.0,-2.328411767098212
259,08,-3.0941285219664524e-05,-19.063545700565466,39.65101154342005,0.0,3.485725751159012
261,10,-2.1893689024856883e-05,11.235235126454343,57.40779917159772,0.0,7.83856330803902
262,11,-1.5146696185204038e-05,20.892512133110895,68.07071139411661,0.0,10.206042723104686
263,12,-1.1904006665214989e-05,20.81303864280127,63.79751548051194,0.0006958496250132079,4.44023334568803
264,01,-6.723928980547147e-06,14.384707934964087,53.25762820807451,0.00041049615926640003,2.9121106677311723
265,02,-9.421481274265325e-06,7.153048214503697,61.79020408172125,0.0006544472773869832,-5.243323249499004
266,03,-1.3063552253355424e-05,-6.242824222359606,58.59238742218351,0.00027922883085025255,2.0673602820775843
268,05,-3.372209000100225e-05,-25.790908090242777,45.58359570831253,0.0,1.627706267162036
269,06,-3.303585196628976e-05,-31.827683939954966,48.06642211600013,0.0,-2.844979031266107
272,09,-2.8629883362433853e-05,-3.361749937269423,60.89090815499625,0.0,-5.33470389275021
273,10,-1.872843477780094e-05,15.499699002173642,52.0420637966638,0.0,8.002227872540873
274,11,-1.4045017091525046e-05,9.019137569173179,50.75557469189433,0.0,-9.810931996197173
275,12,-9.904081011676856e-06,14.487402564920403,52.82181985401466,0.00022924734956474715,-10.442604840391425
276,01,-6.60295483731882e-06,23.604068570044735,51.65779350411636,0.00012535062912971744,0.24362739111787537
278,03,-1.718439095667989e-05,-2.8514695644583754,52.573686629964456,1.5001514906524331e-06,-3.643759417421075
280,05,-3.0134792006426703e-05,-17.31557953963741,52.31226475243542,0.0,8.87116875646448
281,06,-3.5836119472898846e-05,-20.466573669433593,50.7506326838851,0.0,5.354612818103367
285,10,-2.2813934475604865e-05,5.003235001430717,55.25826176021304,0.0,-1.6580593323451214
286,11,-9.433203981300014e-06,10.082439758300783,57.335292302331666,0.0,3.1934507407718233
287,12,-9.155090198257839e-06,-0.601292420089886,52.83887711868107,1.2510566301243278e-09,2.2550676486517793
290,03,-1.4304734281419465e-05,-4.024482163624097,45.80751552796749,0.0,-1.8552307312462917
291,04,-2.383696288773839e-05,-17.2942943037245,47.44735419490735,1.5020370483398438e-08,-3.901022283871968
292,05,-3.0977665722578726e-05,-19.48317038226384,57.695412786129985,0.0,7.087039322309597
293,06,-3.491794925367785e-05,-29.63445593295627,48.58540389312637,0.0,3.9237639763090355
297,10,-2.1305207502659715e-05,-2.352458050143333,49.86598729915773,1.9682761161558088e-06,-3.9558025068672755
298,11,-8.746191556262298e-06,13.336127873399521,55.471923015075255,0.0,6.3600499339209655
299,12,-8.986315398414586e-06,16.75842543636855,56.42778465677845,1.2960655714875909e-05,-3.4697213137842007
300,01,-8.992702947169514e-06,20.66453995308825,64.87525535803712,0.0007110370653931812,-7.858934863285351
301,02,-1.1818901434843997e-05,12.780648606925178,58.06078212638148,0.0004339445432027181,-6.535059127676075
304,05,-2.847669872224737e-05,-31.81054322043798,50.857990436966695,0.0,-4.050122515422042
305,06,-3.421590459786078e-05,-30.121984181382924,54.56608841220009,0.0,-2.826415734630161
306,07,-3.5823426863228845e-05,-21.040274605699764,48.61712288511441,0.0,1.6926178633577083
307,08,-3.442271008691844e-05,-10.630728795861687,53.4802156332962,0.0,3.4108706453384894
308,09,-3.09724094837697e-05,1.3779368174235027,41.60773183429904,0.0,-2.9949600599924717
312,01,-1.0532949036563073e-05,27.835473567839585,50.62756816835045,0.0002284056717349637,-11.788157165014617
313,02,-1.0796667724878803e-05,1.9850640389578682,54.967533898224424,0.00020228017086074463,-9.640787719771975
314,03,-1.2645556585016247e-05,2.2825399281491516,62.992716266741034,0.002058747031355417,-4.314629368566698
315,04,-2.402455134354872e-05,-12.38321820203993,55.9102142579476,0.0,2.4257510029686817
316,05,-3.3327865934669755e-05,-23.83920729967343,52.369123788558014,0.0,2.0688526762480377
317,06,-3.715115132452208e-05,-30.632264646063906,50.84424858076307,0.0,-2.855177613343133
318,07,-3.409394384040644e-05,-23.561669685609886,47.80977541725482,0.0,-0.12447588444781559
319,08,-3.320200081173924e-05,-14.21000237282374,41.28222914207624,0.0,-2.113699344163299
320,09,-2.545146969718593e-05,-6.704652192857532,39.75358392157654,0.0,0.2588362180709841
321,10,-1.7187334372416657e-05,10.538457600583316,41.694871458662455,0.0,7.126440133228097
322,11,-1.4535249143672345e-05,9.326381112670902,61.63253474075529,0.0005737135661972894,-3.2043117451349894
325,02,-8.8568046297561e-06,4.634872235616048,55.29220876641359,0.00010614823585464838,-7.89652470570519
326,03,-1.3873502668170125e-05,-4.782673361173239,59.930227692120816,0.0004253186384836833,-4.117894217727005
327,04,-2.37631702343909e-05,-18.782449027506512,53.65862876264652,0.0,-3.6884300680584374
331,08,-3.203818718891423e-05,-14.970106861073484,56.166526000266416,0.0,-3.52028442745824
332,09,-2.4569920312832332e-05,-1.9050392035590278,48.50952039943403,0.0,5.070309681532119
333,10,-2.0357669840078775e-05,8.929626497002058,49.91160704086961,0.0,4.390374926597842
334,11,-1.6638314112929544e-05,21.698549422539603,51.20864173750348,6.023910310533312e-08,1.2719425642437405
335,12,-1.1844671387852061e-05,21.158474252352146,51.61357204472506,1.2561005930746755e-06,2.7641417285755114
336,01,-1.3167410284109127e-05,32.71415653975292,54.798027210791915,7.495572490076866e-08,-6.19178593167951
338,03,-1.969343553138324e-05,2.858439688077537,50.951221448258686,8.514286369405767e-07,-0.07748771841808025
339,04,-2.5420359923575438e-05,-23.728481532796227,35.425640993569964,0.0,-3.46331045973036
340,05,-3.1186685044343005e-05,-23.42358186127037,55.67473245647261,0.0,3.6249730836191487
341,06,-3.458860908376663e-05,-19.802041976589628,51.81401281598541,0.0,4.854381080479092
342,07,-4.0491175616739144e-05,-14.380545316962786,51.51913973191349,0.0,4.963316324623683
343,08,-3.430768915528969e-05,-11.902402343421853,46.669440629773256,0.0,1.2682946735505136
344,09,-2.677926907070085e-05,-2.246240928141275,48.58724766878287,0.0,-5.713435930930243
345,10,-1.4836711174446523e-05,-1.5530790907336818,46.4751422240952,0.0,-5.4607639956935765
346,11,-1.4172945336880124e-05,15.984315191311307,55.0159122577058,8.570086956024171e-06,-11.158009668244258
347,12,-9.103623443880553e-06,18.67049515623687,44.72693699303237,1.9495038576023557e-06,-1.8565782344777098
348,01,-9.98381483742544e-06,30.50790186531313,59.32570013750177,3.1635838170205394e-06,0.586831203993931
350,03,-2.0140387961912898e-05,4.352542552004578,67.29393991330491,6.198341231192312e-05,-5.924768195429157
351,04,-2.446588194630345e-05,-15.287676639472116,50.48518859204715,0.0,0.7828483831617562
352,05,-3.326288808405293e-05,-18.37616691179173,46.32872357566895,0.0,3.5619684459522207
353,06,-3.476253857051133e-05,-32.52892781643338,47.80475471985869,0.0,2.4688790296554566
354,07,-3.577182100015043e-05,-18.878891244211506,53.425692884929724,0.0,3.024764808859876
355,08,-3.3834556450724496e-05,-9.036356891591062,49.02626591384924,0.0,4.132854468827607
358,11,-1.2143508331428165e-05,12.723418456013999,55.05112889809742,0.00035360905991660223,-2.265666114022997
359,12,-6.623100362498576e-06,8.910789440196046,51.189781416840454,3.1098793911677535e-05,-4.5166699999737485
360,01,-6.219402897665034e-06,13.638463789416898,56.756673166043,0.00026115813434764905,0.47961315901561447
362,03,-1.4006747319585248e-05,0.15545269151913163,60.10794240493287,4.5311066412156626e-07,-7.658853321957333
363,04,-2.2896213735516033e-05,-13.763160278998479,44.90089633327524,7.51813252766927e-09,6.029264274046157
364,05,-3.152253704363203e-05,-24.89160391596312,50.72287625494953,0.0,2.6680380577169442
365,06,-3.4585202314802804e-05,-32.20444840494791,47.13420631794532,0.0,-1.996933453241984
366,07,-3.995988693131167e-05,-23.939954596078525,46.67216465320125,0.0,5.637807804107666
367,08,-3.326769469126164e-05,-18.63527480389995,42.41847231385144,0.0,4.007808858727896
370,11,-1.3997967538165946e-05,28.005924584282763,63.3120259418408,7.164478302001954e-09,7.551464518504671
371,12,-8.896478755051119e-06,9.686923075029926,62.37685010996686,0.0033527605789963914,-0.943810666238108
372,01,-6.091251291421628e-06,2.9262350808420488,60.36061479552843,0.002126177963390145,-4.786219943220897
374,03,-1.4227020407356234e-05,-0.1344084672825314,56.345688745778084,1.3550689143519247e-05,-3.83277569327816
375,04,-2.4690822054900404e-05,-20.66956467929416,50.227940069592,2.4727185567220055e-07,-3.325235909144084
376,05,-2.827942739082006e-05,-27.387183430333288,51.416537502500645,0.0,-1.7710000136590769
377,06,-3.182083758476639e-05,-35.711798379855686,43.71565713060168,0.0,-0.32030451049804715
378,07,-3.4407490462771055e-05,-31.11366353779454,49.13440625845617,0.0,5.159846364482757
379,08,-3.27152816781925e-05,-15.088779016966459,50.057286181364006,0.0,1.433999930351012
380,09,-2.3803562745282155e-05,-1.7829848341200085,47.799041656389505,0.0,-1.4900869473775227
381,10,-1.8914465963579488e-05,8.677334267236855,54.52403665949838,0.0,-0.012806594397432208
382,11,-1.1904203317903414e-05,4.708053307088217,64.34552551558414,0.0002805316183302138,2.2457498138851597
383,12,-7.738160395268594e-06,4.967533013128466,56.59717789244652,0.006288984498670025,-7.298802586606754
384,01,-4.432973011169315e-06,15.641597058367989,49.85520389962581,0.000611914046349064,-4.617686146418254
385,02,-7.274441715534998e-06,7.353929252261208,64.81677477946593,0.00014321758775483995,-1.8058714723359974
386,03,-1.235675504704564e-05,-6.3443144091534345,43.386579177287324,0.00019613219461133403,-2.7895524579530124
387,04,-2.5035789431644346e-05,-14.869033695136176,49.48712501599656,0.0,-2.1548139828152126
390,07,-3.7348723895911946e-05,-18.427609645064162,51.34294977803511,0.0,2.2203271809034453
391,08,-3.274760770019843e-05,-10.64563058373236,50.85391145080519,0.0,5.2939196082699675
392,09,-2.5484862159343414e-05,2.648160398695204,48.54894579696125,0.0,4.46301638607449
393,10,-1.916051529891168e-05,8.726722329416583,41.10612051369683,1.6692376905871977e-07,-0.8078829870531637
394,11,-8.12447487300637e-06,7.208228931681314,45.10324230610001,0.0,5.527877823448181
395,12,-1.2744765838047034e-05,29.389911852764826,62.27082245179138,8.855871231325211e-05,-4.9778297481126685
396,01,-9.557997748420493e-06,23.492998173539362,55.985124487241116,3.76804490243235e-05,-10.09431259042473
397,02,-6.941694202459045e-06,2.77444112036694,54.92825397600388,0.0013561625960229456,-14.6274180279655
398,03,-1.1845709033173812e-05,-9.130659757880753,42.53471919810516,5.560450656439668e-06,-4.95342670649867
400,05,-3.2719707248821014e-05,-19.41600187732328,54.71462800888861,0.0,1.6779351170652654
401,06,-3.633841799156573e-05,-15.284035491265191,54.862410076340026,0.0,5.562437776141697
402,07,-3.9630504535585143e-05,-18.105863085346844,55.33667580591222,0.0,3.760446160183158
403,08,-3.664081436780238e-05,-14.530181596981583,48.63167088847007,0.0,5.85169593275747
404,09,-2.780254297756781e-05,-4.337274759928387,47.643611919113,0.0,0.3496705691655474
405,10,-1.749340033099435e-05,6.576196681525118,62.883388684188155,1.6571373067876343e-08,4.1778068266017465
406,11,-9.782895505729057e-06,13.286790387301977,48.36725960095062,0.0,4.77137181845771
407,12,-8.270612005098982e-06,23.135962751162953,68.44660146777348,0.0004308112231633996,-2.9825643158984443
408,01,-7.079607454118081e-06,9.77005108642578,59.36599973937003,0.0024007742763847433,-5.328164857536234
409,02,-9.82560560788399e-06,1.2790957768758144,54.799641565576906,0.0007189501410438901,-10.674283386707305
410,03,-1.6003138249269338e-05,-14.11737674147083,62.83003596656937,0.00018706004465779953,-0.8068198277258105
411,04,-2.0434202846445263e-05,-16.983018215264217,45.651346360141694,0.0,4.8500732873916625
413,06,-3.319209287441886e-05,-26.815010833062065,45.349666944320994,0.0,1.0148970746570165
416,09,-2.475842662511746e-05,-8.054260448540582,49.65095689521101,0.0,-3.601356833860608
417,10,-1.765674730958508e-05,13.677036990258001,51.31546706972713,0.0,5.100314021879627
418,11,-1.2026654228591521e-05,13.685960133870443,60.59634180396663,8.762069013383654e-05,-4.091161051813762
419,12,-9.44601224512954e-06,28.97793200421077,55.46996279250422,5.1136837210706475e-05,3.2309785680463237
421,02,-1.1990748406116751e-05,26.598223410470148,61.15281964255657,1.0926482223329089e-06,10.60320344007583
422,03,-1.6731313326227373e-05,-1.3453218475669946,47.843510205716214,6.519722682173533e-08,0.42368475792997606
423,04,-2.3883861623916246e-05,-16.521862002224392,58.86005653639768,0.0,-1.7134484677420727
425,06,-3.645346474101341e-05,-28.120134918891054,43.231891095406475,0.0,-2.088116592703925
426,07,-3.570791800838603e-05,-18.498887496784167,52.862582088247414,0.0,2.0653683370979885
427,08,-3.5946427165531874e-05,-15.756697428713563,51.75170243226714,0.0,3.428375722310877
428,09,-2.0748739615697153e-05,-9.244409510294595,35.08465283191469,0.0,-4.316639142417908
430,11,-1.0089955154782932e-05,6.784489759657117,59.376273723493675,3.112157185872396e-08,9.118718305354646
431,12,-1.0581146033268115e-05,22.95546643394552,54.273882943514856,0.0004054831791949528,-5.379404907780308
432,01,-9.2527426375611e-06,26.340960131573418,62.63006211892765,0.00016244323407450028,-3.8576281189046893
433,02,-8.153189459681882e-06,8.31590086110433,48.93550452213628,9.767446773392813e-05,-1.6321592513720196
434,03,-1.5915630637317265e-05,-1.6360386480515998,44.90566300547765,2.4049384619600027e-06,-2.835005319595337
435,04,-2.4346638547669703e-05,-22.934988667466907,50.17846367060873,9.625487857394749e-09,-5.030215973642137
436,05,-3.070366395367009e-05,-25.76910455847299,53.73915812349191,0.0,0.8686174524368779
437,06,-3.477750818122634e-05,-31.860220404391814,46.7203716229452,0.0,-1.0147045824898613
438,07,-3.7615658574522775e-05,-25.170489753641114,45.05531850020347,0.0,4.414139295885639
440,09,-2.5603061031688413e-05,-1.6679924726698132,46.654843129608366,0.0,-1.4644166116926407
441,10,-1.3186316454061119e-05,-1.463842040031187,51.45971762442205,0.0,0.10595317576008452
442,11,-1.4898132296588707e-05,27.46974549831814,55.57987919455502,4.5776367187500004e-09,-2.465322771920098
443,12,-8.385574634596725e-06,33.275967709449034,59.292129598577816,0.0,5.98071442790698
444,01,-9.004527324929857e-06,20.359526514525058,60.00615774854665,9.698816525038853e-05,-1.7895402638835296
445,02,-1.2519085415486441e-05,14.879537966322628,54.698993667597065,1.52496250196435e-05,-2.578204086939494
446,03,-1.4810545610421827e-05,-5.396197126162949,59.004922374092125,3.62938924502301e-05,-3.353224274830151
448,05,-3.16294027814815e-05,-19.310568396455505,50.32535560724812,0.0,0.9736174805138702
449,06,-3.356170396635004e-05,-23.02242342732747,60.87640379265148,0.0,2.423815758026971
450,07,-3.758493633006676e-05,-22.269790681900524,47.74635748879372,0.0,1.5464795664100233
451,08,-3.3272750999810424e-05,-17.014684508621052,43.397001161080546,0.0,-0.02936674651279236
452,09,-2.4645985519115736e-05,-7.889081433783638,37.34792189491059,0.0,3.5211581916385226
453,10,-1.526362983537594e-05,-3.798430909843855,48.34944315867911,0.0,-3.7648246855992142
456,01,-6.416161365773257e-06,12.223324068787278,48.97643718384928,0.00022398640519829207,-9.303821084730084
457,02,-8.18821650381367e-06,12.903916228158135,62.959067062718525,0.00023337035661651976,2.093567276659466
458,03,-1.5800369091061108e-05,2.527072602630943,59.88884960889175,0.0,-1.2213739956066179
459,04,-2.5679135762624757e-05,-26.331729773288306,46.84454056873057,0.0,-8.98779911174774
460,05,-2.9667726341906155e-05,-25.198657173730993,56.839670298081565,0.0,1.8179982192952142
461,06,-3.566179110415154e-05,-31.36642959594727,52.944568701901716,0.0,1.6841690582911175
462,07,-3.888270218750779e-05,-23.176640851420746,56.14024401203919,0.0,1.4669344500880088
464,09,-2.5415033401845397e-05,-5.530321179199219,52.86381167994076,0.0,-0.21663299340142145
467,12,-7.748080553331723e-06,20.40142875687794,63.311030514205655,0.0006995919622400755,-5.213931379113147
469,02,-1.1806723732206594e-05,-2.6082788761683875,46.30087924139698,9.837871222268968e-05,-7.8224522454852154
470,03,-1.3339704251535219e-05,-6.768148279333628,63.03257818707726,0.00012620726580260901,2.6816236802583107
471,04,-2.4140652476206825e-05,-8.481860700141059,60.03202422682047,0.0,7.704519037034776
472,05,-3.631899526441482e-05,-17.44638056798135,47.40056218499266,0.0,2.19420731886997
473,06,-3.447691067930363e-05,-33.33076165534125,39.74884000571834,0.0,-2.731220611657037
475,08,-3.324744642680256e-05,-25.59706884437479,43.61733073811633,0.0,3.0056359347681845
477,10,-1.717439320385384e-05,2.0582064438686585,44.893768001867876,1.104806956424508e-05,-0.6498442904154464
478,11,-1.049799736220949e-05,11.533768935139973,58.11769115721252,4.4242540995279946e-07,7.461448430400424
479,12,-7.425197422547768e-06,21.47761040308142,53.53903508252609,5.2109628595331655e-05,-7.805834964444561
480,01,-8.170035396257738e-06,18.813249751593478,61.34680531404607,0.0003725200532585062,-13.357332215093798
481,02,-8.232899953890454e-06,13.675333238874163,51.283400613031226,6.108944188980828e-05,0.13648359216962544
482,03,-1.7898125718357898e-05,7.876527682396675,54.192069970153995,0.0,-4.36647806013784
483,04,-2.786484313502215e-05,-15.88577495863173,41.53150874974462,0.0,4.106000278896755
484,05,-2.8741963674400066e-05,-37.081440074305384,54.09692304540707,0.0,-3.1204028086098297
485,06,-3.9525050331051005e-05,-23.208365014648436,47.86380608810849,0.0,11.051475863477918
486,07,-3.625940142692049e-05,-31.74150496025496,48.734570516079984,0.0,-1.339811041760188
488,09,-2.6543087166161665e-05,-4.24653964674208,45.73786681658825,0.0,-1.7770658088896008
489,10,-1.8569231195137014e-05,10.235854191605762,54.45598049366731,0.0,6.308236840812109
492,01,-6.012859741277161e-06,22.106840989635838,48.67357203781476,1.4043623401272683e-08,0.20016098563901893
493,02,-1.5386156723984276e-05,31.748662168305497,64.97568837541958,1.7729275528041798e-05,-0.9163454450629221
494,03,-1.9840231885472768e-05,-1.8349693298339842,46.56073982853019,0.0,-1.952287807956819
495,04,-2.7043378228700023e-05,-24.0670989525689,35.17819720014996,0.0,-0.6015082754982847
497,06,-3.546342912159163e-05,-30.903872137790252,54.092656515480414,0.0,5.139373203955756
498,07,-3.552329937512147e-05,-24.55973527871409,49.31133174363516,0.0,-0.7900067844185773
499,08,-3.48960954878191e-05,-17.491402352609946,46.845165995435046,0.0,4.093506789135677
501,10,-1.848353834580477e-05,14.114419966174706,59.132486595437086,0.0,4.539380098568496
502,11,-1.0186800306089735e-05,15.631692754109702,47.969248177954896,0.0,4.185152656957838
503,12,-6.893300624729055e-06,15.732371215492165,60.65007041392917,1.2867758350987586e-06,5.737939940524358
504,01,-7.860778656987515e-06,14.34612370152627,66.80461903254064,3.849816578690723e-05,-5.843250577844601
505,02,-9.005972841740524e-06,9.622026147751583,54.51137783175566,0.0020311918883096605,2.4646371848923816
506,03,-1.5948935392546162e-05,-0.9029574194467195,53.47545231677126,8.298632919147451e-08,-7.318563435933921
507,04,-2.588563685021654e-05,-27.98602328389486,47.86236142485672,1.457011964586046e-05,-6.421966052585177
508,05,-3.230829694098981e-05,-22.4746828918457,60.26473778712485,0.0,3.197428371347406
509,06,-3.7502937650666964e-05,-26.38411481492784,47.88007799596918,0.0,3.3414038293414645
510,07,-3.6336240956178925e-05,-19.074829963273896,48.14752719921964,0.0,2.9915820770673855
511,08,-3.444879628501263e-05,-12.903870650096605,45.419211714576655,0.0,-3.4263525877306535
512,09,-2.3354238802332672e-05,-7.743464881388346,41.71682162190013,0.0,0.8442784887313844
513,10,-1.864643046111826e-05,14.62936670381279,46.729617401201246,0.0,1.9188417487605924
514,11,-1.0072340758698473e-05,9.36498726196289,49.88987413275507,2.1571267975701224e-05,-4.3413511865403915
