,month,MER,MSSHF,RH,TCWV,UW
0,01,-7.186377549426466e-06,5.464709561255669,62.6901256937955,8.14543241929367,8.566814722819995
1,02,-7.399999772068052e-06,2.729709174746558,52.295623941567676,8.97375713603837,5.242820933818818
3,04,-2.191347909663616e-05,-15.59233038906521,62.41300571294825,12.183705327253872,5.253018767907886
4,05,-2.839083756912113e-05,-16.16055940262989,64.02205650719006,17.216401719138187,9.909492792170534
5,06,-3.330413338050373e-05,-22.16353809509278,52.028707694198026,22.014874159757298,5.934494112353855
7,08,-2.8487004876296853e-05,-12.56110269165039,50.14281140049425,22.75220546986083,9.79633006227145
8,09,-2.3132900744369383e-05,-4.023202255249023,42.3501046719922,21.151945761863388,12.264388197920056
9,10,-1.6345863611966567e-05,2.642213581372333,56.92965585534547,19.721688314687825,4.59894328461924
13,02,-7.359469057738698e-06,6.865867059466484,53.581606617508264,12.12962919981178,7.856037982940672
14,03,-1.4070489600584629e-05,-6.186828353717764,55.02083505403355,11.427750095593034,7.28385072402544
15,04,-2.282624180893941e-05,-17.872287172783746,48.97103869282801,11.357650041418605,0.1369029037899443
16,05,-2.9285246377967465e-05,-30.998830406271004,47.47244699586335,13.246584139289395,-4.025603452805551
17,06,-3.014735746900341e-05,-26.066622504679362,62.37913317463399,21.07108883677324,6.837710131094192
18,07,-3.1905643976779664e-05,-14.025872309859079,48.67037434149174,23.41994776180611,7.28260863685608
19,08,-3.1051088017916934e-05,-11.540256553403795,47.008779259716306,25.701051704905364,13.212725781204876
20,09,-2.365392635981859e-05,-3.0327022542317708,42.946886476458445,23.25748233046532,12.575276836034986
21,10,-2.1172643707369163e-05,7.590982919672484,58.4636376896443,16.11280749658359,13.979145259652089
22,11,-1.4279194747299093e-05,14.235161112806532,54.54851769668525,13.396459855666425,8.777663723097907
23,12,-7.873070872231058e-06,26.063403682913826,61.380955716897084,11.703535817465474,13.964713369225944
24,01,-7.860688640385075e-06,20.899533713063885,47.875411116570554,10.644810918326018,12.33075755956096
25,02,-8.991757432514056e-06,2.888394768487839,50.11619150138895,9.000017916314658,4.826553443431854
26,03,-1.2076194787720939e-05,11.89821663673975,73.37905685201383,15.744720834609,13.306958838185956
27,04,-2.2320882245185202e-05,-19.334173597547743,50.02077896680037,13.077067014764415,2.920826218308343
28,05,-3.0310256707952082e-05,-17.47440350473055,59.34436809112436,18.54690212902715,4.588270763663836
29,06,-3.0904296795920855e-05,-15.787571440294057,51.69619375912348,21.37912677978939,11.143315948295594
30,07,-3.173775886429094e-05,-20.80200322239373,49.75860673643311,23.73428546353951,10.426191270602645
33,10,-2.174942796122078e-05,9.781940688922843,60.93410625634399,15.963218076816172,16.650438065046906
34,11,-1.4328458308167076e-05,19.586548003133142,54.57233108670976,14.317446869442199,17.251836509937714
35,12,-7.687594037497059e-06,8.885675470167591,67.75924336626196,9.079969420325373,9.12891215738686
36,01,-5.276928763964617e-06,11.574925520045783,58.01885871766587,11.162234676566175,10.828720034978724
38,03,-1.6001877676116956e-05,1.792558938959594,55.95160838729334,9.970802344655477,6.721166247665241
40,05,-2.9170486620455693e-05,-20.4214844770534,47.92201473479629,15.03766018853521,9.468134508666173
41,06,-3.17826830204164e-05,-27.949367026435006,48.16991035015053,22.511012832081317,8.309710549185011
42,07,-3.416977696542745e-05,-21.999847670688425,39.2781192299025,24.456834705301517,2.935726840890864
44,09,-2.1331834113273846e-05,-6.238656323920356,43.43915766518911,22.404552868395385,11.304056086709762
45,10,-1.6551261839878706e-05,3.491510892150223,54.79260846710333,19.132922751236986,6.952388475377072
46,11,-1.519573135911843e-05,20.401449884033198,56.70156626680825,15.306237562237841,14.35263231576284
47,12,-1.0313162028783104e-05,17.753608460457098,55.75187243828721,11.54048159815932,13.39048569564409
48,01,-1.1369238679367056e-05,31.70380508160335,51.86229076744793,12.54478739766921,23.507062125913563
49,02,-1.1685804688698098e-05,2.732715975443522,46.129101684696614,7.829569845487675,-0.6980405422619412
50,03,-1.3839232150540515e-05,-0.5926843497983868,57.115805566785156,11.947326620060911,13.265807060569843
51,04,-2.090864053300013e-05,-10.60586452026367,65.75529212030038,13.397991041318578,9.872940920575457
52,05,-2.6606813441591635e-05,-11.409518621957432,66.050863289825,16.563480364199606,6.826091371003018
53,06,-3.6603149109497395e-05,-25.008415187242296,46.266101067479454,20.88666345251666,7.4451282612482705
54,07,-3.282222612492611e-05,-33.091220865229126,44.1499227373741,27.130274066945557,7.109862047544089
55,08,-2.6941880611302234e-05,-27.08358682743196,31.77761535606461,24.006322544676,0.022965281558293076
57,10,-2.1395454446465794e-05,12.186390243366201,47.91972020449689,17.054838546397864,17.807696523379256
59,12,-8.522425015388596e-06,21.808005747805364,57.410435429080856,12.56604288422677,13.30256360898992
61,02,-9.682757584759485e-06,6.4267875001403105,47.08914505602986,9.158349270805545,1.374231495539348
62,03,-1.3818876191033916e-05,-6.2181760956138685,56.610379949503034,9.797240060637074,1.7070786961791335
63,04,-2.3066575134180317e-05,-21.124448284233942,53.13685258980724,10.647589474581345,2.0456456870185007
64,05,-2.301351515928619e-05,-21.276121071107926,61.30564291210714,17.356259771243217,-3.17149069710188
65,06,-3.0384449369921637e-05,-25.249517172580298,53.14751710217263,19.618736166115596,7.471991460397509
66,07,-3.052118788760435e-05,-16.333257173927887,51.58020934386151,22.990089238066826,9.1474737645221
67,08,-2.8069958612225798e-05,-17.017802792784988,42.472240740586344,23.504970162709558,2.872892107502107
68,09,-2.2138291550658728e-05,-0.809648367987739,66.94727416271104,22.38970984335343,10.311384230168663
69,10,-1.5594664512004833e-05,12.420039781796033,52.5519555827328,19.463715816155556,15.485334654428625
70,11,-1.2000811908506469e-05,17.20852971835666,62.11537896577253,16.40034759771559,10.336642698266768
71,12,-7.343828446024142e-06,12.754345215500043,59.86620702467682,13.293887527272263,8.305007507467783
72,01,-6.201572312694294e-06,7.789162023728894,59.71689801232405,8.008615290749457,3.3671332889679944
73,02,-7.646551471441942e-06,-7.170963860648018,49.17462651499538,8.483470379527834,5.9333629534131
74,03,-1.1304150707112197e-05,-2.56875498781922,68.34861116093205,10.938059937977021,5.728958231320945
75,04,-2.3272295822324753e-05,-10.486857863362628,59.37646033687326,13.55916669224368,12.875126613341438
76,05,-2.800802443084893e-05,-16.149492612120927,55.7763452255995,18.50802798619578,0.7978462683975057
77,06,-3.090711121482552e-05,-17.990251360066733,61.34983533646531,19.0323849847277,9.56488656516605
78,07,-3.447742918110781e-05,-15.274860501197074,50.75858460182529,24.054852292717143,13.101680323898153
79,08,-3.3271033724499884e-05,-4.3656862228557625,49.79625837316948,23.133719152373654,15.87532358626909
81,10,-1.5745955748394817e-05,1.4800897167574978,41.847355274659336,17.189858579468986,3.9228212014475177
82,11,-1.5779393952086846e-05,2.730464919026692,53.6031213278585,10.760161425473955,8.510707509316338
83,12,-6.748697063030508e-06,22.216181771555252,62.92255071562849,14.085127126652706,19.30713940606066
84,01,-1.0488508364736625e-05,25.802121266682942,67.17732922877546,10.206371892220231,14.171719384019092
85,02,-9.105866422227595e-06,-15.737989101954868,41.279925076501705,5.607975746361981,-5.740575921649026
86,03,-1.09558865346488e-05,2.199697240357758,53.96111336709735,10.942116465018639,11.289218418552027
87,04,-1.9242588071877733e-05,-14.953707265557181,61.57429541588492,11.382743049732845,5.863026918029785
88,05,-3.1224375424332516e-05,-18.680161248648037,54.14751819698144,17.007801973546705,12.02608065945615
89,06,-3.5890827366468634e-05,-24.274000357055662,43.53411597645681,20.289311543525592,3.068294317224291
90,07,-3.000731417455182e-05,-30.125119514383297,48.19723509739805,23.818925079271356,12.281629657273651
91,08,-3.1366839325049225e-05,-20.726613564768147,49.22354232249208,21.520708266890182,13.797753053542104
93,10,-1.7202233669146365e-05,6.4104873591597356,48.62927366667281,19.589035635976384,15.84836222144096
94,11,-1.2770530823662637e-05,20.62896745435927,57.76803370095226,15.246456928649215,15.672534009382458
95,12,-1.128779906788603e-05,28.043287035542146,58.52688881322774,12.267536138803731,15.426232051849366
96,01,-8.849628261046861e-06,-8.473066081057311,52.03738375666833,8.603436328787955,3.380256105915193
97,02,-5.771432554432804e-06,6.824847212655203,67.52644709656069,10.734177145354804,7.183116704645611
98,03,-1.3287096029671374e-05,-5.803373095440609,55.151999684815046,8.999293845345896,8.146193476933306
100,05,-2.791426425801057e-05,-28.103053294192083,60.924986691195485,14.467633944537052,5.088691424010902
101,06,-2.8837502824555686e-05,-20.989433822292757,61.5306473079814,21.273624211708704,12.883800532786049
102,07,-3.379324687933062e-05,-20.07741719498173,55.40260847481861,24.62420682204411,8.933421974059073
103,08,-3.0242934917310693e-05,-13.572054321945357,50.633880177582476,24.83616227820099,13.210910544979956
104,09,-2.5696148892024614e-05,-3.969099077690972,51.22118268649578,22.86273651031123,18.18680549267663
106,11,-1.2423982501220758e-05,8.69252590874566,58.77474638277293,14.093879046629535,6.046647794045342
110,03,-1.4791143874625109e-05,4.141464673442225,71.63935923557511,11.452679470425014,13.992932746682113
111,04,-2.4692344382775542e-05,-22.74501348402235,55.09817502149212,12.66216660157707,6.067272683482699
113,06,-2.7714982728361462e-05,-28.63852083367242,47.29024293223089,21.301890547300708,-0.37918123620351224
114,07,-3.385038605679304e-05,-9.511822006717805,59.07058047961163,24.77475175948938,15.473679856002972
115,08,-3.211179117533902e-05,-13.866469908683532,47.473473327189375,23.52457447757131,13.94590260669749
116,09,-2.5435363158006416e-05,2.907980506727431,49.177534459747214,21.290678543053733,11.980116043281555
117,10,-1.6347254436593455e-05,7.273599919801116,47.520342997120274,19.266358468080078,9.869671590989638
118,11,-1.0307503538792339e-05,7.8851572241889105,46.36847800110711,13.532653791407743,9.089208542802597
120,01,-5.490775168401608e-06,12.580168148245866,46.32122026583841,11.883489435585597,10.294662934293028
121,02,-1.1993180484209699e-05,15.243881237211681,52.799659086113884,11.023137841236023,16.366795333748772
122,03,-1.7582771425163286e-05,5.919001820882161,61.97907953674307,13.789131960060006,17.954782301687423
123,04,-2.3728384267512105e-05,-15.711892689005532,62.36782957411343,12.549550183918742,5.260100383440654
124,05,-3.2913617601255e-05,-32.404015432706444,43.15242019264416,15.407821862953968,6.0320307345851765
127,08,-3.0036708770112647e-05,-17.0266568734774,43.458151734339296,23.732882308342127,11.918716067467969
128,09,-2.1827326350689368e-05,-6.781363076782227,44.02462579022247,23.486319775686,2.8825163167741565
129,10,-1.9913688146604526e-05,14.103063629806684,48.60193847477949,19.272771393693905,14.940329161633727
130,11,-1.311930024130561e-05,7.912713109334308,43.72629240063826,12.214345464632247,6.5622522730721355
131,12,-7.719866410816296e-06,20.033501539989185,45.286219627095804,12.302766914845797,13.531202857314899
132,01,-9.708490018202875e-06,23.531725362798216,54.619796854420386,13.03048595025206,17.500156613913916
133,02,-1.709957590030951e-05,31.83555304718018,59.52337883048256,12.68034689824212,22.9481457257952
134,03,-1.7018775953137494e-05,2.372058311872584,47.98838851665681,11.869843073837217,13.333049105408369
135,04,-2.7999317039636173e-05,-19.276666238742408,46.732171709169286,12.065731884741782,3.7507871259901253
136,05,-3.125298669270236e-05,-34.3688931694441,36.06377147361027,14.324859504516404,5.1684694324001175
139,08,-2.897321149455781e-05,-28.290339532667595,47.590817581110095,24.33309032836268,9.989635868913387
140,09,-2.7407515947157255e-05,-3.6402964202880854,48.108384553693405,20.220626075602905,12.827943298954434
141,10,-1.8407037761653066e-05,10.48773665069252,49.92561818830045,18.95590408874968,8.42830417339776
142,11,-1.0645134954231454e-05,8.876481322224937,54.38112868225972,13.421097168287966,5.109709851434498
143,12,-1.0178729378000547e-05,19.264495642221096,49.02194799312469,11.535513428002275,5.829736719623688
146,03,-1.2629808311264428e-05,-0.5304674036169569,53.76618897918476,14.275736472201602,5.395416858201385
147,04,-2.5889148811054637e-05,-18.50936585184733,50.20018549894757,10.986529590508672,5.61995390847524
148,05,-2.5811937759284265e-05,-33.066711107479634,47.67298183366304,14.460797650952493,0.8872901309023614
149,06,-2.987989489524302e-05,-20.686577268473304,57.62339900992447,18.702801296479173,14.718036211374072
150,07,-3.606362330103894e-05,-12.26554677852508,46.37869990175771,25.921418963223378,6.619193799377769
151,08,-2.9805839779475068e-05,-22.79464663072811,38.70661156831249,23.833731042867065,11.01385874016054
153,10,-2.004618059737534e-05,2.17344532234438,45.307421456006274,17.674736063961063,4.971583007299772
154,11,-1.4646135411648073e-05,14.444811823866104,60.08639300202131,14.225457465975815,11.738773440445796
155,12,-7.654158530845394e-06,17.942148733159545,42.031411531264894,11.076515356142036,8.257994727001396
156,01,-5.988280283046514e-06,9.900324605634134,41.55076964045469,10.36507142100283,3.217538565153716
157,02,-7.568776633878318e-06,10.513905402874128,42.596786469010105,11.196383694080101,11.67841455961644
159,04,-2.3724830210206465e-05,-12.979907084147134,60.15185276207658,12.85867560589181,11.795587993537051
160,05,-3.502280750303383e-05,-18.415903687507882,37.98684394011575,17.11736192246663,3.870598782180457
163,08,-3.290884278264643e-05,-13.404264240552024,52.83446418771308,25.45110419567298,17.78341034901527
164,09,-2.5466491539959356e-05,-1.4094354346381297,48.6797681992597,21.089136655476363,9.088945560031467
165,10,-1.9484351597922247e-05,1.9587082073252686,58.379234332862715,14.223404862920445,6.554792054104549
166,11,-1.321692710625939e-05,23.694389510769323,50.96693710040848,14.199872933730813,20.914857090568542
167,12,-8.425528942156701e-06,11.411874493342573,45.69198678764476,11.040920949630838,8.596278399949433
169,02,-8.449411843078754e-06,-1.1622854381742926,41.2482318814184,10.165785772635825,2.4115948096456985
170,03,-1.4966802825774622e-05,-6.011914413616221,42.24266758934657,10.57913865132614,6.541541600606773
172,05,-3.0932743489659034e-05,-26.541132331437964,51.168041845343446,18.49295009515106,3.497821047116352
173,06,-3.281592492067931e-05,-24.277929318237305,46.836056776909025,21.09136703202724,9.25905919657813
174,07,-3.3366269429406925e-05,-23.52127023184171,53.23872095220833,23.766084752114875,13.991837543220932
176,09,-2.2725771390226628e-05,-2.4448908416748045,57.50485973500145,20.6290178585887,4.56495947757297
177,10,-1.798888249350155e-05,2.3637267239478326,43.9463890340828,14.716569644813896,3.003415204591649
178,11,-1.1587640056374466e-05,-1.8295716874864363,52.225245416957804,11.321686016183431,2.3298814604229396
179,12,-9.250304196792702e-06,31.236705364924607,64.63241229699248,12.371003425172582,20.999137792648806
180,01,-8.814763398506955e-06,28.086010490499522,59.814965074129006,11.951160548843365,17.509481018681676
181,02,-9.681430163471391e-06,-2.9269207930791947,54.97462990093799,9.542274346257958,6.761308108556839
182,03,-1.5868986940443404e-05,12.424105568506382,56.25959003628518,13.046672808460013,25.385559077929432
186,07,-3.466171150601792e-05,-32.442688338413035,36.16844127948567,25.164367288179292,4.388184303857946
187,08,-3.527003988845888e-05,-15.806742182249662,41.714041907468136,23.171906867293902,12.279929775791784
188,09,-2.649383951805552e-05,-2.2674784339057075,50.77799905458556,20.662340495669845,9.422944353548688
190,11,-8.92097842036795e-06,12.752254605102538,55.27824593100681,18.250592901670938,10.65475141023
192,01,-1.2804497735976505e-05,25.385474410518523,57.77612080058489,10.959147662439655,14.218067233526579
193,02,-1.271823695051786e-05,20.178666164579848,60.9734689490412,12.205283860994237,20.19777915863764
194,03,-2.219248033328259e-05,-0.5256330294045062,56.57506640008187,9.68667776564885,14.015041863861907
195,04,-2.3056703787511248e-05,-15.611610607231992,48.9374839578549,13.610398491528297,8.932633039940727
196,05,-3.3250014936618425e-05,-29.631465932538433,52.844916530618114,14.887000348762799,9.018692946013585
197,06,-3.44918315846169e-05,-24.446217814466692,49.08188772321145,19.14153311720292,4.274826041094461
198,07,-3.591561413959817e-05,-25.92438248894804,39.340810654867084,26.651675874188385,7.295851527121759
200,09,-2.6222378082234683e-05,-4.395296908230251,54.09243484116659,21.198522507119172,5.966960947651334
201,10,-1.4566836962311297e-05,5.514771194293934,41.310020164710224,19.556401405724145,12.37252014750819
202,11,-1.3042386322538529e-05,9.068964893934462,58.53600206141338,14.086958012714652,6.407606474367777
203,12,-8.991161045966975e-06,-5.598886509064706,48.51484771922968,9.520831813155645,2.4333651795746185
204,01,-7.460320452180465e-06,-0.4728464959257379,45.67560021059616,10.440877024148103,1.658294647544943
205,02,-7.544903639281147e-06,5.38362545916678,55.18347650017959,8.869372559355593,4.37647370480943
206,03,-1.2827322511164368e-05,-10.990242480862525,51.72073062135199,9.525472053571415,1.0527366366232593
207,04,-2.0502408365953464e-05,-21.604367342122394,58.54018084150156,12.497388009622364,4.561729153993395
209,06,-2.8253365109311642e-05,-38.732165323215064,41.61192797080808,18.80213339232339,9.433004859309726
210,07,-3.142641031134248e-05,-27.054918192217425,49.82263012584947,21.689672550591094,10.088768128179733
211,08,-2.9903093116464793e-05,-15.358725825155936,42.33743624172287,22.9990404958584,2.895004055515413
212,09,-2.534073391895315e-05,-7.00570699428982,43.673043699496326,17.80062923739222,0.038807996008131576
215,12,-8.836182103413613e-06,1.1414017176474303,51.832999992789766,9.593377716324662,4.368369198132585
216,01,-3.583592048936e-06,-1.2817189340899076,35.36421269791357,8.961908747665344,-1.286656943434028
217,02,-9.97768289436776e-06,28.48145621345157,61.04910012837534,12.171147674492426,22.079497913224362
218,03,-1.2413017713795421e-05,-3.0697627356744577,49.8996438915832,12.901507511982352,12.954594367386195
220,05,-3.085946982284968e-05,-22.07697987414944,55.658551038389554,16.664446066212914,8.545581844842562
221,06,-3.476727682935032e-05,-20.254541469319665,56.16686724849277,20.78134989303483,3.493047113927205
222,07,-3.376502295814329e-05,-20.43258258581674,48.29218798171063,23.78260384443754,6.435511002550844
224,09,-2.7053925191669103e-05,-10.968042353990342,40.873450344501606,19.439216820406912,12.051192799843681
227,12,-9.893875752236308e-06,16.98351939342868,60.12797338394067,13.047354222416878,7.438668075274396
228,01,-1.1099072907757458e-05,24.386054642872143,54.87726956107148,11.066128452862465,9.809003644122871
229,02,-7.893391973560764e-06,12.879144769577753,54.623768248409036,12.837736519389209,14.813645704178581
232,05,-3.182257207745645e-05,-20.036693252071256,51.31070372274871,18.25652126416596,3.9262605809857765
233,06,-3.4082233544055876e-05,-13.138249787733287,60.09514157660935,23.464375189109646,13.012940218522813
234,07,-3.6390916169732936e-05,-13.917790471887077,46.5719772114318,22.643103410513174,15.677108238486833
235,08,-3.4686337675251e-05,-19.754633603331865,40.27667498864153,21.998242530926582,14.429789518274287
236,09,-2.4247977624205914e-05,0.3736279635959201,55.41774919654528,23.421663728037153,3.919208845329285
237,10,-2.3367591303340108e-05,14.50471792602539,57.49670259841796,17.60276400920909,15.000559230353243
238,11,-1.186565926222506e-05,4.6568576497395835,50.09492808050447,11.023035687553882,7.878285733710395
239,12,-8.802920268002493e-06,22.454611907630838,51.308709990082264,12.303671738373337,12.782658350072886
240,01,-9.430198710966792e-06,24.63400003675235,61.44896206574927,12.195444267046069,16.481189683155343
241,02,-1.079772392194216e-05,13.779260249546594,59.85849182345754,10.259473174222878,13.373481011186328
242,03,-1.3397230129969535e-05,-0.9194605676794566,60.6708199271861,13.508820564555867,9.409900608575471
243,04,-2.54553507465769e-05,-17.42901027967665,53.24983413987689,13.930574816384583,5.066782274542914
245,06,-3.759346314859108e-05,-24.964019442409946,49.104056137108806,19.179021763939325,9.589524438858033
246,07,-3.775679561435789e-05,-20.12216363230059,34.70881050790896,24.06717719546313,6.7905215421697145
247,08,-3.318467006672979e-05,-13.657699137697938,45.50563225292391,23.8488504817614,8.883778229928788
248,09,-2.59650643648355e-05,-3.5717024329291456,50.26974016195536,25.80820150032573,5.929397126367357
252,01,-6.553396535759588e-06,18.42038040095504,45.80448549491872,11.324720192924623,10.353726586782804
254,03,-1.4517082142339604e-05,-0.5979741453765541,58.83941007500695,13.146086779553404,9.49542429823516
255,04,-2.355722367422762e-05,-12.813957029554578,60.681698268123455,14.799168964303863,4.805695806566875
256,05,-3.550879427684679e-05,-19.147158501081563,47.704144963514416,18.64379195670543,6.9489958812139365
259,08,-3.0941285219664524e-05,-19.063545700565466,39.65101154342005,23.377618400014857,11.04517762957337
260,09,-2.4486756719630248e-05,-2.020394458007812,56.817002186003,25.28914702420103,7.933719080649483
262,11,-1.5146696185204038e-05,20.892512133110895,68.07071139411661,14.33508744482597,12.342221737946403
263,12,-1.1904006665214989e-05,20.81303864280127,63.79751548051194,12.55957897350352,12.820332980145691
264,01,-6.723928980547147e-06,14.384707934964087,53.25762820807451,10.276413458688285,6.1000643886237995
266,03,-1.3063552253355424e-05,-6.242824222359606,58.59238742218351,11.94844622561111,13.09184503670149
267,04,-2.4765318735565716e-05,-15.737299090576174,60.65160554169682,12.39155946132872,10.400624713431462
269,06,-3.303585196628976e-05,-31.827683939954966,48.06642211600013,18.788384712798067,12.22468430902693
270,07,-3.6646507612448495e-05,-24.41304970722813,43.035889669943884,25.123447815056778,8.167003860658214
271,08,-3.349079792080317e-05,-13.273838911159066,49.470468634774605,26.95539833592728,10.676284386645083
272,09,-2.8629883362433853e-05,-3.361749937269423,60.89090815499625,20.705136747317844,7.402657788870068
273,10,-1.872843477780094e-05,15.499699002173642,52.0420637966638,21.72099201665899,14.544020690487276
274,11,-1.4045017091525046e-05,9.019137569173179,50.75557469189433,14.766802187086476,7.708632052760654
276,01,-6.60295483731882e-06,23.604068570044735,51.65779350411636,12.109373243094772,13.556759391107867
279,04,-2.4829810814864887e-05,-14.182246478949653,49.20558492463959,12.332358963489533,2.687068967501322
280,05,-3.0134792006426703e-05,-17.31557953963741,52.31226475243542,17.86483551645279,4.80779668205015
281,06,-3.5836119472898846e-05,-20.466573669433593,50.7506326838851,21.94502347338862,14.10018485385047
282,07,-3.594073215623134e-05,-17.96138944137737,48.60045512300026,25.717054898814485,8.125416749031315
283,08,-3.0240783373966385e-05,-12.41071590333344,52.640142950275894,28.186662356700946,0.3693177606316022
284,09,-2.726855740998468e-05,-6.606480073716904,41.46046437310777,19.46754291381571,-0.6506538895077175
285,10,-2.2813934475604865e-05,5.003235001430717,55.25826176021304,15.544581788047665,15.801558265091272
286,11,-9.433203981300014e-06,10.082439758300783,57.335292302331666,14.819048055042161,8.362891557502746
287,12,-9.155090198257839e-06,-0.601292420089886,52.83887711868107,12.703119583929736,3.7487439302218855
288,01,-7.996820467572737e-06,16.024269751435966,52.92226850532075,10.557260232224259,7.2308413329791
289,02,-9.213011075579354e-06,1.6289639434814458,40.65915042115535,7.618574587362154,-2.7782855909211293
290,03,-1.4304734281419465e-05,-4.024482163624097,45.80751552796749,10.201501829046073,5.931675549784015
291,04,-2.383696288773839e-05,-17.2942943037245,47.44735419490735,11.80928153449032,1.776840329636468
292,05,-3.0977665722578726e-05,-19.48317038226384,57.695412786129985,17.237994223952292,13.447643165608888
293,06,-3.491794925367785e-05,-29.63445593295627,48.58540389312637,23.02299164098236,15.360014124997457
294,07,-3.637924248004731e-05,-25.786057973554062,44.12265574810709,25.262484286273676,7.717995313931539
295,08,-3.1032737283929096e-05,-31.771135562691633,39.36124998163152,23.719839718063675,10.79600291262391
296,09,-2.437035215904568e-05,-12.497950702243381,40.21523504180775,18.67727894531356,8.71134063267178
297,10,-2.1305207502659715e-05,-2.352458050143333,49.86598729915773,12.834833942158248,5.868036298526231
298,11,-8.746191556262298e-06,13.336127873399521,55.471923015075255,15.444975968167515,9.657236481560602
299,12,-8.986315398414586e-06,16.75842543636855,56.42778465677845,12.111972078078535,8.24986906863797
300,01,-8.992702947169514e-06,20.66453995308825,64.87525535803712,11.204803152650916,12.400445861242154
301,02,-1.1818901434843997e-05,12.780648606925178,58.06078212638148,11.609675477981567,8.718364602428743
302,03,-1.5225630396960167e-05,1.0669384965794064,50.376974003080406,10.998717471243236,5.864473087290283
303,04,-2.4217375733618005e-05,-11.611916856553819,59.49211039767795,14.257841776642534,3.0342327328787904
305,06,-3.421590459786078e-05,-30.121984181382924,54.56608841220009,21.4024883570883,13.141829840681288
306,07,-3.5823426863228845e-05,-21.040274605699764,48.61712288511441,23.3933894850977,11.099155380125966
307,08,-3.442271008691844e-05,-10.630728795861687,53.4802156332962,26.830953647472523,7.505057596555321
309,10,-1.9737982986943505e-05,10.8786054316695,45.96995730125903,17.218317307363275,11.938783076604208
310,11,-1.219442167142309e-05,8.63346869269477,52.650442458646836,13.982692417393787,7.877422987598844
311,12,-6.509792311736683e-06,12.651209838210898,41.13814304297201,10.708026006760138,9.412742538349605
313,02,-1.0796667724878803e-05,1.9850640389578682,54.967533898224424,8.97967280293788,-0.5147282207352782
314,03,-1.2645556585016247e-05,2.2825399281491516,62.992716266741034,13.200527901346966,6.881408927343225
315,04,-2.402455134354872e-05,-12.38321820203993,55.9102142579476,14.237437394865355,5.966150120883517
316,05,-3.3327865934669755e-05,-23.83920729967343,52.369123788558014,16.13438991110812,12.497400639995453
317,06,-3.715115132452208e-05,-30.632264646063906,50.84424858076307,21.792493984187978,10.793446467632718
318,07,-3.409394384040644e-05,-23.561669685609886,47.80977541725482,25.305337204162793,6.903388320861324
319,08,-3.320200081173924e-05,-14.21000237282374,41.28222914207624,22.598466931248222,7.691539144146827
320,09,-2.545146969718593e-05,-6.704652192857532,39.75358392157654,22.82103427496221,6.048352263323466
321,10,-1.7187334372416657e-05,10.538457600583316,41.694871458662455,20.637318765312116,6.321603889998569
322,11,-1.4535249143672345e-05,9.326381112670902,61.63253474075529,14.740219080596498,8.41573143863678
323,12,-9.12172876785682e-06,14.485518746324761,56.37181309181387,11.177854364097762,6.250331046853014
324,01,-6.5253165958961526e-06,7.280853728591756,43.42763289413273,8.982065612998058,-1.198527814270348
326,03,-1.3873502668170125e-05,-4.782673361173239,59.930227692120816,9.928221458632457,8.711972299124605
327,04,-2.37631702343909e-05,-18.782449027506512,53.65862876264652,12.557103431734772,13.231339445326062
328,05,-3.370682173148433e-05,-13.439136345319852,55.415879218805216,16.937964208655462,11.327168507647768
329,06,-3.4785863751151034e-05,-27.11431088460287,44.96967633606062,20.177302681291106,6.44561336379581
330,07,-3.3670624993676266e-05,-35.11209074615151,34.7803111832411,25.163574650856756,5.194669483061761
331,08,-3.203818718891423e-05,-14.970106861073484,56.166526000266416,24.020286544034562,5.139944788245744
333,10,-2.0357669840078775e-05,8.929626497002058,49.91160704086961,21.241959986229094,11.764139995021203
334,11,-1.6638314112929544e-05,21.698549422539603,51.20864173750348,14.983468749819865,16.657310976600645
336,01,-1.3167410284109127e-05,32.71415653975292,54.798027210791915,13.106980731325766,20.381366841223937
337,02,-9.635896793779033e-06,12.227102448962983,62.05461917357218,12.45363125636322,11.984527422791432
338,03,-1.969343553138324e-05,2.858439688077537,50.951221448258686,11.756546522871137,3.589432570611277
339,04,-2.5420359923575438e-05,-23.728481532796227,35.425640993569964,14.029402746246918,3.3506547569486838
340,05,-3.1186685044343005e-05,-23.42358186127037,55.67473245647261,19.129142921575937,10.869236741629978
342,07,-4.0491175616739144e-05,-14.380545316962786,51.51913973191349,23.765559630895176,13.94707431110259
343,08,-3.430768915528969e-05,-11.902402343421853,46.669440629773256,24.276185533899135,6.611389506945046
344,09,-2.677926907070085e-05,-2.246240928141275,48.58724766878287,21.141295356886918,8.22912563188341
346,11,-1.4172945336880124e-05,15.984315191311307,55.0159122577058,14.289930684622128,10.173234992345176
347,12,-9.103623443880553e-06,18.67049515623687,44.72693699303237,10.617689527364186,6.526885977427164
348,01,-9.98381483742544e-06,30.50790186531313,59.32570013750177,13.490079094302269,20.154622732100943
349,02,-9.733829621899499e-06,11.488472740085646,43.235250111784055,9.918647395893075,12.265323426432992
351,04,-2.446588194630345e-05,-15.287676639472116,50.48518859204715,11.81326274435123,7.088551215807597
352,05,-3.326288808405293e-05,-18.37616691179173,46.32872357566895,18.2019808564968,0.6533463385182041
353,06,-3.476253857051133e-05,-32.52892781643338,47.80475471985869,20.658758763898746,12.328733485349018
354,07,-3.577182100015043e-05,-18.878891244211506,53.425692884929724,25.707979306942672,7.46280018252711
355,08,-3.3834556450724496e-05,-9.036356891591062,49.02626591384924,25.532705715393504,13.036809177316645
356,09,-2.5189189388381943e-05,-2.5223080678304033,46.95382839618127,19.755159920113613,4.18150704068078
357,10,-1.8222273044254205e-05,6.518695762716314,54.30898137165141,16.76005811733328,13.949120030803067
358,11,-1.2143508331428165e-05,12.723418456013999,55.05112889809742,14.737761704242228,9.143233898650275
359,12,-6.623100362498576e-06,8.910789440196046,51.189781416840454,10.188280075834642,3.3564824344881106
361,02,-6.55127283612057e-06,7.2258432279314295,62.426701213981424,11.645883812596404,6.029134575253441
362,03,-1.4006747319585248e-05,0.15545269151913163,60.10794240493287,11.059879185275365,9.182660163920414
366,07,-3.995988693131167e-05,-23.939954596078525,46.67216465320125,23.57777746359636,12.934066957371208
370,11,-1.3997967538165946e-05,28.005924584282763,63.3120259418408,15.272984667379328,16.328244664086235
371,12,-8.896478755051119e-06,9.686923075029926,62.37685010996686,10.664877343126522,7.806057778881443
372,01,-6.091251291421628e-06,2.9262350808420488,60.36061479552843,9.084873129739556,4.086005965673795
373,02,-7.65345504045659e-06,5.717629487900508,61.53230691539674,9.55672571522707,8.026179726691472
374,03,-1.4227020407356234e-05,-0.1344084672825314,56.345688745778084,10.645667281794292,6.929926506247573
377,06,-3.182083758476639e-05,-35.711798379855686,43.71565713060168,19.529956096535262,5.184164862230089
378,07,-3.4407490462771055e-05,-31.11366353779454,49.13440625845617,27.35150430944914,10.114219836901592
379,08,-3.27152816781925e-05,-15.088779016966459,50.057286181364006,25.141525758176723,11.199890485086746
381,10,-1.8914465963579488e-05,8.677334267236855,54.52403665949838,17.27257944951775,6.946783918237173
382,11,-1.1904203317903414e-05,4.708053307088217,64.34552551558414,13.104098462952505,11.954520990626015
384,01,-4.432973011169315e-06,15.641597058367989,49.85520389962581,10.790953362373896,7.8899931685950175
385,02,-7.274441715534998e-06,7.353929252261208,64.81677477946593,12.025972804131962,12.228949002470287
386,03,-1.235675504704564e-05,-6.3443144091534345,43.386579177287324,10.456544133351697,6.132339461931618
387,04,-2.5035789431644346e-05,-14.869033695136176,49.48712501599656,15.158912003555566,3.5041900164074367
388,05,-3.0008848766624646e-05,-32.62149781881353,48.67582858574712,16.91407297216308,12.94653068993681
389,06,-3.4230032604055946e-05,-25.01744469502767,49.43961729888122,21.81825442208979,9.191161323695713
390,07,-3.7348723895911946e-05,-18.427609645064162,51.34294977803511,22.20925140021052,5.025835220500987
391,08,-3.274760770019843e-05,-10.64563058373236,50.85391145080519,25.6041415031533,14.01876132214454
392,09,-2.5484862159343414e-05,2.648160398695204,48.54894579696125,22.98564577755134,15.945109005716112
393,10,-1.916051529891168e-05,8.726722329416583,41.10612051369683,18.000692696975126,11.441918302064302
394,11,-8.12447487300637e-06,7.208228931681314,45.10324230610001,15.098697719383242,5.92565191201104
395,12,-1.2744765838047034e-05,29.389911852764826,62.27082245179138,12.64775550762171,20.643361183248544
396,01,-9.557997748420493e-06,23.492998173539362,55.985124487241116,11.476601598980604,15.473656117552068
397,02,-6.941694202459045e-06,2.77444112036694,54.92825397600388,10.29393062870804,2.178728864450564
399,04,-2.412122515035865e-05,-15.116672309705946,65.52592149374486,12.959454562992518,9.397371100213794
400,05,-3.2719707248821014e-05,-19.41600187732328,54.71462800888861,19.47343097171732,6.590203753809776
401,06,-3.633841799156573e-05,-15.284035491265191,54.862410076340026,20.928866900479797,15.388559870190088
402,07,-3.9630504535585143e-05,-18.105863085346844,55.33667580591222,23.770940406066114,9.643338416766094
404,09,-2.780254297756781e-05,-4.337274759928387,47.643611919113,20.29766017638975,13.954834382735358
405,10,-1.749340033099435e-05,6.576196681525118,62.883388684188155,19.45141905994441,14.909538201732023
406,11,-9.782895505729057e-06,13.286790387301977,48.36725960095062,13.530393645091852,12.563796591271297
407,12,-8.270612005098982e-06,23.135962751162953,68.44660146777348,12.410677929641098,14.61453167242645
408,01,-7.079607454118081e-06,9.77005108642578,59.36599973937003,10.500852505586481,11.252236509794832
409,02,-9.82560560788399e-06,1.2790957768758144,54.799641565576906,8.859147338378996,-1.159094538597833
411,04,-2.0434202846445263e-05,-16.983018215264217,45.651346360141694,11.91540409259134,11.989419890530904
412,05,-2.7662325821888435e-05,-23.158452428017892,56.92952051083376,16.579097982118206,2.4006520103946807
413,06,-3.319209287441886e-05,-26.815010833062065,45.349666944320994,20.551190380279227,8.969547468270196
415,08,-3.2683108437937644e-05,-17.84199171037572,39.46305893081491,23.693631909804957,9.443083260218303
416,09,-2.475842662511746e-05,-8.054260448540582,49.65095689521101,21.14314986570544,9.695096008894179
419,12,-9.44601224512954e-06,28.97793200421077,55.46996279250422,12.755031762801186,17.02456877497191
420,01,-8.580053124215514e-06,22.96357862870411,63.49304372530727,12.548642675956094,12.436592943314585
421,02,-1.1990748406116751e-05,26.598223410470148,61.15281964255657,11.46738722245466,13.365070623874661
422,03,-1.6731313326227373e-05,-1.3453218475669946,47.843510205716214,11.066952292218005,8.635303588846677
423,04,-2.3883861623916246e-05,-16.521862002224392,58.86005653639768,16.86577033540408,4.371208240678578
424,05,-3.2321809314922687e-05,-17.350711201329386,63.11191008513332,17.91922860039819,4.460978497023224
425,06,-3.645346474101341e-05,-28.120134918891054,43.231891095406475,19.652886832084917,8.551404417122734
428,09,-2.0748739615697153e-05,-9.244409510294595,35.08465283191469,22.670960359727015,4.304754424497816
429,10,-1.6616273676728237e-05,8.951883064844276,46.06859467966968,21.249415780923695,13.233899098078409
430,11,-1.0089955154782932e-05,6.784489759657117,59.376273723493675,16.452237505469057,5.4755702130211725
431,12,-1.0581146033268115e-05,22.95546643394552,54.273882943514856,12.032215354372097,14.305220015987274
432,01,-9.2527426375611e-06,26.340960131573418,62.63006211892765,11.101973199181659,18.644701262320243
433,02,-8.153189459681882e-06,8.31590086110433,48.93550452213628,9.554675642374013,2.498706819670541
434,03,-1.5915630637317265e-05,-1.6360386480515998,44.90566300547765,10.268197295402967,10.029118978069674
435,04,-2.4346638547669703e-05,-22.934988667466907,50.17846367060873,11.4696420110782,10.873251885689628
436,05,-3.070366395367009e-05,-25.76910455847299,53.73915812349191,15.192477716480534,16.856304020481723
439,08,-3.326061218056918e-05,-12.586229408838417,52.3345120203854,27.893779480126597,9.09200456961765
440,09,-2.5603061031688413e-05,-1.6679924726698132,46.654843129608366,19.359477819336785,4.154875349871318
441,10,-1.3186316454061119e-05,-1.463842040031187,51.45971762442205,17.587374542541404,-0.8720540958937775
442,11,-1.4898132296588707e-05,27.46974549831814,55.57987919455502,17.272885030308036,19.895228572103715
443,12,-8.385574634596725e-06,33.275967709449034,59.292129598577816,16.484773507957822,20.310897958140217
444,01,-9.004527324929857e-06,20.359526514525058,60.00615774854665,12.302332713373247,14.172474664052327
446,03,-1.4810545610421827e-05,-5.396197126162949,59.004922374092125,10.437647663715065,3.1354650305676195
447,04,-2.7581765115751797e-05,-20.820068422105575,57.557788026644126,11.800390531207455,10.033905906762017
448,05,-3.16294027814815e-05,-19.310568396455505,50.32535560724812,17.92110827917566,2.073139207963021
451,08,-3.3272750999810424e-05,-17.014684508621052,43.397001161080546,24.996205532712324,12.400393611907957
452,09,-2.4645985519115736e-05,-7.889081433783638,37.34792189491059,24.11319072261387,7.136507175445558
453,10,-1.526362983537594e-05,-3.798430909843855,48.34944315867911,17.225026653107776,3.3976095040639245
454,11,-1.1750765303218536e-05,10.89123139716254,54.5964946256227,13.316576630128754,10.592714350276527
455,12,-4.447676278540448e-06,15.633635981405934,42.93341399640295,13.01997802054626,10.629026270692066
456,01,-6.416161365773257e-06,12.223324068787278,48.97643718384928,9.654886861660149,3.00486104214576
457,02,-8.18821650381367e-06,12.903916228158135,62.959067062718525,12.805091260918546,8.4660046029545
458,03,-1.5800369091061108e-05,2.527072602630943,59.88884960889175,13.275623237716257,12.592574200394331
459,04,-2.5679135762624757e-05,-26.331729773288306,46.84454056873057,11.854652500814861,9.407489323573644
460,05,-2.9667726341906155e-05,-25.198657173730993,56.839670298081565,20.08667393688617,3.779986991472142
461,06,-3.566179110415154e-05,-31.36642959594727,52.944568701901716,24.920626615144148,13.948579157532585
462,07,-3.888270218750779e-05,-23.176640851420746,56.14024401203919,25.7952684127118,13.697072580809232
464,09,-2.5415033401845397e-05,-5.530321179199219,52.86381167994076,21.336988494233296,8.872825825288562
465,10,-2.0550294828412475e-05,15.281469091599986,50.30405073937036,21.25215219498321,16.963595434599025
467,12,-7.748080553331723e-06,20.40142875687794,63.311030514205655,12.457500854338369,11.00165480297868
469,02,-1.1806723732206594e-05,-2.6082788761683875,46.30087924139698,7.208972067391589,2.6303881119546424
473,06,-3.447691067930363e-05,-33.33076165534125,39.74884000571834,22.747421039063397,5.857450155003866
474,07,-3.4126774513620195e-05,-44.31138712696363,36.16823902212164,24.748706597475596,3.485621720426826
475,08,-3.324744642680256e-05,-25.59706884437479,43.61733073811633,25.458101015994625,11.77572594638537
476,09,-2.7110998255941223e-05,-4.088550005425346,48.59134079140956,22.0211015687267,14.669336867396035
477,10,-1.717439320385384e-05,2.0582064438686585,44.893768001867876,19.248132997887105,9.415437937746768
479,12,-7.425197422547768e-06,21.47761040308142,53.53903508252609,13.385659862127355,13.274201738193474
481,02,-8.232899953890454e-06,13.675333238874163,51.283400613031226,11.63011999922565,10.586008830433798
482,03,-1.7898125718357898e-05,7.876527682396675,54.192069970153995,13.107204236979122,15.248105977909537
483,04,-2.786484313502215e-05,-15.88577495863173,41.53150874974462,12.17203074105051,-1.5698741665522258
484,05,-2.8741963674400066e-05,-37.081440074305384,54.09692304540707,16.092180326128517,7.031841904855544
485,06,-3.9525050331051005e-05,-23.208365014648436,47.86380608810849,23.5430796470099,8.609806874932184
486,07,-3.625940142692049e-05,-31.74150496025496,48.734570516079984,25.33940084237309,9.829136697256438
487,08,-3.404563471354698e-05,-17.337182702177312,41.57153246440298,24.424641755612946,12.387275987091884
488,09,-2.6543087166161665e-05,-4.24653964674208,45.73786681658825,22.349180271658632,13.203323169390362
489,10,-1.8569231195137014e-05,10.235854191605762,54.45598049366731,19.84700183868793,17.260129265016122
490,11,-1.0039879183467646e-05,10.335369747924807,64.20363267016013,13.91127883404626,4.349684637090895
491,12,-8.260583359534854e-06,25.078029959073632,56.60606037604423,13.37290997615809,14.065375561703918
492,01,-6.012859741277161e-06,22.106840989635838,48.67357203781476,13.501913585694883,12.273396517066544
494,03,-1.9840231885472768e-05,-1.8349693298339842,46.56073982853019,10.753236534503198,8.99767588207286
495,04,-2.7043378228700023e-05,-24.0670989525689,35.17819720014996,11.874213944729169,5.183640297359891
496,05,-2.995519203009721e-05,-45.04488896819084,46.51938461271666,15.459495272367233,10.13006349647686
497,06,-3.546342912159163e-05,-30.903872137790252,54.092656515480414,22.70657669124338,3.432671832127041
498,07,-3.552329937512147e-05,-24.55973527871409,49.31133174363516,24.6124194765155,16.479953436000375
499,08,-3.48960954878191e-05,-17.491402352609946,46.845165995435046,28.500981259279346,8.51712136036863
500,09,-2.4679065476549213e-05,-6.537764871215822,41.4254565234277,21.540383629229332,5.957221874258255
501,10,-1.848353834580477e-05,14.114419966174706,59.132486595437086,18.9628441576868,10.385557453668246
504,01,-7.860778656987515e-06,14.34612370152627,66.80461903254064,10.656338111351893,10.133833827295609
505,02,-9.005972841740524e-06,9.622026147751583,54.51137783175566,12.087850346680197,11.546674844446638
507,04,-2.588563685021654e-05,-27.98602328389486,47.86236142485672,9.781603732807106,6.313839817237854
508,05,-3.230829694098981e-05,-22.4746828918457,60.26473778712485,15.16792012552164,9.505540847839844
509,06,-3.7502937650666964e-05,-26.38411481492784,47.88007799596918,25.49175883189704,4.540895039600795
510,07,-3.6336240956178925e-05,-19.074829963273896,48.14752719921964,26.729435961833566,4.705716874132874
511,08,-3.444879628501263e-05,-12.903870650096605,45.419211714576655,24.521988378733717,7.435324650220974
512,09,-2.3354238802332672e-05,-7.743464881388346,41.71682162190013,23.398362704971102,5.674252790345087
513,10,-1.864643046111826e-05,14.62936670381279,46.729617401201246,18.430376787841958,12.118540854689897
514,11,-1.0072340758698473e-05,9.36498726196289,49.88987413275507,15.007591073438855,6.842058276134069
