,month,MER,MSSHF,RH,VW,ENSO
0,01,-7.186377549426466e-06,5.464709561255669,62.6901256937955,-3.7666581846052605,0.47
2,03,-1.408509512223264e-05,7.08405715679866,62.090667984242096,3.9315372702485787,-0.08
3,04,-2.191347909663616e-05,-15.59233038906521,62.41300571294825,1.0740941146002878,0.2
4,05,-2.839083756912113e-05,-16.16055940262989,64.02205650719006,8.630355046979844,0.27
6,07,-3.0671342559486147e-05,-22.637875941122733,53.00265082314577,-5.838931852156116,-0.14
8,09,-2.3132900744369383e-05,-4.023202255249023,42.3501046719922,-0.510687753507826,0.38
11,12,-1.207531024335357e-05,24.691616260159407,64.98245628347064,-0.28389227742020834,0.65
12,01,-5.795284385228985e-06,8.867661568262244,49.01821534482766,-3.3814287265244354,0.35
13,02,-7.359469057738698e-06,6.865867059466484,53.581606617508264,-0.3616500237782795,0.19
15,04,-2.282624180893941e-05,-17.872287172783746,48.97103869282801,-9.524053100861446,0.59
16,05,-2.9285246377967465e-05,-30.998830406271004,47.47244699586335,-1.0137218133249581,0.55
17,06,-3.014735746900341e-05,-26.066622504679362,62.37913317463399,2.5734654588063557,0.62
18,07,-3.1905643976779664e-05,-14.025872309859079,48.67037434149174,-0.26483490488606115,0.62
19,08,-3.1051088017916934e-05,-11.540256553403795,47.008779259716306,-0.9145211367658391,0.15
20,09,-2.365392635981859e-05,-3.0327022542317708,42.946886476458445,1.5179921280543012,0.2
21,10,-2.1172643707369163e-05,7.590982919672484,58.4636376896443,0.00958403039747691,0.09
23,12,-7.873070872231058e-06,26.063403682913826,61.380955716897084,-9.22203131144534,-0.06
24,01,-7.860688640385075e-06,20.899533713063885,47.875411116570554,-14.993898111712548,-0.33
25,02,-8.991757432514056e-06,2.888394768487839,50.11619150138895,-5.97966216750372,-0.24
26,03,-1.2076194787720939e-05,11.89821663673975,73.37905685201383,2.7350078623987018,0.33
28,05,-3.0310256707952082e-05,-17.47440350473055,59.34436809112436,7.16871375371051,-0.27
30,07,-3.173775886429094e-05,-20.80200322239373,49.75860673643311,-0.9555403572000489,-0.51
31,08,-2.8741253340065727e-05,-19.03508228654759,42.77699926753197,-5.737638261405371,-0.31
33,10,-2.174942796122078e-05,9.781940688922843,60.93410625634399,2.4850872046152754,-0.1
34,11,-1.4328458308167076e-05,19.586548003133142,54.57233108670976,-11.457353041140237,-0.22
35,12,-7.687594037497059e-06,8.885675470167591,67.75924336626196,-4.769642162630634,-0.16
36,01,-5.276928763964617e-06,11.574925520045783,58.01885871766587,-4.891109149317589,-0.38
37,02,-7.864293709969517e-06,5.468580898829869,51.56958197040644,1.6552668325560431,-0.47
39,04,-2.3437909088230905e-05,-21.874123499891493,46.11000325809585,-12.943029245885215,-0.34
40,05,-2.9170486620455693e-05,-20.4214844770534,47.92201473479629,5.09572851915257,-0.03
41,06,-3.17826830204164e-05,-27.949367026435006,48.16991035015053,1.782730908033583,0.78
42,07,-3.416977696542745e-05,-21.999847670688425,39.2781192299025,0.7331812882782313,1.79
43,08,-3.1963929242763654e-05,-15.790871219429917,46.55304641459066,3.203157168829313,2.02
45,10,-1.6551261839878706e-05,3.491510892150223,54.79260846710333,3.9553702151800993,1.93
46,11,-1.519573135911843e-05,20.401449884033198,56.70156626680825,5.924383153004117,2.28
47,12,-1.0313162028783104e-05,17.753608460457098,55.75187243828721,-1.7107022496705413,2.48
48,01,-1.1369238679367056e-05,31.70380508160335,51.86229076744793,-7.28827055961855,2.57
49,02,-1.1685804688698098e-05,2.732715975443522,46.129101684696614,-5.2380526352155785,2.74
50,03,-1.3839232150540515e-05,-0.5926843497983868,57.115805566785156,-4.877558255903184,2.68
51,04,-2.090864053300013e-05,-10.60586452026367,65.75529212030038,7.622805477269491,2.79
52,05,-2.6606813441591635e-05,-11.409518621957432,66.050863289825,8.684080295788345,2.89
53,06,-3.6603149109497395e-05,-25.008415187242296,46.266101067479454,0.1501536730660332,2.02
54,07,-3.282222612492611e-05,-33.091220865229126,44.1499227373741,0.5349078274183373,0.75
55,08,-2.6941880611302234e-05,-27.08358682743196,31.77761535606461,-1.2125626575510984,-0.11
56,09,-2.725831751290065e-05,0.9693071214463977,44.86737590899468,1.751585998386807,-0.41
58,11,-9.367185011372688e-06,10.117007967122396,41.05919099200301,-6.614907704395718,-0.43
61,02,-9.682757584759485e-06,6.4267875001403105,47.08914505602986,-7.605639194422754,-0.52
62,03,-1.3818876191033916e-05,-6.2181760956138685,56.610379949503034,-2.6351272446211946,-0.11
63,04,-2.3066575134180317e-05,-21.124448284233942,53.13685258980724,-3.7798098264482283,0.09
65,06,-3.0384449369921637e-05,-25.249517172580298,53.14751710217263,-5.382480461120606,-0.72
67,08,-2.8069958612225798e-05,-17.017802792784988,42.472240740586344,1.4394752741577808,-0.15
68,09,-2.2138291550658728e-05,-0.809648367987739,66.94727416271104,-1.9586343215306596,-0.11
69,10,-1.5594664512004833e-05,12.420039781796033,52.5519555827328,2.1388998153030228,-0.15
70,11,-1.2000811908506469e-05,17.20852971835666,62.11537896577253,9.75799302626716,-0.58
71,12,-7.343828446024142e-06,12.754345215500043,59.86620702467682,0.8407210145560645,-0.31
73,02,-7.646551471441942e-06,-7.170963860648018,49.17462651499538,-8.188289751120978,-0.58
74,03,-1.1304150707112197e-05,-2.56875498781922,68.34861116093205,0.883263510611749,-0.6
75,04,-2.3272295822324753e-05,-10.486857863362628,59.37646033687326,-3.498696371036106,-0.76
76,05,-2.800802443084893e-05,-16.149492612120927,55.7763452255995,3.582993253482286,-1.22
77,06,-3.090711121482552e-05,-17.990251360066733,61.34983533646531,0.5723389233907065,-0.57
78,07,-3.447742918110781e-05,-15.274860501197074,50.75858460182529,1.9624681110997348,-0.02
79,08,-3.3271033724499884e-05,-4.3656862228557625,49.79625837316948,6.747224802570958,-0.37
80,09,-2.244669017984254e-05,-3.3109654418945316,48.444472670045165,-4.491637453036838,-0.44
81,10,-1.5745955748394817e-05,1.4800897167574978,41.847355274659336,0.5071230077846077,-0.04
84,01,-1.0488508364736625e-05,25.802121266682942,67.17732922877546,-6.017850162034394,-0.36
85,02,-9.105866422227595e-06,-15.737989101954868,41.279925076501705,-4.677185569944837,-0.3
86,03,-1.09558865346488e-05,2.199697240357758,53.96111336709735,1.529696232846988,-0.39
87,04,-1.9242588071877733e-05,-14.953707265557181,61.57429541588492,5.869092054367065,-0.52
88,05,-3.1224375424332516e-05,-18.680161248648037,54.14751819698144,8.900653361905007,-0.18
89,06,-3.5890827366468634e-05,-24.274000357055662,43.53411597645681,-1.683861653221978,0.12
90,07,-3.000731417455182e-05,-30.125119514383297,48.19723509739805,-0.8332931163541726,0.56
92,09,-2.1116000810717296e-05,-5.870355172729491,52.886519872754164,-3.8961140452067053,1.31
94,11,-1.2770530823662637e-05,20.62896745435927,57.76803370095226,2.6885640857060755,0.65
95,12,-1.128779906788603e-05,28.043287035542146,58.52688881322774,-3.9448398696120077,1.06
96,01,-8.849628261046861e-06,-8.473066081057311,52.03738375666833,-10.992317990600421,0.98
97,02,-5.771432554432804e-06,6.824847212655203,67.52644709656069,-2.305479620888119,1.08
98,03,-1.3287096029671374e-05,-5.803373095440609,55.151999684815046,-7.2440210121934125,1.47
99,04,-2.2575659647211267e-05,-11.442104777696397,52.015024873095086,0.2727976148605345,1.66
100,05,-2.791426425801057e-05,-28.103053294192083,60.924986691195485,-5.130835388368177,1.91
101,06,-2.8837502824555686e-05,-20.989433822292757,61.5306473079814,3.1211598950915858,2.02
102,07,-3.379324687933062e-05,-20.07741719498173,55.40260847481861,-0.3532960533019038,1.92
103,08,-3.0242934917310693e-05,-13.572054321945357,50.633880177582476,-3.461253159225629,1.48
104,09,-2.5696148892024614e-05,-3.969099077690972,51.22118268649578,2.196264123302036,1.23
105,10,-1.9746457593286597e-05,13.28605210072507,59.41998880579267,13.057100941893877,1.13
106,11,-1.2423982501220758e-05,8.69252590874566,58.77474638277293,-4.4051263535393606,0.85
107,12,-5.659096497726741e-06,10.619382738339004,50.16868590621025,-2.9305631152942615,0.75
108,01,-9.400724827868036e-06,23.76198229324177,64.8158600401199,5.527936221091978,0.59
109,02,-1.553154618433063e-05,17.196350676788683,61.10995617006565,-6.142772103408288,0.31
110,03,-1.4791143874625109e-05,4.141464673442225,71.63935923557511,-8.382366675202562,0.19
112,05,-3.182606770285695e-05,-15.882362545546664,52.83810746537357,6.448995066488942,-0.36
113,06,-2.7714982728361462e-05,-28.63852083367242,47.29024293223089,-3.5400914671579997,-1.19
115,08,-3.211179117533902e-05,-13.866469908683532,47.473473327189375,2.628318884675221,-1.79
117,10,-1.6347254436593455e-05,7.273599919801116,47.520342997120274,3.924836768201601,-1.54
120,01,-5.490775168401608e-06,12.580168148245866,46.32122026583841,-0.17765723320745627,-1.09
121,02,-1.1993180484209699e-05,15.243881237211681,52.799659086113884,3.106950273581913,-1.06
122,03,-1.7582771425163286e-05,5.919001820882161,61.97907953674307,0.9141703075901154,-1.2
123,04,-2.3728384267512105e-05,-15.711892689005532,62.36782957411343,5.176459208255344,-1.09
124,05,-3.2913617601255e-05,-32.404015432706444,43.15242019264416,-1.0060280780382052,-1.04
126,07,-3.3625666249610085e-05,-27.510599928661055,42.19065745926929,-5.965661229246407,-1.12
127,08,-3.0036708770112647e-05,-17.0266568734774,43.458151734339296,-1.1468217086586903,-0.73
129,10,-1.9913688146604526e-05,14.103063629806684,48.60193847477949,-2.4773695379892984,-0.56
130,11,-1.311930024130561e-05,7.912713109334308,43.72629240063826,-2.328028060743544,-0.33
131,12,-7.719866410816296e-06,20.033501539989185,45.286219627095804,3.374046808632471,-0.02
132,01,-9.708490018202875e-06,23.531725362798216,54.619796854420386,2.2783597749689575,0.12
134,03,-1.7018775953137494e-05,2.372058311872584,47.98838851665681,-3.703874424616497,0.61
135,04,-2.7999317039636173e-05,-19.276666238742408,46.732171709169286,-2.407902050060696,0.17
137,06,-3.068480971400681e-05,-23.63770078192817,52.16888050745726,3.9676137081358167,0.04
139,08,-2.897321149455781e-05,-28.290339532667595,47.590817581110095,0.09266292079802467,0.06
140,09,-2.7407515947157255e-05,-3.6402964202880854,48.108384553693405,-6.767911235004002,0.21
142,11,-1.0645134954231454e-05,8.876481322224937,54.38112868225972,-4.461492165671455,0.12
143,12,-1.0178729378000547e-05,19.264495642221096,49.02194799312469,-4.244458656290527,0.28
144,01,-9.804670876438911e-06,24.167181801416536,38.86062395377826,2.6246698665003616,0.16
145,02,-6.996622216688376e-06,0.507544446309408,46.996895068120395,-1.0937606032008218,0.08
146,03,-1.2629808311264428e-05,-0.5304674036169569,53.76618897918476,3.679436902446132,0.21
147,04,-2.5889148811054637e-05,-18.50936585184733,50.20018549894757,-3.8804163361655335,0.21
148,05,-2.5811937759284265e-05,-33.066711107479634,47.67298183366304,-12.559387157317131,0.35
149,06,-2.987989489524302e-05,-20.686577268473304,57.62339900992447,2.312953067652385,0.89
150,07,-3.606362330103894e-05,-12.26554677852508,46.37869990175771,3.502324325315414,0.88
152,09,-2.1833397036001162e-05,-8.548686426798504,39.4321560544822,-0.019854519801669517,0.62
154,11,-1.4646135411648073e-05,14.444811823866104,60.08639300202131,1.6261124956766764,1.17
155,12,-7.654158530845394e-06,17.942148733159545,42.031411531264894,-8.3346434656779,1.29
156,01,-5.988280283046514e-06,9.900324605634134,41.55076964045469,-4.6902770765161,1.7
157,02,-7.568776633878318e-06,10.513905402874128,42.596786469010105,-4.960775098691043,1.59
158,03,-1.6743815379482177e-05,3.675611719931326,56.535387553599556,-5.972428818959062,1.72
159,04,-2.3724830210206465e-05,-12.979907084147134,60.15185276207658,-1.8858808835771346,1.98
160,05,-3.502280750303383e-05,-18.415903687507882,37.98684394011575,1.5834636519647416,1.69
161,06,-3.339920427913765e-05,-25.873405965508358,43.36981476617124,0.20037269441816533,1.58
162,07,-3.3542465003026134e-05,-26.574038988010855,46.61348771423679,2.7526454527044804,0.76
163,08,-3.290884278264643e-05,-13.404264240552024,52.83446418771308,9.420622178641697,0.08
164,09,-2.5466491539959356e-05,-1.4094354346381297,48.6797681992597,4.871189140446982,0.5
165,10,-1.9484351597922247e-05,1.9587082073252686,58.379234332862715,-2.175138033138808,0.81
166,11,-1.321692710625939e-05,23.694389510769323,50.96693710040848,-2.830467434925503,0.73
167,12,-8.425528942156701e-06,11.411874493342573,45.69198678764476,1.79938270771888,0.78
168,01,-9.715480358609446e-06,34.39173987899288,57.42208674485646,-2.1686067230265627,0.83
169,02,-8.449411843078754e-06,-1.1622854381742926,41.2482318814184,-7.902738267875852,0.93
170,03,-1.4966802825774622e-05,-6.011914413616221,42.24266758934657,-7.480420348013602,0.78
171,04,-2.191761210872048e-05,-4.539731902737087,59.59964808656376,4.336087137201097,0.98
172,05,-3.0932743489659034e-05,-26.541132331437964,51.168041845343446,4.809687152677967,1.48
173,06,-3.281592492067931e-05,-24.277929318237305,46.836056776909025,-2.820804222467211,1.5
174,07,-3.3366269429406925e-05,-23.52127023184171,53.23872095220833,0.3682552195723335,0.91
175,08,-3.234485571499712e-05,-11.285276480397874,49.79429166342623,-1.517910512739612,0.62
176,09,-2.2725771390226628e-05,-2.4448908416748045,57.50485973500145,2.567192783037821,0.64
178,11,-1.1587640056374466e-05,-1.8295716874864363,52.225245416957804,-1.362627434709337,0.7
179,12,-9.250304196792702e-06,31.236705364924607,64.63241229699248,-2.3895911745461094,0.26
180,01,-8.814763398506955e-06,28.086010490499522,59.814965074129006,-2.550082951761061,0.02
181,02,-9.681430163471391e-06,-2.9269207930791947,54.97462990093799,-1.1560002459117344,-0.17
182,03,-1.5868986940443404e-05,12.424105568506382,56.25959003628518,-5.109838371625509,-0.21
183,04,-2.4481364455176743e-05,-15.54007357143826,53.21672202842236,1.072442509057787,0.03
184,05,-2.8615912740195944e-05,-19.306992470361852,50.8592781971834,3.848988206781366,0.0
185,06,-3.390126228795352e-05,-22.424498955281575,49.86442946763436,-1.7603594158596463,0.25
186,07,-3.466171150601792e-05,-32.442688338413035,36.16844127948567,3.6306611074632213,0.88
188,09,-2.649383951805552e-05,-2.2674784339057075,50.77799905458556,2.5801398991478814,1.06
189,10,-1.8016295581522476e-05,4.47270425086893,52.33998963107474,0.06765352751619064,1.47
190,11,-8.92097842036795e-06,12.752254605102538,55.27824593100681,-0.3912592182583275,0.99
191,12,-1.093666692604627e-05,22.757288210632986,53.902280609893545,-0.4517669412141207,0.87
192,01,-1.2804497735976505e-05,25.385474410518523,57.77612080058489,-4.624458262494815,0.77
193,02,-1.271823695051786e-05,20.178666164579848,60.9734689490412,-0.782204506329128,0.48
195,04,-2.3056703787511248e-05,-15.611610607231992,48.9374839578549,-8.217882198884753,0.18
196,05,-3.3250014936618425e-05,-29.631465932538433,52.844916530618114,1.762601557700865,0.16
197,06,-3.44918315846169e-05,-24.446217814466692,49.08188772321145,-4.784962304306031,-0.0
198,07,-3.591561413959817e-05,-25.92438248894804,39.340810654867084,2.4434866078284476,-0.25
199,08,-3.331847033315239e-05,-31.29434137422295,33.68999910253863,-6.406313635016001,-0.65
201,10,-1.4566836962311297e-05,5.514771194293934,41.310020164710224,5.549859377050913,-0.65
202,11,-1.3042386322538529e-05,9.068964893934462,58.53600206141338,-4.377470945951673,-0.67
204,01,-7.460320452180465e-06,-0.4728464959257379,45.67560021059616,6.124564749543385,-0.83
205,02,-7.544903639281147e-06,5.38362545916678,55.18347650017959,-2.21206523458985,-0.81
206,03,-1.2827322511164368e-05,-10.990242480862525,51.72073062135199,-7.0827326481316675,-0.64
207,04,-2.0502408365953464e-05,-21.604367342122394,58.54018084150156,0.9496918742709688,-0.69
208,05,-2.4253428110207234e-05,-26.022296560964275,51.92535755428705,5.224901751507995,-0.83
209,06,-2.8253365109311642e-05,-38.732165323215064,41.61192797080808,-2.092028507275052,-0.9
210,07,-3.142641031134248e-05,-27.054918192217425,49.82263012584947,-3.1049256038050506,-0.76
212,09,-2.534073391895315e-05,-7.00570699428982,43.673043699496326,-8.668936958101062,-0.26
213,10,-1.7171301486478214e-05,8.106230379494288,51.02844809201841,1.0061798058786697,-0.31
214,11,-1.4551765714713837e-05,14.46901237657335,58.72207561985916,-1.5732026177512282,-0.3
215,12,-8.836182103413613e-06,1.1414017176474303,51.832999992789766,-1.747326027634323,-0.45
216,01,-3.583592048936e-06,-1.2817189340899076,35.36421269791357,-1.3202002071257561,-0.66
218,03,-1.2413017713795421e-05,-3.0697627356744577,49.8996438915832,-7.647408246809437,-0.29
219,04,-2.201332183204714e-05,-17.60772253417969,50.15108422283994,-13.783778404808043,0.17
220,05,-3.085946982284968e-05,-22.07697987414944,55.658551038389554,0.9932646831184299,0.68
222,07,-3.376502295814329e-05,-20.43258258581674,48.29218798171063,-0.6637979181966475,2.11
223,08,-3.064838395117496e-05,-15.397676236060358,39.11490551742816,1.682758229081349,2.2
224,09,-2.7053925191669103e-05,-10.968042353990342,40.873450344501606,-1.7348625640445288,2.17
225,10,-2.0736059433235615e-05,1.8364669255082322,46.07108195983722,-9.586813698840396,2.01
226,11,-1.1372840429430654e-05,5.54297788119846,52.451002673839106,5.854934998512268,2.06
227,12,-9.893875752236308e-06,16.98351939342868,60.12797338394067,-0.8512120128344458,2.03
229,02,-7.893391973560764e-06,12.879144769577753,54.623768248409036,-3.037549276329223,2.43
230,03,-1.582076560769428e-05,4.910139277304372,64.38913835901599,-10.113063399243101,2.27
232,05,-3.182257207745645e-05,-20.036693252071256,51.31070372274871,-0.6871010359282137,2.26
233,06,-3.4082233544055876e-05,-13.138249787733287,60.09514157660935,6.3122358766767706,0.37
234,07,-3.6390916169732936e-05,-13.917790471887077,46.5719772114318,-1.1335652676243932,-1.42
235,08,-3.4686337675251e-05,-19.754633603331865,40.27667498864153,-4.290398413873488,-1.74
236,09,-2.4247977624205914e-05,0.3736279635959201,55.41774919654528,1.3469011118359038,-1.31
237,10,-2.3367591303340108e-05,14.50471792602539,57.49670259841796,-2.384550996001049,-1.21
238,11,-1.186565926222506e-05,4.6568576497395835,50.09492808050447,-6.541430208015441,-1.3
239,12,-8.802920268002493e-06,22.454611907630838,51.308709990082264,-3.2974561736609354,-1.25
241,02,-1.079772392194216e-05,13.779260249546594,59.85849182345754,-15.095687816460925,-1.18
242,03,-1.3397230129969535e-05,-0.9194605676794566,60.6708199271861,-1.3423963893972422,-1.11
243,04,-2.54553507465769e-05,-17.42901027967665,53.24983413987689,0.7264303844663831,-1.17
244,05,-3.422614240797327e-05,-20.88572949317194,50.723297991629586,2.5149216677758,-1.36
245,06,-3.759346314859108e-05,-24.964019442409946,49.104056137108806,2.4077966739866468,-1.26
247,08,-3.318467006672979e-05,-13.657699137697938,45.50563225292391,1.798294270935879,-1.07
248,09,-2.59650643648355e-05,-3.5717024329291456,50.26974016195536,7.428677170393202,-1.17
249,10,-2.1588807777500546e-05,5.981483147405809,48.24640764357326,0.7620047189240815,-1.31
250,11,-1.3179962080519347e-05,12.654008286878799,52.50058610761298,-5.3083783276663885,-1.33
252,01,-6.553396535759588e-06,18.42038040095504,45.80448549491872,-7.92022200951525,-1.26
253,02,-1.2230161100386137e-05,18.65321454909752,54.35344561065067,-5.22298073832194,-1.27
257,06,-3.750390542944741e-05,-27.016546727159287,42.780413097916714,1.1058663845909962,-1.14
259,08,-3.0941285219664524e-05,-19.063545700565466,39.65101154342005,3.485725751159012,-0.08
260,09,-2.4486756719630248e-05,-2.020394458007812,56.817002186003,3.919733715248108,-0.36
261,10,-2.1893689024856883e-05,11.235235126454343,57.40779917159772,7.83856330803902,-0.55
263,12,-1.1904006665214989e-05,20.81303864280127,63.79751548051194,4.44023334568803,-0.8
264,01,-6.723928980547147e-06,14.384707934964087,53.25762820807451,2.9121106677311723,-0.82
265,02,-9.421481274265325e-06,7.153048214503697,61.79020408172125,-5.243323249499004,-0.87
268,05,-3.372209000100225e-05,-25.790908090242777,45.58359570831253,1.627706267162036,-0.58
270,07,-3.6646507612448495e-05,-24.41304970722813,43.035889669943884,3.3910846430050428,-0.02
271,08,-3.349079792080317e-05,-13.273838911159066,49.470468634774605,4.783530526397049,0.34
273,10,-1.872843477780094e-05,15.499699002173642,52.0420637966638,8.002227872540873,-0.25
274,11,-1.4045017091525046e-05,9.019137569173179,50.75557469189433,-9.810931996197173,-0.32
276,01,-6.60295483731882e-06,23.604068570044735,51.65779350411636,0.24362739111787537,0.07
278,03,-1.718439095667989e-05,-2.8514695644583754,52.573686629964456,-3.643759417421075,-0.2
281,06,-3.5836119472898846e-05,-20.466573669433593,50.7506326838851,5.354612818103367,0.4
282,07,-3.594073215623134e-05,-17.96138944137737,48.60045512300026,2.8066557161474734,0.42
283,08,-3.0240783373966385e-05,-12.41071590333344,52.640142950275894,2.9107890031876105,0.97
284,09,-2.726855740998468e-05,-6.606480073716904,41.46046437310777,-4.940236078113981,0.84
286,11,-9.433203981300014e-06,10.082439758300783,57.335292302331666,3.1934507407718233,0.76
287,12,-9.155090198257839e-06,-0.601292420089886,52.83887711868107,2.2550676486517793,0.86
288,01,-7.996820467572737e-06,16.024269751435966,52.92226850532075,-6.687711740042573,0.8
289,02,-9.213011075579354e-06,1.6289639434814458,40.65915042115535,-1.30996356187548,0.62
290,03,-1.4304734281419465e-05,-4.024482163624097,45.80751552796749,-1.8552307312462917,0.53
291,04,-2.383696288773839e-05,-17.2942943037245,47.44735419490735,-3.901022283871968,-0.08
292,05,-3.0977665722578726e-05,-19.48317038226384,57.695412786129985,7.087039322309597,-0.57
294,07,-3.637924248004731e-05,-25.786057973554062,44.12265574810709,2.256303321858889,0.01
296,09,-2.437035215904568e-05,-12.497950702243381,40.21523504180775,-1.3662211480670508,0.14
297,10,-2.1305207502659715e-05,-2.352458050143333,49.86598729915773,-3.9558025068672755,0.26
298,11,-8.746191556262298e-06,13.336127873399521,55.471923015075255,6.3600499339209655,0.29
299,12,-8.986315398414586e-06,16.75842543636855,56.42778465677845,-3.4697213137842007,0.1
300,01,-8.992702947169514e-06,20.66453995308825,64.87525535803712,-7.858934863285351,0.16
302,03,-1.5225630396960167e-05,1.0669384965794064,50.376974003080406,-1.138047160363966,-0.44
303,04,-2.4217375733618005e-05,-11.611916856553819,59.49211039767795,2.7121691885206443,-0.23
305,06,-3.421590459786078e-05,-30.121984181382924,54.56608841220009,-2.826415734630161,-0.34
306,07,-3.5823426863228845e-05,-21.040274605699764,48.61712288511441,1.6926178633577083,0.43
307,08,-3.442271008691844e-05,-10.630728795861687,53.4802156332962,3.4108706453384894,0.74
308,09,-3.09724094837697e-05,1.3779368174235027,41.60773183429904,-2.9949600599924717,0.54
309,10,-1.9737982986943505e-05,10.8786054316695,45.96995730125903,8.574271400144022,0.34
311,12,-6.509792311736683e-06,12.651209838210898,41.13814304297201,-4.153789951550063,0.51
312,01,-1.0532949036563073e-05,27.835473567839585,50.62756816835045,-11.788157165014617,0.08
313,02,-1.0796667724878803e-05,1.9850640389578682,54.967533898224424,-9.640787719771975,0.61
316,05,-3.3327865934669755e-05,-23.83920729967343,52.369123788558014,2.0688526762480377,0.18
317,06,-3.715115132452208e-05,-30.632264646063906,50.84424858076307,-2.855177613343133,0.2
318,07,-3.409394384040644e-05,-23.561669685609886,47.80977541725482,-0.12447588444781559,-0.02
319,08,-3.320200081173924e-05,-14.21000237282374,41.28222914207624,-2.113699344163299,-0.01
321,10,-1.7187334372416657e-05,10.538457600583316,41.694871458662455,7.126440133228097,-0.71
322,11,-1.4535249143672345e-05,9.326381112670902,61.63253474075529,-3.2043117451349894,-0.75
323,12,-9.12172876785682e-06,14.485518746324761,56.37181309181387,-10.295047618948002,-0.73
325,02,-8.8568046297561e-06,4.634872235616048,55.29220876641359,-7.89652470570519,-0.5
329,06,-3.4785863751151034e-05,-27.11431088460287,44.96967633606062,-0.9218781734678478,-0.23
330,07,-3.3670624993676266e-05,-35.11209074615151,34.7803111832411,3.439024755990633,0.11
331,08,-3.203818718891423e-05,-14.970106861073484,56.166526000266416,-3.52028442745824,0.56
332,09,-2.4569920312832332e-05,-1.9050392035590278,48.50952039943403,5.070309681532119,0.63
333,10,-2.0357669840078775e-05,8.929626497002058,49.91160704086961,4.390374926597842,0.68
334,11,-1.6638314112929544e-05,21.698549422539603,51.20864173750348,1.2719425642437405,0.9
335,12,-1.1844671387852061e-05,21.158474252352146,51.61357204472506,2.7641417285755114,0.59
336,01,-1.3167410284109127e-05,32.71415653975292,54.798027210791915,-6.19178593167951,0.62
337,02,-9.635896793779033e-06,12.227102448962983,62.05461917357218,-0.014211802573431147,0.39
338,03,-1.969343553138324e-05,2.858439688077537,50.951221448258686,-0.07748771841808025,-0.22
339,04,-2.5420359923575438e-05,-23.728481532796227,35.425640993569964,-3.46331045973036,-0.36
340,05,-3.1186685044343005e-05,-23.42358186127037,55.67473245647261,3.6249730836191487,-0.44
341,06,-3.458860908376663e-05,-19.802041976589628,51.81401281598541,4.854381080479092,-0.86
342,07,-4.0491175616739144e-05,-14.380545316962786,51.51913973191349,4.963316324623683,-0.77
343,08,-3.430768915528969e-05,-11.902402343421853,46.669440629773256,1.2682946735505136,-0.93
344,09,-2.677926907070085e-05,-2.246240928141275,48.58724766878287,-5.713435930930243,-1.1
345,10,-1.4836711174446523e-05,-1.5530790907336818,46.4751422240952,-5.4607639956935765,-1.14
346,11,-1.4172945336880124e-05,15.984315191311307,55.0159122577058,-11.158009668244258,-1.13
347,12,-9.103623443880553e-06,18.67049515623687,44.72693699303237,-1.8565782344777098,-1.22
348,01,-9.98381483742544e-06,30.50790186531313,59.32570013750177,0.586831203993931,-1.08
349,02,-9.733829621899499e-06,11.488472740085646,43.235250111784055,-1.961968575159709,-1.27
351,04,-2.446588194630345e-05,-15.287676639472116,50.48518859204715,0.7828483831617562,-1.13
352,05,-3.326288808405293e-05,-18.37616691179173,46.32872357566895,3.5619684459522207,-0.98
353,06,-3.476253857051133e-05,-32.52892781643338,47.80475471985869,2.4688790296554566,-0.86
356,09,-2.5189189388381943e-05,-2.5223080678304033,46.95382839618127,-0.056067406590780286,-1.07
357,10,-1.8222273044254205e-05,6.518695762716314,54.30898137165141,3.4220286894357335,-1.12
358,11,-1.2143508331428165e-05,12.723418456013999,55.05112889809742,-2.265666114022997,-1.05
359,12,-6.623100362498576e-06,8.910789440196046,51.189781416840454,-4.5166699999737485,-1.05
360,01,-6.219402897665034e-06,13.638463789416898,56.756673166043,0.47961315901561447,-1.01
362,03,-1.4006747319585248e-05,0.15545269151913163,60.10794240493287,-7.658853321957333,-0.94
363,04,-2.2896213735516033e-05,-13.763160278998479,44.90089633327524,6.029264274046157,-0.81
364,05,-3.152253704363203e-05,-24.89160391596312,50.72287625494953,2.6680380577169442,-0.72
365,06,-3.4585202314802804e-05,-32.20444840494791,47.13420631794532,-1.996933453241984,-0.06
366,07,-3.995988693131167e-05,-23.939954596078525,46.67216465320125,5.637807804107666,0.49
367,08,-3.326769469126164e-05,-18.63527480389995,42.41847231385144,4.007808858727896,0.52
368,09,-2.396435872586961e-05,-8.675344586181641,43.626415080409586,-3.429848154513041,0.39
371,12,-8.896478755051119e-06,9.686923075029926,62.37685010996686,-0.943810666238108,0.96
373,02,-7.65345504045659e-06,5.717629487900508,61.53230691539674,1.1087709607850937,1.28
374,03,-1.4227020407356234e-05,-0.1344084672825314,56.345688745778084,-3.83277569327816,1.31
375,04,-2.4690822054900404e-05,-20.66956467929416,50.227940069592,-3.325235909144084,0.49
376,05,-2.827942739082006e-05,-27.387183430333288,51.416537502500645,-1.7710000136590769,-0.17
377,06,-3.182083758476639e-05,-35.711798379855686,43.71565713060168,-0.32030451049804715,-1.33
378,07,-3.4407490462771055e-05,-31.11366353779454,49.13440625845617,5.159846364482757,-2.43
379,08,-3.27152816781925e-05,-15.088779016966459,50.057286181364006,1.433999930351012,-2.4
380,09,-2.3803562745282155e-05,-1.7829848341200085,47.799041656389505,-1.4900869473775227,-2.28
381,10,-1.8914465963579488e-05,8.677334267236855,54.52403665949838,-0.012806594397432208,-2.18
382,11,-1.1904203317903414e-05,4.708053307088217,64.34552551558414,2.2457498138851597,-2.04
385,02,-7.274441715534998e-06,7.353929252261208,64.81677477946593,-1.8058714723359974,-1.63
386,03,-1.235675504704564e-05,-6.3443144091534345,43.386579177287324,-2.7895524579530124,-1.79
387,04,-2.5035789431644346e-05,-14.869033695136176,49.48712501599656,-2.1548139828152126,-1.74
388,05,-3.0008848766624646e-05,-32.62149781881353,48.67582858574712,3.1924649998449515,-1.29
389,06,-3.4230032604055946e-05,-25.01744469502767,49.43961729888122,4.910514154773288,-1.08
392,09,-2.5484862159343414e-05,2.648160398695204,48.54894579696125,4.46301638607449,-1.16
393,10,-1.916051529891168e-05,8.726722329416583,41.10612051369683,-0.8078829870531637,-1.37
395,12,-1.2744765838047034e-05,29.389911852764826,62.27082245179138,-4.9778297481126685,-1.24
396,01,-9.557997748420493e-06,23.492998173539362,55.985124487241116,-10.09431259042473,-1.08
397,02,-6.941694202459045e-06,2.77444112036694,54.92825397600388,-14.6274180279655,-0.67
398,03,-1.1845709033173812e-05,-9.130659757880753,42.53471919810516,-4.95342670649867,-0.59
399,04,-2.412122515035865e-05,-15.116672309705946,65.52592149374486,5.787491861258613,-0.43
401,06,-3.633841799156573e-05,-15.284035491265191,54.862410076340026,5.562437776141697,-0.28
402,07,-3.9630504535585143e-05,-18.105863085346844,55.33667580591222,3.760446160183158,0.3
403,08,-3.664081436780238e-05,-14.530181596981583,48.63167088847007,5.85169593275747,-0.06
404,09,-2.780254297756781e-05,-4.337274759928387,47.643611919113,0.3496705691655474,-0.32
405,10,-1.749340033099435e-05,6.576196681525118,62.883388684188155,4.1778068266017465,-0.22
406,11,-9.782895505729057e-06,13.286790387301977,48.36725960095062,4.77137181845771,-0.07
408,01,-7.079607454118081e-06,9.77005108642578,59.36599973937003,-5.328164857536234,-0.05
409,02,-9.82560560788399e-06,1.2790957768758144,54.799641565576906,-10.674283386707305,-0.07
410,03,-1.6003138249269338e-05,-14.11737674147083,62.83003596656937,-0.8068198277258105,-0.14
411,04,-2.0434202846445263e-05,-16.983018215264217,45.651346360141694,4.8500732873916625,-0.37
412,05,-2.7662325821888435e-05,-23.158452428017892,56.92952051083376,4.0431414947509765,-0.71
414,07,-3.405638901301333e-05,-27.630988150319745,40.32137145659744,-0.11920491269839657,-0.85
415,08,-3.2683108437937644e-05,-17.84199171037572,39.46305893081491,2.009526890908519,-0.5
416,09,-2.475842662511746e-05,-8.054260448540582,49.65095689521101,-3.601356833860608,-0.38
417,10,-1.765674730958508e-05,13.677036990258001,51.31546706972713,5.100314021879627,-0.16
418,11,-1.2026654228591521e-05,13.685960133870443,60.59634180396663,-4.091161051813762,-0.18
419,12,-9.44601224512954e-06,28.97793200421077,55.46996279250422,3.2309785680463237,-0.35
421,02,-1.1990748406116751e-05,26.598223410470148,61.15281964255657,10.60320344007583,-0.43
422,03,-1.6731313326227373e-05,-1.3453218475669946,47.843510205716214,0.42368475792997606,-0.08
423,04,-2.3883861623916246e-05,-16.521862002224392,58.86005653639768,-1.7134484677420727,-0.16
425,06,-3.645346474101341e-05,-28.120134918891054,43.231891095406475,-2.088116592703925,-0.01
426,07,-3.570791800838603e-05,-18.498887496784167,52.862582088247414,2.0653683370979885,0.32
427,08,-3.5946427165531874e-05,-15.756697428713563,51.75170243226714,3.428375722310877,0.16
429,10,-1.6616273676728237e-05,8.951883064844276,46.06859467966968,5.742346490121657,0.07
430,11,-1.0089955154782932e-05,6.784489759657117,59.376273723493675,9.118718305354646,0.34
431,12,-1.0581146033268115e-05,22.95546643394552,54.273882943514856,-5.379404907780308,0.34
432,01,-9.2527426375611e-06,26.340960131573418,62.63006211892765,-3.8576281189046893,0.23
433,02,-8.153189459681882e-06,8.31590086110433,48.93550452213628,-1.6321592513720196,0.05
434,03,-1.5915630637317265e-05,-1.6360386480515998,44.90566300547765,-2.835005319595337,0.13
435,04,-2.4346638547669703e-05,-22.934988667466907,50.17846367060873,-5.030215973642137,0.35
436,05,-3.070366395367009e-05,-25.76910455847299,53.73915812349191,0.8686174524368779,0.96
437,06,-3.477750818122634e-05,-31.860220404391814,46.7203716229452,-1.0147045824898613,1.85
438,07,-3.7615658574522775e-05,-25.170489753641114,45.05531850020347,4.414139295885639,1.73
440,09,-2.5603061031688413e-05,-1.6679924726698132,46.654843129608366,-1.4644166116926407,2.21
441,10,-1.3186316454061119e-05,-1.463842040031187,51.45971762442205,0.10595317576008452,2.11
443,12,-8.385574634596725e-06,33.275967709449034,59.292129598577816,5.98071442790698,1.9
444,01,-9.004527324929857e-06,20.359526514525058,60.00615774854665,-1.7895402638835296,1.94
445,02,-1.2519085415486441e-05,14.879537966322628,54.698993667597065,-2.578204086939494,1.81
446,03,-1.4810545610421827e-05,-5.396197126162949,59.004922374092125,-3.353224274830151,1.31
448,05,-3.16294027814815e-05,-19.310568396455505,50.32535560724812,0.9736174805138702,1.26
449,06,-3.356170396635004e-05,-23.02242342732747,60.87640379265148,2.423815758026971,0.36
450,07,-3.758493633006676e-05,-22.269790681900524,47.74635748879372,1.5464795664100233,-0.51
451,08,-3.3272750999810424e-05,-17.014684508621052,43.397001161080546,-0.02936674651279236,-0.28
452,09,-2.4645985519115736e-05,-7.889081433783638,37.34792189491059,3.5211581916385226,-0.34
454,11,-1.1750765303218536e-05,10.89123139716254,54.5964946256227,-1.4600851942274309,-0.51
455,12,-4.447676278540448e-06,15.633635981405934,42.93341399640295,-3.213377143326626,-0.34
456,01,-6.416161365773257e-06,12.223324068787278,48.97643718384928,-9.303821084730084,-0.41
457,02,-8.18821650381367e-06,12.903916228158135,62.959067062718525,2.093567276659466,-0.41
458,03,-1.5800369091061108e-05,2.527072602630943,59.88884960889175,-1.2213739956066179,-0.58
459,04,-2.5679135762624757e-05,-26.331729773288306,46.84454056873057,-8.98779911174774,-0.21
460,05,-2.9667726341906155e-05,-25.198657173730993,56.839670298081565,1.8179982192952142,0.17
461,06,-3.566179110415154e-05,-31.36642959594727,52.944568701901716,1.6841690582911175,-0.29
463,08,-3.333480648354688e-05,-12.395997953681537,44.035043613662005,5.206549530685589,-0.77
465,10,-2.0550294828412475e-05,15.281469091599986,50.30405073937036,-5.476527976702618,-0.63
466,11,-1.2597567349661808e-05,15.910226154920792,53.90823562632401,-5.144581027221679,-0.63
467,12,-7.748080553331723e-06,20.40142875687794,63.311030514205655,-5.213931379113147,-0.73
468,01,-8.493993727101315e-06,23.796599253992884,55.116003269850566,-0.8613272718409056,-0.77
470,03,-1.3339704251535219e-05,-6.768148279333628,63.03257818707726,2.6816236802583107,-0.79
471,04,-2.4140652476206825e-05,-8.481860700141059,60.03202422682047,7.704519037034776,-1.29
474,07,-3.4126774513620195e-05,-44.31138712696363,36.16823902212164,0.2656826255757326,-0.17
475,08,-3.324744642680256e-05,-25.59706884437479,43.61733073811633,3.0056359347681845,0.36
476,09,-2.7110998255941223e-05,-4.088550005425346,48.59134079140956,0.5139748941421511,0.52
477,10,-1.717439320385384e-05,2.0582064438686585,44.893768001867876,-0.6498442904154464,0.41
478,11,-1.049799736220949e-05,11.533768935139973,58.11769115721252,7.461448430400424,0.26
479,12,-7.425197422547768e-06,21.47761040308142,53.53903508252609,-7.805834964444561,0.13
480,01,-8.170035396257738e-06,18.813249751593478,61.34680531404607,-13.357332215093798,0.08
482,03,-1.7898125718357898e-05,7.876527682396675,54.192069970153995,-4.36647806013784,0.77
483,04,-2.786484313502215e-05,-15.88577495863173,41.53150874974462,4.106000278896755,0.33
484,05,-2.8741963674400066e-05,-37.081440074305384,54.09692304540707,-3.1204028086098297,0.26
485,06,-3.9525050331051005e-05,-23.208365014648436,47.86380608810849,11.051475863477918,0.35
487,08,-3.404563471354698e-05,-17.337182702177312,41.57153246440298,5.091376336723246,0.3
488,09,-2.6543087166161665e-05,-4.24653964674208,45.73786681658825,-1.7770658088896008,0.15
489,10,-1.8569231195137014e-05,10.235854191605762,54.45598049366731,6.308236840812109,0.27
490,11,-1.0039879183467646e-05,10.335369747924807,64.20363267016013,4.896114809354146,0.45
492,01,-6.012859741277161e-06,22.106840989635838,48.67357203781476,0.20016098563901893,0.29
495,04,-2.7043378228700023e-05,-24.0670989525689,35.17819720014996,-0.6015082754982847,-0.11
496,05,-2.995519203009721e-05,-45.04488896819084,46.51938461271666,-5.563120721488871,-0.24
498,07,-3.552329937512147e-05,-24.55973527871409,49.31133174363516,-0.7900067844185773,-1.0
499,08,-3.48960954878191e-05,-17.491402352609946,46.845165995435046,4.093506789135677,-0.99
500,09,-2.4679065476549213e-05,-6.537764871215822,41.4254565234277,0.22758089597490075,-1.19
501,10,-1.848353834580477e-05,14.114419966174706,59.132486595437086,4.539380098568496,-1.2
502,11,-1.0186800306089735e-05,15.631692754109702,47.969248177954896,4.185152656957838,-1.15
503,12,-6.893300624729055e-06,15.732371215492165,60.65007041392917,5.737939940524358,-1.16
505,02,-9.005972841740524e-06,9.622026147751583,54.51137783175566,2.4646371848923816,-0.95
506,03,-1.5948935392546162e-05,-0.9029574194467195,53.47545231677126,-7.318563435933921,-0.79
507,04,-2.588563685021654e-05,-27.98602328389486,47.86236142485672,-6.421966052585177,-0.96
508,05,-3.230829694098981e-05,-22.4746828918457,60.26473778712485,3.197428371347406,-1.06
509,06,-3.7502937650666964e-05,-26.38411481492784,47.88007799596918,3.3414038293414645,-1.11
510,07,-3.6336240956178925e-05,-19.074829963273896,48.14752719921964,2.9915820770673855,-1.53
511,08,-3.444879628501263e-05,-12.903870650096605,45.419211714576655,-3.4263525877306535,-1.34
512,09,-2.3354238802332672e-05,-7.743464881388346,41.71682162190013,0.8442784887313844,-1.41
513,10,-1.864643046111826e-05,14.62936670381279,46.729617401201246,1.9188417487605924,-1.47
514,11,-1.0072340758698473e-05,9.36498726196289,49.88987413275507,-4.3413511865403915,-1.4
