,month,MER,MSSHF,RH,tp,msl
1,02,-7.399999772068052e-06,2.729709174746558,52.295623941567676,62.58125376701355,242.1068
2,03,-1.408509512223264e-05,7.08405715679866,62.090667984242096,107.00708317756653,209.79385
3,04,-2.191347909663616e-05,-15.59233038906521,62.41300571294825,65.13916850090027,-34.92119
4,05,-2.839083756912113e-05,-16.16055940262989,64.02205650719006,98.91896796226501,-184.2583
5,06,-3.330413338050373e-05,-22.16353809509278,52.028707694198026,77.33350610733032,-433.2901
6,07,-3.0671342559486147e-05,-22.637875941122733,53.00265082314577,36.31914162635803,-496.64972
7,08,-2.8487004876296853e-05,-12.56110269165039,50.14281140049425,84.36125612258911,-400.46237
8,09,-2.3132900744369383e-05,-4.023202255249023,42.3501046719922,43.01969242095947,-127.44591
11,12,-1.207531024335357e-05,24.691616260159407,64.98245628347064,131.76934385299683,380.1609
13,02,-7.359469057738698e-06,6.865867059466484,53.581606617508264,60.54261493682861,563.49866
15,04,-2.282624180893941e-05,-17.872287172783746,48.97103869282801,41.5899133682251,13.881701
16,05,-2.9285246377967465e-05,-30.998830406271004,47.47244699586335,23.549720764160156,-243.62912
17,06,-3.014735746900341e-05,-26.066622504679362,62.37913317463399,87.7898542881012,-463.12793
18,07,-3.1905643976779664e-05,-14.025872309859079,48.67037434149174,142.42091464996338,-510.28726
20,09,-2.365392635981859e-05,-3.0327022542317708,42.946886476458445,42.64728355407715,-158.01913
21,10,-2.1172643707369163e-05,7.590982919672484,58.4636376896443,107.7690110206604,113.27476
22,11,-1.4279194747299093e-05,14.235161112806532,54.54851769668525,72.95901393890381,212.58069
24,01,-7.860688640385075e-06,20.899533713063885,47.875411116570554,93.3958797454834,628.19293
25,02,-8.991757432514056e-06,2.888394768487839,50.11619150138895,42.9824595451355,405.91754
27,04,-2.2320882245185202e-05,-19.334173597547743,50.02077896680037,35.788278102874756,-82.15209
28,05,-3.0310256707952082e-05,-17.47440350473055,59.34436809112436,102.75372743606567,-195.04999
29,06,-3.0904296795920855e-05,-15.787571440294057,51.69619375912348,69.78700375556946,-402.21848
30,07,-3.173775886429094e-05,-20.80200322239373,49.75860673643311,54.99441409111023,-537.75745
31,08,-2.8741253340065727e-05,-19.03508228654759,42.77699926753197,37.25814604759216,-416.7742
32,09,-2.269007780640903e-05,-3.5648343312581385,46.85175361700852,61.64737391471863,-154.95633
33,10,-2.174942796122078e-05,9.781940688922843,60.93410625634399,150.74281787872314,85.59425
35,12,-7.687594037497059e-06,8.885675470167591,67.75924336626196,63.80108118057251,442.43646
36,01,-5.276928763964617e-06,11.574925520045783,58.01885871766587,43.573694705963135,430.6604
38,03,-1.6001877676116956e-05,1.792558938959594,55.95160838729334,72.00946402549744,124.39069
39,04,-2.3437909088230905e-05,-21.874123499891493,46.11000325809585,35.43097186088562,-84.38644
40,05,-2.9170486620455693e-05,-20.4214844770534,47.92201473479629,53.242250204086304,-230.80554
41,06,-3.17826830204164e-05,-27.949367026435006,48.16991035015053,93.72558498382568,-386.48267
42,07,-3.416977696542745e-05,-21.999847670688425,39.2781192299025,32.713236570358276,-507.42316
44,09,-2.1331834113273846e-05,-6.238656323920356,43.43915766518911,59.11188769340515,-169.25969
45,10,-1.6551261839878706e-05,3.491510892150223,54.79260846710333,104.26913022994995,17.627966
47,12,-1.0313162028783104e-05,17.753608460457098,55.75187243828721,83.42955470085144,438.00284
48,01,-1.1369238679367056e-05,31.70380508160335,51.86229076744793,104.55150389671326,567.3295
50,03,-1.3839232150540515e-05,-0.5926843497983868,57.115805566785156,81.02017283439636,299.48947
51,04,-2.090864053300013e-05,-10.60586452026367,65.75529212030038,105.42021083831787,-130.13654
52,05,-2.6606813441591635e-05,-11.409518621957432,66.050863289825,118.89742398262024,-253.76834
54,07,-3.282222612492611e-05,-33.091220865229126,44.1499227373741,22.25583553314209,-513.5807
55,08,-2.6941880611302234e-05,-27.08358682743196,31.77761535606461,31.294189929962158,-456.15182
56,09,-2.725831751290065e-05,0.9693071214463977,44.86737590899468,117.23978233337402,-253.94821
58,11,-9.367185011372688e-06,10.117007967122396,41.05919099200301,59.34060025215149,288.41858
59,12,-8.522425015388596e-06,21.808005747805364,57.410435429080856,63.89762902259827,443.99896
60,01,-1.1848107099418698e-05,28.771229348787696,56.9102486772409,127.76513147354126,559.02234
61,02,-9.682757584759485e-06,6.4267875001403105,47.08914505602986,61.24871587753296,548.199
62,03,-1.3818876191033916e-05,-6.2181760956138685,56.610379949503034,62.89697480201721,279.932
65,06,-3.0384449369921637e-05,-25.249517172580298,53.14751710217263,54.762237310409546,-466.2378
67,08,-2.8069958612225798e-05,-17.017802792784988,42.472240740586344,27.303098917007446,-435.29926
68,09,-2.2138291550658728e-05,-0.809648367987739,66.94727416271104,147.5589587688446,-129.0523
69,10,-1.5594664512004833e-05,12.420039781796033,52.5519555827328,95.18328905105591,64.17624
70,11,-1.2000811908506469e-05,17.20852971835666,62.11537896577253,78.44082713127136,270.71072
71,12,-7.343828446024142e-06,12.754345215500043,59.86620702467682,57.75411510467529,520.80994
72,01,-6.201572312694294e-06,7.789162023728894,59.71689801232405,62.144726276397705,565.7656
74,03,-1.1304150707112197e-05,-2.56875498781922,68.34861116093205,66.12149095535278,246.54424
75,04,-2.3272295822324753e-05,-10.486857863362628,59.37646033687326,78.5594162940979,-143.78311
76,05,-2.800802443084893e-05,-16.149492612120927,55.7763452255995,63.01261830329895,-260.79913
78,07,-3.447742918110781e-05,-15.274860501197074,50.75858460182529,100.84526371955872,-514.4251
79,08,-3.3271033724499884e-05,-4.3656862228557625,49.79625837316948,104.17502427101135,-470.42435
82,11,-1.5779393952086846e-05,2.730464919026692,53.6031213278585,73.80068945884705,243.55634
83,12,-6.748697063030508e-06,22.216181771555252,62.92255071562849,100.24923872947693,524.4717
85,02,-9.105866422227595e-06,-15.737989101954868,41.279925076501705,5.396147966384888,516.91547
86,03,-1.09558865346488e-05,2.199697240357758,53.96111336709735,80.05486178398132,229.60373
87,04,-1.9242588071877733e-05,-14.953707265557181,61.57429541588492,64.68825125694275,-80.43797
88,05,-3.1224375424332516e-05,-18.680161248648037,54.14751819698144,49.02557110786438,-262.80316
89,06,-3.5890827366468634e-05,-24.274000357055662,43.53411597645681,56.932453870773315,-414.17422
91,08,-3.1366839325049225e-05,-20.726613564768147,49.22354232249208,85.93903732299805,-410.19373
92,09,-2.1116000810717296e-05,-5.870355172729491,52.886519872754164,48.16365933418274,-166.00583
93,10,-1.7202233669146365e-05,6.4104873591597356,48.62927366667281,94.80732774734497,161.71039
94,11,-1.2770530823662637e-05,20.62896745435927,57.76803370095226,84.64354729652405,328.81845
95,12,-1.128779906788603e-05,28.043287035542146,58.52688881322774,125.43024492263794,484.46677
99,04,-2.2575659647211267e-05,-11.442104777696397,52.015024873095086,33.60578918457031,-37.390724
102,07,-3.379324687933062e-05,-20.07741719498173,55.40260847481861,134.5398542881012,-485.82556
103,08,-3.0242934917310693e-05,-13.572054321945357,50.633880177582476,87.18918299674988,-428.83755
104,09,-2.5696148892024614e-05,-3.969099077690972,51.22118268649578,66.9906599521637,-213.65488
105,10,-1.9746457593286597e-05,13.28605210072507,59.41998880579267,102.30783081054688,117.07459
106,11,-1.2423982501220758e-05,8.69252590874566,58.77474638277293,110.22080183029175,350.10333
107,12,-5.659096497726741e-06,10.619382738339004,50.16868590621025,47.003796100616455,377.0125
108,01,-9.400724827868036e-06,23.76198229324177,64.8158600401199,138.66146302223206,452.41055
109,02,-1.553154618433063e-05,17.196350676788683,61.10995617006565,87.70584869384766,561.44934
110,03,-1.4791143874625109e-05,4.141464673442225,71.63935923557511,114.518559217453,232.12933
112,05,-3.182606770285695e-05,-15.882362545546664,52.83810746537357,71.89129495620728,-232.21231
113,06,-2.7714982728361462e-05,-28.63852083367242,47.29024293223089,31.23433208465576,-436.9123
114,07,-3.385038605679304e-05,-9.511822006717805,59.07058047961163,151.79068851470947,-551.2359
115,08,-3.211179117533902e-05,-13.866469908683532,47.473473327189375,72.62528491020203,-423.1092
116,09,-2.5435363158006416e-05,2.907980506727431,49.177534459747214,99.14269590377808,-191.21622
117,10,-1.6347254436593455e-05,7.273599919801116,47.520342997120274,79.42021083831787,86.092834
118,11,-1.0307503538792339e-05,7.8851572241889105,46.36847800110711,43.99460577964783,258.63232
119,12,-7.866494279115095e-06,20.208327730240367,52.71666673100892,61.15853786468506,390.73035
120,01,-5.490775168401608e-06,12.580168148245866,46.32122026583841,24.550368309020996,385.62646
121,02,-1.1993180484209699e-05,15.243881237211681,52.799659086113884,59.8443021774292,337.4137
122,03,-1.7582771425163286e-05,5.919001820882161,61.97907953674307,101.1904981136322,171.42793
123,04,-2.3728384267512105e-05,-15.711892689005532,62.36782957411343,78.43897438049316,-68.69693
124,05,-3.2913617601255e-05,-32.404015432706444,43.15242019264416,14.875389337539673,-259.43402
126,07,-3.3625666249610085e-05,-27.510599928661055,42.19065745926929,59.59615159034729,-473.5242
127,08,-3.0036708770112647e-05,-17.0266568734774,43.458151734339296,58.18086361885071,-416.7273
128,09,-2.1827326350689368e-05,-6.781363076782227,44.02462579022247,52.75948238372803,-184.29091
130,11,-1.311930024130561e-05,7.912713109334308,43.72629240063826,36.57659721374512,294.29706
131,12,-7.719866410816296e-06,20.033501539989185,45.286219627095804,99.99442100524902,421.89606
132,01,-9.708490018202875e-06,23.531725362798216,54.619796854420386,62.73529887199402,477.75546
133,02,-1.709957590030951e-05,31.83555304718018,59.52337883048256,96.37451434135437,290.13696
134,03,-1.7018775953137494e-05,2.372058311872584,47.98838851665681,25.981262683868408,205.95844
135,04,-2.7999317039636173e-05,-19.276666238742408,46.732171709169286,64.46329927444458,-64.162796
136,05,-3.125298669270236e-05,-34.3688931694441,36.06377147361027,35.43364858627319,-244.07422
137,06,-3.068480971400681e-05,-23.63770078192817,52.16888050745726,81.75433492660522,-474.58298
138,07,-3.559518055198981e-05,-33.07448882301904,37.832517702871755,43.237606048583984,-533.0846
139,08,-2.897321149455781e-05,-28.290339532667595,47.590817581110095,43.99504566192627,-420.46692
140,09,-2.7407515947157255e-05,-3.6402964202880854,48.108384553693405,93.28326845169067,-210.83073
142,11,-1.0645134954231454e-05,8.876481322224937,54.38112868225972,88.05533337593079,148.2424
143,12,-1.0178729378000547e-05,19.264495642221096,49.02194799312469,71.35911726951599,350.35046
144,01,-9.804670876438911e-06,24.167181801416536,38.86062395377826,65.73154544830322,464.86725
145,02,-6.996622216688376e-06,0.507544446309408,46.996895068120395,29.07620143890381,506.6465
146,03,-1.2629808311264428e-05,-0.5304674036169569,53.76618897918476,29.050020217895508,151.8132
147,04,-2.5889148811054637e-05,-18.50936585184733,50.20018549894757,46.967238903045654,-1.6605358
148,05,-2.5811937759284265e-05,-33.066711107479634,47.67298183366304,35.415016651153564,-201.31616
149,06,-2.987989489524302e-05,-20.686577268473304,57.62339900992447,100.81910800933838,-407.34607
151,08,-2.9805839779475068e-05,-22.79464663072811,38.70661156831249,22.764347553253174,-409.69067
152,09,-2.1833397036001162e-05,-8.548686426798504,39.4321560544822,69.85359048843384,-139.07968
153,10,-2.004618059737534e-05,2.17344532234438,45.307421456006274,48.3614456653595,37.14213
154,11,-1.4646135411648073e-05,14.444811823866104,60.08639300202131,121.3805501461029,325.82156
155,12,-7.654158530845394e-06,17.942148733159545,42.031411531264894,44.35604405403137,445.37924
156,01,-5.988280283046514e-06,9.900324605634134,41.55076964045469,40.05626130104065,525.00037
158,03,-1.6743815379482177e-05,3.675611719931326,56.535387553599556,89.10991644859314,262.81744
161,06,-3.339920427913765e-05,-25.873405965508358,43.36981476617124,52.09975528717041,-362.4308
162,07,-3.3542465003026134e-05,-26.574038988010855,46.61348771423679,62.71932125091553,-498.66693
163,08,-3.290884278264643e-05,-13.404264240552024,52.83446418771308,128.27770042419434,-388.3038
164,09,-2.5466491539959356e-05,-1.4094354346381297,48.6797681992597,66.03445959091187,-157.77954
165,10,-1.9484351597922247e-05,1.9587082073252686,58.379234332862715,99.88054394721985,106.323105
167,12,-8.425528942156701e-06,11.411874493342573,45.69198678764476,59.72125196456909,348.8587
168,01,-9.715480358609446e-06,34.39173987899288,57.42208674485646,79.51586604118347,446.62396
169,02,-8.449411843078754e-06,-1.1622854381742926,41.2482318814184,24.723291158676147,415.27576
171,04,-2.191761210872048e-05,-4.539731902737087,59.59964808656376,50.1136200428009,40.430862
172,05,-3.0932743489659034e-05,-26.541132331437964,51.168041845343446,72.61612272262573,-207.00885
175,08,-3.234485571499712e-05,-11.285276480397874,49.79429166342623,65.69953942298889,-413.67007
176,09,-2.2725771390226628e-05,-2.4448908416748045,57.50485973500145,149.34324550628662,-224.9567
177,10,-1.798888249350155e-05,2.3637267239478326,43.9463890340828,80.44077348709106,95.1691
178,11,-1.1587640056374466e-05,-1.8295716874864363,52.225245416957804,62.847052574157715,315.92413
179,12,-9.250304196792702e-06,31.236705364924607,64.63241229699248,142.54706811904907,501.73276
181,02,-9.681430163471391e-06,-2.9269207930791947,54.97462990093799,36.50040102005005,331.67755
182,03,-1.5868986940443404e-05,12.424105568506382,56.25959003628518,94.18527913093567,231.25679
183,04,-2.4481364455176743e-05,-15.54007357143826,53.21672202842236,85.7735435962677,-54.307884
184,05,-2.8615912740195944e-05,-19.306992470361852,50.8592781971834,59.618553161621094,-255.73962
185,06,-3.390126228795352e-05,-22.424498955281575,49.86442946763436,51.52622365951538,-458.75546
186,07,-3.466171150601792e-05,-32.442688338413035,36.16844127948567,21.875284671783447,-583.28326
187,08,-3.527003988845888e-05,-15.806742182249662,41.714041907468136,89.98871898651123,-477.5044
191,12,-1.093666692604627e-05,22.757288210632986,53.902280609893545,112.21855115890503,511.57544
192,01,-1.2804497735976505e-05,25.385474410518523,57.77612080058489,129.8851613998413,577.443
193,02,-1.271823695051786e-05,20.178666164579848,60.9734689490412,78.17547941207886,414.14032
194,03,-2.219248033328259e-05,-0.5256330294045062,56.57506640008187,94.79378461837769,217.56395
195,04,-2.3056703787511248e-05,-15.611610607231992,48.9374839578549,42.51542043685913,-18.883028
196,05,-3.3250014936618425e-05,-29.631465932538433,52.844916530618114,94.81036853790283,-212.5841
197,06,-3.44918315846169e-05,-24.446217814466692,49.08188772321145,64.76006937026978,-414.919
199,08,-3.331847033315239e-05,-31.29434137422295,33.68999910253863,22.496978521347046,-458.93628
200,09,-2.6222378082234683e-05,-4.395296908230251,54.09243484116659,112.6880235671997,-141.14906
202,11,-1.3042386322538529e-05,9.068964893934462,58.53600206141338,32.25963592529297,201.68323
203,12,-8.991161045966975e-06,-5.598886509064706,48.51484771922968,40.51283264160156,585.302
204,01,-7.460320452180465e-06,-0.4728464959257379,45.67560021059616,16.127771615982056,499.98978
205,02,-7.544903639281147e-06,5.38362545916678,55.18347650017959,60.068604469299316,425.45355
206,03,-1.2827322511164368e-05,-10.990242480862525,51.72073062135199,22.461695432662964,225.95041
207,04,-2.0502408365953464e-05,-21.604367342122394,58.54018084150156,11.859672546386719,38.148056
208,05,-2.4253428110207234e-05,-26.022296560964275,51.92535755428705,57.326932191848755,-218.23639
209,06,-2.8253365109311642e-05,-38.732165323215064,41.61192797080808,28.135314464569092,-422.79456
210,07,-3.142641031134248e-05,-27.054918192217425,49.82263012584947,59.759037256240845,-480.62183
211,08,-2.9903093116464793e-05,-15.358725825155936,42.33743624172287,98.74433755874634,-392.04837
212,09,-2.534073391895315e-05,-7.00570699428982,43.673043699496326,48.277573585510254,-212.00168
213,10,-1.7171301486478214e-05,8.106230379494288,51.02844809201841,73.76016211509705,45.83621
214,11,-1.4551765714713837e-05,14.46901237657335,58.72207561985916,130.48207330703735,365.74872
215,12,-8.836182103413613e-06,1.1414017176474303,51.832999992789766,45.02203106880188,375.9966
216,01,-3.583592048936e-06,-1.2817189340899076,35.36421269791357,8.55794882774353,464.99744
217,02,-9.97768289436776e-06,28.48145621345157,61.04910012837534,84.60573077201843,435.48602
219,04,-2.201332183204714e-05,-17.60772253417969,50.15108422283994,28.14702796936035,4.0038795
220,05,-3.085946982284968e-05,-22.07697987414944,55.658551038389554,78.28123354911804,-226.08426
221,06,-3.476727682935032e-05,-20.254541469319665,56.16686724849277,112.482257604599,-427.9707
222,07,-3.376502295814329e-05,-20.43258258581674,48.29218798171063,69.49712204933167,-518.4144
223,08,-3.064838395117496e-05,-15.397676236060358,39.11490551742816,54.35530233383179,-441.2202
224,09,-2.7053925191669103e-05,-10.968042353990342,40.873450344501606,29.832056999206543,-108.00094
225,10,-2.0736059433235615e-05,1.8364669255082322,46.07108195983722,81.02550506591797,72.86262
226,11,-1.1372840429430654e-05,5.54297788119846,52.451002673839106,56.97358417510986,283.31332
227,12,-9.893875752236308e-06,16.98351939342868,60.12797338394067,77.3915023803711,400.7229
228,01,-1.1099072907757458e-05,24.386054642872143,54.87726956107148,88.08339476585388,583.16113
229,02,-7.893391973560764e-06,12.879144769577753,54.623768248409036,20.71983242034912,378.11185
231,04,-2.2395207648413717e-05,-10.670934447903104,67.35853829729425,131.57473421096802,-124.511444
232,05,-3.182257207745645e-05,-20.036693252071256,51.31070372274871,44.95067262649536,-237.85114
233,06,-3.4082233544055876e-05,-13.138249787733287,60.09514157660935,136.99862432479858,-449.24615
234,07,-3.6390916169732936e-05,-13.917790471887077,46.5719772114318,77.72835302352905,-526.50385
235,08,-3.4686337675251e-05,-19.754633603331865,40.27667498864153,67.5933165550232,-422.2372
236,09,-2.4247977624205914e-05,0.3736279635959201,55.41774919654528,154.75264143943787,-243.22896
237,10,-2.3367591303340108e-05,14.50471792602539,57.49670259841796,178.64887976646423,17.258984
239,12,-8.802920268002493e-06,22.454611907630838,51.308709990082264,78.07752561569214,411.10513
240,01,-9.430198710966792e-06,24.63400003675235,61.44896206574927,91.57960391044617,432.69885
241,02,-1.079772392194216e-05,13.779260249546594,59.85849182345754,56.13470458984375,395.91907
245,06,-3.759346314859108e-05,-24.964019442409946,49.104056137108806,86.7335524559021,-398.1662
246,07,-3.775679561435789e-05,-20.12216363230059,34.70881050790896,54.39849805831909,-558.8102
247,08,-3.318467006672979e-05,-13.657699137697938,45.50563225292391,99.36693954467773,-429.62442
249,10,-2.1588807777500546e-05,5.981483147405809,48.24640764357326,65.74780321121216,29.474714
250,11,-1.3179962080519347e-05,12.654008286878799,52.50058610761298,52.17728924751282,244.8797
252,01,-6.553396535759588e-06,18.42038040095504,45.80448549491872,47.351823568344116,464.36163
253,02,-1.2230161100386137e-05,18.65321454909752,54.35344561065067,98.67708921432495,453.31293
254,03,-1.4517082142339604e-05,-0.5979741453765541,58.83941007500695,60.096646308898926,212.09686
255,04,-2.355722367422762e-05,-12.813957029554578,60.681698268123455,76.35283160209656,-117.804306
256,05,-3.550879427684679e-05,-19.147158501081563,47.704144963514416,97.27209305763245,-326.354
258,07,-3.168135436499142e-05,-21.668345875401656,51.88578506780696,102.94842576980591,-525.62726
259,08,-3.0941285219664524e-05,-19.063545700565466,39.65101154342005,51.30303931236267,-445.80597
262,11,-1.5146696185204038e-05,20.892512133110895,68.07071139411661,131.4802393913269,386.43912
264,01,-6.723928980547147e-06,14.384707934964087,53.25762820807451,85.52192997932434,525.97974
265,02,-9.421481274265325e-06,7.153048214503697,61.79020408172125,83.6603274345398,363.48816
266,03,-1.3063552253355424e-05,-6.242824222359606,58.59238742218351,86.2628161907196,109.88019
267,04,-2.4765318735565716e-05,-15.737299090576174,60.65160554169682,95.43563151359558,-82.81265
268,05,-3.372209000100225e-05,-25.790908090242777,45.58359570831253,47.3751916885376,-308.04547
269,06,-3.303585196628976e-05,-31.827683939954966,48.06642211600013,56.74857974052429,-491.24432
270,07,-3.6646507612448495e-05,-24.41304970722813,43.035889669943884,87.7753267288208,-531.4508
271,08,-3.349079792080317e-05,-13.273838911159066,49.470468634774605,107.7295401096344,-409.09753
272,09,-2.8629883362433853e-05,-3.361749937269423,60.89090815499625,144.1834967136383,-170.90045
273,10,-1.872843477780094e-05,15.499699002173642,52.0420637966638,73.23751926422119,27.54102
274,11,-1.4045017091525046e-05,9.019137569173179,50.75557469189433,85.68967199325562,291.27582
275,12,-9.904081011676856e-06,14.487402564920403,52.82181985401466,73.46089029312134,584.95215
276,01,-6.60295483731882e-06,23.604068570044735,51.65779350411636,67.26308727264404,397.78796
278,03,-1.718439095667989e-05,-2.8514695644583754,52.573686629964456,40.98473596572876,29.128387
280,05,-3.0134792006426703e-05,-17.31557953963741,52.31226475243542,64.66420650482178,-222.1669
281,06,-3.5836119472898846e-05,-20.466573669433593,50.7506326838851,77.7912917137146,-433.31158
282,07,-3.594073215623134e-05,-17.96138944137737,48.60045512300026,94.12360286712646,-483.9049
283,08,-3.0240783373966385e-05,-12.41071590333344,52.640142950275894,146.93423414230347,-422.3675
284,09,-2.726855740998468e-05,-6.606480073716904,41.46046437310777,57.52717709541321,-176.22435
285,10,-2.2813934475604865e-05,5.003235001430717,55.25826176021304,87.43804001808167,123.216896
286,11,-9.433203981300014e-06,10.082439758300783,57.335292302331666,88.66095638275146,326.05408
288,01,-7.996820467572737e-06,16.024269751435966,52.92226850532075,73.5739049911499,552.7925
289,02,-9.213011075579354e-06,1.6289639434814458,40.65915042115535,23.336631298065186,359.0134
290,03,-1.4304734281419465e-05,-4.024482163624097,45.80751552796749,22.1645565032959,239.10876
291,04,-2.383696288773839e-05,-17.2942943037245,47.44735419490735,51.56433296203613,-52.401318
292,05,-3.0977665722578726e-05,-19.48317038226384,57.695412786129985,85.30281352996826,-226.6422
293,06,-3.491794925367785e-05,-29.63445593295627,48.58540389312637,47.240581035614014,-418.41428
294,07,-3.637924248004731e-05,-25.786057973554062,44.12265574810709,76.22430467605591,-522.1898
295,08,-3.1032737283929096e-05,-31.771135562691633,39.36124998163152,22.521544456481934,-380.4095
296,09,-2.437035215904568e-05,-12.497950702243381,40.21523504180775,46.90879726409912,-167.98775
297,10,-2.1305207502659715e-05,-2.352458050143333,49.86598729915773,74.57617855072021,74.32373
298,11,-8.746191556262298e-06,13.336127873399521,55.471923015075255,56.468339920043945,213.5906
299,12,-8.986315398414586e-06,16.75842543636855,56.42778465677845,90.1946873664856,474.8498
300,01,-8.992702947169514e-06,20.66453995308825,64.87525535803712,107.22431802749634,519.46
301,02,-1.1818901434843997e-05,12.780648606925178,58.06078212638148,64.95090794563293,400.60583
302,03,-1.5225630396960167e-05,1.0669384965794064,50.376974003080406,47.67586803436279,163.00705
303,04,-2.4217375733618005e-05,-11.611916856553819,59.49211039767795,45.28127717971802,-75.036575
304,05,-2.847669872224737e-05,-31.81054322043798,50.857990436966695,37.014437675476074,-284.95746
306,07,-3.5823426863228845e-05,-21.040274605699764,48.61712288511441,104.08150887489319,-469.22217
309,10,-1.9737982986943505e-05,10.8786054316695,45.96995730125903,55.872933864593506,50.417
310,11,-1.219442167142309e-05,8.63346869269477,52.650442458646836,66.66378116607666,222.60822
312,01,-1.0532949036563073e-05,27.835473567839585,50.62756816835045,53.984177112579346,532.82666
314,03,-1.2645556585016247e-05,2.2825399281491516,62.992716266741034,63.6138596534729,221.44632
316,05,-3.3327865934669755e-05,-23.83920729967343,52.369123788558014,76.4442777633667,-211.08047
317,06,-3.715115132452208e-05,-30.632264646063906,50.84424858076307,55.748387813568115,-476.3063
320,09,-2.545146969718593e-05,-6.704652192857532,39.75358392157654,79.9967360496521,-211.6375
321,10,-1.7187334372416657e-05,10.538457600583316,41.694871458662455,58.746543884277344,65.65071
322,11,-1.4535249143672345e-05,9.326381112670902,61.63253474075529,66.79116821289062,220.4455
324,01,-6.5253165958961526e-06,7.280853728591756,43.42763289413273,18.287110328674316,516.4388
325,02,-8.8568046297561e-06,4.634872235616048,55.29220876641359,57.903024673461914,330.87653
326,03,-1.3873502668170125e-05,-4.782673361173239,59.930227692120816,63.244534492492676,94.83101
327,04,-2.37631702343909e-05,-18.782449027506512,53.65862876264652,51.75546956062317,-110.11676
328,05,-3.370682173148433e-05,-13.439136345319852,55.415879218805216,97.34957218170166,-244.04282
329,06,-3.4785863751151034e-05,-27.11431088460287,44.96967633606062,34.651726484298706,-435.67197
330,07,-3.3670624993676266e-05,-35.11209074615151,34.7803111832411,25.724807262420654,-513.4265
331,08,-3.203818718891423e-05,-14.970106861073484,56.166526000266416,192.56933999061584,-459.8708
332,09,-2.4569920312832332e-05,-1.9050392035590278,48.50952039943403,31.076144695281982,-197.77353
333,10,-2.0357669840078775e-05,8.929626497002058,49.91160704086961,104.8823778629303,-16.467072
334,11,-1.6638314112929544e-05,21.698549422539603,51.20864173750348,79.28392601013184,191.33347
335,12,-1.1844671387852061e-05,21.158474252352146,51.61357204472506,99.22530603408813,466.81708
337,02,-9.635896793779033e-06,12.227102448962983,62.05461917357218,88.80820941925049,269.4265
338,03,-1.969343553138324e-05,2.858439688077537,50.951221448258686,65.31020927429199,196.87997
339,04,-2.5420359923575438e-05,-23.728481532796227,35.425640993569964,1.6051898002624512,27.89016
340,05,-3.1186685044343005e-05,-23.42358186127037,55.67473245647261,116.55266427993774,-294.28214
341,06,-3.458860908376663e-05,-19.802041976589628,51.81401281598541,100.40370607376099,-468.55225
342,07,-4.0491175616739144e-05,-14.380545316962786,51.51913973191349,166.44169425964355,-515.7929
343,08,-3.430768915528969e-05,-11.902402343421853,46.669440629773256,52.89487075805664,-434.2773
345,10,-1.4836711174446523e-05,-1.5530790907336818,46.4751422240952,38.23624563217163,109.191986
346,11,-1.4172945336880124e-05,15.984315191311307,55.0159122577058,63.65782594680786,280.00525
347,12,-9.103623443880553e-06,18.67049515623687,44.72693699303237,75.82493901252747,399.1055
348,01,-9.98381483742544e-06,30.50790186531313,59.32570013750177,98.90966415405273,565.6458
349,02,-9.733829621899499e-06,11.488472740085646,43.235250111784055,39.91739559173584,494.86505
350,03,-2.0140387961912898e-05,4.352542552004578,67.29393991330491,110.58221864700317,81.638504
351,04,-2.446588194630345e-05,-15.287676639472116,50.48518859204715,37.05441331863403,-136.78506
352,05,-3.326288808405293e-05,-18.37616691179173,46.32872357566895,58.6919801235199,-254.43355
353,06,-3.476253857051133e-05,-32.52892781643338,47.80475471985869,40.78405427932739,-486.10413
355,08,-3.3834556450724496e-05,-9.036356891591062,49.02626591384924,114.81742095947266,-423.66357
356,09,-2.5189189388381943e-05,-2.5223080678304033,46.95382839618127,79.74637937545776,-205.89615
357,10,-1.8222273044254205e-05,6.518695762716314,54.30898137165141,92.71740341186523,21.936775
358,11,-1.2143508331428165e-05,12.723418456013999,55.05112889809742,87.03951120376587,268.40707
359,12,-6.623100362498576e-06,8.910789440196046,51.189781416840454,32.103607177734375,374.01755
361,02,-6.55127283612057e-06,7.2258432279314295,62.426701213981424,62.01654672622681,236.54105
362,03,-1.4006747319585248e-05,0.15545269151913163,60.10794240493287,55.8788948059082,94.68126
363,04,-2.2896213735516033e-05,-13.763160278998479,44.90089633327524,23.97039556503296,-96.036224
366,07,-3.995988693131167e-05,-23.939954596078525,46.67216465320125,103.68392610549927,-522.2089
367,08,-3.326769469126164e-05,-18.63527480389995,42.41847231385144,46.274324893951416,-388.29468
368,09,-2.396435872586961e-05,-8.675344586181641,43.626415080409586,40.19728755950928,-172.33562
369,10,-1.8213049179844e-05,4.716025361748153,49.256211021474606,74.3879747390747,73.51483
370,11,-1.3997967538165946e-05,28.005924584282763,63.3120259418408,119.02290868759155,292.92142
371,12,-8.896478755051119e-06,9.686923075029926,62.37685010996686,98.37137460708618,450.6988
372,01,-6.091251291421628e-06,2.9262350808420488,60.36061479552843,49.821874141693115,611.33765
373,02,-7.65345504045659e-06,5.717629487900508,61.53230691539674,91.62952327728271,419.6424
374,03,-1.4227020407356234e-05,-0.1344084672825314,56.345688745778084,56.222103118896484,204.13777
376,05,-2.827942739082006e-05,-27.387183430333288,51.416537502500645,63.4017915725708,-240.29799
377,06,-3.182083758476639e-05,-35.711798379855686,43.71565713060168,33.73767280578613,-420.9719
380,09,-2.3803562745282155e-05,-1.7829848341200085,47.799041656389505,93.05310916900635,-164.33868
381,10,-1.8914465963579488e-05,8.677334267236855,54.52403665949838,76.19713640213013,62.766594
382,11,-1.1904203317903414e-05,4.708053307088217,64.34552551558414,80.79510045051575,148.55542
383,12,-7.738160395268594e-06,4.967533013128466,56.59717789244652,51.991679430007935,311.15485
384,01,-4.432973011169315e-06,15.641597058367989,49.85520389962581,71.90442681312561,669.9787
385,02,-7.274441715534998e-06,7.353929252261208,64.81677477946593,54.225329875946045,233.77553
386,03,-1.235675504704564e-05,-6.3443144091534345,43.386579177287324,20.28888177871704,299.06274
388,05,-3.0008848766624646e-05,-32.62149781881353,48.67582858574712,34.52233028411865,-238.45712
389,06,-3.4230032604055946e-05,-25.01744469502767,49.43961729888122,94.74681329727173,-490.31073
390,07,-3.7348723895911946e-05,-18.427609645064162,51.34294977803511,163.95448088645935,-520.3263
391,08,-3.274760770019843e-05,-10.64563058373236,50.85391145080519,128.73549723625183,-441.14777
393,10,-1.916051529891168e-05,8.726722329416583,41.10612051369683,69.30626606941223,33.077858
394,11,-8.12447487300637e-06,7.208228931681314,45.10324230610001,17.076764583587646,204.45502
396,01,-9.557997748420493e-06,23.492998173539362,55.985124487241116,90.29691076278687,567.9033
397,02,-6.941694202459045e-06,2.77444112036694,54.92825397600388,25.181623220443726,464.52997
399,04,-2.412122515035865e-05,-15.116672309705946,65.52592149374486,93.77713108062744,-148.08516
401,06,-3.633841799156573e-05,-15.284035491265191,54.862410076340026,122.0042052268982,-475.00558
402,07,-3.9630504535585143e-05,-18.105863085346844,55.33667580591222,133.29841899871826,-538.7999
403,08,-3.664081436780238e-05,-14.530181596981583,48.63167088847007,90.66671252250671,-459.573
404,09,-2.780254297756781e-05,-4.337274759928387,47.643611919113,79.25185561180115,-209.4136
405,10,-1.749340033099435e-05,6.576196681525118,62.883388684188155,131.10860514640808,55.620808
406,11,-9.782895505729057e-06,13.286790387301977,48.36725960095062,62.30052351951599,219.06578
407,12,-8.270612005098982e-06,23.135962751162953,68.44660146777348,126.01667380332947,467.6736
408,01,-7.079607454118081e-06,9.77005108642578,59.36599973937003,56.091444969177246,466.79083
409,02,-9.82560560788399e-06,1.2790957768758144,54.799641565576906,42.50241231918335,397.99756
410,03,-1.6003138249269338e-05,-14.11737674147083,62.83003596656937,46.14034557342529,65.48817
411,04,-2.0434202846445263e-05,-16.983018215264217,45.651346360141694,31.149431228637695,-73.788574
412,05,-2.7662325821888435e-05,-23.158452428017892,56.92952051083376,89.41290044784546,-286.2347
413,06,-3.319209287441886e-05,-26.815010833062065,45.349666944320994,63.59688186645508,-439.41492
414,07,-3.405638901301333e-05,-27.630988150319745,40.32137145659744,58.30738687515259,-579.7434
416,09,-2.475842662511746e-05,-8.054260448540582,49.65095689521101,81.32235813140869,-214.65388
417,10,-1.765674730958508e-05,13.677036990258001,51.31546706972713,135.23726177215576,49.41445
418,11,-1.2026654228591521e-05,13.685960133870443,60.59634180396663,95.3849720954895,200.16173
425,06,-3.645346474101341e-05,-28.120134918891054,43.231891095406475,53.205344676971436,-418.91684
426,07,-3.570791800838603e-05,-18.498887496784167,52.862582088247414,91.65657234191895,-519.4228
427,08,-3.5946427165531874e-05,-15.756697428713563,51.75170243226714,126.34322667121887,-376.25293
428,09,-2.0748739615697153e-05,-9.244409510294595,35.08465283191469,25.215217113494873,-174.86108
429,10,-1.6616273676728237e-05,8.951883064844276,46.06859467966968,79.9614315032959,60.23346
431,12,-1.0581146033268115e-05,22.95546643394552,54.273882943514856,89.71414184570312,501.11902
432,01,-9.2527426375611e-06,26.340960131573418,62.63006211892765,107.20374536514282,514.6667
433,02,-8.153189459681882e-06,8.31590086110433,48.93550452213628,54.84558963775635,372.26105
434,03,-1.5915630637317265e-05,-1.6360386480515998,44.90566300547765,61.79024076461792,224.33289
435,04,-2.4346638547669703e-05,-22.934988667466907,50.17846367060873,27.186142444610596,-60.280056
437,06,-3.477750818122634e-05,-31.860220404391814,46.7203716229452,35.5678129196167,-412.78543
439,08,-3.326061218056918e-05,-12.586229408838417,52.3345120203854,123.28978443145752,-392.39905
443,12,-8.385574634596725e-06,33.275967709449034,59.292129598577816,54.18260717391968,429.1608
444,01,-9.004527324929857e-06,20.359526514525058,60.00615774854665,107.9379734992981,649.4335
445,02,-1.2519085415486441e-05,14.879537966322628,54.698993667597065,72.69394779205322,535.55023
446,03,-1.4810545610421827e-05,-5.396197126162949,59.004922374092125,69.4955415725708,187.21625
447,04,-2.7581765115751797e-05,-20.820068422105575,57.557788026644126,67.43884038925171,-49.052155
448,05,-3.16294027814815e-05,-19.310568396455505,50.32535560724812,61.365638256073,-271.8263
449,06,-3.356170396635004e-05,-23.02242342732747,60.87640379265148,113.14722728729248,-423.05832
450,07,-3.758493633006676e-05,-22.269790681900524,47.74635748879372,56.59930372238159,-543.7037
452,09,-2.4645985519115736e-05,-7.889081433783638,37.34792189491059,28.704333305358887,-205.9997
453,10,-1.526362983537594e-05,-3.798430909843855,48.34944315867911,57.946226596832275,157.95409
454,11,-1.1750765303218536e-05,10.89123139716254,54.5964946256227,75.84917688369751,336.08304
455,12,-4.447676278540448e-06,15.633635981405934,42.93341399640295,19.911759853363037,321.2511
456,01,-6.416161365773257e-06,12.223324068787278,48.97643718384928,56.35315418243408,445.65512
458,03,-1.5800369091061108e-05,2.527072602630943,59.88884960889175,58.12478494644165,258.96045
459,04,-2.5679135762624757e-05,-26.331729773288306,46.84454056873057,30.59126615524292,-40.514206
460,05,-2.9667726341906155e-05,-25.198657173730993,56.839670298081565,37.424317359924316,-244.22803
461,06,-3.566179110415154e-05,-31.36642959594727,52.944568701901716,63.719133377075195,-406.40488
462,07,-3.888270218750779e-05,-23.176640851420746,56.14024401203919,125.55045461654663,-523.0449
463,08,-3.333480648354688e-05,-12.395997953681537,44.035043613662005,75.39064645767212,-370.0179
464,09,-2.5415033401845397e-05,-5.530321179199219,52.86381167994076,131.7170844078064,-207.4393
465,10,-2.0550294828412475e-05,15.281469091599986,50.30405073937036,63.67462873458862,43.890633
466,11,-1.2597567349661808e-05,15.910226154920792,53.90823562632401,71.56626224517822,203.88412
467,12,-7.748080553331723e-06,20.40142875687794,63.311030514205655,122.76686382293701,495.65552
468,01,-8.493993727101315e-06,23.796599253992884,55.116003269850566,94.42302966117859,554.39026
469,02,-1.1806723732206594e-05,-2.6082788761683875,46.30087924139698,28.985047340393066,346.45688
470,03,-1.3339704251535219e-05,-6.768148279333628,63.03257818707726,81.36417293548584,36.888283
471,04,-2.4140652476206825e-05,-8.481860700141059,60.03202422682047,102.50590419769287,-23.977936
472,05,-3.631899526441482e-05,-17.44638056798135,47.40056218499266,48.21310758590698,-254.60004
473,06,-3.447691067930363e-05,-33.33076165534125,39.74884000571834,26.889825344085693,-444.61993
474,07,-3.4126774513620195e-05,-44.31138712696363,36.16823902212164,19.791842460632324,-552.41327
476,09,-2.7110998255941223e-05,-4.088550005425346,48.59134079140956,68.28795766830444,-158.52629
477,10,-1.717439320385384e-05,2.0582064438686585,44.893768001867876,34.76789951324463,108.32029
478,11,-1.049799736220949e-05,11.533768935139973,58.11769115721252,34.97020101547241,300.9697
480,01,-8.170035396257738e-06,18.813249751593478,61.34680531404607,48.710402965545654,502.2921
481,02,-8.232899953890454e-06,13.675333238874163,51.283400613031226,53.84524393081665,332.02716
482,03,-1.7898125718357898e-05,7.876527682396675,54.192069970153995,101.83904027938843,163.18378
483,04,-2.786484313502215e-05,-15.88577495863173,41.53150874974462,32.68497180938721,-38.216846
484,05,-2.8741963674400066e-05,-37.081440074305384,54.09692304540707,39.454394817352295,-202.90948
486,07,-3.625940142692049e-05,-31.74150496025496,48.734570516079984,49.36154794692993,-517.2116
487,08,-3.404563471354698e-05,-17.337182702177312,41.57153246440298,76.33737087249756,-424.97726
488,09,-2.6543087166161665e-05,-4.24653964674208,45.73786681658825,112.17082786560059,-210.31262
489,10,-1.8569231195137014e-05,10.235854191605762,54.45598049366731,119.96327877044678,37.18643
490,11,-1.0039879183467646e-05,10.335369747924807,64.20363267016013,74.31336832046509,341.15192
491,12,-8.260583359534854e-06,25.078029959073632,56.60606037604423,84.95069599151611,408.62512
493,02,-1.5386156723984276e-05,31.748662168305497,64.97568837541958,131.38312101364136,368.59143
494,03,-1.9840231885472768e-05,-1.8349693298339842,46.56073982853019,49.32469892501831,42.756096
495,04,-2.7043378228700023e-05,-24.0670989525689,35.17819720014996,24.384860515594482,16.485586
496,05,-2.995519203009721e-05,-45.04488896819084,46.51938461271666,17.802208423614502,-202.89778
497,06,-3.546342912159163e-05,-30.903872137790252,54.092656515480414,67.27775382995605,-431.53674
498,07,-3.552329937512147e-05,-24.55973527871409,49.31133174363516,73.53353977203369,-483.24103
500,09,-2.4679065476549213e-05,-6.537764871215822,41.4254565234277,61.862966537475586,-175.79279
501,10,-1.848353834580477e-05,14.114419966174706,59.132486595437086,137.80672430992126,72.46165
503,12,-6.893300624729055e-06,15.732371215492165,60.65007041392917,109.63903760910034,557.6863
504,01,-7.860778656987515e-06,14.34612370152627,66.80461903254064,90.61761569976807,514.76855
505,02,-9.005972841740524e-06,9.622026147751583,54.51137783175566,60.75168180465698,320.641
506,03,-1.5948935392546162e-05,-0.9029574194467195,53.47545231677126,54.85542392730713,39.805805
507,04,-2.588563685021654e-05,-27.98602328389486,47.86236142485672,51.77638530731201,-14.4024315
509,06,-3.7502937650666964e-05,-26.38411481492784,47.88007799596918,106.48373031616211,-391.6641
510,07,-3.6336240956178925e-05,-19.074829963273896,48.14752719921964,97.35786199569702,-535.0298
511,08,-3.444879628501263e-05,-12.903870650096605,45.419211714576655,99.27522611618042,-386.8782
513,10,-1.864643046111826e-05,14.62936670381279,46.729617401201246,138.24248218536377,114.55317
514,11,-1.0072340758698473e-05,9.36498726196289,49.88987413275507,67.49459075927734,240.95358
