,month,MER,MSSHF,RH,SH,VW
1,02,-7.399999772068052e-06,2.729709174746558,52.295623941567676,0.0003947880218570064,-1.3059519413312277
2,03,-1.408509512223264e-05,7.08405715679866,62.090667984242096,0.00044260006009506144,3.9315372702485787
3,04,-2.191347909663616e-05,-15.59233038906521,62.41300571294825,0.00044040625960559647,1.0740941146002878
4,05,-2.839083756912113e-05,-16.16055940262989,64.02205650719006,0.0007071434940667084,8.630355046979844
5,06,-3.330413338050373e-05,-22.16353809509278,52.028707694198026,0.0009014931640296304,3.2090791480382284
6,07,-3.0671342559486147e-05,-22.637875941122733,53.00265082314577,0.0010329003032600922,-5.838931852156116
7,08,-2.8487004876296853e-05,-12.56110269165039,50.14281140049425,0.0009515669327950404,3.1812677038664456
8,09,-2.3132900744369383e-05,-4.023202255249023,42.3501046719922,0.0009334240310760934,-0.510687753507826
9,10,-1.6345863611966567e-05,2.642213581372333,56.92965585534547,0.0009355248356116273,5.778387170791627
11,12,-1.207531024335357e-05,24.691616260159407,64.98245628347064,0.000536514795466784,-0.28389227742020834
12,01,-5.795284385228985e-06,8.867661568262244,49.01821534482766,0.0002899667802897751,-3.3814287265244354
13,02,-7.359469057738698e-06,6.865867059466484,53.581606617508264,0.0004711822304191866,-0.3616500237782795
14,03,-1.4070489600584629e-05,-6.186828353717764,55.02083505403355,0.00038754746073307194,0.9811663906958793
15,04,-2.282624180893941e-05,-17.872287172783746,48.97103869282801,0.0003994695938296395,-9.524053100861446
16,05,-2.9285246377967465e-05,-30.998830406271004,47.47244699586335,0.0004922136487145694,-1.0137218133249581
17,06,-3.014735746900341e-05,-26.066622504679362,62.37913317463399,0.0008849550965466025,2.5734654588063557
18,07,-3.1905643976779664e-05,-14.025872309859079,48.67037434149174,0.0008957915342465621,-0.26483490488606115
19,08,-3.1051088017916934e-05,-11.540256553403795,47.008779259716306,0.00108178564986637,-0.9145211367658391
20,09,-2.365392635981859e-05,-3.0327022542317708,42.946886476458445,0.0009669164780382541,1.5179921280543012
21,10,-2.1172643707369163e-05,7.590982919672484,58.4636376896443,0.0007849959412277741,0.00958403039747691
22,11,-1.4279194747299093e-05,14.235161112806532,54.54851769668525,0.0006224606235835986,-4.371212425486247
23,12,-7.873070872231058e-06,26.063403682913826,61.380955716897084,0.0005165828911668244,-9.22203131144534
24,01,-7.860688640385075e-06,20.899533713063885,47.875411116570554,0.000374949257934248,-14.993898111712548
25,02,-8.991757432514056e-06,2.888394768487839,50.11619150138895,0.0003669208622193323,-5.97966216750372
26,03,-1.2076194787720939e-05,11.89821663673975,73.37905685201383,0.0006871956544953496,2.7350078623987018
28,05,-3.0310256707952082e-05,-17.47440350473055,59.34436809112436,0.0007153930285222947,7.16871375371051
30,07,-3.173775886429094e-05,-20.80200322239373,49.75860673643311,0.001004735188951267,-0.9555403572000489
31,08,-2.8741253340065727e-05,-19.03508228654759,42.77699926753197,0.0010760535270361797,-5.737638261405371
32,09,-2.269007780640903e-05,-3.5648343312581385,46.85175361700852,0.0008672290949221253,6.289416321606107
33,10,-2.174942796122078e-05,9.781940688922843,60.93410625634399,0.0006867919335684071,2.4850872046152754
34,11,-1.4328458308167076e-05,19.586548003133142,54.57233108670976,0.0006729366678450485,-11.457353041140237
35,12,-7.687594037497059e-06,8.885675470167591,67.75924336626196,0.0004129887476064696,-4.769642162630634
36,01,-5.276928763964617e-06,11.574925520045783,58.01885871766587,0.00046975674859519613,-4.891109149317589
37,02,-7.864293709969517e-06,5.468580898829869,51.56958197040644,0.000443328927262103,1.6552668325560431
38,03,-1.6001877676116956e-05,1.792558938959594,55.95160838729334,0.0003661708261100601,-1.5734310661233883
39,04,-2.3437909088230905e-05,-21.874123499891493,46.11000325809585,0.0004928932368082314,-12.943029245885215
40,05,-2.9170486620455693e-05,-20.4214844770534,47.92201473479629,0.00055373141337474,5.09572851915257
41,06,-3.17826830204164e-05,-27.949367026435006,48.16991035015053,0.0008103595633521967,1.782730908033583
42,07,-3.416977696542745e-05,-21.999847670688425,39.2781192299025,0.0009021180810537498,0.7331812882782313
43,08,-3.1963929242763654e-05,-15.790871219429917,46.55304641459066,0.0009689928345582772,3.203157168829313
44,09,-2.1331834113273846e-05,-6.238656323920356,43.43915766518911,0.0009065412273818056,5.005797420205011
45,10,-1.6551261839878706e-05,3.491510892150223,54.79260846710333,0.000806341602621908,3.9553702151800993
46,11,-1.519573135911843e-05,20.401449884033198,56.70156626680825,0.0006367408295191699,5.924383153004117
47,12,-1.0313162028783104e-05,17.753608460457098,55.75187243828721,0.0004811068228571663,-1.7107022496705413
48,01,-1.1369238679367056e-05,31.70380508160335,51.86229076744793,0.0005065474144361389,-7.28827055961855
50,03,-1.3839232150540515e-05,-0.5926843497983868,57.115805566785156,0.00048506053711077566,-4.877558255903184
51,04,-2.090864053300013e-05,-10.60586452026367,65.75529212030038,0.0005298972676287223,7.622805477269491
53,06,-3.6603149109497395e-05,-25.008415187242296,46.266101067479454,0.0008680787925681217,0.1501536730660332
54,07,-3.282222612492611e-05,-33.091220865229126,44.1499227373741,0.0011865903298230965,0.5349078274183373
55,08,-2.6941880611302234e-05,-27.08358682743196,31.77761535606461,0.0007854492272301715,-1.2125626575510984
56,09,-2.725831751290065e-05,0.9693071214463977,44.86737590899468,0.0008300272881937013,1.751585998386807
57,10,-2.1395454446465794e-05,12.186390243366201,47.91972020449689,0.000809845710132114,-2.097481352693291
58,11,-9.367185011372688e-06,10.117007967122396,41.05919099200301,0.0005637446514673988,-6.614907704395718
59,12,-8.522425015388596e-06,21.808005747805364,57.410435429080856,0.0005939787194328425,-2.6570578389526696
62,03,-1.3818876191033916e-05,-6.2181760956138685,56.610379949503034,0.00032761467128058087,-2.6351272446211946
64,05,-2.301351515928619e-05,-21.276121071107926,61.30564291210714,0.00067266253149976,-0.677646871115572
65,06,-3.0384449369921637e-05,-25.249517172580298,53.14751710217263,0.0009127790745715982,-5.382480461120606
67,08,-2.8069958612225798e-05,-17.017802792784988,42.472240740586344,0.0008598136095184325,1.4394752741577808
70,11,-1.2000811908506469e-05,17.20852971835666,62.11537896577253,0.000733812687942615,9.75799302626716
72,01,-6.201572312694294e-06,7.789162023728894,59.71689801232405,0.00032037616245556873,-7.303112680189071
73,02,-7.646551471441942e-06,-7.170963860648018,49.17462651499538,0.00043289734202582635,-8.188289751120978
74,03,-1.1304150707112197e-05,-2.56875498781922,68.34861116093205,0.00041982346533168605,0.883263510611749
75,04,-2.3272295822324753e-05,-10.486857863362628,59.37646033687326,0.0005507065881250634,-3.498696371036106
77,06,-3.090711121482552e-05,-17.990251360066733,61.34983533646531,0.0007727630264536654,0.5723389233907065
79,08,-3.3271033724499884e-05,-4.3656862228557625,49.79625837316948,0.0009632387406820798,6.747224802570958
80,09,-2.244669017984254e-05,-3.3109654418945316,48.444472670045165,0.0010995125499796714,-4.491637453036838
81,10,-1.5745955748394817e-05,1.4800897167574978,41.847355274659336,0.0007476628478483084,0.5071230077846077
82,11,-1.5779393952086846e-05,2.730464919026692,53.6031213278585,0.00036442432660848377,-4.4680131394492255
83,12,-6.748697063030508e-06,22.216181771555252,62.92255071562849,0.0006171308285160469,0.4556928207233385
84,01,-1.0488508364736625e-05,25.802121266682942,67.17732922877546,0.00041564420438127206,-6.017850162034394
85,02,-9.105866422227595e-06,-15.737989101954868,41.279925076501705,0.00019560193471323016,-4.677185569944837
86,03,-1.09558865346488e-05,2.199697240357758,53.96111336709735,0.000417650180977115,1.529696232846988
87,04,-1.9242588071877733e-05,-14.953707265557181,61.57429541588492,0.00039568850197150223,5.869092054367065
88,05,-3.1224375424332516e-05,-18.680161248648037,54.14751819698144,0.0007434592337500871,8.900653361905007
90,07,-3.000731417455182e-05,-30.125119514383297,48.19723509739805,0.0010106809674292967,-0.8332931163541726
91,08,-3.1366839325049225e-05,-20.726613564768147,49.22354232249208,0.0009093863952855494,5.28556109350471
93,10,-1.7202233669146365e-05,6.4104873591597356,48.62927366667281,0.0008042660296969873,1.2270836029257823
94,11,-1.2770530823662637e-05,20.62896745435927,57.76803370095226,0.000712386935210562,2.6885640857060755
95,12,-1.128779906788603e-05,28.043287035542146,58.52688881322774,0.0005160226476652414,-3.9448398696120077
96,01,-8.849628261046861e-06,-8.473066081057311,52.03738375666833,0.00039371051453645855,-10.992317990600421
97,02,-5.771432554432804e-06,6.824847212655203,67.52644709656069,0.0005444937176130874,-2.305479620888119
99,04,-2.2575659647211267e-05,-11.442104777696397,52.015024873095086,0.0005509123427555208,0.2727976148605345
100,05,-2.791426425801057e-05,-28.103053294192083,60.924986691195485,0.0006231550341834262,-5.130835388368177
102,07,-3.379324687933062e-05,-20.07741719498173,55.40260847481861,0.0011762637337276985,-0.3532960533019038
103,08,-3.0242934917310693e-05,-13.572054321945357,50.633880177582476,0.0011241900766090502,-3.461253159225629
105,10,-1.9746457593286597e-05,13.28605210072507,59.41998880579267,0.0008929555590629677,13.057100941893877
106,11,-1.2423982501220758e-05,8.69252590874566,58.77474638277293,0.0005567817669088578,-4.4051263535393606
107,12,-5.659096497726741e-06,10.619382738339004,50.16868590621025,0.0006231452756041871,-2.9305631152942615
111,04,-2.4692344382775542e-05,-22.74501348402235,55.09817502149212,0.0005172340481790242,-1.7053315254635282
113,06,-2.7714982728361462e-05,-28.63852083367242,47.29024293223089,0.0008593489899378255,-3.5400914671579997
115,08,-3.211179117533902e-05,-13.866469908683532,47.473473327189375,0.0010266525363930598,2.628318884675221
116,09,-2.5435363158006416e-05,2.907980506727431,49.177534459747214,0.0009323654926211424,-2.148785310766432
117,10,-1.6347254436593455e-05,7.273599919801116,47.520342997120274,0.0007721173569709835,3.924836768201601
118,11,-1.0307503538792339e-05,7.8851572241889105,46.36847800110711,0.000563931326113359,-8.722512957763671
119,12,-7.866494279115095e-06,20.208327730240367,52.71666673100892,0.00053423904773601,-12.605013241860172
120,01,-5.490775168401608e-06,12.580168148245866,46.32122026583841,0.0005023698754026696,-0.17765723320745627
121,02,-1.1993180484209699e-05,15.243881237211681,52.799659086113884,0.00042497837058714,3.106950273581913
122,03,-1.7582771425163286e-05,5.919001820882161,61.97907953674307,0.0005982449319345967,0.9141703075901154
123,04,-2.3728384267512105e-05,-15.711892689005532,62.36782957411343,0.0005368266940982721,5.176459208255344
124,05,-3.2913617601255e-05,-32.404015432706444,43.15242019264416,0.0005949903542140838,-1.0060280780382052
125,06,-3.3498540398290464e-05,-35.047065074327264,55.710710440916486,0.0008175972156450774,-0.8146940553241305
127,08,-3.0036708770112647e-05,-17.0266568734774,43.458151734339296,0.0009896705504082786,-1.1468217086586903
128,09,-2.1827326350689368e-05,-6.781363076782227,44.02462579022247,0.0009320243816883804,-1.0855375805324978
130,11,-1.311930024130561e-05,7.912713109334308,43.72629240063826,0.0004454905331929088,-2.328028060743544
131,12,-7.719866410816296e-06,20.033501539989185,45.286219627095804,0.00047829752353097696,3.374046808632471
132,01,-9.708490018202875e-06,23.531725362798216,54.619796854420386,0.0005105691684948654,2.2783597749689575
133,02,-1.709957590030951e-05,31.83555304718018,59.52337883048256,0.0005475542892947997,3.3738418606576466
135,04,-2.7999317039636173e-05,-19.276666238742408,46.732171709169286,0.00037736529698403654,-2.407902050060696
136,05,-3.125298669270236e-05,-34.3688931694441,36.06377147361027,0.00042185220914118,-0.4548254154984667
137,06,-3.068480971400681e-05,-23.63770078192817,52.16888050745726,0.0008391077614164817,3.9676137081358167
138,07,-3.559518055198981e-05,-33.07448882301904,37.832517702871755,0.000870340643866736,-3.748802826481482
139,08,-2.897321149455781e-05,-28.290339532667595,47.590817581110095,0.0010727420896216627,0.09266292079802467
140,09,-2.7407515947157255e-05,-3.6402964202880854,48.108384553693405,0.0008673468175783354,-6.767911235004002
141,10,-1.8407037761653066e-05,10.48773665069252,49.92561818830045,0.0007825079715910818,7.068571275341894
142,11,-1.0645134954231454e-05,8.876481322224937,54.38112868225972,0.0004970781178460824,-4.461492165671455
143,12,-1.0178729378000547e-05,19.264495642221096,49.02194799312469,0.0004455819003796224,-4.244458656290527
145,02,-6.996622216688376e-06,0.507544446309408,46.996895068120395,0.000305701507385693,-1.0937606032008218
147,04,-2.5889148811054637e-05,-18.50936585184733,50.20018549894757,0.00041218083241272116,-3.8804163361655335
148,05,-2.5811937759284265e-05,-33.066711107479634,47.67298183366304,0.0005622225995608382,-12.559387157317131
149,06,-2.987989489524302e-05,-20.686577268473304,57.62339900992447,0.0007455840776351881,2.312953067652385
150,07,-3.606362330103894e-05,-12.26554677852508,46.37869990175771,0.0011091873102282322,3.502324325315414
151,08,-2.9805839779475068e-05,-22.79464663072811,38.70661156831249,0.0010097339748723264,-1.1765128447214765
152,09,-2.1833397036001162e-05,-8.548686426798504,39.4321560544822,0.0008007140552823532,-0.019854519801669517
155,12,-7.654158530845394e-06,17.942148733159545,42.031411531264894,0.00046165224257053707,-8.3346434656779
156,01,-5.988280283046514e-06,9.900324605634134,41.55076964045469,0.000437638549289248,-4.6902770765161
157,02,-7.568776633878318e-06,10.513905402874128,42.596786469010105,0.00039763415424268303,-4.960775098691043
158,03,-1.6743815379482177e-05,3.675611719931326,56.535387553599556,0.0004879701252311531,-5.972428818959062
159,04,-2.3724830210206465e-05,-12.979907084147134,60.15185276207658,0.000579528459085648,-1.8858808835771346
160,05,-3.502280750303383e-05,-18.415903687507882,37.98684394011575,0.0005439886107167655,1.5834636519647416
161,06,-3.339920427913765e-05,-25.873405965508358,43.36981476617124,0.0008486856836498394,0.20037269441816533
162,07,-3.3542465003026134e-05,-26.574038988010855,46.61348771423679,0.0011160113274397768,2.7526454527044804
163,08,-3.290884278264643e-05,-13.404264240552024,52.83446418771308,0.0012228114123283905,9.420622178641697
164,09,-2.5466491539959356e-05,-1.4094354346381297,48.6797681992597,0.0008614746787727199,4.871189140446982
167,12,-8.425528942156701e-06,11.411874493342573,45.69198678764476,0.00046205227275860006,1.79938270771888
169,02,-8.449411843078754e-06,-1.1622854381742926,41.2482318814184,0.00038359931115603885,-7.902738267875852
170,03,-1.4966802825774622e-05,-6.011914413616221,42.24266758934657,0.0004124762266675568,-7.480420348013602
171,04,-2.191761210872048e-05,-4.539731902737087,59.59964808656376,0.000576000432182122,4.336087137201097
173,06,-3.281592492067931e-05,-24.277929318237305,46.836056776909025,0.0009091609778879503,-2.820804222467211
175,08,-3.234485571499712e-05,-11.285276480397874,49.79429166342623,0.0010167660779612973,-1.517910512739612
176,09,-2.2725771390226628e-05,-2.4448908416748045,57.50485973500145,0.000888641576060541,2.567192783037821
177,10,-1.798888249350155e-05,2.3637267239478326,43.9463890340828,0.000542134024022548,3.3335509971905783
178,11,-1.1587640056374466e-05,-1.8295716874864363,52.225245416957804,0.00047988380124447253,-1.362627434709337
179,12,-9.250304196792702e-06,31.236705364924607,64.63241229699248,0.0004956924168822877,-2.3895911745461094
180,01,-8.814763398506955e-06,28.086010490499522,59.814965074129006,0.0004701822597394422,-2.550082951761061
181,02,-9.681430163471391e-06,-2.9269207930791947,54.97462990093799,0.0004138276064931533,-1.1560002459117344
182,03,-1.5868986940443404e-05,12.424105568506382,56.25959003628518,0.0005810495797577411,-5.109838371625509
183,04,-2.4481364455176743e-05,-15.54007357143826,53.21672202842236,0.00040480200442157807,1.072442509057787
184,05,-2.8615912740195944e-05,-19.306992470361852,50.8592781971834,0.0006858745914348111,3.848988206781366
185,06,-3.390126228795352e-05,-22.424498955281575,49.86442946763436,0.0010699702445989207,-1.7603594158596463
187,08,-3.527003988845888e-05,-15.806742182249662,41.714041907468136,0.0008680270261172562,2.5525207887670045
188,09,-2.649383951805552e-05,-2.2674784339057075,50.77799905458556,0.0008433525541978978,2.5801398991478814
189,10,-1.8016295581522476e-05,4.47270425086893,52.33998963107474,0.0007590626369145407,0.06765352751619064
192,01,-1.2804497735976505e-05,25.385474410518523,57.77612080058489,0.00045759688101936,-4.624458262494815
193,02,-1.271823695051786e-05,20.178666164579848,60.9734689490412,0.00048809193327531924,-0.782204506329128
194,03,-2.219248033328259e-05,-0.5256330294045062,56.57506640008187,0.00037265990637394303,-5.375294921936527
195,04,-2.3056703787511248e-05,-15.611610607231992,48.9374839578549,0.0005232466899471546,-8.217882198884753
196,05,-3.3250014936618425e-05,-29.631465932538433,52.844916530618114,0.0006214292339710306,1.762601557700865
198,07,-3.591561413959817e-05,-25.92438248894804,39.340810654867084,0.001035028367159925,2.4434866078284476
201,10,-1.4566836962311297e-05,5.514771194293934,41.310020164710224,0.0008753650264261328,5.549859377050913
202,11,-1.3042386322538529e-05,9.068964893934462,58.53600206141338,0.0006469659394806109,-4.377470945951673
203,12,-8.991161045966975e-06,-5.598886509064706,48.51484771922968,0.00039905608716880105,-2.867056723256265
204,01,-7.460320452180465e-06,-0.4728464959257379,45.67560021059616,0.00044037663110958085,6.124564749543385
205,02,-7.544903639281147e-06,5.38362545916678,55.18347650017959,0.00031412921131322426,-2.21206523458985
206,03,-1.2827322511164368e-05,-10.990242480862525,51.72073062135199,0.0004322530456430366,-7.0827326481316675
207,04,-2.0502408365953464e-05,-21.604367342122394,58.54018084150156,0.0005573882549563778,0.9496918742709688
208,05,-2.4253428110207234e-05,-26.022296560964275,51.92535755428705,0.0006685273422467372,5.224901751507995
209,06,-2.8253365109311642e-05,-38.732165323215064,41.61192797080808,0.0007725716853643563,-2.092028507275052
211,08,-2.9903093116464793e-05,-15.358725825155936,42.33743624172287,0.0008052989171323801,2.7272199784145563
212,09,-2.534073391895315e-05,-7.00570699428982,43.673043699496326,0.0007056351989302735,-8.668936958101062
213,10,-1.7171301486478214e-05,8.106230379494288,51.02844809201841,0.0008193838488076182,1.0061798058786697
214,11,-1.4551765714713837e-05,14.46901237657335,58.72207561985916,0.0004943569559801082,-1.5732026177512282
218,03,-1.2413017713795421e-05,-3.0697627356744577,49.8996438915832,0.0005206532129615308,-7.647408246809437
219,04,-2.201332183204714e-05,-17.60772253417969,50.15108422283994,0.0005176294510015927,-13.783778404808043
220,05,-3.085946982284968e-05,-22.07697987414944,55.658551038389554,0.000691181856834612,0.9932646831184299
225,10,-2.0736059433235615e-05,1.8364669255082322,46.07108195983722,0.0007064217952702141,-9.586813698840396
226,11,-1.1372840429430654e-05,5.54297788119846,52.451002673839106,0.000528491018474924,5.854934998512268
227,12,-9.893875752236308e-06,16.98351939342868,60.12797338394067,0.0005512983522442909,-0.8512120128344458
228,01,-1.1099072907757458e-05,24.386054642872143,54.87726956107148,0.00045592296519506595,-1.450892314357142
229,02,-7.893391973560764e-06,12.879144769577753,54.623768248409036,0.000624683462594898,-3.037549276329223
231,04,-2.2395207648413717e-05,-10.670934447903104,67.35853829729425,0.0005132326088525791,8.915542415809632
232,05,-3.182257207745645e-05,-20.036693252071256,51.31070372274871,0.0007038634061112829,-0.6871010359282137
233,06,-3.4082233544055876e-05,-13.138249787733287,60.09514157660935,0.001018815234679136,6.3122358766767706
234,07,-3.6390916169732936e-05,-13.917790471887077,46.5719772114318,0.0009119439115554566,-1.1335652676243932
236,09,-2.4247977624205914e-05,0.3736279635959201,55.41774919654528,0.0010404470592029612,1.3469011118359038
237,10,-2.3367591303340108e-05,14.50471792602539,57.49670259841796,0.0007692835288216944,-2.384550996001049
238,11,-1.186565926222506e-05,4.6568576497395835,50.09492808050447,0.0004236663616776847,-6.541430208015441
240,01,-9.430198710966792e-06,24.63400003675235,61.44896206574927,0.0005411838983149154,0.13767809711989554
241,02,-1.079772392194216e-05,13.779260249546594,59.85849182345754,0.0004247924906180526,-15.095687816460925
242,03,-1.3397230129969535e-05,-0.9194605676794566,60.6708199271861,0.000520822167453769,-1.3423963893972422
243,04,-2.54553507465769e-05,-17.42901027967665,53.24983413987689,0.00045097119342235603,0.7264303844663831
244,05,-3.422614240797327e-05,-20.88572949317194,50.723297991629586,0.0007112033766742989,2.5149216677758
245,06,-3.759346314859108e-05,-24.964019442409946,49.104056137108806,0.0007349941236675172,2.4077966739866468
246,07,-3.775679561435789e-05,-20.12216363230059,34.70881050790896,0.0008227019134094047,-0.9507721068679647
248,09,-2.59650643648355e-05,-3.5717024329291456,50.26974016195536,0.0010456855732800857,7.428677170393202
249,10,-2.1588807777500546e-05,5.981483147405809,48.24640764357326,0.0006945507025795002,0.7620047189240815
250,11,-1.3179962080519347e-05,12.654008286878799,52.50058610761298,0.0005313356323464177,-5.3083783276663885
251,12,-1.3700721242369786e-05,27.986750325848984,63.54783165261822,0.0004460608781439875,-4.7865400395137
253,02,-1.2230161100386137e-05,18.65321454909752,54.35344561065067,0.0004498816253623835,-5.22298073832194
254,03,-1.4517082142339604e-05,-0.5979741453765541,58.83941007500695,0.0004991599991315802,-8.101139608444708
255,04,-2.355722367422762e-05,-12.813957029554578,60.681698268123455,0.0005945271223715785,9.074070477824739
256,05,-3.550879427684679e-05,-19.147158501081563,47.704144963514416,0.0006344104929724587,4.448491038230157
258,07,-3.168135436499142e-05,-21.668345875401656,51.88578506780696,0.0008486174719188665,-2.328411767098212
259,08,-3.0941285219664524e-05,-19.063545700565466,39.65101154342005,0.0008177378859400235,3.485725751159012
260,09,-2.4486756719630248e-05,-2.020394458007812,56.817002186003,0.0011746618843225302,3.919733715248108
262,11,-1.5146696185204038e-05,20.892512133110895,68.07071139411661,0.0005471246481323154,10.206042723104686
263,12,-1.1904006665214989e-05,20.81303864280127,63.79751548051194,0.0005704053421768659,4.44023334568803
264,01,-6.723928980547147e-06,14.384707934964087,53.25762820807451,0.00033838884669713326,2.9121106677311723
265,02,-9.421481274265325e-06,7.153048214503697,61.79020408172125,0.00045849606639379885,-5.243323249499004
266,03,-1.3063552253355424e-05,-6.242824222359606,58.59238742218351,0.00043964260734938635,2.0673602820775843
267,04,-2.4765318735565716e-05,-15.737299090576174,60.65160554169682,0.0004324344195720945,-0.14914724131690124
268,05,-3.372209000100225e-05,-25.790908090242777,45.58359570831253,0.0006874419770607463,1.627706267162036
269,06,-3.303585196628976e-05,-31.827683939954966,48.06642211600013,0.0007031702677992751,-2.844979031266107
270,07,-3.6646507612448495e-05,-24.41304970722813,43.035889669943884,0.0009577895311687377,3.3910846430050428
271,08,-3.349079792080317e-05,-13.273838911159066,49.470468634774605,0.0011785009511229004,4.783530526397049
272,09,-2.8629883362433853e-05,-3.361749937269423,60.89090815499625,0.0008204311439514236,-5.33470389275021
273,10,-1.872843477780094e-05,15.499699002173642,52.0420637966638,0.0009255201393185142,8.002227872540873
275,12,-9.904081011676856e-06,14.487402564920403,52.82181985401466,0.00042967180998163804,-10.442604840391425
276,01,-6.60295483731882e-06,23.604068570044735,51.65779350411636,0.0005113839650168305,0.24362739111787537
277,02,-1.6342577849974034e-05,27.257544948032923,61.67323920420096,0.0005129149039266849,-1.1061846018972854
278,03,-1.718439095667989e-05,-2.8514695644583754,52.573686629964456,0.0004819596547454955,-3.643759417421075
279,04,-2.4829810814864887e-05,-14.182246478949653,49.20558492463959,0.0004709443206453266,-2.3918034127553303
281,06,-3.5836119472898846e-05,-20.466573669433593,50.7506326838851,0.0009486301975226323,5.354612818103367
284,09,-2.726855740998468e-05,-6.606480073716904,41.46046437310777,0.0007335374628951386,-4.940236078113981
285,10,-2.2813934475604865e-05,5.003235001430717,55.25826176021304,0.000718885400139463,-1.6580593323451214
286,11,-9.433203981300014e-06,10.082439758300783,57.335292302331666,0.0005791067180039236,3.1934507407718233
288,01,-7.996820467572737e-06,16.024269751435966,52.92226850532075,0.00041192595895207524,-6.687711740042573
289,02,-9.213011075579354e-06,1.6289639434814458,40.65915042115535,0.0002735949758984874,-1.30996356187548
290,03,-1.4304734281419465e-05,-4.024482163624097,45.80751552796749,0.0004401956440712298,-1.8552307312462917
292,05,-3.0977665722578726e-05,-19.48317038226384,57.695412786129985,0.0007096738202905913,7.087039322309597
293,06,-3.491794925367785e-05,-29.63445593295627,48.58540389312637,0.0011471253787109367,3.9237639763090355
294,07,-3.637924248004731e-05,-25.786057973554062,44.12265574810709,0.000985359612786695,2.256303321858889
295,08,-3.1032737283929096e-05,-31.771135562691633,39.36124998163152,0.001063466894169325,-0.9488135915366548
296,09,-2.437035215904568e-05,-12.497950702243381,40.21523504180775,0.0008103102327222991,-1.3662211480670508
297,10,-2.1305207502659715e-05,-2.352458050143333,49.86598729915773,0.0005624345080602805,-3.9558025068672755
298,11,-8.746191556262298e-06,13.336127873399521,55.471923015075255,0.0006547417485429125,6.3600499339209655
299,12,-8.986315398414586e-06,16.75842543636855,56.42778465677845,0.0005586620659873345,-3.4697213137842007
300,01,-8.992702947169514e-06,20.66453995308825,64.87525535803712,0.0004630176850634722,-7.858934863285351
301,02,-1.1818901434843997e-05,12.780648606925178,58.06078212638148,0.000495099684988787,-6.535059127676075
302,03,-1.5225630396960167e-05,1.0669384965794064,50.376974003080406,0.00036018773000070863,-1.138047160363966
304,05,-2.847669872224737e-05,-31.81054322043798,50.857990436966695,0.0006152930506795131,-4.050122515422042
306,07,-3.5823426863228845e-05,-21.040274605699764,48.61712288511441,0.0009030186964724067,1.6926178633577083
307,08,-3.442271008691844e-05,-10.630728795861687,53.4802156332962,0.0011410420949086592,3.4108706453384894
308,09,-3.09724094837697e-05,1.3779368174235027,41.60773183429904,0.0008935518929530012,-2.9949600599924717
309,10,-1.9737982986943505e-05,10.8786054316695,45.96995730125903,0.0006333934098819987,8.574271400144022
310,11,-1.219442167142309e-05,8.63346869269477,52.650442458646836,0.0006341721947358944,-9.378043831952414
311,12,-6.509792311736683e-06,12.651209838210898,41.13814304297201,0.0003987152580916455,-4.153789951550063
312,01,-1.0532949036563073e-05,27.835473567839585,50.62756816835045,0.0004537746557087837,-11.788157165014617
313,02,-1.0796667724878803e-05,1.9850640389578682,54.967533898224424,0.00030567886635834556,-9.640787719771975
316,05,-3.3327865934669755e-05,-23.83920729967343,52.369123788558014,0.0006399812987691344,2.0688526762480377
317,06,-3.715115132452208e-05,-30.632264646063906,50.84424858076307,0.0010480431722563416,-2.855177613343133
318,07,-3.409394384040644e-05,-23.561669685609886,47.80977541725482,0.0009847484367624458,-0.12447588444781559
319,08,-3.320200081173924e-05,-14.21000237282374,41.28222914207624,0.0008214074471167111,-2.113699344163299
321,10,-1.7187334372416657e-05,10.538457600583316,41.694871458662455,0.0007750956863858269,7.126440133228097
323,12,-9.12172876785682e-06,14.485518746324761,56.37181309181387,0.0004220962651623558,-10.295047618948002
324,01,-6.5253165958961526e-06,7.280853728591756,43.42763289413273,0.00037462094703483867,-3.6792645613557546
325,02,-8.8568046297561e-06,4.634872235616048,55.29220876641359,0.0003650888354684262,-7.89652470570519
326,03,-1.3873502668170125e-05,-4.782673361173239,59.930227692120816,0.00041051977616280897,-4.117894217727005
328,05,-3.370682173148433e-05,-13.439136345319852,55.415879218805216,0.0006535041197075036,2.0604650645307303
329,06,-3.4785863751151034e-05,-27.11431088460287,44.96967633606062,0.0008772879220370063,-0.9218781734678478
330,07,-3.3670624993676266e-05,-35.11209074615151,34.7803111832411,0.0009552916027034605,3.439024755990633
332,09,-2.4569920312832332e-05,-1.9050392035590278,48.50952039943403,0.0011661635124005137,5.070309681532119
333,10,-2.0357669840078775e-05,8.929626497002058,49.91160704086961,0.0008570413862924212,4.390374926597842
334,11,-1.6638314112929544e-05,21.698549422539603,51.20864173750348,0.0006521134779476141,1.2719425642437405
335,12,-1.1844671387852061e-05,21.158474252352146,51.61357204472506,0.0005773151541380593,2.7641417285755114
337,02,-9.635896793779033e-06,12.227102448962983,62.05461917357218,0.0005590188341237168,-0.014211802573431147
339,04,-2.5420359923575438e-05,-23.728481532796227,35.425640993569964,0.0005033413915325177,-3.46331045973036
341,06,-3.458860908376663e-05,-19.802041976589628,51.81401281598541,0.0009322974188374144,4.854381080479092
342,07,-4.0491175616739144e-05,-14.380545316962786,51.51913973191349,0.0009613429224455643,4.963316324623683
343,08,-3.430768915528969e-05,-11.902402343421853,46.669440629773256,0.0010274620080804539,1.2682946735505136
344,09,-2.677926907070085e-05,-2.246240928141275,48.58724766878287,0.0008591688969658409,-5.713435930930243
346,11,-1.4172945336880124e-05,15.984315191311307,55.0159122577058,0.0006465871534172897,-11.158009668244258
347,12,-9.103623443880553e-06,18.67049515623687,44.72693699303237,0.0003995294160866323,-1.8565782344777098
348,01,-9.98381483742544e-06,30.50790186531313,59.32570013750177,0.0005276380488101,0.586831203993931
349,02,-9.733829621899499e-06,11.488472740085646,43.235250111784055,0.00042143233519641003,-1.961968575159709
350,03,-2.0140387961912898e-05,4.352542552004578,67.29393991330491,0.0004389440757035161,-5.924768195429157
352,05,-3.326288808405293e-05,-18.37616691179173,46.32872357566895,0.0006870887521260839,3.5619684459522207
353,06,-3.476253857051133e-05,-32.52892781643338,47.80475471985869,0.0008564286241224787,2.4688790296554566
354,07,-3.577182100015043e-05,-18.878891244211506,53.425692884929724,0.0011261872946572934,3.024764808859876
355,08,-3.3834556450724496e-05,-9.036356891591062,49.02626591384924,0.001041277370647549,4.132854468827607
356,09,-2.5189189388381943e-05,-2.5223080678304033,46.95382839618127,0.0009044781553824899,-0.056067406590780286
357,10,-1.8222273044254205e-05,6.518695762716314,54.30898137165141,0.0008543528111196123,3.4220286894357335
359,12,-6.623100362498576e-06,8.910789440196046,51.189781416840454,0.00043185676473623153,-4.5166699999737485
360,01,-6.219402897665034e-06,13.638463789416898,56.756673166043,0.0004136181822207933,0.47961315901561447
361,02,-6.55127283612057e-06,7.2258432279314295,62.426701213981424,0.00047579284143406164,-11.307820014227003
363,04,-2.2896213735516033e-05,-13.763160278998479,44.90089633327524,0.0004889661802240576,6.029264274046157
365,06,-3.4585202314802804e-05,-32.20444840494791,47.13420631794532,0.0007885755440597576,-1.996933453241984
366,07,-3.995988693131167e-05,-23.939954596078525,46.67216465320125,0.0009029157017727434,5.637807804107666
367,08,-3.326769469126164e-05,-18.63527480389995,42.41847231385144,0.0010581389043553269,4.007808858727896
369,10,-1.8213049179844e-05,4.716025361748153,49.256211021474606,0.0008116932342555208,-7.069426254600609
370,11,-1.3997967538165946e-05,28.005924584282763,63.3120259418408,0.0006304514712387844,7.551464518504671
371,12,-8.896478755051119e-06,9.686923075029926,62.37685010996686,0.00038589618015715004,-0.943810666238108
372,01,-6.091251291421628e-06,2.9262350808420488,60.36061479552843,0.0003629201125318107,-4.786219943220897
373,02,-7.65345504045659e-06,5.717629487900508,61.53230691539674,0.0003673177904023817,1.1087709607850937
375,04,-2.4690822054900404e-05,-20.66956467929416,50.227940069592,0.0004912910699575554,-3.325235909144084
377,06,-3.182083758476639e-05,-35.711798379855686,43.71565713060168,0.0008911056623261983,-0.32030451049804715
378,07,-3.4407490462771055e-05,-31.11366353779454,49.13440625845617,0.0012401764772639779,5.159846364482757
382,11,-1.1904203317903414e-05,4.708053307088217,64.34552551558414,0.000539917925373298,2.2457498138851597
383,12,-7.738160395268594e-06,4.967533013128466,56.59717789244652,0.00034308914540316133,-7.298802586606754
384,01,-4.432973011169315e-06,15.641597058367989,49.85520389962581,0.00040994079856436554,-4.617686146418254
386,03,-1.235675504704564e-05,-6.3443144091534345,43.386579177287324,0.00039190909222795576,-2.7895524579530124
387,04,-2.5035789431644346e-05,-14.869033695136176,49.48712501599656,0.0005911379486306348,-2.1548139828152126
388,05,-3.0008848766624646e-05,-32.62149781881353,48.67582858574712,0.0006954327806093939,3.1924649998449515
389,06,-3.4230032604055946e-05,-25.01744469502767,49.43961729888122,0.000881464317699061,4.910514154773288
390,07,-3.7348723895911946e-05,-18.427609645064162,51.34294977803511,0.0009686399827052652,2.2203271809034453
391,08,-3.274760770019843e-05,-10.64563058373236,50.85391145080519,0.0011464830641275342,5.2939196082699675
394,11,-8.12447487300637e-06,7.208228931681314,45.10324230610001,0.0006513960211994212,5.527877823448181
396,01,-9.557997748420493e-06,23.492998173539362,55.985124487241116,0.00043240021513436713,-10.09431259042473
397,02,-6.941694202459045e-06,2.77444112036694,54.92825397600388,0.0004849237747458461,-14.6274180279655
398,03,-1.1845709033173812e-05,-9.130659757880753,42.53471919810516,0.00044616643216331627,-4.95342670649867
399,04,-2.412122515035865e-05,-15.116672309705946,65.52592149374486,0.0005342435015494618,5.787491861258613
400,05,-3.2719707248821014e-05,-19.41600187732328,54.71462800888861,0.0008146372657843473,1.6779351170652654
401,06,-3.633841799156573e-05,-15.284035491265191,54.862410076340026,0.0009098009567069676,5.562437776141697
402,07,-3.9630504535585143e-05,-18.105863085346844,55.33667580591222,0.0010251161839649637,3.760446160183158
404,09,-2.780254297756781e-05,-4.337274759928387,47.643611919113,0.0009458465725743282,0.3496705691655474
405,10,-1.749340033099435e-05,6.576196681525118,62.883388684188155,0.0009416702161500776,4.1778068266017465
406,11,-9.782895505729057e-06,13.286790387301977,48.36725960095062,0.0004847364594485018,4.77137181845771
408,01,-7.079607454118081e-06,9.77005108642578,59.36599973937003,0.000497766507189808,-5.328164857536234
410,03,-1.6003138249269338e-05,-14.11737674147083,62.83003596656937,0.0004201141621528276,-0.8068198277258105
411,04,-2.0434202846445263e-05,-16.983018215264217,45.651346360141694,0.0004941429305161389,4.8500732873916625
412,05,-2.7662325821888435e-05,-23.158452428017892,56.92952051083376,0.0006636143321345607,4.0431414947509765
414,07,-3.405638901301333e-05,-27.630988150319745,40.32137145659744,0.0009992564759155084,-0.11920491269839657
415,08,-3.2683108437937644e-05,-17.84199171037572,39.46305893081491,0.0008798842714115641,2.009526890908519
416,09,-2.475842662511746e-05,-8.054260448540582,49.65095689521101,0.0009952416975374742,-3.601356833860608
417,10,-1.765674730958508e-05,13.677036990258001,51.31546706972713,0.0007650325017121314,5.100314021879627
418,11,-1.2026654228591521e-05,13.685960133870443,60.59634180396663,0.0006722915904273629,-4.091161051813762
419,12,-9.44601224512954e-06,28.97793200421077,55.46996279250422,0.0005743988471772425,3.2309785680463237
420,01,-8.580053124215514e-06,22.96357862870411,63.49304372530727,0.0004570045449137564,7.029194313151861
422,03,-1.6731313326227373e-05,-1.3453218475669946,47.843510205716214,0.0004369409978938565,0.42368475792997606
423,04,-2.3883861623916246e-05,-16.521862002224392,58.86005653639768,0.0007145584834816368,-1.7134484677420727
424,05,-3.2321809314922687e-05,-17.350711201329386,63.11191008513332,0.0007860145196551182,1.5631698267536778
425,06,-3.645346474101341e-05,-28.120134918891054,43.231891095406475,0.0007369192126624208,-2.088116592703925
426,07,-3.570791800838603e-05,-18.498887496784167,52.862582088247414,0.0012707728695600497,2.0653683370979885
427,08,-3.5946427165531874e-05,-15.756697428713563,51.75170243226714,0.00083940602619154,3.428375722310877
428,09,-2.0748739615697153e-05,-9.244409510294595,35.08465283191469,0.0007514128688763474,-4.316639142417908
430,11,-1.0089955154782932e-05,6.784489759657117,59.376273723493675,0.0007041661412425191,9.118718305354646
432,01,-9.2527426375611e-06,26.340960131573418,62.63006211892765,0.000489844752344597,-3.8576281189046893
433,02,-8.153189459681882e-06,8.31590086110433,48.93550452213628,0.0003498088643584164,-1.6321592513720196
434,03,-1.5915630637317265e-05,-1.6360386480515998,44.90566300547765,0.00042303985436162447,-2.835005319595337
435,04,-2.4346638547669703e-05,-22.934988667466907,50.17846367060873,0.0005260060907692656,-5.030215973642137
436,05,-3.070366395367009e-05,-25.76910455847299,53.73915812349191,0.0007177736570713329,0.8686174524368779
437,06,-3.477750818122634e-05,-31.860220404391814,46.7203716229452,0.0009790266007457542,-1.0147045824898613
438,07,-3.7615658574522775e-05,-25.170489753641114,45.05531850020347,0.0010782962788556474,4.414139295885639
439,08,-3.326061218056918e-05,-12.586229408838417,52.3345120203854,0.0013657396460582901,10.0172870392543
440,09,-2.5603061031688413e-05,-1.6679924726698132,46.654843129608366,0.0007566028229298049,-1.4644166116926407
441,10,-1.3186316454061119e-05,-1.463842040031187,51.45971762442205,0.000853078227212879,0.10595317576008452
442,11,-1.4898132296588707e-05,27.46974549831814,55.57987919455502,0.0007983321246238999,-2.465322771920098
443,12,-8.385574634596725e-06,33.275967709449034,59.292129598577816,0.0007795188684168917,5.98071442790698
444,01,-9.004527324929857e-06,20.359526514525058,60.00615774854665,0.000488436789451965,-1.7895402638835296
445,02,-1.2519085415486441e-05,14.879537966322628,54.698993667597065,0.000396557157183862,-2.578204086939494
446,03,-1.4810545610421827e-05,-5.396197126162949,59.004922374092125,0.00045848496732475713,-3.353224274830151
447,04,-2.7581765115751797e-05,-20.820068422105575,57.557788026644126,0.0004367676396880408,2.228406386099921
448,05,-3.16294027814815e-05,-19.310568396455505,50.32535560724812,0.0007176550833915553,0.9736174805138702
449,06,-3.356170396635004e-05,-23.02242342732747,60.87640379265148,0.0010927039331910299,2.423815758026971
450,07,-3.758493633006676e-05,-22.269790681900524,47.74635748879372,0.0010440241232438279,1.5464795664100233
451,08,-3.3272750999810424e-05,-17.014684508621052,43.397001161080546,0.0010487866989167115,-0.02936674651279236
452,09,-2.4645985519115736e-05,-7.889081433783638,37.34792189491059,0.0009151321535124882,3.5211581916385226
453,10,-1.526362983537594e-05,-3.798430909843855,48.34944315867911,0.0005933222717686742,-3.7648246855992142
454,11,-1.1750765303218536e-05,10.89123139716254,54.5964946256227,0.0005619674263660951,-1.4600851942274309
455,12,-4.447676278540448e-06,15.633635981405934,42.93341399640295,0.000560933945176403,-3.213377143326626
456,01,-6.416161365773257e-06,12.223324068787278,48.97643718384928,0.00038658891371489107,-9.303821084730084
457,02,-8.18821650381367e-06,12.903916228158135,62.959067062718525,0.0005283647472425172,2.093567276659466
458,03,-1.5800369091061108e-05,2.527072602630943,59.88884960889175,0.0006005471790666234,-1.2213739956066179
460,05,-2.9667726341906155e-05,-25.198657173730993,56.839670298081565,0.0009037413714048589,1.8179982192952142
461,06,-3.566179110415154e-05,-31.36642959594727,52.944568701901716,0.0011968786994141958,1.6841690582911175
462,07,-3.888270218750779e-05,-23.176640851420746,56.14024401203919,0.0012087215603821659,1.4669344500880088
464,09,-2.5415033401845397e-05,-5.530321179199219,52.86381167994076,0.0008053615700507684,-0.21663299340142145
465,10,-2.0550294828412475e-05,15.281469091599986,50.30405073937036,0.000977998422354175,-5.476527976702618
466,11,-1.2597567349661808e-05,15.910226154920792,53.90823562632401,0.0005069242515831825,-5.144581027221679
467,12,-7.748080553331723e-06,20.40142875687794,63.311030514205655,0.0004944631197981608,-5.213931379113147
468,01,-8.493993727101315e-06,23.796599253992884,55.116003269850566,0.0004060688798143667,-0.8613272718409056
469,02,-1.1806723732206594e-05,-2.6082788761683875,46.30087924139698,0.0002829947456795624,-7.8224522454852154
470,03,-1.3339704251535219e-05,-6.768148279333628,63.03257818707726,0.00046114679775602243,2.6816236802583107
471,04,-2.4140652476206825e-05,-8.481860700141059,60.03202422682047,0.0007254045517381757,7.704519037034776
474,07,-3.4126774513620195e-05,-44.31138712696363,36.16823902212164,0.0009376750856292581,0.2656826255757326
475,08,-3.324744642680256e-05,-25.59706884437479,43.61733073811633,0.0010718811275108415,3.0056359347681845
476,09,-2.7110998255941223e-05,-4.088550005425346,48.59134079140956,0.0010813803784312972,0.5139748941421511
477,10,-1.717439320385384e-05,2.0582064438686585,44.893768001867876,0.0008625090847966448,-0.6498442904154464
480,01,-8.170035396257738e-06,18.813249751593478,61.34680531404607,0.0004562786708415723,-13.357332215093798
482,03,-1.7898125718357898e-05,7.876527682396675,54.192069970153995,0.0005073455370986293,-4.36647806013784
483,04,-2.786484313502215e-05,-15.88577495863173,41.53150874974462,0.0003912166226224751,4.106000278896755
484,05,-2.8741963674400066e-05,-37.081440074305384,54.09692304540707,0.0006720132131989082,-3.1204028086098297
485,06,-3.9525050331051005e-05,-23.208365014648436,47.86380608810849,0.0009900846631499234,11.051475863477918
486,07,-3.625940142692049e-05,-31.74150496025496,48.734570516079984,0.001190152164367206,-1.339811041760188
487,08,-3.404563471354698e-05,-17.337182702177312,41.57153246440298,0.0009153493840614355,5.091376336723246
488,09,-2.6543087166161665e-05,-4.24653964674208,45.73786681658825,0.0009920191406140525,-1.7770658088896008
489,10,-1.8569231195137014e-05,10.235854191605762,54.45598049366731,0.0009659558784721729,6.308236840812109
490,11,-1.0039879183467646e-05,10.335369747924807,64.20363267016013,0.0005838539287481886,4.896114809354146
491,12,-8.260583359534854e-06,25.078029959073632,56.60606037604423,0.0006186688043578876,1.3985874090707433
492,01,-6.012859741277161e-06,22.106840989635838,48.67357203781476,0.0005441964545661171,0.20016098563901893
493,02,-1.5386156723984276e-05,31.748662168305497,64.97568837541958,0.0006172183049920366,-0.9163454450629221
494,03,-1.9840231885472768e-05,-1.8349693298339842,46.56073982853019,0.00044156570029401656,-1.952287807956819
495,04,-2.7043378228700023e-05,-24.0670989525689,35.17819720014996,0.00044264087076846477,-0.6015082754982847
496,05,-2.995519203009721e-05,-45.04488896819084,46.51938461271666,0.0006991983233638057,-5.563120721488871
497,06,-3.546342912159163e-05,-30.903872137790252,54.092656515480414,0.0009531023765690003,5.139373203955756
498,07,-3.552329937512147e-05,-24.55973527871409,49.31133174363516,0.0011676926252908862,-0.7900067844185773
499,08,-3.48960954878191e-05,-17.491402352609946,46.845165995435046,0.0011642942770002831,4.093506789135677
500,09,-2.4679065476549213e-05,-6.537764871215822,41.4254565234277,0.0009814041400650556,0.22758089597490075
501,10,-1.848353834580477e-05,14.114419966174706,59.132486595437086,0.0008436635503033075,4.539380098568496
502,11,-1.0186800306089735e-05,15.631692754109702,47.969248177954896,0.0007050563983345021,4.185152656957838
503,12,-6.893300624729055e-06,15.732371215492165,60.65007041392917,0.0004749457487080894,5.737939940524358
506,03,-1.5948935392546162e-05,-0.9029574194467195,53.47545231677126,0.0004469089032667109,-7.318563435933921
508,05,-3.230829694098981e-05,-22.4746828918457,60.26473778712485,0.0005485733494364279,3.197428371347406
509,06,-3.7502937650666964e-05,-26.38411481492784,47.88007799596918,0.0010744130859948195,3.3414038293414645
510,07,-3.6336240956178925e-05,-19.074829963273896,48.14752719921964,0.001075812178065009,2.9915820770673855
511,08,-3.444879628501263e-05,-12.903870650096605,45.419211714576655,0.000943864032105035,-3.4263525877306535
512,09,-2.3354238802332672e-05,-7.743464881388346,41.71682162190013,0.0009716396207307595,0.8442784887313844
513,10,-1.864643046111826e-05,14.62936670381279,46.729617401201246,0.0007882013383125549,1.9188417487605924
