,month,MER,MSSHF,RH,NAO,z
0,01,-7.186377549426466e-06,5.464709561255669,62.6901256937955,-2.12,-13001.232
1,02,-7.399999772068052e-06,2.729709174746558,52.295623941567676,-1.2,-11677.2
2,03,-1.408509512223264e-05,7.08405715679866,62.090667984242096,0.41,-8962.658
3,04,-2.191347909663616e-05,-15.59233038906521,62.41300571294825,-2.01,-3393.6743
4,05,-2.839083756912113e-05,-16.16055940262989,64.02205650719006,-0.9,2623.6313
5,06,-3.330413338050373e-05,-22.16353809509278,52.028707694198026,1.92,9060.67
7,08,-2.8487004876296853e-05,-12.56110269165039,50.14281140049425,1.11,11209.794
8,09,-2.3132900744369383e-05,-4.023202255249023,42.3501046719922,1.13,7501.2124
9,10,-1.6345863611966567e-05,2.642213581372333,56.92965585534547,0.18,667.39014
10,11,-1.1569333000928361e-05,13.890767045423724,49.679388139549886,0.42,-3847.1838
12,01,-5.795284385228985e-06,8.867661568262244,49.01821534482766,-1.38,-12903.227
13,02,-7.359469057738698e-06,6.865867059466484,53.581606617508264,-0.39,-13621.115
14,03,-1.4070489600584629e-05,-6.186828353717764,55.02083505403355,-0.73,-10397.367
15,04,-2.282624180893941e-05,-17.872287172783746,48.97103869282801,1.26,-4148.6367
16,05,-2.9285246377967465e-05,-30.998830406271004,47.47244699586335,-1.34,1774.0748
17,06,-3.014735746900341e-05,-26.066622504679362,62.37913317463399,-0.07,9095.428
18,07,-3.1905643976779664e-05,-14.025872309859079,48.67037434149174,-0.39,12638.425
19,08,-3.1051088017916934e-05,-11.540256553403795,47.008779259716306,-3.01,12213.221
20,09,-2.365392635981859e-05,-3.0327022542317708,42.946886476458445,0.79,7403.269
21,10,-2.1172643707369163e-05,7.590982919672484,58.4636376896443,-1.41,533.7511
22,11,-1.4279194747299093e-05,14.235161112806532,54.54851769668525,-0.52,-5558.8325
23,12,-7.873070872231058e-06,26.063403682913826,61.380955716897084,0.63,-9430.066
24,01,-7.860688640385075e-06,20.899533713063885,47.875411116570554,-0.08,-12733.085
26,03,-1.2076194787720939e-05,11.89821663673975,73.37905685201383,-1.65,-10409.832
27,04,-2.2320882245185202e-05,-19.334173597547743,50.02077896680037,0.25,-3019.407
29,06,-3.0904296795920855e-05,-15.787571440294057,51.69619375912348,-0.15,8223.048
30,07,-3.173775886429094e-05,-20.80200322239373,49.75860673643311,0.08,13443.1045
31,08,-2.8741253340065727e-05,-19.03508228654759,42.77699926753197,0.38,12489.422
32,09,-2.269007780640903e-05,-3.5648343312581385,46.85175361700852,-1.27,7805.3857
33,10,-2.174942796122078e-05,9.781940688922843,60.93410625634399,-0.96,2104.1526
34,11,-1.4328458308167076e-05,19.586548003133142,54.57233108670976,-0.53,-5318.2676
35,12,-7.687594037497059e-06,8.885675470167591,67.75924336626196,-0.11,-10041.496
36,01,-5.276928763964617e-06,11.574925520045783,58.01885871766587,-1.55,-12753.309
38,03,-1.6001877676116956e-05,1.792558938959594,55.95160838729334,0.8,-9487.983
39,04,-2.3437909088230905e-05,-21.874123499891493,46.11000325809585,-0.04,-2432.8518
41,06,-3.17826830204164e-05,-27.949367026435006,48.16991035015053,-1.34,7286.1484
43,08,-3.1963929242763654e-05,-15.790871219429917,46.55304641459066,0.21,11943.119
45,10,-1.6551261839878706e-05,3.491510892150223,54.79260846710333,-0.29,1867.278
46,11,-1.519573135911843e-05,20.401449884033198,56.70156626680825,1.55,-5365.6914
47,12,-1.0313162028783104e-05,17.753608460457098,55.75187243828721,1.56,-9723.91
48,01,-1.1369238679367056e-05,31.70380508160335,51.86229076744793,1.34,-12129.4
49,02,-1.1685804688698098e-05,2.732715975443522,46.129101684696614,-1.04,-13660.664
50,03,-1.3839232150540515e-05,-0.5926843497983868,57.115805566785156,0.59,-9410.621
52,05,-2.6606813441591635e-05,-11.409518621957432,66.050863289825,-0.01,2278.9587
54,07,-3.282222612492611e-05,-33.091220865229126,44.1499227373741,1.22,12290.138
56,09,-2.725831751290065e-05,0.9693071214463977,44.86737590899468,-0.95,8098.5854
57,10,-2.1395454446465794e-05,12.186390243366201,47.91972020449689,1.22,2066.9424
58,11,-9.367185011372688e-06,10.117007967122396,41.05919099200301,-1.16,-5513.0845
59,12,-8.522425015388596e-06,21.808005747805364,57.410435429080856,0.18,-10114.848
62,03,-1.3818876191033916e-05,-6.2181760956138685,56.610379949503034,-0.79,-10284.656
63,04,-2.3066575134180317e-05,-21.124448284233942,53.13685258980724,-0.45,-3469.4397
64,05,-2.301351515928619e-05,-21.276121071107926,61.30564291210714,0.55,2613.9553
66,07,-3.052118788760435e-05,-16.333257173927887,51.58020934386151,-0.04,12348.445
67,08,-2.8069958612225798e-05,-17.017802792784988,42.472240740586344,1.35,12311.057
68,09,-2.2138291550658728e-05,-0.809648367987739,66.94727416271104,0.31,6692.619
69,10,-1.5594664512004833e-05,12.420039781796033,52.5519555827328,0.43,999.909
70,11,-1.2000811908506469e-05,17.20852971835666,62.11537896577253,-0.2,-6410.0576
71,12,-7.343828446024142e-06,12.754345215500043,59.86620702467682,-0.09,-9676.869
72,01,-6.201572312694294e-06,7.789162023728894,59.71689801232405,-2.38,-14592.93
73,02,-7.646551471441942e-06,-7.170963860648018,49.17462651499538,-1.0,-11611.221
75,04,-2.3272295822324753e-05,-10.486857863362628,59.37646033687326,0.2,-3343.145
77,06,-3.090711121482552e-05,-17.990251360066733,61.34983533646531,-0.5,7217.965
78,07,-3.447742918110781e-05,-15.274860501197074,50.75858460182529,1.25,11541.1455
79,08,-3.3271033724499884e-05,-4.3656862228557625,49.79625837316948,-0.74,12338.924
80,09,-2.244669017984254e-05,-3.3109654418945316,48.444472670045165,-0.36,7759.7236
81,10,-1.5745955748394817e-05,1.4800897167574978,41.847355274659336,1.49,1623.9731
83,12,-6.748697063030508e-06,22.216181771555252,62.92255071562849,0.11,-11301.203
84,01,-1.0488508364736625e-05,25.802121266682942,67.17732922877546,0.78,-12926.324
85,02,-9.105866422227595e-06,-15.737989101954868,41.279925076501705,-1.58,-13639.651
86,03,-1.09558865346488e-05,2.199697240357758,53.96111336709735,1.39,-9220.3125
88,05,-3.1224375424332516e-05,-18.680161248648037,54.14751819698144,0.84,2806.433
89,06,-3.5890827366468634e-05,-24.274000357055662,43.53411597645681,1.54,7876.144
90,07,-3.000731417455182e-05,-30.125119514383297,48.19723509739805,0.15,12571.178
92,09,-2.1116000810717296e-05,-5.870355172729491,52.886519872754164,-0.95,8277.556
93,10,-1.7202233669146365e-05,6.4104873591597356,48.62927366667281,2.2,1630.7969
96,01,-8.849628261046861e-06,-8.473066081057311,52.03738375666833,-1.85,-12983.6045
99,04,-2.2575659647211267e-05,-11.442104777696397,52.015024873095086,2.03,-3836.9753
101,06,-2.8837502824555686e-05,-20.989433822292757,61.5306473079814,-1.53,8491.395
102,07,-3.379324687933062e-05,-20.07741719498173,55.40260847481861,0.55,11765.56
103,08,-3.0242934917310693e-05,-13.572054321945357,50.633880177582476,-1.19,11829.848
104,09,-2.5696148892024614e-05,-3.969099077690972,51.22118268649578,-1.04,8114.362
106,11,-1.2423982501220758e-05,8.69252590874566,58.77474638277293,0.06,-4776.1626
107,12,-5.659096497726741e-06,10.619382738339004,50.16868590621025,0.21,-9674.112
108,01,-9.400724827868036e-06,23.76198229324177,64.8158600401199,0.68,-12896.48
109,02,-1.553154618433063e-05,17.196350676788683,61.10995617006565,0.42,-12458.36
110,03,-1.4791143874625109e-05,4.141464673442225,71.63935923557511,-0.58,-8956.098
111,04,-2.4692344382775542e-05,-22.74501348402235,55.09817502149212,-1.42,-3417.3684
113,06,-2.7714982728361462e-05,-28.63852083367242,47.29024293223089,1.19,8658.94
115,08,-3.211179117533902e-05,-13.866469908683532,47.473473327189375,-0.07,12566.704
117,10,-1.6347254436593455e-05,7.273599919801116,47.520342997120274,-0.66,2142.0107
119,12,-7.866494279115095e-06,20.208327730240367,52.71666673100892,0.48,-9413.102
120,01,-5.490775168401608e-06,12.580168148245866,46.32122026583841,0.85,-10971.104
121,02,-1.1993180484209699e-05,15.243881237211681,52.799659086113884,1.82,-10395.521
122,03,-1.7582771425163286e-05,5.919001820882161,61.97907953674307,1.54,-7829.447
123,04,-2.3728384267512105e-05,-15.711892689005532,62.36782957411343,0.16,-3075.7812
124,05,-3.2913617601255e-05,-32.404015432706444,43.15242019264416,1.33,3799.1392
125,06,-3.3498540398290464e-05,-35.047065074327264,55.710710440916486,0.03,9226.969
127,08,-3.0036708770112647e-05,-17.0266568734774,43.458151734339296,-0.11,12088.588
128,09,-2.1827326350689368e-05,-6.781363076782227,44.02462579022247,2.15,8489.514
129,10,-1.9913688146604526e-05,14.103063629806684,48.60193847477949,0.48,2711.0022
130,11,-1.311930024130561e-05,7.912713109334308,43.72629240063826,0.03,-4546.47
131,12,-7.719866410816296e-06,20.033501539989185,45.286219627095804,-1.15,-10366.639
132,01,-9.708490018202875e-06,23.531725362798216,54.619796854420386,0.7,-12828.006
133,02,-1.709957590030951e-05,31.83555304718018,59.52337883048256,1.16,-9875.897
136,05,-3.125298669270236e-05,-34.3688931694441,36.06377147361027,-1.37,2827.5774
137,06,-3.068480971400681e-05,-23.63770078192817,52.16888050745726,0.29,8596.242
138,07,-3.559518055198981e-05,-33.07448882301904,37.832517702871755,0.56,12575.029
139,08,-2.897321149455781e-05,-28.290339532667595,47.590817581110095,1.12,12533.829
140,09,-2.7407515947157255e-05,-3.6402964202880854,48.108384553693405,1.18,8066.0615
143,12,-1.0178729378000547e-05,19.264495642221096,49.02194799312469,0.11,-7598.023
144,01,-9.804670876438911e-06,24.167181801416536,38.86062395377826,0.49,-11706.167
145,02,-6.996622216688376e-06,0.507544446309408,46.996895068120395,0.74,-12291.002
146,03,-1.2629808311264428e-05,-0.5304674036169569,53.76618897918476,-0.61,-8259.108
147,04,-2.5889148811054637e-05,-18.50936585184733,50.20018549894757,0.17,-2430.2104
148,05,-2.5811937759284265e-05,-33.066711107479634,47.67298183366304,0.12,3467.184
149,06,-2.987989489524302e-05,-20.686577268473304,57.62339900992447,-0.52,9115.854
150,07,-3.606362330103894e-05,-12.26554677852508,46.37869990175771,-0.46,12256.14
151,08,-2.9805839779475068e-05,-22.79464663072811,38.70661156831249,1.46,12714.699
152,09,-2.1833397036001162e-05,-8.548686426798504,39.4321560544822,0.61,7906.0713
154,11,-1.4646135411648073e-05,14.444811823866104,60.08639300202131,0.37,-4176.8
155,12,-7.654158530845394e-06,17.942148733159545,42.031411531264894,0.34,-9276.627
156,01,-5.988280283046514e-06,9.900324605634134,41.55076964045469,-0.66,-12511.918
157,02,-7.568776633878318e-06,10.513905402874128,42.596786469010105,0.77,-12015.116
158,03,-1.6743815379482177e-05,3.675611719931326,56.535387553599556,0.51,-8772.553
159,04,-2.3724830210206465e-05,-12.979907084147134,60.15185276207658,1.88,-4331.3833
160,05,-3.502280750303383e-05,-18.415903687507882,37.98684394011575,2.49,3258.2676
161,06,-3.339920427913765e-05,-25.873405965508358,43.36981476617124,0.51,7462.3257
162,07,-3.3542465003026134e-05,-26.574038988010855,46.61348771423679,0.19,11195.238
163,08,-3.290884278264643e-05,-13.404264240552024,52.83446418771308,0.97,11859.118
164,09,-2.5466491539959356e-05,-1.4094354346381297,48.6797681992597,-0.28,7651.3574
165,10,-1.9484351597922247e-05,1.9587082073252686,58.379234332862715,-1.4,1710.0364
166,11,-1.321692710625939e-05,23.694389510769323,50.96693710040848,1.12,-4740.84
167,12,-8.425528942156701e-06,11.411874493342573,45.69198678764476,0.35,-8428.893
169,02,-8.449411843078754e-06,-1.1622854381742926,41.2482318814184,0.12,-11671.945
170,03,-1.4966802825774622e-05,-6.011914413616221,42.24266758934657,0.3,-9107.36
171,04,-2.191761210872048e-05,-4.539731902737087,59.59964808656376,0.91,-4868.926
172,05,-3.0932743489659034e-05,-26.541132331437964,51.168041845343446,-0.67,1816.7825
173,06,-3.281592492067931e-05,-24.277929318237305,46.836056776909025,-0.29,7366.9883
174,07,-3.3366269429406925e-05,-23.52127023184171,53.23872095220833,-3.14,12310.916
175,08,-3.234485571499712e-05,-11.285276480397874,49.79429166342623,0.03,12354.789
176,09,-2.2725771390226628e-05,-2.4448908416748045,57.50485973500145,-0.41,7277.1606
177,10,-1.798888249350155e-05,2.3637267239478326,43.9463890340828,-0.26,1837.3674
178,11,-1.1587640056374466e-05,-1.8295716874864363,52.225245416957804,2.56,-4284.6484
179,12,-9.250304196792702e-06,31.236705364924607,64.63241229699248,1.36,-9226.072
180,01,-8.814763398506955e-06,28.086010490499522,59.814965074129006,0.7,-12299.323
181,02,-9.681430163471391e-06,-2.9269207930791947,54.97462990093799,0.08,-12526.684
182,03,-1.5868986940443404e-05,12.424105568506382,56.25959003628518,0.92,-8469.977
183,04,-2.4481364455176743e-05,-15.54007357143826,53.21672202842236,1.1,-3709.5793
184,05,-2.8615912740195944e-05,-19.306992470361852,50.8592781971834,-0.48,2272.6772
186,07,-3.466171150601792e-05,-32.442688338413035,36.16844127948567,1.34,12572.498
187,08,-3.527003988845888e-05,-15.806742182249662,41.714041907468136,0.36,12606.396
188,09,-2.649383951805552e-05,-2.2674784339057075,50.77799905458556,-1.14,8997.984
189,10,-1.8016295581522476e-05,4.47270425086893,52.33998963107474,-0.54,2817.1914
190,11,-8.92097842036795e-06,12.752254605102538,55.27824593100681,0.54,-3345.8828
191,12,-1.093666692604627e-05,22.757288210632986,53.902280609893545,1.78,-9228.178
193,02,-1.271823695051786e-05,20.178666164579848,60.9734689490412,0.85,-11475.437
194,03,-2.219248033328259e-05,-0.5256330294045062,56.57506640008187,0.91,-7850.753
195,04,-2.3056703787511248e-05,-15.611610607231992,48.9374839578549,-1.07,-3921.5435
197,06,-3.44918315846169e-05,-24.446217814466692,49.08188772321145,0.44,8517.174
198,07,-3.591561413959817e-05,-25.92438248894804,39.340810654867084,-0.19,11784.25
199,08,-3.331847033315239e-05,-31.29434137422295,33.68999910253863,0.76,12219.1
202,11,-1.3042386322538529e-05,9.068964893934462,58.53600206141338,-1.59,-4058.9136
203,12,-8.991161045966975e-06,-5.598886509064706,48.51484771922968,-1.64,-10575.648
204,01,-7.460320452180465e-06,-0.4728464959257379,45.67560021059616,-0.65,-12506.699
205,02,-7.544903639281147e-06,5.38362545916678,55.18347650017959,-0.52,-11491.182
206,03,-1.2827322511164368e-05,-10.990242480862525,51.72073062135199,-0.66,-8981.127
207,04,-2.0502408365953464e-05,-21.604367342122394,58.54018084150156,-0.33,-5100.8486
208,05,-2.4253428110207234e-05,-26.022296560964275,51.92535755428705,-0.93,2906.7336
209,06,-2.8253365109311642e-05,-38.732165323215064,41.61192797080808,0.87,9037.346
211,08,-2.9903093116464793e-05,-15.358725825155936,42.33743624172287,1.19,12911.105
213,10,-1.7171301486478214e-05,8.106230379494288,51.02844809201841,0.15,1777.1895
214,11,-1.4551765714713837e-05,14.46901237657335,58.72207561985916,-0.72,-3659.1223
215,12,-8.836182103413613e-06,1.1414017176474303,51.832999992789766,-1.4,-9257.393
216,01,-3.583592048936e-06,-1.2817189340899076,35.36421269791357,-1.08,-12685.416
217,02,-9.97768289436776e-06,28.48145621345157,61.04910012837534,1.48,-12106.279
218,03,-1.2413017713795421e-05,-3.0697627356744577,49.8996438915832,1.13,-8810.162
219,04,-2.201332183204714e-05,-17.60772253417969,50.15108422283994,-1.25,-4029.561
220,05,-3.085946982284968e-05,-22.07697987414944,55.658551038389554,-0.21,2045.1318
221,06,-3.476727682935032e-05,-20.254541469319665,56.16686724849277,-1.17,7833.3076
222,07,-3.376502295814329e-05,-20.43258258581674,48.29218798171063,0.37,12172.258
223,08,-3.064838395117496e-05,-15.397676236060358,39.11490551742816,0.94,12454.062
226,11,-1.1372840429430654e-05,5.54297788119846,52.451002673839106,-1.08,-5172.675
227,12,-9.893875752236308e-06,16.98351939342868,60.12797338394067,-0.98,-10232.234
228,01,-1.1099072907757458e-05,24.386054642872143,54.87726956107148,-0.05,-12718.934
229,02,-7.893391973560764e-06,12.879144769577753,54.623768248409036,-0.57,-11517.468
230,03,-1.582076560769428e-05,4.910139277304372,64.38913835901599,0.51,-8226.085
231,04,-2.2395207648413717e-05,-10.670934447903104,67.35853829729425,-0.88,-2392.268
232,05,-3.182257207745645e-05,-20.036693252071256,51.31070372274871,-1.17,3882.1846
233,06,-3.4082233544055876e-05,-13.138249787733287,60.09514157660935,-2.44,9759.902
234,07,-3.6390916169732936e-05,-13.917790471887077,46.5719772114318,-0.45,13459.637
235,08,-3.4686337675251e-05,-19.754633603331865,40.27667498864153,-0.15,13819.146
236,09,-2.4247977624205914e-05,0.3736279635959201,55.41774919654528,-1.8,8415.297
237,10,-2.3367591303340108e-05,14.50471792602539,57.49670259841796,0.2,3246.3394
238,11,-1.186565926222506e-05,4.6568576497395835,50.09492808050447,-0.43,-5541.702
240,01,-9.430198710966792e-06,24.63400003675235,61.44896206574927,0.39,-11352.193
241,02,-1.079772392194216e-05,13.779260249546594,59.85849182345754,-0.11,-11192.107
242,03,-1.3397230129969535e-05,-0.9194605676794566,60.6708199271861,-0.16,-9467.116
243,04,-2.54553507465769e-05,-17.42901027967665,53.24983413987689,-1.18,-2223.5928
244,05,-3.422614240797327e-05,-20.88572949317194,50.723297991629586,0.9,3500.1328
245,06,-3.759346314859108e-05,-24.964019442409946,49.104056137108806,1.44,8799.123
246,07,-3.775679561435789e-05,-20.12216363230059,34.70881050790896,-0.87,13174.171
248,09,-2.59650643648355e-05,-3.5717024329291456,50.26974016195536,0.5,8151.7397
249,10,-2.1588807777500546e-05,5.981483147405809,48.24640764357326,0.73,2196.4004
250,11,-1.3179962080519347e-05,12.654008286878799,52.50058610761298,0.55,-3760.4692
251,12,-1.3700721242369786e-05,27.986750325848984,63.54783165261822,1.4,-8046.9004
252,01,-6.553396535759588e-06,18.42038040095504,45.80448549491872,0.19,-10196.627
253,02,-1.2230161100386137e-05,18.65321454909752,54.35344561065067,1.48,-12803.27
254,03,-1.4517082142339604e-05,-0.5979741453765541,58.83941007500695,0.4,-9448.656
255,04,-2.355722367422762e-05,-12.813957029554578,60.681698268123455,-0.18,-2841.1404
257,06,-3.750390542944741e-05,-27.016546727159287,42.780413097916714,0.28,8809.774
258,07,-3.168135436499142e-05,-21.668345875401656,51.88578506780696,-1.0,12846.071
259,08,-3.0941285219664524e-05,-19.063545700565466,39.65101154342005,-0.5,13318.414
260,09,-2.4486756719630248e-05,-2.020394458007812,56.817002186003,-0.06,8226.418
261,10,-2.1893689024856883e-05,11.235235126454343,57.40779917159772,1.51,1787.4132
262,11,-1.5146696185204038e-05,20.892512133110895,68.07071139411661,-1.1,-5173.1406
263,12,-1.1904006665214989e-05,20.81303864280127,63.79751548051194,-0.63,-11329.732
264,01,-6.723928980547147e-06,14.384707934964087,53.25762820807451,-0.22,-12916.029
265,02,-9.421481274265325e-06,7.153048214503697,61.79020408172125,0.07,-12692.756
268,05,-3.372209000100225e-05,-25.790908090242777,45.58359570831253,0.03,3738.2231
269,06,-3.303585196628976e-05,-31.827683939954966,48.06642211600013,0.11,8370.261
274,11,-1.4045017091525046e-05,9.019137569173179,50.75557469189433,0.53,-4243.8594
275,12,-9.904081011676856e-06,14.487402564920403,52.82181985401466,-0.86,-9443.688
277,02,-1.6342577849974034e-05,27.257544948032923,61.67323920420096,0.8,-10176.346
278,03,-1.718439095667989e-05,-2.8514695644583754,52.573686629964456,0.32,-8679.023
279,04,-2.4829810814864887e-05,-14.182246478949653,49.20558492463959,1.14,-1704.0696
280,05,-3.0134792006426703e-05,-17.31557953963741,52.31226475243542,-0.15,2655.204
281,06,-3.5836119472898846e-05,-20.466573669433593,50.7506326838851,0.69,8109.079
282,07,-3.594073215623134e-05,-17.96138944137737,48.60045512300026,0.65,13516.515
284,09,-2.726855740998468e-05,-6.606480073716904,41.46046437310777,-0.54,8719.168
285,10,-2.2813934475604865e-05,5.003235001430717,55.25826176021304,-1.97,668.0569
288,01,-7.996820467572737e-06,16.024269751435966,52.92226850532075,-0.32,-12371.965
290,03,-1.4304734281419465e-05,-4.024482163624097,45.80751552796749,-0.07,-9047.73
291,04,-2.383696288773839e-05,-17.2942943037245,47.44735419490735,-0.34,-3019.3477
292,05,-3.0977665722578726e-05,-19.48317038226384,57.695412786129985,0.06,3976.9531
293,06,-3.491794925367785e-05,-29.63445593295627,48.58540389312637,0.24,8085.7256
295,08,-3.1032737283929096e-05,-31.771135562691633,39.36124998163152,-0.22,13139.9795
298,11,-8.746191556262298e-06,13.336127873399521,55.471923015075255,0.77,-2957.9668
300,01,-8.992702947169514e-06,20.66453995308825,64.87525535803712,-0.85,-12558.686
301,02,-1.1818901434843997e-05,12.780648606925178,58.06078212638148,-0.6,-12047.904
302,03,-1.5225630396960167e-05,1.0669384965794064,50.376974003080406,0.67,-6909.124
303,04,-2.4217375733618005e-05,-11.611916856553819,59.49211039767795,1.11,-3962.5808
306,07,-3.5823426863228845e-05,-21.040274605699764,48.61712288511441,1.16,12289.115
308,09,-3.09724094837697e-05,1.3779368174235027,41.60773183429904,0.52,9247.332
309,10,-1.9737982986943505e-05,10.8786054316695,45.96995730125903,-0.69,2726.138
311,12,-6.509792311736683e-06,12.651209838210898,41.13814304297201,1.03,-8502.169
312,01,-1.0532949036563073e-05,27.835473567839585,50.62756816835045,1.26,-10854.035
313,02,-1.0796667724878803e-05,1.9850640389578682,54.967533898224424,-0.51,-10994.369
315,04,-2.402455134354872e-05,-12.38321820203993,55.9102142579476,-0.47,-2366.776
316,05,-3.3327865934669755e-05,-23.83920729967343,52.369123788558014,-1.11,2712.5469
317,06,-3.715115132452208e-05,-30.632264646063906,50.84424858076307,0.26,8341.698
318,07,-3.409394384040644e-05,-23.561669685609886,47.80977541725482,-0.48,13360.557
320,09,-2.545146969718593e-05,-6.704652192857532,39.75358392157654,0.76,9667.547
321,10,-1.7187334372416657e-05,10.538457600583316,41.694871458662455,-0.55,3572.1023
322,11,-1.4535249143672345e-05,9.326381112670902,61.63253474075529,-0.46,-3220.0986
323,12,-9.12172876785682e-06,14.485518746324761,56.37181309181387,-0.5,-10117.23
325,02,-8.8568046297561e-06,4.634872235616048,55.29220876641359,-1.02,-11286.668
326,03,-1.3873502668170125e-05,-4.782673361173239,59.930227692120816,-1.75,-8585.224
327,04,-2.37631702343909e-05,-18.782449027506512,53.65862876264652,1.2,-2604.4097
328,05,-3.370682173148433e-05,-13.439136345319852,55.415879218805216,-1.01,3711.6934
329,06,-3.4785863751151034e-05,-27.11431088460287,44.96967633606062,1.15,10077.881
330,07,-3.3670624993676266e-05,-35.11209074615151,34.7803111832411,0.93,12981.385
331,08,-3.203818718891423e-05,-14.970106861073484,56.166526000266416,-2.35,12918.842
332,09,-2.4569920312832332e-05,-1.9050392035590278,48.50952039943403,-1.43,8825.557
334,11,-1.6638314112929544e-05,21.698549422539603,51.20864173750348,0.33,-3368.9014
336,01,-1.3167410284109127e-05,32.71415653975292,54.798027210791915,-0.25,-10305.811
337,02,-9.635896793779033e-06,12.227102448962983,62.05461917357218,-0.98,-12542.984
340,05,-3.1186685044343005e-05,-23.42358186127037,55.67473245647261,0.66,3237.6238
341,06,-3.458860908376663e-05,-19.802041976589628,51.81401281598541,-1.01,8769.804
342,07,-4.0491175616739144e-05,-14.380545316962786,51.51913973191349,-0.55,11990.755
343,08,-3.430768915528969e-05,-11.902402343421853,46.669440629773256,-0.31,12770.307
344,09,-2.677926907070085e-05,-2.246240928141275,48.58724766878287,0.85,9130.84
345,10,-1.4836711174446523e-05,-1.5530790907336818,46.4751422240952,1.0,3314.5225
346,11,-1.4172945336880124e-05,15.984315191311307,55.0159122577058,0.48,-4777.8887
347,12,-9.103623443880553e-06,18.67049515623687,44.72693699303237,0.23,-9043.182
348,01,-9.98381483742544e-06,30.50790186531313,59.32570013750177,0.53,-11620.266
349,02,-9.733829621899499e-06,11.488472740085646,43.235250111784055,0.38,-11767.7705
351,04,-2.446588194630345e-05,-15.287676639472116,50.48518859204715,-1.31,-1614.2959
353,06,-3.476253857051133e-05,-32.52892781643338,47.80475471985869,-1.09,8970.352
354,07,-3.577182100015043e-05,-18.878891244211506,53.425692884929724,-1.24,12859.245
355,08,-3.3834556450724496e-05,-9.036356891591062,49.02626591384924,-1.62,11986.342
356,09,-2.5189189388381943e-05,-2.5223080678304033,46.95382839618127,1.14,8305.328
357,10,-1.8222273044254205e-05,6.518695762716314,54.30898137165141,0.47,3289.5498
358,11,-1.2143508331428165e-05,12.723418456013999,55.05112889809742,-0.47,-3644.5015
359,12,-6.623100362498576e-06,8.910789440196046,51.189781416840454,-0.35,-7711.4336
360,01,-6.219402897665034e-06,13.638463789416898,56.756673166043,-0.52,-11191.441
361,02,-6.55127283612057e-06,7.2258432279314295,62.426701213981424,-0.38,-10694.395
362,03,-1.4006747319585248e-05,0.15545269151913163,60.10794240493287,0.19,-7115.369
364,05,-3.152253704363203e-05,-24.89160391596312,50.72287625494953,1.61,2953.004
365,06,-3.4585202314802804e-05,-32.20444840494791,47.13420631794532,-0.91,8035.3984
366,07,-3.995988693131167e-05,-23.939954596078525,46.67216465320125,-2.11,11918.098
367,08,-3.326769469126164e-05,-18.63527480389995,42.41847231385144,-0.37,12285.815
368,09,-2.396435872586961e-05,-8.675344586181641,43.626415080409586,1.62,8949.655
369,10,-1.8213049179844e-05,4.716025361748153,49.256211021474606,-0.61,1264.7112
372,01,-6.091251291421628e-06,2.9262350808420488,60.36061479552843,-1.8,-11980.43
374,03,-1.4227020407356234e-05,-0.1344084672825314,56.345688745778084,-1.33,-8814.018
375,04,-2.4690822054900404e-05,-20.66956467929416,50.227940069592,-0.93,-3139.623
376,05,-2.827942739082006e-05,-27.387183430333288,51.416537502500645,-1.33,3429.5967
377,06,-3.182083758476639e-05,-35.711798379855686,43.71565713060168,-0.52,9460.38
378,07,-3.4407490462771055e-05,-31.11366353779454,49.13440625845617,-0.39,14111.228
379,08,-3.27152816781925e-05,-15.088779016966459,50.057286181364006,-1.69,13835.616
381,10,-1.8914465963579488e-05,8.677334267236855,54.52403665949838,-0.5,1799.56
382,11,-1.1904203317903414e-05,4.708053307088217,64.34552551558414,-1.84,-3242.9404
383,12,-7.738160395268594e-06,4.967533013128466,56.59717789244652,-1.8,-8053.632
384,01,-4.432973011169315e-06,15.641597058367989,49.85520389962581,-1.53,-12108.282
386,03,-1.235675504704564e-05,-6.3443144091534345,43.386579177287324,0.24,-8782.514
387,04,-2.5035789431644346e-05,-14.869033695136176,49.48712501599656,2.55,-3790.8438
388,05,-3.0008848766624646e-05,-32.62149781881353,48.67582858574712,-0.01,3001.118
389,06,-3.4230032604055946e-05,-25.01744469502767,49.43961729888122,-0.98,8507.974
392,09,-2.5484862159343414e-05,2.648160398695204,48.54894579696125,0.67,8098.093
393,10,-1.916051529891168e-05,8.726722329416583,41.10612051369683,0.94,2817.9568
394,11,-8.12447487300637e-06,7.208228931681314,45.10324230610001,1.3,-4209.832
395,12,-1.2744765838047034e-05,29.389911852764826,62.27082245179138,2.25,-8271.907
397,02,-6.941694202459045e-06,2.77444112036694,54.92825397600388,0.03,-12325.372
398,03,-1.1845709033173812e-05,-9.130659757880753,42.53471919810516,0.93,-8209.37
399,04,-2.412122515035865e-05,-15.116672309705946,65.52592149374486,0.37,-2477.2505
400,05,-3.2719707248821014e-05,-19.41600187732328,54.71462800888861,-0.79,4449.362
402,07,-3.9630504535585143e-05,-18.105863085346844,55.33667580591222,-1.29,13764.799
403,08,-3.664081436780238e-05,-14.530181596981583,48.63167088847007,-1.39,13345.045
404,09,-2.780254297756781e-05,-4.337274759928387,47.643611919113,-0.43,9598.027
405,10,-1.749340033099435e-05,6.576196681525118,62.883388684188155,-1.73,2471.8066
406,11,-9.782895505729057e-06,13.286790387301977,48.36725960095062,-0.74,-3603.503
408,01,-7.079607454118081e-06,9.77005108642578,59.36599973937003,-0.11,-12099.695
409,02,-9.82560560788399e-06,1.2790957768758144,54.799641565576906,-0.96,-11197.027
410,03,-1.6003138249269338e-05,-14.11737674147083,62.83003596656937,-2.09,-8749.891
411,04,-2.0434202846445263e-05,-16.983018215264217,45.651346360141694,0.6,-2539.1846
412,05,-2.7662325821888435e-05,-23.158452428017892,56.92952051083376,0.58,4316.69
415,08,-3.2683108437937644e-05,-17.84199171037572,39.46305893081491,1.12,12703.34
416,09,-2.475842662511746e-05,-8.054260448540582,49.65095689521101,0.38,8715.488
418,11,-1.2026654228591521e-05,13.685960133870443,60.59634180396663,0.81,-2640.6694
419,12,-9.44601224512954e-06,28.97793200421077,55.46996279250422,0.79,-8309.314
423,04,-2.3883861623916246e-05,-16.521862002224392,58.86005653639768,0.19,-3038.6511
424,05,-3.2321809314922687e-05,-17.350711201329386,63.11191008513332,-0.8,4447.3945
425,06,-3.645346474101341e-05,-28.120134918891054,43.231891095406475,-0.67,9431.016
426,07,-3.570791800838603e-05,-18.498887496784167,52.862582088247414,0.21,13081.201
427,08,-3.5946427165531874e-05,-15.756697428713563,51.75170243226714,-2.28,13172.711
428,09,-2.0748739615697153e-05,-9.244409510294595,35.08465283191469,1.72,8502.111
429,10,-1.6616273676728237e-05,8.951883064844276,46.06859467966968,-0.87,2388.0312
430,11,-1.0089955154782932e-05,6.784489759657117,59.376273723493675,0.58,-4720.6055
431,12,-1.0581146033268115e-05,22.95546643394552,54.273882943514856,1.63,-8262.117
432,01,-9.2527426375611e-06,26.340960131573418,62.63006211892765,1.57,-10166.41
434,03,-1.5915630637317265e-05,-1.6360386480515998,44.90566300547765,1.12,-7039.75
436,05,-3.070366395367009e-05,-25.76910455847299,53.73915812349191,0.19,3163.577
438,07,-3.7615658574522775e-05,-25.170489753641114,45.05531850020347,-3.14,12425.895
439,08,-3.326061218056918e-05,-12.586229408838417,52.3345120203854,-1.1,13579.505
440,09,-2.5603061031688413e-05,-1.6679924726698132,46.654843129608366,-0.49,9832.143
441,10,-1.3186316454061119e-05,-1.463842040031187,51.45971762442205,0.99,2607.0728
442,11,-1.4898132296588707e-05,27.46974549831814,55.57987919455502,1.7,-2245.0479
443,12,-8.385574634596725e-06,33.275967709449034,59.292129598577816,1.99,-8073.9404
444,01,-9.004527324929857e-06,20.359526514525058,60.00615774854665,-0.37,-12841.202
445,02,-1.2519085415486441e-05,14.879537966322628,54.698993667597065,1.35,-10619.223
446,03,-1.4810545610421827e-05,-5.396197126162949,59.004922374092125,0.37,-7783.2495
448,05,-3.16294027814815e-05,-19.310568396455505,50.32535560724812,-0.67,4139.6006
449,06,-3.356170396635004e-05,-23.02242342732747,60.87640379265148,-0.13,9927.47
450,07,-3.758493633006676e-05,-22.269790681900524,47.74635748879372,-1.72,14253.753
451,08,-3.3272750999810424e-05,-17.014684508621052,43.397001161080546,-2.24,14530.048
452,09,-2.4645985519115736e-05,-7.889081433783638,37.34792189491059,0.74,9765.809
453,10,-1.526362983537594e-05,-3.798430909843855,48.34944315867911,0.96,1822.912
454,11,-1.1750765303218536e-05,10.89123139716254,54.5964946256227,-0.31,-3765.4233
455,12,-4.447676278540448e-06,15.633635981405934,42.93341399640295,0.35,-8547.166
456,01,-6.416161365773257e-06,12.223324068787278,48.97643718384928,0.05,-10716.387
457,02,-8.18821650381367e-06,12.903916228158135,62.959067062718525,0.69,-10774.138
458,03,-1.5800369091061108e-05,2.527072602630943,59.88884960889175,0.37,-7248.394
460,05,-2.9667726341906155e-05,-25.198657173730993,56.839670298081565,-1.72,3466.2383
461,06,-3.566179110415154e-05,-31.36642959594727,52.944568701901716,0.35,8285.527
462,07,-3.888270218750779e-05,-23.176640851420746,56.14024401203919,1.28,13475.852
463,08,-3.333480648354688e-05,-12.395997953681537,44.035043613662005,-1.53,13495.391
464,09,-2.5415033401845397e-05,-5.530321179199219,52.86381167994076,-0.45,8962.21
465,10,-2.0550294828412475e-05,15.281469091599986,50.30405073937036,0.71,3276.8535
467,12,-7.748080553331723e-06,20.40142875687794,63.311030514205655,0.73,-8138.0713
468,01,-8.493993727101315e-06,23.796599253992884,55.116003269850566,1.17,-10302.451
469,02,-1.1806723732206594e-05,-2.6082788761683875,46.30087924139698,1.34,-10504.715
471,04,-2.4140652476206825e-05,-8.481860700141059,60.03202422682047,1.2,-2874.642
472,05,-3.631899526441482e-05,-17.44638056798135,47.40056218499266,2.02,4300.1187
473,06,-3.447691067930363e-05,-33.33076165534125,39.74884000571834,1.41,9023.736
474,07,-3.4126774513620195e-05,-44.31138712696363,36.16823902212164,1.42,15119.5205
477,10,-1.717439320385384e-05,2.0582064438686585,44.893768001867876,1.53,2796.294
478,11,-1.049799736220949e-05,11.533768935139973,58.11769115721252,-0.25,-3931.3733
480,01,-8.170035396257738e-06,18.813249751593478,61.34680531404607,0.18,-11629.67
481,02,-8.232899953890454e-06,13.675333238874163,51.283400613031226,-0.11,-10544.293
482,03,-1.7898125718357898e-05,7.876527682396675,54.192069970153995,0.89,-8358.145
483,04,-2.786484313502215e-05,-15.88577495863173,41.53150874974462,0.36,-3484.8389
484,05,-2.8741963674400066e-05,-37.081440074305384,54.09692304540707,-2.38,2912.8496
486,07,-3.625940142692049e-05,-31.74150496025496,48.734570516079984,-1.39,13073.803
487,08,-3.404563471354698e-05,-17.337182702177312,41.57153246440298,-1.62,13316.979
488,09,-2.6543087166161665e-05,-4.24653964674208,45.73786681658825,-0.01,9491.694
489,10,-1.8569231195137014e-05,10.235854191605762,54.45598049366731,-1.03,4081.755
491,12,-8.260583359534854e-06,25.078029959073632,56.60606037604423,1.02,-8663.891
493,02,-1.5386156723984276e-05,31.748662168305497,64.97568837541958,0.98,-9778.502
494,03,-1.9840231885472768e-05,-1.8349693298339842,46.56073982853019,0.66,-5201.467
495,04,-2.7043378228700023e-05,-24.0670989525689,35.17819720014996,-1.26,-2517.3071
496,05,-2.995519203009721e-05,-45.04488896819084,46.51938461271666,-0.33,3378.9253
497,06,-3.546342912159163e-05,-30.903872137790252,54.092656515480414,0.16,9638.294
498,07,-3.552329937512147e-05,-24.55973527871409,49.31133174363516,-1.19,13875.833
499,08,-3.48960954878191e-05,-17.491402352609946,46.845165995435046,0.03,12764.064
500,09,-2.4679065476549213e-05,-6.537764871215822,41.4254565234277,1.11,9959.325
501,10,-1.848353834580477e-05,14.114419966174706,59.132486595437086,-0.2,3871.935
502,11,-1.0186800306089735e-05,15.631692754109702,47.969248177954896,2.54,-2137.2712
503,12,-6.893300624729055e-06,15.732371215492165,60.65007041392917,-0.37,-9309.173
505,02,-9.005972841740524e-06,9.622026147751583,54.51137783175566,-0.29,-10594.181
506,03,-1.5948935392546162e-05,-0.9029574194467195,53.47545231677126,0.36,-5814.62
507,04,-2.588563685021654e-05,-27.98602328389486,47.86236142485672,-1.69,-456.52463
508,05,-3.230829694098981e-05,-22.4746828918457,60.26473778712485,-1.1,3596.715
510,07,-3.6336240956178925e-05,-19.074829963273896,48.14752719921964,0.06,15004.068
511,08,-3.444879628501263e-05,-12.903870650096605,45.419211714576655,-0.49,14152.811
512,09,-2.3354238802332672e-05,-7.743464881388346,41.71682162190013,-0.06,9587.468
513,10,-1.864643046111826e-05,14.62936670381279,46.729617401201246,-1.98,4158.8516
514,11,-1.0072340758698473e-05,9.36498726196289,49.88987413275507,-0.33,-3048.2986
