,MER,SH,EA,MSLP
0,-7.186377549426466e-06,0.00035855482704265606,-0.98,482.73865
1,-7.399999772068052e-06,0.0003947880218570064,1.28,231.96732
2,-1.408509512223264e-05,0.00044260006009506144,-0.94,209.332
3,-2.191347909663616e-05,0.00044040625960559647,-0.63,-33.160007
4,-2.839083756912113e-05,0.0007071434940667084,1.45,-185.15402
5,-3.330413338050373e-05,0.0009014931640296304,0.15,-435.5544
6,-3.0671342559486147e-05,0.0010329003032600922,-0.59,-496.7802
7,-2.8487004876296853e-05,0.0009515669327950404,-0.92,-400.04724
8,-2.3132900744369383e-05,0.0009334240310760934,-0.42,-132.6108
9,-1.6345863611966567e-05,0.0009355248356116273,-0.26,70.14348
10,-1.1569333000928361e-05,0.0005703534181247354,0.62,318.43903
11,-1.207531024335357e-05,0.000536514795466784,0.94,366.22327
12,-5.795284385228985e-06,0.0002899667802897751,-1.08,489.86685
13,-7.359469057738698e-06,0.0004711822304191866,-0.13,554.83496
14,-1.4070489600584629e-05,0.00038754746073307194,0.18,246.65077
15,-2.282624180893941e-05,0.0003994695938296395,-1.99,11.8621855
16,-2.9285246377967465e-05,0.0004922136487145694,-1.45,-244.17188
17,-3.014735746900341e-05,0.0008849550965466025,0.38,-462.89893
18,-3.1905643976779664e-05,0.0008957915342465621,0.09,-508.8856
19,-3.1051088017916934e-05,0.00108178564986637,-0.68,-425.96948
20,-2.365392635981859e-05,0.0009669164780382541,0.9,-163.22191
21,-2.1172643707369163e-05,0.0007849959412277741,0.42,105.68422
22,-1.4279194747299093e-05,0.0006224606235835986,-0.2,203.73647
23,-7.873070872231058e-06,0.0005165828911668244,-1.29,468.74042
24,-7.860688640385075e-06,0.000374949257934248,-2.52,623.8342
25,-8.991757432514056e-06,0.0003669208622193323,-0.95,403.31335
26,-1.2076194787720939e-05,0.0006871956544953496,1.58,182.86594
27,-2.2320882245185202e-05,0.0005069280005498918,-1.5,-82.98598
28,-3.0310256707952082e-05,0.0007153930285222947,0.09,-193.76248
29,-3.0904296795920855e-05,0.0009842194550476254,0.57,-402.13342
30,-3.173775886429094e-05,0.001004735188951267,0.83,-539.3908
31,-2.8741253340065727e-05,0.0010760535270361797,-1.48,-417.77975
32,-2.269007780640903e-05,0.0008672290949221253,0.54,-158.1833
33,-2.174942796122078e-05,0.0006867919335684071,0.16,83.60754
34,-1.4328458308167076e-05,0.0006729366678450485,0.01,371.0867
35,-7.687594037497059e-06,0.0004129887476064696,0.58,437.04065
36,-5.276928763964617e-06,0.00046975674859519613,-0.23,424.43707
37,-7.864293709969517e-06,0.000443328927262103,-0.08,323.00595
38,-1.6001877676116956e-05,0.0003661708261100601,-0.47,115.839676
39,-2.3437909088230905e-05,0.0004928932368082314,-0.97,-85.79355
40,-2.9170486620455693e-05,0.00055373141337474,0.72,-232.51486
41,-3.17826830204164e-05,0.0008103595633521967,1.23,-384.98663
42,-3.416977696542745e-05,0.0009021180810537498,-1.59,-507.49194
43,-3.1963929242763654e-05,0.0009689928345582772,0.33,-440.37207
44,-2.1331834113273846e-05,0.0009065412273818056,1.15,-174.11327
45,-1.6551261839878706e-05,0.000806341602621908,0.74,10.306959
46,-1.519573135911843e-05,0.0006367408295191699,0.85,275.15314
47,-1.0313162028783104e-05,0.0004811068228571663,-1.34,422.75073
48,-1.1369238679367056e-05,0.0005065474144361389,0.59,554.53876
49,-1.1685804688698098e-05,0.00024583032542684335,-1.05,477.54904
50,-1.3839232150540515e-05,0.00048506053711077566,-0.36,297.68744
51,-2.090864053300013e-05,0.0005298972676287223,1.31,-129.09987
52,-2.6606813441591635e-05,0.0006822573668070693,1.06,-252.60043
53,-3.6603149109497395e-05,0.0008680787925681217,-0.92,-326.72595
54,-3.282222612492611e-05,0.0011865903298230965,-1.72,-513.747
55,-2.6941880611302234e-05,0.0007854492272301715,-0.54,-458.5807
56,-2.725831751290065e-05,0.0008300272881937013,1.93,-256.91617
57,-2.1395454446465794e-05,0.000809845710132114,0.12,41.81998
58,-9.367185011372688e-06,0.0005637446514673988,0.04,281.97784
59,-8.522425015388596e-06,0.0005939787194328425,-0.05,438.2378
60,-1.1848107099418698e-05,0.0003542191671304773,-0.31,550.7582
61,-9.682757584759485e-06,0.0003115679466334117,-0.34,537.6135
62,-1.3818876191033916e-05,0.00032761467128058087,-0.9,281.82965
63,-2.3066575134180317e-05,0.00045012077381442295,-0.4,-83.49736
64,-2.301351515928619e-05,0.00067266253149976,-0.92,-255.71274
65,-3.0384449369921637e-05,0.0009127790745715982,-1.29,-468.23276
66,-3.052118788760435e-05,0.001033779662579662,-0.41,-543.4519
67,-2.8069958612225798e-05,0.0008598136095184325,-2.22,-435.51602
68,-2.2138291550658728e-05,0.0010072270758296226,-1.59,-132.38663
69,-1.5594664512004833e-05,0.0008134660352591524,1.91,56.426086
70,-1.2000811908506469e-05,0.000733812687942615,0.64,256.88528
71,-7.343828446024142e-06,0.0005638061713049892,-1.18,505.81323
72,-6.201572312694294e-06,0.00032037616245556873,-0.78,561.0963
73,-7.646551471441942e-06,0.00043289734202582635,-0.14,274.5221
74,-1.1304150707112197e-05,0.00041982346533168605,-0.56,234.38138
75,-2.3272295822324753e-05,0.0005507065881250634,0.3,-147.64384
76,-2.800802443084893e-05,0.0007271333313690247,-0.66,-261.0432
77,-3.090711121482552e-05,0.0007727630264536654,1.06,-460.57544
78,-3.447742918110781e-05,0.0010814784673431896,-0.23,-513.36316
79,-3.3271033724499884e-05,0.0009632387406820798,0.63,-470.35394
80,-2.244669017984254e-05,0.0010995125499796714,-0.18,-145.3971
81,-1.5745955748394817e-05,0.0007476628478483084,0.17,-12.948951
82,-1.5779393952086846e-05,0.00036442432660848377,-0.17,240.8092
83,-6.748697063030508e-06,0.0006171308285160469,0.12,515.65643
84,-1.0488508364736625e-05,0.00041564420438127206,-0.78,536.77496
85,-9.105866422227595e-06,0.00019560193471323016,-0.59,517.91974
86,-1.09558865346488e-05,0.000417650180977115,0.33,218.49155
87,-1.9242588071877733e-05,0.00039568850197150223,0.1,-80.69645
88,-3.1224375424332516e-05,0.0007434592337500871,1.4,-264.43793
89,-3.5890827366468634e-05,0.0008331960368823792,0.86,-414.93628
90,-3.000731417455182e-05,0.0010106809674292967,-0.71,-485.46362
91,-3.1366839325049225e-05,0.0009093863952855494,-0.33,-407.47137
92,-2.1116000810717296e-05,0.0010170114291461383,-1.34,-166.31923
93,-1.7202233669146365e-05,0.0008042660296969873,0.91,151.95706
94,-1.2770530823662637e-05,0.000712386935210562,0.72,314.6657
95,-1.128779906788603e-05,0.0005160226476652414,1.13,468.94208
96,-8.849628261046861e-06,0.00039371051453645855,0.06,498.0667
97,-5.771432554432804e-06,0.0005444937176130874,0.78,415.4807
98,-1.3287096029671374e-05,0.00038326355497387356,-1.53,214.86739
99,-2.2575659647211267e-05,0.0005509123427555208,0.76,-42.733208
100,-2.791426425801057e-05,0.0006231550341834262,-0.9,-238.07436
101,-2.8837502824555686e-05,0.0008995023713432398,0.95,-362.63037
102,-3.379324687933062e-05,0.0011762637337276985,-2.42,-483.76062
103,-3.0242934917310693e-05,0.0011241900766090502,-1.26,-425.29388
104,-2.5696148892024614e-05,0.001026891966428189,1.53,-218.43071
105,-1.9746457593286597e-05,0.0008929555590629677,1.01,106.510666
106,-1.2423982501220758e-05,0.0005567817669088578,-0.54,339.55432
107,-5.659096497726741e-06,0.0006231452756041871,0.95,361.38525
108,-9.400724827868036e-06,0.0005186993550770137,0.99,438.47665
109,-1.553154618433063e-05,0.00036645799898507564,-0.83,557.7373
110,-1.4791143874625109e-05,0.00047325576421621175,0.4,226.11334
111,-2.4692344382775542e-05,0.0005172340481790242,0.19,-43.169
112,-3.182606770285695e-05,0.0007443033780645266,-0.01,-233.72514
113,-2.7714982728361462e-05,0.0008593489899378255,-1.71,-435.262
114,-3.385038605679304e-05,0.001171458948932473,1.25,-549.7061
115,-3.211179117533902e-05,0.0010266525363930598,0.77,-424.5862
116,-2.5435363158006416e-05,0.0009323654926211424,0.42,-194.27596
117,-1.6347254436593455e-05,0.0007721173569709835,-0.66,82.46237
118,-1.0307503538792339e-05,0.000563931326113359,-1.36,246.89313
119,-7.866494279115095e-06,0.00053423904773601,-1.18,380.2473
120,-5.490775168401608e-06,0.0005023698754026696,0.7,367.2535
121,-1.1993180484209699e-05,0.00042497837058714,0.22,329.45306
122,-1.7582771425163286e-05,0.0005982449319345967,-0.62,165.75609
123,-2.3728384267512105e-05,0.0005368266940982721,1.12,-68.45952
124,-3.2913617601255e-05,0.0005949903542140838,-0.26,-258.91486
125,-3.3498540398290464e-05,0.0008175972156450774,-0.87,-390.54193
126,-3.3625666249610085e-05,0.000971569565642772,0.02,-474.96942
127,-3.0036708770112647e-05,0.0009896705504082786,-0.57,-417.43
128,-2.1827326350689368e-05,0.0009320243816883804,-0.57,-187.12605
129,-1.9913688146604526e-05,0.0008421332443241979,-0.35,0.46575737
130,-1.311930024130561e-05,0.0004454905331929088,-1.88,286.9585
131,-7.719866410816296e-06,0.00047829752353097696,1.42,413.13028
132,-9.708490018202875e-06,0.0005105691684948654,0.19,459.44977
133,-1.709957590030951e-05,0.0005475542892947997,1.55,270.8507
134,-1.7018775953137494e-05,0.00048062062612102977,1.31,197.03122
135,-2.7999317039636173e-05,0.00037736529698403654,-0.67,-61.76524
136,-3.125298669270236e-05,0.00042185220914118,-1.27,-243.90262
137,-3.068480971400681e-05,0.0008391077614164817,0.57,-474.90137
138,-3.559518055198981e-05,0.000870340643866736,0.02,-534.38293
139,-2.897321149455781e-05,0.0010727420896216627,-0.24,-422.1992
140,-2.7407515947157255e-05,0.0008673468175783354,-1.44,-212.871
141,-1.8407037761653066e-05,0.0007825079715910818,0.18,-7.917002
142,-1.0645134954231454e-05,0.0004970781178460824,-0.15,138.79807
143,-1.0178729378000547e-05,0.0004455819003796224,-0.78,340.82578
144,-9.804670876438911e-06,0.00029198987653266507,0.92,456.61862
145,-6.996622216688376e-06,0.000305701507385693,0.15,498.61206
146,-1.2629808311264428e-05,0.0005727407951866191,0.7,146.38535
147,-2.5889148811054637e-05,0.00041218083241272116,-0.86,-4.441435
148,-2.5811937759284265e-05,0.0005622225995608382,-2.66,-203.17822
149,-2.987989489524302e-05,0.0007455840776351881,-1.45,-407.1707
150,-3.606362330103894e-05,0.0011091873102282322,-0.86,-533.70996
151,-2.9805839779475068e-05,0.0010097339748723264,0.05,-412.0438
152,-2.1833397036001162e-05,0.0008007140552823532,0.48,-142.94824
153,-2.004618059737534e-05,0.0006820325499599374,-1.63,35.38171
154,-1.4646135411648073e-05,0.0006339337644810405,0.49,313.54556
155,-7.654158530845394e-06,0.00046165224257053707,-1.3,429.553
156,-5.988280283046514e-06,0.000437638549289248,-0.54,512.01953
157,-7.568776633878318e-06,0.00039763415424268303,-0.19,319.27338
158,-1.6743815379482177e-05,0.0004879701252311531,-0.08,256.242
159,-2.3724830210206465e-05,0.000579528459085648,0.04,-74.57509
160,-3.502280750303383e-05,0.0005439886107167655,0.53,-177.7778
161,-3.339920427913765e-05,0.0008486856836498394,-0.31,-359.8039
162,-3.3542465003026134e-05,0.0011160113274397768,-1.23,-499.43558
163,-3.290884278264643e-05,0.0012228114123283905,1.74,-391.7401
164,-2.5466491539959356e-05,0.0008614746787727199,-0.22,-161.60078
165,-1.9484351597922247e-05,0.0005589232049004094,-2.36,105.645355
166,-1.321692710625939e-05,0.0005697992317844588,1.0,309.10986
167,-8.425528942156701e-06,0.00046205227275860006,-0.05,336.29663
168,-9.715480358609446e-06,0.0005887621752377449,0.63,433.45294
169,-8.449411843078754e-06,0.00038359931115603885,-1.82,411.9436
170,-1.4966802825774622e-05,0.0004124762266675568,-0.03,217.49991
171,-2.191761210872048e-05,0.000576000432182122,-1.08,40.03607
172,-3.0932743489659034e-05,0.0007194121543284234,-0.68,-202.49805
173,-3.281592492067931e-05,0.0009091609778879503,-0.44,-435.2237
174,-3.3366269429406925e-05,0.0009773544866860003,-1.41,-504.7904
175,-3.234485571499712e-05,0.0010167660779612973,-0.81,-413.4605
176,-2.2725771390226628e-05,0.000888641576060541,-0.46,-226.17422
177,-1.798888249350155e-05,0.000542134024022548,-1.13,91.426414
178,-1.1587640056374466e-05,0.00047988380124447253,-0.77,300.2736
179,-9.250304196792702e-06,0.0004956924168822877,0.43,488.93024
180,-8.814763398506955e-06,0.0004701822597394422,0.0,435.56726
181,-9.681430163471391e-06,0.0004138276064931533,0.83,321.9809
182,-1.5868986940443404e-05,0.0005810495797577411,0.7,222.32794
183,-2.4481364455176743e-05,0.00040480200442157807,0.05,-56.58281
184,-2.8615912740195944e-05,0.0006858745914348111,0.79,-257.16022
185,-3.390126228795352e-05,0.0010699702445989207,0.74,-459.80786
186,-3.466171150601792e-05,0.0009186411803072188,0.97,-584.2808
187,-3.527003988845888e-05,0.0008680270261172562,0.75,-477.3772
188,-2.649383951805552e-05,0.0008433525541978978,-0.79,-149.51025
189,-1.8016295581522476e-05,0.0007590626369145407,-0.9,110.00872
190,-8.92097842036795e-06,0.0008178240753429337,0.76,129.56354
191,-1.093666692604627e-05,0.0005556525008313002,0.97,495.40594
192,-1.2804497735976505e-05,0.00045759688101936,0.09,567.4263
193,-1.271823695051786e-05,0.00048809193327531924,1.03,407.8683
194,-2.219248033328259e-05,0.00037265990637394303,-2.46,217.27347
195,-2.3056703787511248e-05,0.0005232466899471546,-1.71,-18.759678
196,-3.3250014936618425e-05,0.0006214292339710306,0.06,-212.2846
197,-3.44918315846169e-05,0.0007471122926498033,-1.84,-411.62018
198,-3.591561413959817e-05,0.001035028367159925,-0.8,-539.87823
199,-3.331847033315239e-05,0.0008271361476220967,-2.09,-459.80597
200,-2.6222378082234683e-05,0.0008676720050675714,-0.37,-143.37173
201,-1.4566836962311297e-05,0.0008753650264261328,0.53,25.133396
202,-1.3042386322538529e-05,0.0006469659394806109,-1.35,199.74356
203,-8.991161045966975e-06,0.00039905608716880105,0.57,578.53357
204,-7.460320452180465e-06,0.00044037663110958085,-0.53,495.85565
205,-7.544903639281147e-06,0.00031412921131322426,-1.12,422.8147
206,-1.2827322511164368e-05,0.0004322530456430366,-0.65,227.2334
207,-2.0502408365953464e-05,0.0005573882549563778,-0.69,38.02291
208,-2.4253428110207234e-05,0.0006685273422467372,-0.38,-214.49243
209,-2.8253365109311642e-05,0.0007725716853643563,-0.53,-424.52853
210,-3.142641031134248e-05,0.0009566610893040974,0.39,-481.3235
211,-2.9903093116464793e-05,0.0008052989171323801,-0.08,-393.9635
212,-2.534073391895315e-05,0.0007056351989302735,-0.95,-213.08548
213,-1.7171301486478214e-05,0.0008193838488076182,0.49,37.45427
214,-1.4551765714713837e-05,0.0004943569559801082,1.38,358.53793
215,-8.836182103413613e-06,0.000456995769084828,-1.52,373.6136
216,-3.583592048936e-06,0.0002965270524839061,-0.13,461.75528
217,-9.97768289436776e-06,0.0005305327026612487,1.06,421.08618
218,-1.2413017713795421e-05,0.0005206532129615308,0.27,149.55385
219,-2.201332183204714e-05,0.0005176294510015927,-1.91,3.843888
220,-3.085946982284968e-05,0.000691181856834612,0.61,-222.20119
221,-3.476727682935032e-05,0.0008864397704303581,-0.75,-425.55972
222,-3.376502295814329e-05,0.0008547632643424363,-0.41,-519.9405
223,-3.064838395117496e-05,0.0010386910332973625,0.18,-442.03122
224,-2.7053925191669103e-05,0.0009289264848881631,-0.81,-111.844955
225,-2.0736059433235615e-05,0.0007064217952702141,-1.5,70.77181
226,-1.1372840429430654e-05,0.000528491018474924,0.92,270.77652
227,-9.893875752236308e-06,0.0005512983522442909,1.74,384.38348
228,-1.1099072907757458e-05,0.00045592296519506595,0.14,577.57
229,-7.893391973560764e-06,0.000624683462594898,1.33,368.2729
230,-1.582076560769428e-05,0.0006810213565312239,0.49,243.35541
231,-2.2395207648413717e-05,0.0005132326088525791,2.39,-130.25974
232,-3.182257207745645e-05,0.0007038634061112829,-1.25,-239.54993
233,-3.4082233544055876e-05,0.001018815234679136,-0.03,-449.15543
234,-3.6390916169732936e-05,0.0009119439115554566,1.04,-524.2051
235,-3.4686337675251e-05,0.0009149996268527415,1.31,-423.55173
236,-2.4247977624205914e-05,0.0010404470592029612,0.17,-245.78764
237,-2.3367591303340108e-05,0.0007692835288216944,0.71,8.128144
238,-1.186565926222506e-05,0.0004236663616776847,0.11,284.8214
239,-8.802920268002493e-06,0.0005018636649010024,0.67,394.27008
240,-9.430198710966792e-06,0.0005411838983149154,-0.27,424.14398
241,-1.079772392194216e-05,0.0004247924906180526,-1.64,388.2843
242,-1.3397230129969535e-05,0.000520822167453769,-2.01,150.5727
243,-2.54553507465769e-05,0.00045097119342235603,1.01,-122.76955
244,-3.422614240797327e-05,0.0007112033766742989,0.41,-250.24397
245,-3.759346314859108e-05,0.0007349941236675172,0.13,-400.8282
246,-3.775679561435789e-05,0.0008227019134094047,0.48,-559.9042
247,-3.318467006672979e-05,0.0009116657846986517,-0.27,-430.21732
248,-2.59650643648355e-05,0.0010456855732800857,1.07,-226.45668
249,-2.1588807777500546e-05,0.0006945507025795002,-0.16,20.045158
250,-1.3179962080519347e-05,0.0005313356323464177,-1.02,232.30746
251,-1.3700721242369786e-05,0.0004460608781439875,0.46,442.36105
252,-6.553396535759588e-06,0.0004392718665100694,-1.97,458.35388
253,-1.2230161100386137e-05,0.0004498816253623835,0.41,440.8416
254,-1.4517082142339604e-05,0.0004991599991315802,-0.68,207.36258
255,-2.355722367422762e-05,0.0005945271223715785,0.33,-116.70679
256,-3.550879427684679e-05,0.0006344104929724587,0.2,-326.1859
257,-3.750390542944741e-05,0.0008396627575370277,1.41,-432.61517
258,-3.168135436499142e-05,0.0008486174719188665,-0.27,-522.902
259,-3.0941285219664524e-05,0.0008177378859400235,-0.21,-445.34784
260,-2.4486756719630248e-05,0.0011746618843225302,-0.14,-199.67899
261,-2.1893689024856883e-05,0.000834898857871064,1.22,82.37493
262,-1.5146696185204038e-05,0.0005471246481323154,0.64,376.89102
263,-1.1904006665214989e-05,0.0005704053421768659,1.63,483.65872
264,-6.723928980547147e-06,0.00033838884669713326,1.53,512.49475
265,-9.421481274265325e-06,0.00045849606639379885,-0.39,357.37598
266,-1.3063552253355424e-05,0.00043964260734938635,1.23,107.418686
267,-2.4765318735565716e-05,0.0004324344195720945,0.65,-88.24704
268,-3.372209000100225e-05,0.0006874419770607463,0.33,-307.41394
269,-3.303585196628976e-05,0.0007031702677992751,-0.14,-488.7229
270,-3.6646507612448495e-05,0.0009577895311687377,0.67,-531.51184
271,-3.349079792080317e-05,0.0011785009511229004,1.83,-412.29337
272,-2.8629883362433853e-05,0.0008204311439514236,-0.98,-174.42578
273,-1.872843477780094e-05,0.0009255201393185142,1.16,17.576332
274,-1.4045017091525046e-05,0.0006085738384488525,-0.62,283.43127
275,-9.904081011676856e-06,0.00042967180998163804,-0.89,577.0477
276,-6.60295483731882e-06,0.0005113839650168305,1.68,379.3827
277,-1.6342577849974034e-05,0.0005129149039266849,1.43,329.48193
278,-1.718439095667989e-05,0.0004819596547454955,0.63,26.432468
279,-2.4829810814864887e-05,0.0004709443206453266,-0.19,-93.516266
280,-3.0134792006426703e-05,0.0007120376103461025,0.15,-223.75525
281,-3.5836119472898846e-05,0.0009486301975226323,1.65,-434.57684
282,-3.594073215623134e-05,0.0010623623587375588,0.67,-483.71753
283,-3.0240783373966385e-05,0.001163815572202473,-0.39,-421.40164
284,-2.726855740998468e-05,0.0007335374628951386,-1.87,-179.06128
285,-2.2813934475604865e-05,0.000718885400139463,0.7,120.17682
286,-9.433203981300014e-06,0.0005791067180039236,0.67,313.9646
287,-9.155090198257839e-06,0.0004945328851989802,0.62,521.064
288,-7.996820467572737e-06,0.00041192595895207524,1.11,545.00867
289,-9.213011075579354e-06,0.0002735949758984874,-0.09,349.35873
290,-1.4304734281419465e-05,0.0004401956440712298,0.96,232.04932
291,-2.383696288773839e-05,0.0004770017007668381,-0.54,-57.376907
292,-3.0977665722578726e-05,0.0007096738202905913,1.73,-227.6428
293,-3.491794925367785e-05,0.0011471253787109367,1.31,-418.2395
294,-3.637924248004731e-05,0.000985359612786695,1.26,-522.3465
295,-3.1032737283929096e-05,0.001063466894169325,-0.16,-380.7342
296,-2.437035215904568e-05,0.0008103102327222991,0.75,-171.43608
297,-2.1305207502659715e-05,0.0005624345080602805,-1.89,72.98297
298,-8.746191556262298e-06,0.0006547417485429125,0.98,201.01431
299,-8.986315398414586e-06,0.0005586620659873345,-0.49,465.00092
300,-8.992702947169514e-06,0.0004630176850634722,-0.45,513.6676
301,-1.1818901434843997e-05,0.000495099684988787,0.32,393.16217
302,-1.5225630396960167e-05,0.00036018773000070863,1.21,153.14168
303,-2.4217375733618005e-05,0.0005477365501182944,-0.34,-75.50989
304,-2.847669872224737e-05,0.0006152930506795131,-1.18,-284.6347
305,-3.421590459786078e-05,0.0008944627820598017,0.67,-417.518
306,-3.5823426863228845e-05,0.0009030186964724067,-0.23,-467.45154
307,-3.442271008691844e-05,0.0011410420949086592,0.05,-387.6615
308,-3.09724094837697e-05,0.0008935518929530012,0.09,-190.30798
309,-1.9737982986943505e-05,0.0006333934098819987,-0.6,45.693718
310,-1.219442167142309e-05,0.0006341721947358944,-1.45,214.01682
311,-6.509792311736683e-06,0.0003987152580916455,-1.19,444.3245
312,-1.0532949036563073e-05,0.0004537746557087837,-1.77,527.4556
313,-1.0796667724878803e-05,0.00030567886635834556,-1.96,479.00092
314,-1.2645556585016247e-05,0.0005048640071809572,0.95,219.69559
315,-2.402455134354872e-05,0.0005435340928157731,1.54,-46.74794
316,-3.3327865934669755e-05,0.0006399812987691344,1.03,-206.96751
317,-3.715115132452208e-05,0.0010480431722563416,-1.6,-477.34845
318,-3.409394384040644e-05,0.0009847484367624458,0.92,-528.07623
319,-3.320200081173924e-05,0.0008214074471167111,0.56,-418.08722
320,-2.545146969718593e-05,0.0009221086927508522,1.44,-217.22787
321,-1.7187334372416657e-05,0.0007750956863858269,0.57,54.530617
322,-1.4535249143672345e-05,0.0005952350228117148,-0.36,213.52217
323,-9.12172876785682e-06,0.0004220962651623558,-1.22,637.2553
324,-6.5253165958961526e-06,0.00037462094703483867,-1.03,505.58096
325,-8.8568046297561e-06,0.0003650888354684262,-0.59,325.82553
326,-1.3873502668170125e-05,0.00041051977616280897,-0.68,90.946106
327,-2.37631702343909e-05,0.00045216028320109117,1.07,-111.31471
328,-3.370682173148433e-05,0.0006535041197075036,1.15,-243.48283
329,-3.4785863751151034e-05,0.0008772879220370063,0.02,-435.8895
330,-3.3670624993676266e-05,0.0009552916027034605,0.83,-515.01587
331,-3.203818718891423e-05,0.0009000416037593156,-0.52,-458.2133
332,-2.4569920312832332e-05,0.0011661635124005137,1.82,-200.9668
333,-2.0357669840078775e-05,0.0008570413862924212,0.66,-20.058044
334,-1.6638314112929544e-05,0.0006521134779476141,1.68,183.30545
335,-1.1844671387852061e-05,0.0005773151541380593,1.0,444.87762
336,-1.3167410284109127e-05,0.0005230013527154189,1.51,490.9463
337,-9.635896793779033e-06,0.0005590188341237168,1.68,257.616
338,-1.969343553138324e-05,0.0004028064890359467,0.21,190.63002
339,-2.5420359923575438e-05,0.0005033413915325177,-1.23,24.923292
340,-3.1186685044343005e-05,0.0008101687334261413,1.01,-295.047
341,-3.458860908376663e-05,0.0009322974188374144,0.55,-465.75977
342,-4.0491175616739144e-05,0.0009613429224455643,-0.03,-513.42114
343,-3.430768915528969e-05,0.0010274620080804539,0.07,-432.74796
344,-2.677926907070085e-05,0.0008591688969658409,-0.52,-223.77199
345,-1.4836711174446523e-05,0.0008285501714110792,-0.33,95.6469
346,-1.4172945336880124e-05,0.0006465871534172897,-2.07,275.26
347,-9.103623443880553e-06,0.0003995294160866323,-0.12,383.4812
348,-9.98381483742544e-06,0.0005276380488101,-0.35,552.0881
349,-9.733829621899499e-06,0.00042143233519641003,0.47,484.06335
350,-2.0140387961912898e-05,0.0004389440757035161,0.16,79.311935
351,-2.446588194630345e-05,0.00038008468478427,0.88,-137.24313
352,-3.326288808405293e-05,0.0006870887521260839,-0.85,-252.27512
353,-3.476253857051133e-05,0.0008564286241224787,0.85,-483.33737
354,-3.577182100015043e-05,0.0011261872946572934,0.85,-545.3945
355,-3.3834556450724496e-05,0.001041277370647549,-0.08,-423.3699
356,-2.5189189388381943e-05,0.0009044781553824899,-0.3,-207.94202
357,-1.8222273044254205e-05,0.0008543528111196123,0.08,11.616218
358,-1.2143508331428165e-05,0.0005676329277205644,-0.89,262.87085
359,-6.623100362498576e-06,0.00043185676473623153,-1.44,363.90143
360,-6.219402897665034e-06,0.0004136181822207933,1.13,485.67743
361,-6.55127283612057e-06,0.00047579284143406164,-0.72,231.4816
362,-1.4006747319585248e-05,0.0004989911271048672,-1.34,90.951645
363,-2.2896213735516033e-05,0.0004889661802240576,0.26,-97.34019
364,-3.152253704363203e-05,0.0007151075125502661,1.12,-253.17366
365,-3.4585202314802804e-05,0.0007885755440597576,-1.05,-388.57007
366,-3.995988693131167e-05,0.0009029157017727434,0.33,-519.5895
367,-3.326769469126164e-05,0.0010581389043553269,1.85,-390.17737
368,-2.396435872586961e-05,0.0009490466401233954,0.59,-177.67694
369,-1.8213049179844e-05,0.0008116932342555208,0.96,69.06439
370,-1.3997967538165946e-05,0.0006304514712387844,1.48,276.7287
371,-8.896478755051119e-06,0.00038589618015715004,0.93,449.7271
372,-6.091251291421628e-06,0.0003629201125318107,0.38,605.447
373,-7.65345504045659e-06,0.0003673177904023817,1.25,419.0327
374,-1.4227020407356234e-05,0.0004143901391054961,1.23,195.81735
375,-2.4690822054900404e-05,0.0004912910699575554,0.09,-9.756026
376,-2.827942739082006e-05,0.0005531739490862218,-1.39,-238.61436
377,-3.182083758476639e-05,0.0008911056623261983,0.34,-422.05798
378,-3.4407490462771055e-05,0.0012401764772639779,1.8,-510.5034
379,-3.27152816781925e-05,0.0010051635737900273,1.17,-423.1711
380,-2.3803562745282155e-05,0.0008983746668693987,0.55,-168.35074
381,-1.8914465963579488e-05,0.000821376938233815,-0.78,53.808903
382,-1.1904203317903414e-05,0.000539917925373298,0.24,145.04771
383,-7.738160395268594e-06,0.00034308914540316133,-0.49,313.6702
384,-4.432973011169315e-06,0.00040994079856436554,-1.31,669.49713
385,-7.274441715534998e-06,0.0005457368057977929,0.41,220.91562
386,-1.235675504704564e-05,0.00039190909222795576,-0.77,293.99603
387,-2.5035789431644346e-05,0.0005911379486306348,-0.59,-89.61229
388,-3.0008848766624646e-05,0.0006954327806093939,-0.67,-236.986
389,-3.4230032604055946e-05,0.000881464317699061,-0.22,-485.8789
390,-3.7348723895911946e-05,0.0009686399827052652,0.41,-520.02466
391,-3.274760770019843e-05,0.0011464830641275342,1.04,-440.2292
392,-2.5484862159343414e-05,0.0010463940876720393,1.77,-199.69882
393,-1.916051529891168e-05,0.0007127288467344178,-0.28,23.306185
394,-8.12447487300637e-06,0.0006513960211994212,-0.09,190.23337
395,-1.2744765838047034e-05,0.0004817236066579237,0.11,510.83557
396,-9.557997748420493e-06,0.00043240021513436713,-1.76,558.8812
397,-6.941694202459045e-06,0.0004849237747458461,-1.73,454.0132
398,-1.1845709033173812e-05,0.00044616643216331627,-0.64,135.76848
399,-2.412122515035865e-05,0.0005342435015494618,-0.28,-146.32419
400,-3.2719707248821014e-05,0.0008146372657843473,0.52,-273.4545
401,-3.633841799156573e-05,0.0009098009567069676,-0.11,-472.1325
402,-3.9630504535585143e-05,0.0010251161839649637,1.02,-538.6959
403,-3.664081436780238e-05,0.0010329766651933964,1.36,-459.6753
404,-2.780254297756781e-05,0.0009458465725743282,0.38,-212.99438
405,-1.749340033099435e-05,0.0009416702161500776,-0.32,57.773438
406,-9.782895505729057e-06,0.0004847364594485018,1.15,213.13504
407,-8.270612005098982e-06,0.0005064767144187343,0.68,455.80304
408,-7.079607454118081e-06,0.000497766507189808,0.88,454.14282
409,-9.82560560788399e-06,0.0003367882807537607,0.14,388.78513
410,-1.6003138249269338e-05,0.0004201141621528276,-0.24,70.123245
411,-2.0434202846445263e-05,0.0004941429305161389,1.31,-70.90856
