,month,MER,MSSHF,RH,SCA,z
1,02,-7.399999772068052e-06,2.729709174746558,52.295623941567676,0.19,-11708.421
3,04,-2.191347909663616e-05,-15.59233038906521,62.41300571294825,0.22,-3387.5547
6,07,-3.0671342559486147e-05,-22.637875941122733,53.00265082314577,-1.45,12602.48
7,08,-2.8487004876296853e-05,-12.56110269165039,50.14281140049425,0.38,11210.472
8,09,-2.3132900744369383e-05,-4.023202255249023,42.3501046719922,-1.41,7495.243
9,10,-1.6345863611966567e-05,2.642213581372333,56.92965585534547,1.26,662.37427
10,11,-1.1569333000928361e-05,13.890767045423724,49.679388139549886,-0.15,-3849.5469
11,12,-1.207531024335357e-05,24.691616260159407,64.98245628347064,0.35,-8631.03
13,02,-7.359469057738698e-06,6.865867059466484,53.581606617508264,0.82,-13603.779
15,04,-2.282624180893941e-05,-17.872287172783746,48.97103869282801,0.62,-4140.587
16,05,-2.9285246377967465e-05,-30.998830406271004,47.47244699586335,0.68,1770.483
17,06,-3.014735746900341e-05,-26.066622504679362,62.37913317463399,0.32,9094.072
18,07,-3.1905643976779664e-05,-14.025872309859079,48.67037434149174,0.63,12632.917
20,09,-2.365392635981859e-05,-3.0327022542317708,42.946886476458445,-0.14,7391.158
21,10,-2.1172643707369163e-05,7.590982919672484,58.4636376896443,-1.17,528.3667
22,11,-1.4279194747299093e-05,14.235161112806532,54.54851769668525,-0.4,-5556.9253
23,12,-7.873070872231058e-06,26.063403682913826,61.380955716897084,-1.51,-9412.995
24,01,-7.860688640385075e-06,20.899533713063885,47.875411116570554,-0.75,-12697.436
25,02,-8.991757432514056e-06,2.888394768487839,50.11619150138895,0.59,-11522.545
27,04,-2.2320882245185202e-05,-19.334173597547743,50.02077896680037,-1.34,-3015.4668
28,05,-3.0310256707952082e-05,-17.47440350473055,59.34436809112436,1.42,2626.4976
29,06,-3.0904296795920855e-05,-15.787571440294057,51.69619375912348,-1.07,8232.871
30,07,-3.173775886429094e-05,-20.80200322239373,49.75860673643311,0.7,13439.724
31,08,-2.8741253340065727e-05,-19.03508228654759,42.77699926753197,-0.05,12491.972
32,09,-2.269007780640903e-05,-3.5648343312581385,46.85175361700852,-0.06,7797.126
33,10,-2.174942796122078e-05,9.781940688922843,60.93410625634399,-1.35,2107.1443
34,11,-1.4328458308167076e-05,19.586548003133142,54.57233108670976,-0.69,-5314.338
35,12,-7.687594037497059e-06,8.885675470167591,67.75924336626196,-0.47,-10037.098
36,01,-5.276928763964617e-06,11.574925520045783,58.01885871766587,-0.77,-12759.742
37,02,-7.864293709969517e-06,5.468580898829869,51.56958197040644,0.73,-11913.761
38,03,-1.6001877676116956e-05,1.792558938959594,55.95160838729334,0.72,-9512.626
39,04,-2.3437909088230905e-05,-21.874123499891493,46.11000325809585,-1.57,-2436.4983
40,05,-2.9170486620455693e-05,-20.4214844770534,47.92201473479629,-0.86,3267.1055
41,06,-3.17826830204164e-05,-27.949367026435006,48.16991035015053,-0.95,7281.783
42,07,-3.416977696542745e-05,-21.999847670688425,39.2781192299025,0.39,11976.688
43,08,-3.1963929242763654e-05,-15.790871219429917,46.55304641459066,-0.5,11933.318
44,09,-2.1331834113273846e-05,-6.238656323920356,43.43915766518911,-0.3,8162.401
46,11,-1.519573135911843e-05,20.401449884033198,56.70156626680825,0.21,-5376.9478
47,12,-1.0313162028783104e-05,17.753608460457098,55.75187243828721,-0.28,-9729.5625
48,01,-1.1369238679367056e-05,31.70380508160335,51.86229076744793,-1.33,-12137.293
49,02,-1.1685804688698098e-05,2.732715975443522,46.129101684696614,0.47,-13631.925
50,03,-1.3839232150540515e-05,-0.5926843497983868,57.115805566785156,-0.52,-9401.947
51,04,-2.090864053300013e-05,-10.60586452026367,65.75529212030038,1.24,-3014.0625
53,06,-3.6603149109497395e-05,-25.008415187242296,46.266101067479454,-0.55,7709.6685
54,07,-3.282222612492611e-05,-33.091220865229126,44.1499227373741,0.74,12299.111
56,09,-2.725831751290065e-05,0.9693071214463977,44.86737590899468,0.06,8075.342
57,10,-2.1395454446465794e-05,12.186390243366201,47.91972020449689,-1.87,2055.9863
58,11,-9.367185011372688e-06,10.117007967122396,41.05919099200301,-1.83,-5513.2373
59,12,-8.522425015388596e-06,21.808005747805364,57.410435429080856,-1.87,-10105.459
60,01,-1.1848107099418698e-05,28.771229348787696,56.9102486772409,-0.46,-11804.78
62,03,-1.3818876191033916e-05,-6.2181760956138685,56.610379949503034,1.46,-10246.371
64,05,-2.301351515928619e-05,-21.276121071107926,61.30564291210714,0.98,2639.3062
65,06,-3.0384449369921637e-05,-25.249517172580298,53.14751710217263,0.03,8200.105
66,07,-3.052118788760435e-05,-16.333257173927887,51.58020934386151,-0.72,12353.98
67,08,-2.8069958612225798e-05,-17.017802792784988,42.472240740586344,1.24,12313.977
68,09,-2.2138291550658728e-05,-0.809648367987739,66.94727416271104,-0.38,6695.479
69,10,-1.5594664512004833e-05,12.420039781796033,52.5519555827328,-0.3,978.6611
71,12,-7.343828446024142e-06,12.754345215500043,59.86620702467682,2.84,-9681.115
73,02,-7.646551471441942e-06,-7.170963860648018,49.17462651499538,-0.2,-11630.352
74,03,-1.1304150707112197e-05,-2.56875498781922,68.34861116093205,1.07,-8778.934
75,04,-2.3272295822324753e-05,-10.486857863362628,59.37646033687326,-0.88,-3364.569
76,05,-2.800802443084893e-05,-16.149492612120927,55.7763452255995,1.28,2140.7087
77,06,-3.090711121482552e-05,-17.990251360066733,61.34983533646531,0.11,7224.948
78,07,-3.447742918110781e-05,-15.274860501197074,50.75858460182529,0.15,11543.144
80,09,-2.244669017984254e-05,-3.3109654418945316,48.444472670045165,-2.12,7750.551
81,10,-1.5745955748394817e-05,1.4800897167574978,41.847355274659336,0.37,1599.488
82,11,-1.5779393952086846e-05,2.730464919026692,53.6031213278585,0.06,-5201.081
83,12,-6.748697063030508e-06,22.216181771555252,62.92255071562849,0.06,-11290.438
84,01,-1.0488508364736625e-05,25.802121266682942,67.17732922877546,0.16,-12911.867
85,02,-9.105866422227595e-06,-15.737989101954868,41.279925076501705,0.94,-13615.171
86,03,-1.09558865346488e-05,2.199697240357758,53.96111336709735,1.15,-9231.402
90,07,-3.000731417455182e-05,-30.125119514383297,48.19723509739805,-1.95,12565.899
92,09,-2.1116000810717296e-05,-5.870355172729491,52.886519872754164,-2.04,8276.115
93,10,-1.7202233669146365e-05,6.4104873591597356,48.62927366667281,-1.69,1616.6556
94,11,-1.2770530823662637e-05,20.62896745435927,57.76803370095226,0.15,-4953.039
95,12,-1.128779906788603e-05,28.043287035542146,58.52688881322774,0.49,-10523.539
96,01,-8.849628261046861e-06,-8.473066081057311,52.03738375666833,0.18,-12976.947
97,02,-5.771432554432804e-06,6.824847212655203,67.52644709656069,-0.52,-12053.11
98,03,-1.3287096029671374e-05,-5.803373095440609,55.151999684815046,1.03,-9373.393
99,04,-2.2575659647211267e-05,-11.442104777696397,52.015024873095086,0.66,-3844.3691
100,05,-2.791426425801057e-05,-28.103053294192083,60.924986691195485,-1.4,3028.8774
101,06,-2.8837502824555686e-05,-20.989433822292757,61.5306473079814,0.32,8483.431
102,07,-3.379324687933062e-05,-20.07741719498173,55.40260847481861,-0.97,11777.242
103,08,-3.0242934917310693e-05,-13.572054321945357,50.633880177582476,-1.65,11831.92
105,10,-1.9746457593286597e-05,13.28605210072507,59.41998880579267,1.4,2108.9707
106,11,-1.2423982501220758e-05,8.69252590874566,58.77474638277293,0.36,-4783.3975
107,12,-5.659096497726741e-06,10.619382738339004,50.16868590621025,-1.38,-9694.049
108,01,-9.400724827868036e-06,23.76198229324177,64.8158600401199,0.72,-12904.578
109,02,-1.553154618433063e-05,17.196350676788683,61.10995617006565,0.6,-12431.528
110,03,-1.4791143874625109e-05,4.141464673442225,71.63935923557511,0.49,-8963.738
111,04,-2.4692344382775542e-05,-22.74501348402235,55.09817502149212,-0.96,-3422.9014
112,05,-3.182606770285695e-05,-15.882362545546664,52.83810746537357,0.85,2610.8787
113,06,-2.7714982728361462e-05,-28.63852083367242,47.29024293223089,1.93,8674.713
114,07,-3.385038605679304e-05,-9.511822006717805,59.07058047961163,0.81,13033.854
116,09,-2.5435363158006416e-05,2.907980506727431,49.177534459747214,-1.08,8880.75
117,10,-1.6347254436593455e-05,7.273599919801116,47.520342997120274,0.1,2152.7466
118,11,-1.0307503538792339e-05,7.8851572241889105,46.36847800110711,-1.75,-5246.286
119,12,-7.866494279115095e-06,20.208327730240367,52.71666673100892,-1.98,-9418.561
120,01,-5.490775168401608e-06,12.580168148245866,46.32122026583841,-0.31,-11004.591
122,03,-1.7582771425163286e-05,5.919001820882161,61.97907953674307,-0.62,-7852.807
123,04,-2.3728384267512105e-05,-15.711892689005532,62.36782957411343,1.96,-3074.4058
124,05,-3.2913617601255e-05,-32.404015432706444,43.15242019264416,-1.85,3806.7324
125,06,-3.3498540398290464e-05,-35.047065074327264,55.710710440916486,0.78,9234.959
126,07,-3.3625666249610085e-05,-27.510599928661055,42.19065745926929,0.2,13938.391
127,08,-3.0036708770112647e-05,-17.0266568734774,43.458151734339296,0.21,12079.777
128,09,-2.1827326350689368e-05,-6.781363076782227,44.02462579022247,0.59,8493.48
129,10,-1.9913688146604526e-05,14.103063629806684,48.60193847477949,-0.65,2688.0369
131,12,-7.719866410816296e-06,20.033501539989185,45.286219627095804,-1.58,-10376.124
132,01,-9.708490018202875e-06,23.531725362798216,54.619796854420386,0.16,-12857.293
133,02,-1.709957590030951e-05,31.83555304718018,59.52337883048256,-1.68,-9941.776
134,03,-1.7018775953137494e-05,2.372058311872584,47.98838851665681,-1.97,-6749.6616
135,04,-2.7999317039636173e-05,-19.276666238742408,46.732171709169286,-0.72,-2494.5627
136,05,-3.125298669270236e-05,-34.3688931694441,36.06377147361027,0.74,2823.8345
137,06,-3.068480971400681e-05,-23.63770078192817,52.16888050745726,0.03,8588.646
139,08,-2.897321149455781e-05,-28.290339532667595,47.590817581110095,-0.15,12528.225
140,09,-2.7407515947157255e-05,-3.6402964202880854,48.108384553693405,-0.21,8070.3965
141,10,-1.8407037761653066e-05,10.48773665069252,49.92561818830045,1.22,2747.7095
143,12,-1.0178729378000547e-05,19.264495642221096,49.02194799312469,-0.15,-7602.8813
144,01,-9.804670876438911e-06,24.167181801416536,38.86062395377826,0.0,-11731.097
145,02,-6.996622216688376e-06,0.507544446309408,46.996895068120395,1.72,-12293.705
146,03,-1.2629808311264428e-05,-0.5304674036169569,53.76618897918476,0.92,-8269.731
148,05,-2.5811937759284265e-05,-33.066711107479634,47.67298183366304,-1.53,3464.3218
149,06,-2.987989489524302e-05,-20.686577268473304,57.62339900992447,-0.71,9100.139
150,07,-3.606362330103894e-05,-12.26554677852508,46.37869990175771,-0.51,12246.792
151,08,-2.9805839779475068e-05,-22.79464663072811,38.70661156831249,-0.28,12694.195
152,09,-2.1833397036001162e-05,-8.548686426798504,39.4321560544822,-1.37,7908.3916
153,10,-2.004618059737534e-05,2.17344532234438,45.307421456006274,0.18,3338.8406
155,12,-7.654158530845394e-06,17.942148733159545,42.031411531264894,0.01,-9294.711
156,01,-5.988280283046514e-06,9.900324605634134,41.55076964045469,-0.02,-12504.773
157,02,-7.568776633878318e-06,10.513905402874128,42.596786469010105,-0.03,-12036.727
158,03,-1.6743815379482177e-05,3.675611719931326,56.535387553599556,0.41,-8776.095
160,05,-3.502280750303383e-05,-18.415903687507882,37.98684394011575,-0.67,3259.879
161,06,-3.339920427913765e-05,-25.873405965508358,43.36981476617124,2.34,7476.244
162,07,-3.3542465003026134e-05,-26.574038988010855,46.61348771423679,-1.03,11185.32
163,08,-3.290884278264643e-05,-13.404264240552024,52.83446418771308,-1.24,11838.644
164,09,-2.5466491539959356e-05,-1.4094354346381297,48.6797681992597,1.59,7644.77
167,12,-8.425528942156701e-06,11.411874493342573,45.69198678764476,-0.18,-8445.46
168,01,-9.715480358609446e-06,34.39173987899288,57.42208674485646,-1.29,-11352.348
170,03,-1.4966802825774622e-05,-6.011914413616221,42.24266758934657,-0.1,-9114.324
171,04,-2.191761210872048e-05,-4.539731902737087,59.59964808656376,0.59,-4856.0723
172,05,-3.0932743489659034e-05,-26.541132331437964,51.168041845343446,1.49,1837.4089
173,06,-3.281592492067931e-05,-24.277929318237305,46.836056776909025,-0.48,7358.174
174,07,-3.3366269429406925e-05,-23.52127023184171,53.23872095220833,-0.18,12307.131
175,08,-3.234485571499712e-05,-11.285276480397874,49.79429166342623,-0.63,12353.4375
176,09,-2.2725771390226628e-05,-2.4448908416748045,57.50485973500145,1.18,7273.867
177,10,-1.798888249350155e-05,2.3637267239478326,43.9463890340828,0.76,1847.6914
178,11,-1.1587640056374466e-05,-1.8295716874864363,52.225245416957804,1.9,-4301.6846
179,12,-9.250304196792702e-06,31.236705364924607,64.63241229699248,-0.04,-9229.727
180,01,-8.814763398506955e-06,28.086010490499522,59.814965074129006,-0.24,-12299.202
181,02,-9.681430163471391e-06,-2.9269207930791947,54.97462990093799,1.25,-12559.941
182,03,-1.5868986940443404e-05,12.424105568506382,56.25959003628518,-0.72,-8488.641
184,05,-2.8615912740195944e-05,-19.306992470361852,50.8592781971834,0.52,2272.5217
185,06,-3.390126228795352e-05,-22.424498955281575,49.86442946763436,-1.54,8986.74
186,07,-3.466171150601792e-05,-32.442688338413035,36.16844127948567,0.6,12556.758
188,09,-2.649383951805552e-05,-2.2674784339057075,50.77799905458556,-0.02,8989.561
189,10,-1.8016295581522476e-05,4.47270425086893,52.33998963107474,-1.33,2812.795
190,11,-8.92097842036795e-06,12.752254605102538,55.27824593100681,-0.53,-3394.4578
191,12,-1.093666692604627e-05,22.757288210632986,53.902280609893545,1.35,-9253.727
192,01,-1.2804497735976505e-05,25.385474410518523,57.77612080058489,-0.09,-11684.3125
193,02,-1.271823695051786e-05,20.178666164579848,60.9734689490412,-2.08,-11488.822
194,03,-2.219248033328259e-05,-0.5256330294045062,56.57506640008187,-0.32,-7853.046
195,04,-2.3056703787511248e-05,-15.611610607231992,48.9374839578549,-0.98,-3906.6106
196,05,-3.3250014936618425e-05,-29.631465932538433,52.844916530618114,-0.35,2290.3337
197,06,-3.44918315846169e-05,-24.446217814466692,49.08188772321145,1.69,8524.805
198,07,-3.591561413959817e-05,-25.92438248894804,39.340810654867084,-0.36,11782.269
199,08,-3.331847033315239e-05,-31.29434137422295,33.68999910253863,0.06,12207.728
202,11,-1.3042386322538529e-05,9.068964893934462,58.53600206141338,-0.25,-4045.3254
205,02,-7.544903639281147e-06,5.38362545916678,55.18347650017959,-0.22,-11471.688
207,04,-2.0502408365953464e-05,-21.604367342122394,58.54018084150156,1.24,-5092.409
208,05,-2.4253428110207234e-05,-26.022296560964275,51.92535755428705,0.36,2914.9844
210,07,-3.142641031134248e-05,-27.054918192217425,49.82263012584947,-1.59,13303.633
211,08,-2.9903093116464793e-05,-15.358725825155936,42.33743624172287,2.93,12903.234
212,09,-2.534073391895315e-05,-7.00570699428982,43.673043699496326,1.03,7065.0205
214,11,-1.4551765714713837e-05,14.46901237657335,58.72207561985916,0.01,-3637.9163
217,02,-9.97768289436776e-06,28.48145621345157,61.04910012837534,-0.87,-12137.42
218,03,-1.2413017713795421e-05,-3.0697627356744577,49.8996438915832,-1.33,-8833.857
219,04,-2.201332183204714e-05,-17.60772253417969,50.15108422283994,-2.44,-4023.6616
221,06,-3.476727682935032e-05,-20.254541469319665,56.16686724849277,1.64,7847.7754
222,07,-3.376502295814329e-05,-20.43258258581674,48.29218798171063,2.61,12165.337
223,08,-3.064838395117496e-05,-15.397676236060358,39.11490551742816,1.18,12450.368
224,09,-2.7053925191669103e-05,-10.968042353990342,40.873450344501606,-1.42,7772.9434
225,10,-2.0736059433235615e-05,1.8364669255082322,46.07108195983722,-2.17,1933.7903
226,11,-1.1372840429430654e-05,5.54297788119846,52.451002673839106,1.42,-5194.5845
227,12,-9.893875752236308e-06,16.98351939342868,60.12797338394067,0.61,-10260.955
228,01,-1.1099072907757458e-05,24.386054642872143,54.87726956107148,0.59,-12722.141
229,02,-7.893391973560764e-06,12.879144769577753,54.623768248409036,-0.56,-11540.957
230,03,-1.582076560769428e-05,4.910139277304372,64.38913835901599,-0.05,-8233.645
232,05,-3.182257207745645e-05,-20.036693252071256,51.31070372274871,0.25,3872.7173
233,06,-3.4082233544055876e-05,-13.138249787733287,60.09514157660935,-1.02,9752.887
234,07,-3.6390916169732936e-05,-13.917790471887077,46.5719772114318,-1.63,13449.991
235,08,-3.4686337675251e-05,-19.754633603331865,40.27667498864153,-2.19,13797.279
236,09,-2.4247977624205914e-05,0.3736279635959201,55.41774919654528,1.41,8394.729
237,10,-2.3367591303340108e-05,14.50471792602539,57.49670259841796,-0.49,3218.915
239,12,-8.802920268002493e-06,22.454611907630838,51.308709990082264,-0.95,-9046.672
240,01,-9.430198710966792e-06,24.63400003675235,61.44896206574927,-0.01,-11356.637
242,03,-1.3397230129969535e-05,-0.9194605676794566,60.6708199271861,1.68,-9462.154
243,04,-2.54553507465769e-05,-17.42901027967665,53.24983413987689,-0.25,-2237.734
245,06,-3.759346314859108e-05,-24.964019442409946,49.104056137108806,0.49,8803.066
246,07,-3.775679561435789e-05,-20.12216363230059,34.70881050790896,-0.01,13165.402
248,09,-2.59650643648355e-05,-3.5717024329291456,50.26974016195536,1.24,8145.532
249,10,-2.1588807777500546e-05,5.981483147405809,48.24640764357326,0.81,2183.858
250,11,-1.3179962080519347e-05,12.654008286878799,52.50058610761298,-0.39,-3767.5989
251,12,-1.3700721242369786e-05,27.986750325848984,63.54783165261822,-0.34,-8052.5903
252,01,-6.553396535759588e-06,18.42038040095504,45.80448549491872,-1.02,-10197.658
253,02,-1.2230161100386137e-05,18.65321454909752,54.35344561065067,-1.16,-12812.816
254,03,-1.4517082142339604e-05,-0.5979741453765541,58.83941007500695,-0.92,-9432.89
255,04,-2.355722367422762e-05,-12.813957029554578,60.681698268123455,0.34,-2825.5957
256,05,-3.550879427684679e-05,-19.147158501081563,47.704144963514416,0.27,2940.692
259,08,-3.0941285219664524e-05,-19.063545700565466,39.65101154342005,-0.11,13316.797
261,10,-2.1893689024856883e-05,11.235235126454343,57.40779917159772,1.07,1770.6741
262,11,-1.5146696185204038e-05,20.892512133110895,68.07071139411661,1.91,-5157.812
264,01,-6.723928980547147e-06,14.384707934964087,53.25762820807451,1.45,-12915.943
265,02,-9.421481274265325e-06,7.153048214503697,61.79020408172125,-0.07,-12687.832
266,03,-1.3063552253355424e-05,-6.242824222359606,58.59238742218351,-0.53,-9035.381
267,04,-2.4765318735565716e-05,-15.737299090576174,60.65160554169682,-0.52,-2389.4802
268,05,-3.372209000100225e-05,-25.790908090242777,45.58359570831253,-0.73,3735.0598
269,06,-3.303585196628976e-05,-31.827683939954966,48.06642211600013,-0.58,8366.211
270,07,-3.6646507612448495e-05,-24.41304970722813,43.035889669943884,0.57,13012.49
273,10,-1.872843477780094e-05,15.499699002173642,52.0420637966638,1.32,2233.4663
274,11,-1.4045017091525046e-05,9.019137569173179,50.75557469189433,-2.06,-4238.8086
275,12,-9.904081011676856e-06,14.487402564920403,52.82181985401466,0.68,-9431.133
276,01,-6.60295483731882e-06,23.604068570044735,51.65779350411636,-0.7,-11377.922
279,04,-2.4829810814864887e-05,-14.182246478949653,49.20558492463959,0.94,-1718.0747
280,05,-3.0134792006426703e-05,-17.31557953963741,52.31226475243542,1.3,2646.5386
281,06,-3.5836119472898846e-05,-20.466573669433593,50.7506326838851,-0.43,8097.714
282,07,-3.594073215623134e-05,-17.96138944137737,48.60045512300026,0.2,13515.527
283,08,-3.0240783373966385e-05,-12.41071590333344,52.640142950275894,1.22,12595.842
284,09,-2.726855740998468e-05,-6.606480073716904,41.46046437310777,0.88,8716.466
286,11,-9.433203981300014e-06,10.082439758300783,57.335292302331666,0.8,-6304.27
287,12,-9.155090198257839e-06,-0.601292420089886,52.83887711868107,0.96,-11307.625
288,01,-7.996820467572737e-06,16.024269751435966,52.92226850532075,-0.51,-12359.666
289,02,-9.213011075579354e-06,1.6289639434814458,40.65915042115535,1.55,-12378.402
291,04,-2.383696288773839e-05,-17.2942943037245,47.44735419490735,0.9,-3032.9307
294,07,-3.637924248004731e-05,-25.786057973554062,44.12265574810709,1.01,13255.426
295,08,-3.1032737283929096e-05,-31.771135562691633,39.36124998163152,-1.31,13136.711
296,09,-2.437035215904568e-05,-12.497950702243381,40.21523504180775,-0.13,8990.468
297,10,-2.1305207502659715e-05,-2.352458050143333,49.86598729915773,-0.62,2316.585
298,11,-8.746191556262298e-06,13.336127873399521,55.471923015075255,1.51,-2983.1606
300,01,-8.992702947169514e-06,20.66453995308825,64.87525535803712,-0.25,-12564.812
301,02,-1.1818901434843997e-05,12.780648606925178,58.06078212638148,-0.14,-12037.665
303,04,-2.4217375733618005e-05,-11.611916856553819,59.49211039767795,1.04,-3954.7134
304,05,-2.847669872224737e-05,-31.81054322043798,50.857990436966695,-1.53,3061.7993
305,06,-3.421590459786078e-05,-30.121984181382924,54.56608841220009,-1.26,8659.363
306,07,-3.5823426863228845e-05,-21.040274605699764,48.61712288511441,-0.5,12292.784
307,08,-3.442271008691844e-05,-10.630728795861687,53.4802156332962,0.55,11871.957
309,10,-1.9737982986943505e-05,10.8786054316695,45.96995730125903,0.55,2716.7642
310,11,-1.219442167142309e-05,8.63346869269477,52.650442458646836,-0.97,-3192.875
311,12,-6.509792311736683e-06,12.651209838210898,41.13814304297201,0.13,-8500.791
312,01,-1.0532949036563073e-05,27.835473567839585,50.62756816835045,-0.36,-10848.727
313,02,-1.0796667724878803e-05,1.9850640389578682,54.967533898224424,0.74,-10969.945
314,03,-1.2645556585016247e-05,2.2825399281491516,62.992716266741034,-0.69,-9788.999
315,04,-2.402455134354872e-05,-12.38321820203993,55.9102142579476,0.17,-2367.543
316,05,-3.3327865934669755e-05,-23.83920729967343,52.369123788558014,-1.49,2728.9004
317,06,-3.715115132452208e-05,-30.632264646063906,50.84424858076307,-0.44,8332.209
318,07,-3.409394384040644e-05,-23.561669685609886,47.80977541725482,0.68,13354.375
321,10,-1.7187334372416657e-05,10.538457600583316,41.694871458662455,0.48,3549.4006
322,11,-1.4535249143672345e-05,9.326381112670902,61.63253474075529,0.49,-3208.5916
323,12,-9.12172876785682e-06,14.485518746324761,56.37181309181387,0.94,-10084.092
324,01,-6.5253165958961526e-06,7.280853728591756,43.42763289413273,2.11,-11490.6875
325,02,-8.8568046297561e-06,4.634872235616048,55.29220876641359,0.12,-11284.791
326,03,-1.3873502668170125e-05,-4.782673361173239,59.930227692120816,-0.66,-8605.678
327,04,-2.37631702343909e-05,-18.782449027506512,53.65862876264652,-0.11,-2609.3003
328,05,-3.370682173148433e-05,-13.439136345319852,55.415879218805216,0.13,3705.5083
329,06,-3.4785863751151034e-05,-27.11431088460287,44.96967633606062,-0.11,10089.652
331,08,-3.203818718891423e-05,-14.970106861073484,56.166526000266416,1.89,12910.715
332,09,-2.4569920312832332e-05,-1.9050392035590278,48.50952039943403,0.45,8808.689
333,10,-2.0357669840078775e-05,8.929626497002058,49.91160704086961,1.22,2241.8245
335,12,-1.1844671387852061e-05,21.158474252352146,51.61357204472506,-0.04,-9102.483
336,01,-1.3167410284109127e-05,32.71415653975292,54.798027210791915,-2.33,-10320.383
337,02,-9.635896793779033e-06,12.227102448962983,62.05461917357218,0.54,-12566.481
338,03,-1.969343553138324e-05,2.858439688077537,50.951221448258686,0.53,-7286.1772
339,04,-2.5420359923575438e-05,-23.728481532796227,35.425640993569964,-1.32,-3807.026
340,05,-3.1186685044343005e-05,-23.42358186127037,55.67473245647261,0.42,3227.0544
341,06,-3.458860908376663e-05,-19.802041976589628,51.81401281598541,1.05,8767.795
343,08,-3.430768915528969e-05,-11.902402343421853,46.669440629773256,-0.13,12771.394
344,09,-2.677926907070085e-05,-2.246240928141275,48.58724766878287,-0.53,9123.249
345,10,-1.4836711174446523e-05,-1.5530790907336818,46.4751422240952,-0.16,3301.3262
346,11,-1.4172945336880124e-05,15.984315191311307,55.0159122577058,-0.81,-4754.6504
347,12,-9.103623443880553e-06,18.67049515623687,44.72693699303237,0.43,-9061.029
348,01,-9.98381483742544e-06,30.50790186531313,59.32570013750177,0.46,-11633.295
349,02,-9.733829621899499e-06,11.488472740085646,43.235250111784055,-0.21,-11768.665
350,03,-2.0140387961912898e-05,4.352542552004578,67.29393991330491,-1.76,-7481.6006
351,04,-2.446588194630345e-05,-15.287676639472116,50.48518859204715,0.18,-1618.979
352,05,-3.326288808405293e-05,-18.37616691179173,46.32872357566895,0.53,2238.5596
353,06,-3.476253857051133e-05,-32.52892781643338,47.80475471985869,-0.15,8960.157
354,07,-3.577182100015043e-05,-18.878891244211506,53.425692884929724,1.33,12854.473
355,08,-3.3834556450724496e-05,-9.036356891591062,49.02626591384924,-0.28,11980.1455
356,09,-2.5189189388381943e-05,-2.5223080678304033,46.95382839618127,1.16,8298.771
358,11,-1.2143508331428165e-05,12.723418456013999,55.05112889809742,-0.71,-3625.163
359,12,-6.623100362498576e-06,8.910789440196046,51.189781416840454,0.38,-7706.271
361,02,-6.55127283612057e-06,7.2258432279314295,62.426701213981424,0.53,-10696.112
362,03,-1.4006747319585248e-05,0.15545269151913163,60.10794240493287,-0.51,-7137.2417
364,05,-3.152253704363203e-05,-24.89160391596312,50.72287625494953,0.38,2949.162
365,06,-3.4585202314802804e-05,-32.20444840494791,47.13420631794532,0.27,8044.822
366,07,-3.995988693131167e-05,-23.939954596078525,46.67216465320125,-1.13,11913.049
367,08,-3.326769469126164e-05,-18.63527480389995,42.41847231385144,-0.21,12267.428
368,09,-2.396435872586961e-05,-8.675344586181641,43.626415080409586,-0.8,8936.2295
369,10,-1.8213049179844e-05,4.716025361748153,49.256211021474606,-0.74,1264.9971
371,12,-8.896478755051119e-06,9.686923075029926,62.37685010996686,0.86,-10716.017
373,02,-7.65345504045659e-06,5.717629487900508,61.53230691539674,1.04,-12830.573
374,03,-1.4227020407356234e-05,-0.1344084672825314,56.345688745778084,-0.4,-8833.067
375,04,-2.4690822054900404e-05,-20.66956467929416,50.227940069592,-0.33,-3148.3608
376,05,-2.827942739082006e-05,-27.387183430333288,51.416537502500645,0.47,3424.3843
378,07,-3.4407490462771055e-05,-31.11366353779454,49.13440625845617,0.79,14100.357
379,08,-3.27152816781925e-05,-15.088779016966459,50.057286181364006,-0.3,13828.65
380,09,-2.3803562745282155e-05,-1.7829848341200085,47.799041656389505,0.5,8418.818
381,10,-1.8914465963579488e-05,8.677334267236855,54.52403665949838,0.33,1786.1338
382,11,-1.1904203317903414e-05,4.708053307088217,64.34552551558414,-0.08,-3242.0962
384,01,-4.432973011169315e-06,15.641597058367989,49.85520389962581,-0.24,-12081.906
385,02,-7.274441715534998e-06,7.353929252261208,64.81677477946593,0.3,-11381.773
387,04,-2.5035789431644346e-05,-14.869033695136176,49.48712501599656,-0.4,-3806.178
388,05,-3.0008848766624646e-05,-32.62149781881353,48.67582858574712,-1.08,3004.2407
391,08,-3.274760770019843e-05,-10.64563058373236,50.85391145080519,0.24,12525.803
393,10,-1.916051529891168e-05,8.726722329416583,41.10612051369683,-0.27,2800.8586
394,11,-8.12447487300637e-06,7.208228931681314,45.10324230610001,0.62,-4248.8843
395,12,-1.2744765838047034e-05,29.389911852764826,62.27082245179138,0.53,-8282.74
396,01,-9.557997748420493e-06,23.492998173539362,55.985124487241116,0.57,-11751.045
397,02,-6.941694202459045e-06,2.77444112036694,54.92825397600388,0.34,-12315.107
398,03,-1.1845709033173812e-05,-9.130659757880753,42.53471919810516,-0.47,-8244.066
399,04,-2.412122515035865e-05,-15.116672309705946,65.52592149374486,-0.93,-2464.2
401,06,-3.633841799156573e-05,-15.284035491265191,54.862410076340026,-1.42,9076.314
403,08,-3.664081436780238e-05,-14.530181596981583,48.63167088847007,0.85,13334.174
406,11,-9.782895505729057e-06,13.286790387301977,48.36725960095062,0.68,-3610.1792
407,12,-8.270612005098982e-06,23.135962751162953,68.44660146777348,2.0,-9479.382
408,01,-7.079607454118081e-06,9.77005108642578,59.36599973937003,0.08,-12127.047
409,02,-9.82560560788399e-06,1.2790957768758144,54.799641565576906,1.0,-11195.68
410,03,-1.6003138249269338e-05,-14.11737674147083,62.83003596656937,-0.57,-8751.324
411,04,-2.0434202846445263e-05,-16.983018215264217,45.651346360141694,-1.1,-2543.7803
413,06,-3.319209287441886e-05,-26.815010833062065,45.349666944320994,0.3,9284.461
415,08,-3.2683108437937644e-05,-17.84199171037572,39.46305893081491,-0.82,12698.115
416,09,-2.475842662511746e-05,-8.054260448540582,49.65095689521101,0.38,8700.503
417,10,-1.765674730958508e-05,13.677036990258001,51.31546706972713,0.67,3182.316
418,11,-1.2026654228591521e-05,13.685960133870443,60.59634180396663,-0.7,-2637.7085
419,12,-9.44601224512954e-06,28.97793200421077,55.46996279250422,-0.73,-8335.33
420,01,-8.580053124215514e-06,22.96357862870411,63.49304372530727,1.75,-12805.384
422,03,-1.6731313326227373e-05,-1.3453218475669946,47.843510205716214,-0.47,-9033.157
423,04,-2.3883861623916246e-05,-16.521862002224392,58.86005653639768,-0.66,-3047.537
424,05,-3.2321809314922687e-05,-17.350711201329386,63.11191008513332,-0.49,4448.4873
425,06,-3.645346474101341e-05,-28.120134918891054,43.231891095406475,0.19,9420.534
426,07,-3.570791800838603e-05,-18.498887496784167,52.862582088247414,1.56,13082.0205
427,08,-3.5946427165531874e-05,-15.756697428713563,51.75170243226714,-0.59,13165.033
428,09,-2.0748739615697153e-05,-9.244409510294595,35.08465283191469,1.14,8500.465
429,10,-1.6616273676728237e-05,8.951883064844276,46.06859467966968,1.11,2374.1885
430,11,-1.0089955154782932e-05,6.784489759657117,59.376273723493675,1.77,-4718.444
431,12,-1.0581146033268115e-05,22.95546643394552,54.273882943514856,-0.4,-8255.788
434,03,-1.5915630637317265e-05,-1.6360386480515998,44.90566300547765,0.39,-7061.134
436,05,-3.070366395367009e-05,-25.76910455847299,53.73915812349191,-2.15,3151.6182
437,06,-3.477750818122634e-05,-31.860220404391814,46.7203716229452,-1.52,9379.499
438,07,-3.7615658574522775e-05,-25.170489753641114,45.05531850020347,-1.11,12405.043
439,08,-3.326061218056918e-05,-12.586229408838417,52.3345120203854,0.87,13567.777
440,09,-2.5603061031688413e-05,-1.6679924726698132,46.654843129608366,1.09,9817.694
442,11,-1.4898132296588707e-05,27.46974549831814,55.57987919455502,-0.4,-2290.2026
446,03,-1.4810545610421827e-05,-5.396197126162949,59.004922374092125,-0.23,-7803.0234
447,04,-2.7581765115751797e-05,-20.820068422105575,57.557788026644126,-0.11,-3219.5918
448,05,-3.16294027814815e-05,-19.310568396455505,50.32535560724812,1.05,4133.3022
449,06,-3.356170396635004e-05,-23.02242342732747,60.87640379265148,-0.95,9917.457
450,07,-3.758493633006676e-05,-22.269790681900524,47.74635748879372,-0.7,14236.689
451,08,-3.3272750999810424e-05,-17.014684508621052,43.397001161080546,-0.44,14512.639
452,09,-2.4645985519115736e-05,-7.889081433783638,37.34792189491059,-0.99,9733.788
454,11,-1.1750765303218536e-05,10.89123139716254,54.5964946256227,-0.06,-3758.668
455,12,-4.447676278540448e-06,15.633635981405934,42.93341399640295,-1.18,-8575.625
456,01,-6.416161365773257e-06,12.223324068787278,48.97643718384928,0.17,-10717.213
459,04,-2.5679135762624757e-05,-26.331729773288306,46.84454056873057,-1.45,-3090.3438
461,06,-3.566179110415154e-05,-31.36642959594727,52.944568701901716,-1.43,8269.2295
462,07,-3.888270218750779e-05,-23.176640851420746,56.14024401203919,0.03,13454.736
463,08,-3.333480648354688e-05,-12.395997953681537,44.035043613662005,-1.57,13486.209
464,09,-2.5415033401845397e-05,-5.530321179199219,52.86381167994076,0.46,8945.283
465,10,-2.0550294828412475e-05,15.281469091599986,50.30405073937036,0.3,3250.135
466,11,-1.2597567349661808e-05,15.910226154920792,53.90823562632401,-0.08,-3020.8025
468,01,-8.493993727101315e-06,23.796599253992884,55.116003269850566,0.44,-10304.701
469,02,-1.1806723732206594e-05,-2.6082788761683875,46.30087924139698,0.43,-10508.951
470,03,-1.3339704251535219e-05,-6.768148279333628,63.03257818707726,-0.81,-6837.794
472,05,-3.631899526441482e-05,-17.44638056798135,47.40056218499266,1.69,4281.548
474,07,-3.4126774513620195e-05,-44.31138712696363,36.16823902212164,2.27,15114.702
475,08,-3.324744642680256e-05,-25.59706884437479,43.61733073811633,-1.05,13769.306
477,10,-1.717439320385384e-05,2.0582064438686585,44.893768001867876,-1.11,2787.496
479,12,-7.425197422547768e-06,21.47761040308142,53.53903508252609,1.35,-8705.1
480,01,-8.170035396257738e-06,18.813249751593478,61.34680531404607,-0.09,-11623.275
481,02,-8.232899953890454e-06,13.675333238874163,51.283400613031226,-0.4,-10582.207
482,03,-1.7898125718357898e-05,7.876527682396675,54.192069970153995,-0.93,-8373.466
483,04,-2.786484313502215e-05,-15.88577495863173,41.53150874974462,2.09,-3495.91
484,05,-2.8741963674400066e-05,-37.081440074305384,54.09692304540707,-0.11,2897.2778
485,06,-3.9525050331051005e-05,-23.208365014648436,47.86380608810849,-0.16,9559.696
487,08,-3.404563471354698e-05,-17.337182702177312,41.57153246440298,-2.09,13307.196
488,09,-2.6543087166161665e-05,-4.24653964674208,45.73786681658825,-0.52,9467.008
489,10,-1.8569231195137014e-05,10.235854191605762,54.45598049366731,0.16,4062.6538
490,11,-1.0039879183467646e-05,10.335369747924807,64.20363267016013,1.45,-3509.7563
492,01,-6.012859741277161e-06,22.106840989635838,48.67357203781476,-0.55,-9718.0625
493,02,-1.5386156723984276e-05,31.748662168305497,64.97568837541958,-2.69,-9824.916
494,03,-1.9840231885472768e-05,-1.8349693298339842,46.56073982853019,-0.88,-5233.688
495,04,-2.7043378228700023e-05,-24.0670989525689,35.17819720014996,-1.52,-2524.2969
496,05,-2.995519203009721e-05,-45.04488896819084,46.51938461271666,-2.37,3368.8608
497,06,-3.546342912159163e-05,-30.903872137790252,54.092656515480414,0.58,9637.166
499,08,-3.48960954878191e-05,-17.491402352609946,46.845165995435046,-1.56,12743.6
500,09,-2.4679065476549213e-05,-6.537764871215822,41.4254565234277,-0.47,9949.18
501,10,-1.848353834580477e-05,14.114419966174706,59.132486595437086,1.45,3865.6333
502,11,-1.0186800306089735e-05,15.631692754109702,47.969248177954896,-0.11,-2158.4958
504,01,-7.860778656987515e-06,14.34612370152627,66.80461903254064,0.31,-11138.011
505,02,-9.005972841740524e-06,9.622026147751583,54.51137783175566,0.31,-10611.586
506,03,-1.5948935392546162e-05,-0.9029574194467195,53.47545231677126,-0.93,-5853.164
507,04,-2.588563685021654e-05,-27.98602328389486,47.86236142485672,-1.16,-448.91995
508,05,-3.230829694098981e-05,-22.4746828918457,60.26473778712485,-1.06,3586.9622
510,07,-3.6336240956178925e-05,-19.074829963273896,48.14752719921964,1.48,14992.393
511,08,-3.444879628501263e-05,-12.903870650096605,45.419211714576655,-1.4,14147.021
512,09,-2.3354238802332672e-05,-7.743464881388346,41.71682162190013,-0.14,9568.801
513,10,-1.864643046111826e-05,14.62936670381279,46.729617401201246,-0.18,4125.7637
514,11,-1.0072340758698473e-05,9.36498726196289,49.88987413275507,-0.77,-3044.1274
