,month,MER,MSSHF,SD,t2m,tp
0,01,-7.186377549426466e-06,5.464709561255669,0.010292715281568547,271.0374221375988,61.434043169021606
1,02,-7.399999772068052e-06,2.729709174746558,0.0088853447891417,272.4365299592699,62.58125376701355
2,03,-1.408509512223264e-05,7.08405715679866,0.00040960040271923105,277.5071083010602,107.00708317756653
3,04,-2.191347909663616e-05,-15.59233038906521,3.557954761717054e-05,280.35185083779226,65.13916850090027
4,05,-2.839083756912113e-05,-16.16055940262989,4.408267492889076e-05,284.1894770028719,98.91896796226501
5,06,-3.330413338050373e-05,-22.16353809509278,0.0,287.5916414632162,77.33350610733032
6,07,-3.0671342559486147e-05,-22.637875941122733,0.0,288.5937503051758,36.31914162635803
7,08,-2.8487004876296853e-05,-12.56110269165039,0.0,288.49456290886997,84.36125612258911
9,10,-1.6345863611966567e-05,2.642213581372333,5.061999700402701e-05,284.1524093375258,56.921231508255005
10,11,-1.1569333000928361e-05,13.890767045423724,8.024262719684175e-05,279.5115746341281,76.8632504940033
11,12,-1.207531024335357e-05,24.691616260159407,0.00017524099221793556,278.9589235103156,131.76934385299683
12,01,-5.795284385228985e-06,8.867661568262244,0.000661063572411896,273.9435328466764,58.65590763092041
13,02,-7.359469057738698e-06,6.865867059466484,0.00011199214540678879,277.9200598216879,60.54261493682861
14,03,-1.4070489600584629e-05,-6.186828353717764,6.114121534491099e-05,277.7412255432786,70.78502440452576
15,04,-2.282624180893941e-05,-17.872287172783746,0.0,280.6358343542311,41.5899133682251
16,05,-2.9285246377967465e-05,-30.998830406271004,0.0,284.48860593045146,23.549720764160156
17,06,-3.014735746900341e-05,-26.066622504679362,0.0,287.3835177541096,87.7898542881012
18,07,-3.1905643976779664e-05,-14.025872309859079,0.0,288.3328994714881,142.42091464996338
19,08,-3.1051088017916934e-05,-11.540256553403795,0.0,289.8567247478526,67.59736728668213
20,09,-2.365392635981859e-05,-3.0327022542317708,0.0,288.5418778632271,42.64728355407715
21,10,-2.1172643707369163e-05,7.590982919672484,0.0,282.9430969840429,107.7690110206604
22,11,-1.4279194747299093e-05,14.235161112806532,0.0015326325999365914,278.42969395684133,72.95901393890381
23,12,-7.873070872231058e-06,26.063403682913826,0.0016069860227646364,277.40736817940336,73.57332229614258
24,01,-7.860688640385075e-06,20.899533713063885,0.0019344636983768915,276.2877688055551,93.3958797454834
25,02,-8.991757432514056e-06,2.888394768487839,0.0005664595067501069,274.87796189149225,42.9824595451355
26,03,-1.2076194787720939e-05,11.89821663673975,0.0001724853964262111,280.6608627738133,133.0828936100006
27,04,-2.2320882245185202e-05,-19.334173597547743,1.5786700778537326e-06,280.8875384987725,35.788278102874756
29,06,-3.0904296795920855e-05,-15.787571440294057,0.0,286.96279334038627,69.78700375556946
32,09,-2.269007780640903e-05,-3.5648343312581385,0.0,288.2523063490126,61.64737391471863
33,10,-2.174942796122078e-05,9.781940688922843,0.0,282.36856040909464,150.74281787872314
34,11,-1.4328458308167076e-05,19.586548003133142,2.2300614251030816e-06,280.54755887637674,79.1025390625
35,12,-7.687594037497059e-06,8.885675470167591,0.012596724167946844,273.28184220705754,63.80108118057251
38,03,-1.6001877676116956e-05,1.792558938959594,3.8041683935349995e-06,278.2745939710473,72.00946402549744
39,04,-2.3437909088230905e-05,-21.874123499891493,2.168152067396376e-08,280.3653982337103,35.43097186088562
40,05,-2.9170486620455693e-05,-20.4214844770534,0.0,285.1203722468551,53.242250204086304
41,06,-3.17826830204164e-05,-27.949367026435006,0.0,288.8242188401964,93.72558498382568
42,07,-3.416977696542745e-05,-21.999847670688425,0.0,291.04000476303924,32.713236570358276
43,08,-3.1963929242763654e-05,-15.790871219429917,0.0,290.1174927072832,88.86780834197998
47,12,-1.0313162028783104e-05,17.753608460457098,4.658237964876236e-05,277.1484120603172,83.42955470085144
50,03,-1.3839232150540515e-05,-0.5926843497983868,2.071826688704952e-05,278.44128489291285,81.02017283439636
51,04,-2.090864053300013e-05,-10.60586452026367,1.1234845055474176e-05,281.01254923197433,105.42021083831787
52,05,-2.6606813441591635e-05,-11.409518621957432,0.0,283.5180301421791,118.89742398262024
53,06,-3.6603149109497395e-05,-25.008415187242296,0.0,288.4321055046929,40.00491166114807
54,07,-3.282222612492611e-05,-33.091220865229126,0.0,291.918114544284,22.25583553314209
55,08,-2.6941880611302234e-05,-27.08358682743196,0.0,290.7689338021227,31.294189929962158
57,10,-2.1395454446465794e-05,12.186390243366201,0.0,284.1974871086613,59.156498670578
59,12,-8.522425015388596e-06,21.808005747805364,2.6479295504990444e-05,277.4857788941578,63.89762902259827
60,01,-1.1848107099418698e-05,28.771229348787696,0.0017296655524161556,276.7842754120365,127.76513147354126
61,02,-9.682757584759485e-06,6.4267875001403105,8.748411584174497e-05,275.46569391803087,61.24871587753296
62,03,-1.3818876191033916e-05,-6.2181760956138685,9.418372313181559e-05,277.09370695126444,62.89697480201721
63,04,-2.3066575134180317e-05,-21.124448284233942,5.596658653683133e-05,280.480126296997,21.789991855621338
64,05,-2.301351515928619e-05,-21.276121071107926,3.1990530670330086e-06,282.87292314492504,106.87018704414368
65,06,-3.0384449369921637e-05,-25.249517172580298,0.0,286.0332354305691,54.762237310409546
67,08,-2.8069958612225798e-05,-17.017802792784988,0.0,290.61531108601883,27.303098917007446
68,09,-2.2138291550658728e-05,-0.809648367987739,0.0,286.73494841105145,147.5589587688446
69,10,-1.5594664512004833e-05,12.420039781796033,0.0,284.94581760332665,95.18328905105591
70,11,-1.2000811908506469e-05,17.20852971835666,8.267998695373535e-07,281.5467750801086,78.44082713127136
72,01,-6.201572312694294e-06,7.789162023728894,0.006257890532093664,270.81246475709895,62.144726276397705
73,02,-7.646551471441942e-06,-7.170963860648018,0.00039035758092289885,272.6459450080508,9.736912250518799
74,03,-1.1304150707112197e-05,-2.56875498781922,0.0002458149412626861,276.80950123838204,66.12149095535278
75,04,-2.3272295822324753e-05,-10.486857863362628,3.632929590013292e-07,281.0197640380859,78.5594162940979
76,05,-2.800802443084893e-05,-16.149492612120927,0.0,285.3065335752425,63.01261830329895
77,06,-3.090711121482552e-05,-17.990251360066733,0.0,286.164952170478,126.5044174194336
78,07,-3.447742918110781e-05,-15.274860501197074,0.0,289.64287729209974,100.84526371955872
81,10,-1.5745955748394817e-05,1.4800897167574978,0.0,283.8836659237441,36.53095197677612
82,11,-1.5779393952086846e-05,2.730464919026692,0.0001320727745691935,276.48227231207954,73.80068945884705
84,01,-1.0488508364736625e-05,25.802121266682942,0.0024635101813142014,275.801350984922,118.28075385093689
85,02,-9.105866422227595e-06,-15.737989101954868,0.0001222507996218545,269.8368100568681,5.396147966384888
86,03,-1.09558865346488e-05,2.199697240357758,0.0001382134986180131,276.74076908246934,80.05486178398132
87,04,-1.9242588071877733e-05,-14.953707265557181,7.426198323567707e-06,278.83615111126363,64.68825125694275
88,05,-3.1224375424332516e-05,-18.680161248648037,0.0,285.4117867415233,49.02557110786438
89,06,-3.5890827366468634e-05,-24.274000357055662,0.0,288.4358594709608,56.932453870773315
90,07,-3.000731417455182e-05,-30.125119514383297,0.0,289.44563059620185,53.75952363014221
91,08,-3.1366839325049225e-05,-20.726613564768147,0.0,288.36188031465264,85.93903732299805
93,10,-1.7202233669146365e-05,6.4104873591597356,0.0,284.73838183753725,94.80732774734497
96,01,-8.849628261046861e-06,-8.473066081057311,0.0005335850459273144,271.0571230804279,40.21212434768677
97,02,-5.771432554432804e-06,6.824847212655203,0.00025317513942718504,275.3062230299087,35.931448459625244
99,04,-2.2575659647211267e-05,-11.442104777696397,1.2648238076104058e-07,282.7985634870741,33.60578918457031
100,05,-2.791426425801057e-05,-28.103053294192083,0.0,282.72152383422844,69.35014915466309
101,06,-2.8837502824555686e-05,-20.989433822292757,0.0,286.23068305765787,96.28858280181885
102,07,-3.379324687933062e-05,-20.07741719498173,0.0,289.3334297852875,134.5398542881012
103,08,-3.0242934917310693e-05,-13.572054321945357,0.0,288.99911613021357,87.18918299674988
104,09,-2.5696148892024614e-05,-3.969099077690972,0.0,287.79776992187493,66.9906599521637
106,11,-1.2423982501220758e-05,8.69252590874566,0.0,280.28694883850955,110.22080183029175
108,01,-9.400724827868036e-06,23.76198229324177,0.0002939996052813786,279.10735159379686,138.66146302223206
109,02,-1.553154618433063e-05,17.196350676788683,4.479276722875135e-05,277.7702740127738,87.70584869384766
110,03,-1.4791143874625109e-05,4.141464673442225,3.25570567961662e-05,278.11941827511527,114.518559217453
111,04,-2.4692344382775542e-05,-22.74501348402235,0.0,281.1784597961426,27.742077589035034
112,05,-3.182606770285695e-05,-15.882362545546664,0.0,286.42319685117656,71.89129495620728
114,07,-3.385038605679304e-05,-9.511822006717805,0.0,288.8184828294324,151.79068851470947
115,08,-3.211179117533902e-05,-13.866469908683532,0.0,289.36880185199044,72.62528491020203
116,09,-2.5435363158006416e-05,2.907980506727431,0.0,287.1028169921874,99.14269590377808
117,10,-1.6347254436593455e-05,7.273599919801116,0.0,284.2524626317998,79.42021083831787
118,11,-1.0307503538792339e-05,7.8851572241889105,7.3817332585652676e-06,279.7681574443817,43.99460577964783
123,04,-2.3728384267512105e-05,-15.711892689005532,7.404155201382107e-06,279.7644985144721,78.43897438049316
124,05,-3.2913617601255e-05,-32.404015432706444,0.0,286.4839753660796,14.875389337539673
126,07,-3.3625666249610085e-05,-27.510599928661055,0.0,290.43235706386776,59.59615159034729
127,08,-3.0036708770112647e-05,-17.0266568734774,0.0,290.0662455388552,58.18086361885071
128,09,-2.1827326350689368e-05,-6.781363076782227,0.0,288.6776379201254,52.75948238372803
130,11,-1.311930024130561e-05,7.912713109334308,7.664759953816732e-08,279.22501226437885,36.57659721374512
131,12,-7.719866410816296e-06,20.033501539989185,2.718377369706349e-05,278.14191156752395,99.99442100524902
132,01,-9.708490018202875e-06,23.531725362798216,3.920951197224279e-06,278.84542206019734,62.73529887199402
134,03,-1.7018775953137494e-05,2.372058311872584,2.4298456407362414e-05,281.1010017314214,25.981262683868408
136,05,-3.125298669270236e-05,-34.3688931694441,0.0,286.42458363949356,35.43364858627319
137,06,-3.068480971400681e-05,-23.63770078192817,0.0,287.6530416948106,81.75433492660522
140,09,-2.7407515947157255e-05,-3.6402964202880854,0.0,286.55917945963546,93.28326845169067
141,10,-1.8407037761653066e-05,10.48773665069252,0.0,285.16074951352357,70.05437111854553
142,11,-1.0645134954231454e-05,8.876481322224937,1.7197676499684652e-05,279.7035436231401,88.05533337593079
143,12,-1.0178729378000547e-05,19.264495642221096,0.00010385854269868586,277.58139236323046,71.35911726951599
145,02,-6.996622216688376e-06,0.507544446309408,0.002555922939663842,272.81969927006674,29.07620143890381
146,03,-1.2629808311264428e-05,-0.5304674036169569,0.0,280.96131813873785,29.050020217895508
147,04,-2.5889148811054637e-05,-18.50936585184733,1.8495678901672365e-06,281.06129239251874,46.967238903045654
148,05,-2.5811937759284265e-05,-33.066711107479634,0.0,282.56432028493566,35.415016651153564
150,07,-3.606362330103894e-05,-12.26554677852508,0.0,291.0611541531471,86.47331523895264
152,09,-2.1833397036001162e-05,-8.548686426798504,0.0,288.29770074191623,69.85359048843384
153,10,-2.004618059737534e-05,2.17344532234438,0.0,283.64651159085514,48.3614456653595
155,12,-7.654158530845394e-06,17.942148733159545,5.5359345610423755e-06,277.4903090515137,44.35604405403137
156,01,-5.988280283046514e-06,9.900324605634134,0.0,276.29669176196023,40.05626130104065
157,02,-7.568776633878318e-06,10.513905402874128,3.7069602944385046e-05,278.02707910182556,32.84419345855713
158,03,-1.6743815379482177e-05,3.675611719931326,1.1341134707132974e-05,279.7299019205238,89.10991644859314
159,04,-2.3724830210206465e-05,-12.979907084147134,2.5939941406250002e-08,281.38050007290315,57.617363929748535
161,06,-3.339920427913765e-05,-25.873405965508358,0.0,289.51187445407453,52.09975528717041
163,08,-3.290884278264643e-05,-13.404264240552024,0.0,290.5360282891386,128.27770042419434
164,09,-2.5466491539959356e-05,-1.4094354346381297,0.0,287.5794175764296,66.03445959091187
165,10,-1.9484351597922247e-05,1.9587082073252686,1.8078127214985508e-06,281.5607008762565,99.88054394721985
166,11,-1.321692710625939e-05,23.694389510769323,0.0,281.2424108364529,114.02044343948364
167,12,-8.425528942156701e-06,11.411874493342573,3.2269544498894803e-06,277.1291988499139,59.72125196456909
168,01,-9.715480358609446e-06,34.39173987899288,4.798289268247543e-07,278.0689588641915,79.51586604118347
169,02,-8.449411843078754e-06,-1.1622854381742926,0.0001454247690382458,276.05196190389,24.723291158676147
170,03,-1.4966802825774622e-05,-6.011914413616221,0.00013486407008222353,278.6799079442178,13.214776277542114
171,04,-2.191761210872048e-05,-4.539731902737087,0.0,283.3900037384034,50.1136200428009
172,05,-3.0932743489659034e-05,-26.541132331437964,0.0,286.5305111710743,72.61612272262573
173,06,-3.281592492067931e-05,-24.277929318237305,0.0,288.3121968231201,49.03701114654541
174,07,-3.3366269429406925e-05,-23.52127023184171,0.0,288.9670793329055,138.4921417236328
175,08,-3.234485571499712e-05,-11.285276480397874,0.0,288.38119730434624,65.69953942298889
176,09,-2.2725771390226628e-05,-2.4448908416748045,0.0,286.37938309156635,149.34324550628662
177,10,-1.798888249350155e-05,2.3637267239478326,0.0,282.4125413159196,80.44077348709106
178,11,-1.1587640056374466e-05,-1.8295716874864363,0.00015719194677140975,275.9691254242791,62.847052574157715
179,12,-9.250304196792702e-06,31.236705364924607,0.00020338165888222312,278.55954070281985,142.54706811904907
180,01,-8.814763398506955e-06,28.086010490499522,6.143172710172592e-05,278.4522831625169,85.40289497375488
181,02,-9.681430163471391e-06,-2.9269207930791947,0.0003871754450457437,274.71976377387267,36.50040102005005
182,03,-1.5868986940443404e-05,12.424105568506382,9.499826738911291e-08,280.1386115247255,94.18527913093567
183,04,-2.4481364455176743e-05,-15.54007357143826,6.838602489895291e-06,281.15531175240415,85.7735435962677
184,05,-2.8615912740195944e-05,-19.306992470361852,0.0,284.95634343137016,59.618553161621094
186,07,-3.466171150601792e-05,-32.442688338413035,0.0,293.29159473148474,21.875284671783447
187,08,-3.527003988845888e-05,-15.806742182249662,0.0,290.50995685306685,89.98871898651123
188,09,-2.649383951805552e-05,-2.2674784339057075,0.0,286.7490272650824,147.07339644432068
189,10,-1.8016295581522476e-05,4.47270425086893,0.0,282.91257732530823,97.18963932991028
191,12,-1.093666692604627e-05,22.757288210632986,6.536950347244099e-07,279.09193974574924,112.21855115890503
192,01,-1.2804497735976505e-05,25.385474410518523,0.0009627563479126142,277.2651151844968,129.8851613998413
193,02,-1.271823695051786e-05,20.178666164579848,5.487134059270224e-06,279.69789509668806,78.17547941207886
194,03,-2.219248033328259e-05,-0.5256330294045062,0.00016835869896796444,278.52115150119414,94.79378461837769
195,04,-2.3056703787511248e-05,-15.611610607231992,0.0,281.70371436835387,42.51542043685913
196,05,-3.3250014936618425e-05,-29.631465932538433,0.0,285.3548243562432,94.81036853790283
199,08,-3.331847033315239e-05,-31.29434137422295,0.0,292.1374796096639,22.496978521347046
200,09,-2.6222378082234683e-05,-4.395296908230251,0.0,287.4659033938938,112.6880235671997
202,11,-1.3042386322538529e-05,9.068964893934462,2.0260943306816947e-07,280.4485377359602,32.25963592529297
204,01,-7.460320452180465e-06,-0.4728464959257379,0.00023015245699113416,273.0739127290787,16.127771615982056
205,02,-7.544903639281147e-06,5.38362545916678,0.0006102077837648064,273.61455346710375,60.068604469299316
206,03,-1.2827322511164368e-05,-10.990242480862525,2.0419359207153323e-05,275.89573825737733,22.461695432662964
207,04,-2.0502408365953464e-05,-21.604367342122394,2.815988328721788e-08,281.5059792378743,11.859672546386719
209,06,-2.8253365109311642e-05,-38.732165323215064,0.0,287.7120379621718,28.135314464569092
210,07,-3.142641031134248e-05,-27.054918192217425,0.0,288.9736008786437,59.759037256240845
211,08,-2.9903093116464793e-05,-15.358725825155936,0.0,290.26938906532206,98.74433755874634
212,09,-2.534073391895315e-05,-7.00570699428982,0.0,286.062809048801,48.277573585510254
213,10,-1.7171301486478214e-05,8.106230379494288,0.0,284.35446074524754,73.76016211509705
214,11,-1.4551765714713837e-05,14.46901237657335,0.00012027359008789062,279.4499412578582,130.48207330703735
215,12,-8.836182103413613e-06,1.1414017176474303,0.00011574836187465217,274.0792455669526,45.02203106880188
218,03,-1.2413017713795421e-05,-3.0697627356744577,0.0,280.40703176859375,28.955554485321045
220,05,-3.085946982284968e-05,-22.07697987414944,0.0,285.1017764521773,78.28123354911804
221,06,-3.476727682935032e-05,-20.254541469319665,0.0,288.2355316602919,112.482257604599
222,07,-3.376502295814329e-05,-20.43258258581674,0.0,290.03099838158397,69.49712204933167
223,08,-3.064838395117496e-05,-15.397676236060358,0.0,293.2227237929478,54.35530233383179
224,09,-2.7053925191669103e-05,-10.968042353990342,0.0,287.54944601949063,29.832056999206543
225,10,-2.0736059433235615e-05,1.8364669255082322,0.0,283.2611740620521,81.02550506591797
227,12,-9.893875752236308e-06,16.98351939342868,1.687051532089069e-05,278.3321768117105,77.3915023803711
228,01,-1.1099072907757458e-05,24.386054642872143,2.2409808251165574e-07,277.9622745796942,88.08339476585388
231,04,-2.2395207648413717e-05,-10.670934447903104,2.9785103268093537e-07,281.88296789105726,131.57473421096802
232,05,-3.182257207745645e-05,-20.036693252071256,0.0,286.9770894601474,44.95067262649536
233,06,-3.4082233544055876e-05,-13.138249787733287,0.0,288.37100996331105,136.99862432479858
234,07,-3.6390916169732936e-05,-13.917790471887077,0.0,288.9995175761561,77.72835302352905
236,09,-2.4247977624205914e-05,0.3736279635959201,0.0,288.04718676249183,154.75264143943787
238,11,-1.186565926222506e-05,4.6568576497395835,2.143026722802056e-06,277.3990418517218,92.01937747001648
239,12,-8.802920268002493e-06,22.454611907630838,0.00011667215695945164,277.97066255097747,78.07752561569214
241,02,-1.079772392194216e-05,13.779260249546594,0.0025613292994953337,276.5846275064377,56.13470458984375
242,03,-1.3397230129969535e-05,-0.9194605676794566,8.536538770121912e-08,280.0196965524407,87.33539247512817
244,05,-3.422614240797327e-05,-20.88572949317194,0.0,286.46426943280625,63.86414575576782
246,07,-3.775679561435789e-05,-20.12216363230059,0.0,291.3305993268413,54.39849805831909
247,08,-3.318467006672979e-05,-13.657699137697938,0.0,290.35377914166196,99.36693954467773
248,09,-2.59650643648355e-05,-3.5717024329291456,0.0,290.39740791795515,83.68352055549622
250,11,-1.3179962080519347e-05,12.654008286878799,2.0961513784196646e-05,280.36134305237664,52.17728924751282
251,12,-1.3700721242369786e-05,27.986750325848984,0.0004829321933049028,278.27631423343126,142.15608167648315
254,03,-1.4517082142339604e-05,-0.5979741453765541,2.188550656841647e-05,279.74647602704783,60.096646308898926
258,07,-3.168135436499142e-05,-21.668345875401656,0.0,288.20182105771954,102.94842576980591
259,08,-3.0941285219664524e-05,-19.063545700565466,0.0,290.2980615874259,51.30303931236267
260,09,-2.4486756719630248e-05,-2.020394458007812,0.0,288.9522197736953,85.14948225021362
261,10,-2.1893689024856883e-05,11.235235126454343,0.0,284.6498967747843,130.40920996665955
262,11,-1.5146696185204038e-05,20.892512133110895,0.0,281.02643124508324,131.4802393913269
263,12,-1.1904006665214989e-05,20.81303864280127,0.0006958496250132079,278.4327853809069,86.34993147850037
264,01,-6.723928980547147e-06,14.384707934964087,0.00041049615926640003,275.96743091123847,85.52192997932434
265,02,-9.421481274265325e-06,7.153048214503697,0.0006544472773869832,277.52430097507295,83.6603274345398
266,03,-1.3063552253355424e-05,-6.242824222359606,0.00027922883085025255,277.80964705756395,86.2628161907196
267,04,-2.4765318735565716e-05,-15.737299090576174,6.594268480936686e-06,281.0073699052598,95.43563151359558
269,06,-3.303585196628976e-05,-31.827683939954966,0.0,287.6171802242279,56.74857974052429
270,07,-3.6646507612448495e-05,-24.41304970722813,0.0,291.0954466385379,87.7753267288208
271,08,-3.349079792080317e-05,-13.273838911159066,0.0,291.26248715078697,107.7295401096344
272,09,-2.8629883362433853e-05,-3.361749937269423,0.0,286.7026010084364,144.1834967136383
273,10,-1.872843477780094e-05,15.499699002173642,0.0,287.358400129749,73.23751926422119
275,12,-9.904081011676856e-06,14.487402564920403,0.00022924734956474715,276.8109058604907,73.46089029312134
276,01,-6.60295483731882e-06,23.604068570044735,0.00012535062912971744,277.7092359037091,67.26308727264404
277,02,-1.6342577849974034e-05,27.257544948032923,5.277034782228017e-06,280.01173835877006,111.30836725234985
278,03,-1.718439095667989e-05,-2.8514695644583754,1.5001514906524331e-06,280.1865670277176,40.98473596572876
279,04,-2.4829810814864887e-05,-14.182246478949653,0.0,282.0968799079047,60.53001356124878
280,05,-3.0134792006426703e-05,-17.31557953963741,0.0,285.91615550937445,64.66420650482178
281,06,-3.5836119472898846e-05,-20.466573669433593,0.0,289.008934870402,77.7912917137146
282,07,-3.594073215623134e-05,-17.96138944137737,0.0,290.12367375199517,94.12360286712646
283,08,-3.0240783373966385e-05,-12.41071590333344,0.0,291.52933090636554,146.93423414230347
284,09,-2.726855740998468e-05,-6.606480073716904,0.0,288.12181282060413,57.52717709541321
285,10,-2.2813934475604865e-05,5.003235001430717,0.0,283.04481736857923,87.43804001808167
286,11,-9.433203981300014e-06,10.082439758300783,0.0,281.24613218036234,88.66095638275146
287,12,-9.155090198257839e-06,-0.601292420089886,1.2510566301243278e-09,276.11271182759606,93.86429786682129
289,02,-9.213011075579354e-06,1.6289639434814458,0.000368756529830751,275.1990847414562,23.336631298065186
290,03,-1.4304734281419465e-05,-4.024482163624097,0.0,280.07939777218405,22.1645565032959
291,04,-2.383696288773839e-05,-17.2942943037245,1.5020370483398438e-08,282.52701496353154,51.56433296203613
292,05,-3.0977665722578726e-05,-19.48317038226384,0.0,285.87503277128485,85.30281352996826
293,06,-3.491794925367785e-05,-29.63445593295627,0.0,290.1924542755127,47.240581035614014
294,07,-3.637924248004731e-05,-25.786057973554062,0.0,291.4632059519777,76.22430467605591
295,08,-3.1032737283929096e-05,-31.771135562691633,0.0,291.8428295599825,22.521544456481934
296,09,-2.437035215904568e-05,-12.497950702243381,0.0,287.9652745859782,46.90879726409912
298,11,-8.746191556262298e-06,13.336127873399521,0.0,281.18456970901485,56.468339920043945
299,12,-8.986315398414586e-06,16.75842543636855,1.2960655714875909e-05,277.70850726802377,90.1946873664856
300,01,-8.992702947169514e-06,20.66453995308825,0.0007110370653931812,277.01399096031605,107.22431802749634
301,02,-1.1818901434843997e-05,12.780648606925178,0.0004339445432027181,277.98929517294346,64.95090794563293
302,03,-1.5225630396960167e-05,1.0669384965794064,0.00020815543461871405,278.8729907035828,47.67586803436279
304,05,-2.847669872224737e-05,-31.81054322043798,0.0,284.7821008097331,37.014437675476074
305,06,-3.421590459786078e-05,-30.121984181382924,0.0,288.26498307020404,70.646568775177
307,08,-3.442271008691844e-05,-10.630728795861687,0.0,291.53894050384855,153.6393961906433
309,10,-1.9737982986943505e-05,10.8786054316695,0.0,284.57554275028684,55.872933864593506
310,11,-1.219442167142309e-05,8.63346869269477,3.3279392454359266e-07,280.0218678001404,66.66378116607666
311,12,-6.509792311736683e-06,12.651209838210898,0.000107577202140644,277.18444233658494,54.07814908027649
312,01,-1.0532949036563073e-05,27.835473567839585,0.0002284056717349637,278.5624613469442,53.984177112579346
313,02,-1.0796667724878803e-05,1.9850640389578682,0.00020228017086074463,275.683474075272,50.05322074890137
315,04,-2.402455134354872e-05,-12.38321820203993,0.0,282.71948648647725,77.4074821472168
316,05,-3.3327865934669755e-05,-23.83920729967343,0.0,284.99818274778966,76.4442777633667
317,06,-3.715115132452208e-05,-30.632264646063906,0.0,288.991852593655,55.748387813568115
318,07,-3.409394384040644e-05,-23.561669685609886,0.0,290.1906704429708,109.44811034202576
319,08,-3.320200081173924e-05,-14.21000237282374,0.0,289.1398493754069,101.65014147758484
320,09,-2.545146969718593e-05,-6.704652192857532,0.0,289.0389223130968,79.9967360496521
321,10,-1.7187334372416657e-05,10.538457600583316,0.0,286.6108520703879,58.746543884277344
322,11,-1.4535249143672345e-05,9.326381112670902,0.0005737135661972894,280.7140452206929,66.79116821289062
323,12,-9.12172876785682e-06,14.485518746324761,0.0003240881030277539,277.6781497156286,50.890292167663574
324,01,-6.5253165958961526e-06,7.280853728591756,0.00014880976241122009,274.90674294572244,18.287110328674316
325,02,-8.8568046297561e-06,4.634872235616048,0.00010614823585464838,275.99080734402787,57.903024673461914
326,03,-1.3873502668170125e-05,-4.782673361173239,0.0004253186384836833,276.79120616527274,63.244534492492676
327,04,-2.37631702343909e-05,-18.782449027506512,0.0,281.3412661899143,51.75546956062317
328,05,-3.370682173148433e-05,-13.439136345319852,0.0,286.611448016423,97.34957218170166
329,06,-3.4785863751151034e-05,-27.11431088460287,0.0,288.7861003506131,34.651726484298706
331,08,-3.203818718891423e-05,-14.970106861073484,0.0,289.42563545177825,192.56933999061584
332,09,-2.4569920312832332e-05,-1.9050392035590278,0.0,290.8846295525445,31.076144695281982
333,10,-2.0357669840078775e-05,8.929626497002058,0.0,286.9078280718404,104.8823778629303
334,11,-1.6638314112929544e-05,21.698549422539603,6.023910310533312e-08,282.7481851179335,79.28392601013184
336,01,-1.3167410284109127e-05,32.71415653975292,7.495572490076866e-08,280.3280024761898,116.52486562728882
337,02,-9.635896793779033e-06,12.227102448962983,0.00012729246417681375,279.13144602752857,88.80820941925049
339,04,-2.5420359923575438e-05,-23.728481532796227,0.0,285.1133049407959,1.6051898002624512
340,05,-3.1186685044343005e-05,-23.42358186127037,0.0,286.3991220269972,116.55266427993774
342,07,-4.0491175616739144e-05,-14.380545316962786,0.0,289.65608735082475,166.44169425964355
343,08,-3.430768915528969e-05,-11.902402343421853,0.0,290.0370085491878,52.89487075805664
344,09,-2.677926907070085e-05,-2.246240928141275,0.0,287.3048455885146,74.65286588668823
345,10,-1.4836711174446523e-05,-1.5530790907336818,0.0,283.5498818838469,38.23624563217163
346,11,-1.4172945336880124e-05,15.984315191311307,8.570086956024171e-06,280.5269208690644,63.65782594680786
347,12,-9.103623443880553e-06,18.67049515623687,1.9495038576023557e-06,277.3368185319388,75.82493901252747
348,01,-9.98381483742544e-06,30.50790186531313,3.1635838170205394e-06,279.4891412764929,98.90966415405273
349,02,-9.733829621899499e-06,11.488472740085646,9.416011558181937e-06,278.2568273897719,39.91739559173584
351,04,-2.446588194630345e-05,-15.287676639472116,0.0,281.5612035566542,37.05441331863403
352,05,-3.326288808405293e-05,-18.37616691179173,0.0,287.85736066133234,58.6919801235199
353,06,-3.476253857051133e-05,-32.52892781643338,0.0,288.7505925245497,40.78405427932739
354,07,-3.577182100015043e-05,-18.878891244211506,0.0,290.6381676658713,105.99103903770447
355,08,-3.3834556450724496e-05,-9.036356891591062,0.0,290.2695800380912,114.81742095947266
356,09,-2.5189189388381943e-05,-2.5223080678304033,0.0,286.9092003065321,79.74637937545776
359,12,-6.623100362498576e-06,8.910789440196046,3.1098793911677535e-05,276.00092939651654,32.103607177734375
360,01,-6.219402897665034e-06,13.638463789416898,0.00026115813434764905,274.32254045474144,59.60752511024475
361,02,-6.55127283612057e-06,7.2258432279314295,5.497220584324428e-05,276.2893881261462,62.01654672622681
362,03,-1.4006747319585248e-05,0.15545269151913163,4.5311066412156626e-07,279.1052625570399,55.8788948059082
363,04,-2.2896213735516033e-05,-13.763160278998479,7.51813252766927e-09,284.289430710517,23.97039556503296
365,06,-3.4585202314802804e-05,-32.20444840494791,0.0,288.15789018961584,75.43589448928833
369,10,-1.8213049179844e-05,4.716025361748153,0.0,284.11453383484707,74.3879747390747
370,11,-1.3997967538165946e-05,28.005924584282763,7.164478302001954e-09,282.6301770416684,119.02290868759155
372,01,-6.091251291421628e-06,2.9262350808420488,0.002126177963390145,273.08482904479325,49.821874141693115
373,02,-7.65345504045659e-06,5.717629487900508,0.0021790685525962285,274.59004296811423,91.62952327728271
374,03,-1.4227020407356234e-05,-0.1344084672825314,1.3550689143519247e-05,278.93887998355336,56.222103118896484
375,04,-2.4690822054900404e-05,-20.66956467929416,2.4727185567220055e-07,281.97344993078445,27.15949821472168
377,06,-3.182083758476639e-05,-35.711798379855686,0.0,288.5699565473768,33.73767280578613
378,07,-3.4407490462771055e-05,-31.11366353779454,0.0,291.94731353169107,68.74052047729492
379,08,-3.27152816781925e-05,-15.088779016966459,0.0,289.71709932881015,146.2640986442566
381,10,-1.8914465963579488e-05,8.677334267236855,0.0,284.0074488248518,76.19713640213013
382,11,-1.1904203317903414e-05,4.708053307088217,0.0002805316183302138,279.1010974715339,80.79510045051575
383,12,-7.738160395268594e-06,4.967533013128466,0.006288984498670025,272.7350027047024,51.991679430007935
384,01,-4.432973011169315e-06,15.641597058367989,0.000611914046349064,276.640032220861,71.90442681312561
385,02,-7.274441715534998e-06,7.353929252261208,0.00014321758775483995,277.5559378022239,54.225329875946045
386,03,-1.235675504704564e-05,-6.3443144091534345,0.00019613219461133403,278.86510410210394,20.28888177871704
387,04,-2.5035789431644346e-05,-14.869033695136176,0.0,285.153135196601,17.25916814804077
388,05,-3.0008848766624646e-05,-32.62149781881353,0.0,286.410771462061,34.52233028411865
389,06,-3.4230032604055946e-05,-25.01744469502767,0.0,288.6127736097548,94.74681329727173
390,07,-3.7348723895911946e-05,-18.427609645064162,0.0,288.60765880658556,163.95448088645935
392,09,-2.5484862159343414e-05,2.648160398695204,0.0,288.68825934821234,68.3792371749878
393,10,-1.916051529891168e-05,8.726722329416583,1.6692376905871977e-07,284.83637540882887,69.30626606941223
394,11,-8.12447487300637e-06,7.208228931681314,0.0,280.86535165697734,17.076764583587646
395,12,-1.2744765838047034e-05,29.389911852764826,8.855871231325211e-05,279.54841704272206,135.77323961257935
396,01,-9.557997748420493e-06,23.492998173539362,3.76804490243235e-05,278.0025916491273,90.29691076278687
400,05,-3.2719707248821014e-05,-19.41600187732328,0.0,286.39187647731336,68.41745948791504
401,06,-3.633841799156573e-05,-15.284035491265191,0.0,287.4815220364041,122.0042052268982
402,07,-3.9630504535585143e-05,-18.105863085346844,0.0,289.83332058683004,133.29841899871826
403,08,-3.664081436780238e-05,-14.530181596981583,0.0,291.1731117379793,90.66671252250671
404,09,-2.780254297756781e-05,-4.337274759928387,0.0,287.3234092200385,79.25185561180115
405,10,-1.749340033099435e-05,6.576196681525118,1.6571373067876343e-08,283.75088245457476,131.10860514640808
406,11,-9.782895505729057e-06,13.286790387301977,0.0,280.2187192969428,62.30052351951599
407,12,-8.270612005098982e-06,23.135962751162953,0.0004308112231633996,278.1779153431308,126.01667380332947
408,01,-7.079607454118081e-06,9.77005108642578,0.0024007742763847433,275.1825925199447,56.091444969177246
409,02,-9.82560560788399e-06,1.2790957768758144,0.0007189501410438901,274.82777969859893,42.50241231918335
410,03,-1.6003138249269338e-05,-14.11737674147083,0.00018706004465779953,275.29698841222125,46.14034557342529
411,04,-2.0434202846445263e-05,-16.983018215264217,0.0,280.441605447091,31.149431228637695
413,06,-3.319209287441886e-05,-26.815010833062065,0.0,287.4700203450521,63.59688186645508
414,07,-3.405638901301333e-05,-27.630988150319745,0.0,291.3996042135915,58.30738687515259
416,09,-2.475842662511746e-05,-8.054260448540582,0.0,287.60815346442337,81.32235813140869
418,11,-1.2026654228591521e-05,13.685960133870443,8.762069013383654e-05,280.35682493527725,95.3849720954895
420,01,-8.580053124215514e-06,22.96357862870411,1.0653635506988855e-05,278.7270791265426,90.50502729415894
421,02,-1.1990748406116751e-05,26.598223410470148,1.0926482223329089e-06,279.40804705011277,81.80759859085083
422,03,-1.6731313326227373e-05,-1.3453218475669946,6.519722682173533e-08,281.1189634679159,34.10970735549927
424,05,-3.2321809314922687e-05,-17.350711201329386,5.8457146408737335e-06,286.0054483229113,111.14941215515137
426,07,-3.570791800838603e-05,-18.498887496784167,0.0,292.2635286937426,91.65657234191895
427,08,-3.5946427165531874e-05,-15.756697428713563,0.0,289.2081022578413,126.34322667121887
428,09,-2.0748739615697153e-05,-9.244409510294595,0.0,289.19143939514163,25.215217113494873
429,10,-1.6616273676728237e-05,8.951883064844276,0.0,286.6383070147115,79.9614315032959
430,11,-1.0089955154782932e-05,6.784489759657117,3.112157185872396e-08,281.4275366665734,64.11601209640503
431,12,-1.0581146033268115e-05,22.95546643394552,0.0004054831791949528,278.36750006714686,89.71414184570312
432,01,-9.2527426375611e-06,26.340960131573418,0.00016244323407450028,277.32805558928624,107.20374536514282
433,02,-8.153189459681882e-06,8.31590086110433,9.767446773392813e-05,276.6668339920044,54.84558963775635
434,03,-1.5915630637317265e-05,-1.6360386480515998,2.4049384619600027e-06,279.08244967077115,61.79024076461792
436,05,-3.070366395367009e-05,-25.76910455847299,0.0,284.7904129192393,61.485331535339355
437,06,-3.477750818122634e-05,-31.860220404391814,0.0,288.02580254245345,35.5678129196167
438,07,-3.7615658574522775e-05,-25.170489753641114,0.0,290.8353158631684,95.02099466323853
439,08,-3.326061218056918e-05,-12.586229408838417,0.0,291.25167575270126,123.28978443145752
440,09,-2.5603061031688413e-05,-1.6679924726698132,0.0,286.66352415195047,98.359215259552
441,10,-1.3186316454061119e-05,-1.463842040031187,0.0,283.4427843608241,34.89073657989502
442,11,-1.4898132296588707e-05,27.46974549831814,4.5776367187500004e-09,283.10383579525416,119.42508697509766
443,12,-8.385574634596725e-06,33.275967709449034,0.0,282.58162065858744,54.18260717391968
444,01,-9.004527324929857e-06,20.359526514525058,9.698816525038853e-05,278.0475291836237,107.9379734992981
445,02,-1.2519085415486441e-05,14.879537966322628,1.52496250196435e-05,277.78108298799367,72.69394779205322
446,03,-1.4810545610421827e-05,-5.396197126162949,3.62938924502301e-05,278.4155945600284,69.4955415725708
449,06,-3.356170396635004e-05,-23.02242342732747,0.0,289.0600437771266,113.14722728729248
450,07,-3.758493633006676e-05,-22.269790681900524,0.0,290.91323088844877,56.59930372238159
451,08,-3.3272750999810424e-05,-17.014684508621052,0.0,290.91866476046647,57.580533027648926
452,09,-2.4645985519115736e-05,-7.889081433783638,0.0,290.7287192874484,28.704333305358887
453,10,-1.526362983537594e-05,-3.798430909843855,0.0,283.3498556886078,57.946226596832275
454,11,-1.1750765303218536e-05,10.89123139716254,3.956906927956475e-05,279.20990362701417,75.84917688369751
455,12,-4.447676278540448e-06,15.633635981405934,3.86891185596425e-06,278.4459245055413,19.911759853363037
456,01,-6.416161365773257e-06,12.223324068787278,0.00022398640519829207,275.05028467830533,56.35315418243408
457,02,-8.18821650381367e-06,12.903916228158135,0.00023337035661651976,277.86915778559734,67.99254751205444
458,03,-1.5800369091061108e-05,2.527072602630943,0.0,281.2226937955631,58.12478494644165
459,04,-2.5679135762624757e-05,-26.331729773288306,0.0,281.41495227517026,30.59126615524292
460,05,-2.9667726341906155e-05,-25.198657173730993,0.0,287.2392350808421,37.424317359924316
461,06,-3.566179110415154e-05,-31.36642959594727,0.0,290.51245804307734,63.719133377075195
462,07,-3.888270218750779e-05,-23.176640851420746,0.0,290.7070247267856,125.55045461654663
463,08,-3.333480648354688e-05,-12.395997953681537,0.0,290.3243722688408,75.39064645767212
464,09,-2.5415033401845397e-05,-5.530321179199219,0.0,287.1538292568631,131.7170844078064
465,10,-2.0550294828412475e-05,15.281469091599986,0.0,286.4926618480888,63.67462873458862
466,11,-1.2597567349661808e-05,15.910226154920792,3.65040037367079e-07,280.83419648060266,71.56626224517822
467,12,-7.748080553331723e-06,20.40142875687794,0.0006995919622400755,278.2219712722122,122.76686382293701
468,01,-8.493993727101315e-06,23.796599253992884,1.641540501707344e-05,278.53154294832297,94.42302966117859
471,04,-2.4140652476206825e-05,-8.481860700141059,0.0,284.2523615995619,102.50590419769287
472,05,-3.631899526441482e-05,-17.44638056798135,0.0,288.52215093042514,48.21310758590698
473,06,-3.447691067930363e-05,-33.33076165534125,0.0,289.49784020724826,26.889825344085693
474,07,-3.4126774513620195e-05,-44.31138712696363,0.0,292.90806091046085,19.791842460632324
475,08,-3.324744642680256e-05,-25.59706884437479,0.0,291.3618514305854,94.60595369338989
476,09,-2.7110998255941223e-05,-4.088550005425346,0.0,288.21334796922474,68.28795766830444
477,10,-1.717439320385384e-05,2.0582064438686585,1.104806956424508e-05,285.3938754693308,34.76789951324463
478,11,-1.049799736220949e-05,11.533768935139973,4.4242540995279946e-07,280.0686911998748,34.97020101547241
479,12,-7.425197422547768e-06,21.47761040308142,5.2109628595331655e-05,279.4785891970973,89.45121669769287
480,01,-8.170035396257738e-06,18.813249751593478,0.0003725200532585062,276.9462481465493,48.710402965545654
481,02,-8.232899953890454e-06,13.675333238874163,6.108944188980828e-05,279.191337246032,53.84524393081665
482,03,-1.7898125718357898e-05,7.876527682396675,0.0,280.7588669757638,101.83904027938843
483,04,-2.786484313502215e-05,-15.88577495863173,0.0,283.32113693033864,32.68497180938721
484,05,-2.8741963674400066e-05,-37.081440074305384,0.0,284.36448736465616,39.454394817352295
485,06,-3.9525050331051005e-05,-23.208365014648436,0.0,290.2859401516385,106.98088932037354
487,08,-3.404563471354698e-05,-17.337182702177312,0.0,291.4738801791283,76.33737087249756
488,09,-2.6543087166161665e-05,-4.24653964674208,0.0,287.9392709560819,112.17082786560059
489,10,-1.8569231195137014e-05,10.235854191605762,0.0,284.78358039642666,119.96327877044678
490,11,-1.0039879183467646e-05,10.335369747924807,0.0,279.8074893178728,74.31336832046509
491,12,-8.260583359534854e-06,25.078029959073632,0.0,279.25270498681834,84.95069599151611
492,01,-6.012859741277161e-06,22.106840989635838,1.4043623401272683e-08,279.3999776622403,60.42203378677368
493,02,-1.5386156723984276e-05,31.748662168305497,1.7729275528041798e-05,280.04609204145413,131.38312101364136
494,03,-1.9840231885472768e-05,-1.8349693298339842,0.0,279.7202150045004,49.32469892501831
495,04,-2.7043378228700023e-05,-24.0670989525689,0.0,283.457096534729,24.384860515594482
496,05,-2.995519203009721e-05,-45.04488896819084,0.0,285.6595867329259,17.802208423614502
497,06,-3.546342912159163e-05,-30.903872137790252,0.0,289.81179647657615,67.27775382995605
498,07,-3.552329937512147e-05,-24.55973527871409,0.0,289.7865116117744,73.53353977203369
499,08,-3.48960954878191e-05,-17.491402352609946,0.0,292.9717935617098,91.37486410140991
501,10,-1.848353834580477e-05,14.114419966174706,0.0,284.57053201831286,137.80672430992126
502,11,-1.0186800306089735e-05,15.631692754109702,0.0,282.13784168768984,45.380624771118164
503,12,-6.893300624729055e-06,15.732371215492165,1.2867758350987586e-06,278.8222056623889,109.63903760910034
505,02,-9.005972841740524e-06,9.622026147751583,0.0020311918883096605,276.8945384240831,60.75168180465698
507,04,-2.588563685021654e-05,-27.98602328389486,1.457011964586046e-05,279.4237252683427,51.77638530731201
508,05,-3.230829694098981e-05,-22.4746828918457,0.0,283.8163767559092,118.6035623550415
509,06,-3.7502937650666964e-05,-26.38411481492784,0.0,290.2330343007406,106.48373031616211
510,07,-3.6336240956178925e-05,-19.074829963273896,0.0,290.67390889748197,97.35786199569702
512,09,-2.3354238802332672e-05,-7.743464881388346,0.0,289.1970728213839,33.61188364028931
513,10,-1.864643046111826e-05,14.62936670381279,0.0,285.1771994281072,138.24248218536377
