,month,MER,MSSHF,RH,SH,UW
1,02,-7.399999772068052e-06,2.729709174746558,52.295623941567676,0.0003947880218570064,5.242820933818818
2,03,-1.408509512223264e-05,7.08405715679866,62.090667984242096,0.00044260006009506144,13.765281541639759
4,05,-2.839083756912113e-05,-16.16055940262989,64.02205650719006,0.0007071434940667084,9.909492792170534
5,06,-3.330413338050373e-05,-22.16353809509278,52.028707694198026,0.0009014931640296304,5.934494112353855
6,07,-3.0671342559486147e-05,-22.637875941122733,53.00265082314577,0.0010329003032600922,13.328552245519495
9,10,-1.6345863611966567e-05,2.642213581372333,56.92965585534547,0.0009355248356116273,4.59894328461924
11,12,-1.207531024335357e-05,24.691616260159407,64.98245628347064,0.000536514795466784,15.22025654595898
12,01,-5.795284385228985e-06,8.867661568262244,49.01821534482766,0.0002899667802897751,5.114125808059528
15,04,-2.282624180893941e-05,-17.872287172783746,48.97103869282801,0.0003994695938296395,0.1369029037899443
16,05,-2.9285246377967465e-05,-30.998830406271004,47.47244699586335,0.0004922136487145694,-4.025603452805551
17,06,-3.014735746900341e-05,-26.066622504679362,62.37913317463399,0.0008849550965466025,6.837710131094192
20,09,-2.365392635981859e-05,-3.0327022542317708,42.946886476458445,0.0009669164780382541,12.575276836034986
21,10,-2.1172643707369163e-05,7.590982919672484,58.4636376896443,0.0007849959412277741,13.979145259652089
22,11,-1.4279194747299093e-05,14.235161112806532,54.54851769668525,0.0006224606235835986,8.777663723097907
23,12,-7.873070872231058e-06,26.063403682913826,61.380955716897084,0.0005165828911668244,13.964713369225944
26,03,-1.2076194787720939e-05,11.89821663673975,73.37905685201383,0.0006871956544953496,13.306958838185956
27,04,-2.2320882245185202e-05,-19.334173597547743,50.02077896680037,0.0005069280005498918,2.920826218308343
28,05,-3.0310256707952082e-05,-17.47440350473055,59.34436809112436,0.0007153930285222947,4.588270763663836
29,06,-3.0904296795920855e-05,-15.787571440294057,51.69619375912348,0.0009842194550476254,11.143315948295594
30,07,-3.173775886429094e-05,-20.80200322239373,49.75860673643311,0.001004735188951267,10.426191270602645
32,09,-2.269007780640903e-05,-3.5648343312581385,46.85175361700852,0.0008672290949221253,8.593244362915888
33,10,-2.174942796122078e-05,9.781940688922843,60.93410625634399,0.0006867919335684071,16.650438065046906
34,11,-1.4328458308167076e-05,19.586548003133142,54.57233108670976,0.0006729366678450485,17.251836509937714
35,12,-7.687594037497059e-06,8.885675470167591,67.75924336626196,0.0004129887476064696,9.12891215738686
36,01,-5.276928763964617e-06,11.574925520045783,58.01885871766587,0.00046975674859519613,10.828720034978724
38,03,-1.6001877676116956e-05,1.792558938959594,55.95160838729334,0.0003661708261100601,6.721166247665241
39,04,-2.3437909088230905e-05,-21.874123499891493,46.11000325809585,0.0004928932368082314,4.110112059911092
40,05,-2.9170486620455693e-05,-20.4214844770534,47.92201473479629,0.00055373141337474,9.468134508666173
41,06,-3.17826830204164e-05,-27.949367026435006,48.16991035015053,0.0008103595633521967,8.309710549185011
42,07,-3.416977696542745e-05,-21.999847670688425,39.2781192299025,0.0009021180810537498,2.935726840890864
43,08,-3.1963929242763654e-05,-15.790871219429917,46.55304641459066,0.0009689928345582772,12.161826806775984
45,10,-1.6551261839878706e-05,3.491510892150223,54.79260846710333,0.000806341602621908,6.952388475377072
46,11,-1.519573135911843e-05,20.401449884033198,56.70156626680825,0.0006367408295191699,14.35263231576284
48,01,-1.1369238679367056e-05,31.70380508160335,51.86229076744793,0.0005065474144361389,23.507062125913563
49,02,-1.1685804688698098e-05,2.732715975443522,46.129101684696614,0.00024583032542684335,-0.6980405422619412
50,03,-1.3839232150540515e-05,-0.5926843497983868,57.115805566785156,0.00048506053711077566,13.265807060569843
51,04,-2.090864053300013e-05,-10.60586452026367,65.75529212030038,0.0005298972676287223,9.872940920575457
52,05,-2.6606813441591635e-05,-11.409518621957432,66.050863289825,0.0006822573668070693,6.826091371003018
53,06,-3.6603149109497395e-05,-25.008415187242296,46.266101067479454,0.0008680787925681217,7.4451282612482705
54,07,-3.282222612492611e-05,-33.091220865229126,44.1499227373741,0.0011865903298230965,7.109862047544089
55,08,-2.6941880611302234e-05,-27.08358682743196,31.77761535606461,0.0007854492272301715,0.022965281558293076
56,09,-2.725831751290065e-05,0.9693071214463977,44.86737590899468,0.0008300272881937013,17.08183361146715
57,10,-2.1395454446465794e-05,12.186390243366201,47.91972020449689,0.000809845710132114,17.807696523379256
58,11,-9.367185011372688e-06,10.117007967122396,41.05919099200301,0.0005637446514673988,7.654566838243273
60,01,-1.1848107099418698e-05,28.771229348787696,56.9102486772409,0.0003542191671304773,17.3053938906885
61,02,-9.682757584759485e-06,6.4267875001403105,47.08914505602986,0.0003115679466334117,1.374231495539348
62,03,-1.3818876191033916e-05,-6.2181760956138685,56.610379949503034,0.00032761467128058087,1.7070786961791335
63,04,-2.3066575134180317e-05,-21.124448284233942,53.13685258980724,0.00045012077381442295,2.0456456870185007
65,06,-3.0384449369921637e-05,-25.249517172580298,53.14751710217263,0.0009127790745715982,7.471991460397509
68,09,-2.2138291550658728e-05,-0.809648367987739,66.94727416271104,0.0010072270758296226,10.311384230168663
72,01,-6.201572312694294e-06,7.789162023728894,59.71689801232405,0.00032037616245556873,3.3671332889679944
73,02,-7.646551471441942e-06,-7.170963860648018,49.17462651499538,0.00043289734202582635,5.9333629534131
74,03,-1.1304150707112197e-05,-2.56875498781922,68.34861116093205,0.00041982346533168605,5.728958231320945
75,04,-2.3272295822324753e-05,-10.486857863362628,59.37646033687326,0.0005507065881250634,12.875126613341438
76,05,-2.800802443084893e-05,-16.149492612120927,55.7763452255995,0.0007271333313690247,0.7978462683975057
77,06,-3.090711121482552e-05,-17.990251360066733,61.34983533646531,0.0007727630264536654,9.56488656516605
79,08,-3.3271033724499884e-05,-4.3656862228557625,49.79625837316948,0.0009632387406820798,15.87532358626909
80,09,-2.244669017984254e-05,-3.3109654418945316,48.444472670045165,0.0010995125499796714,17.991419761784872
81,10,-1.5745955748394817e-05,1.4800897167574978,41.847355274659336,0.0007476628478483084,3.9228212014475177
82,11,-1.5779393952086846e-05,2.730464919026692,53.6031213278585,0.00036442432660848377,8.510707509316338
83,12,-6.748697063030508e-06,22.216181771555252,62.92255071562849,0.0006171308285160469,19.30713940606066
84,01,-1.0488508364736625e-05,25.802121266682942,67.17732922877546,0.00041564420438127206,14.171719384019092
85,02,-9.105866422227595e-06,-15.737989101954868,41.279925076501705,0.00019560193471323016,-5.740575921649026
86,03,-1.09558865346488e-05,2.199697240357758,53.96111336709735,0.000417650180977115,11.289218418552027
87,04,-1.9242588071877733e-05,-14.953707265557181,61.57429541588492,0.00039568850197150223,5.863026918029785
88,05,-3.1224375424332516e-05,-18.680161248648037,54.14751819698144,0.0007434592337500871,12.02608065945615
90,07,-3.000731417455182e-05,-30.125119514383297,48.19723509739805,0.0010106809674292967,12.281629657273651
92,09,-2.1116000810717296e-05,-5.870355172729491,52.886519872754164,0.0010170114291461383,13.824011871359083
93,10,-1.7202233669146365e-05,6.4104873591597356,48.62927366667281,0.0008042660296969873,15.84836222144096
95,12,-1.128779906788603e-05,28.043287035542146,58.52688881322774,0.0005160226476652414,15.426232051849366
96,01,-8.849628261046861e-06,-8.473066081057311,52.03738375666833,0.00039371051453645855,3.380256105915193
97,02,-5.771432554432804e-06,6.824847212655203,67.52644709656069,0.0005444937176130874,7.183116704645611
98,03,-1.3287096029671374e-05,-5.803373095440609,55.151999684815046,0.00038326355497387356,8.146193476933306
99,04,-2.2575659647211267e-05,-11.442104777696397,52.015024873095086,0.0005509123427555208,4.7397296148724015
100,05,-2.791426425801057e-05,-28.103053294192083,60.924986691195485,0.0006231550341834262,5.088691424010902
101,06,-2.8837502824555686e-05,-20.989433822292757,61.5306473079814,0.0008995023713432398,12.883800532786049
102,07,-3.379324687933062e-05,-20.07741719498173,55.40260847481861,0.0011762637337276985,8.933421974059073
103,08,-3.0242934917310693e-05,-13.572054321945357,50.633880177582476,0.0011241900766090502,13.210910544979956
104,09,-2.5696148892024614e-05,-3.969099077690972,51.22118268649578,0.001026891966428189,18.18680549267663
105,10,-1.9746457593286597e-05,13.28605210072507,59.41998880579267,0.0008929555590629677,8.569977047376735
106,11,-1.2423982501220758e-05,8.69252590874566,58.77474638277293,0.0005567817669088578,6.046647794045342
107,12,-5.659096497726741e-06,10.619382738339004,50.16868590621025,0.0006231452756041871,10.722129596197476
112,05,-3.182606770285695e-05,-15.882362545546664,52.83810746537357,0.0007443033780645266,2.950671381858087
113,06,-2.7714982728361462e-05,-28.63852083367242,47.29024293223089,0.0008593489899378255,-0.37918123620351224
115,08,-3.211179117533902e-05,-13.866469908683532,47.473473327189375,0.0010266525363930598,13.94590260669749
116,09,-2.5435363158006416e-05,2.907980506727431,49.177534459747214,0.0009323654926211424,11.980116043281555
118,11,-1.0307503538792339e-05,7.8851572241889105,46.36847800110711,0.000563931326113359,9.089208542802597
120,01,-5.490775168401608e-06,12.580168148245866,46.32122026583841,0.0005023698754026696,10.294662934293028
121,02,-1.1993180484209699e-05,15.243881237211681,52.799659086113884,0.00042497837058714,16.366795333748772
122,03,-1.7582771425163286e-05,5.919001820882161,61.97907953674307,0.0005982449319345967,17.954782301687423
123,04,-2.3728384267512105e-05,-15.711892689005532,62.36782957411343,0.0005368266940982721,5.260100383440654
125,06,-3.3498540398290464e-05,-35.047065074327264,55.710710440916486,0.0008175972156450774,4.440140065659417
126,07,-3.3625666249610085e-05,-27.510599928661055,42.19065745926929,0.000971569565642772,6.757328301583567
127,08,-3.0036708770112647e-05,-17.0266568734774,43.458151734339296,0.0009896705504082786,11.918716067467969
129,10,-1.9913688146604526e-05,14.103063629806684,48.60193847477949,0.0008421332443241979,14.940329161633727
131,12,-7.719866410816296e-06,20.033501539989185,45.286219627095804,0.00047829752353097696,13.531202857314899
133,02,-1.709957590030951e-05,31.83555304718018,59.52337883048256,0.0005475542892947997,22.9481457257952
134,03,-1.7018775953137494e-05,2.372058311872584,47.98838851665681,0.00048062062612102977,13.333049105408369
135,04,-2.7999317039636173e-05,-19.276666238742408,46.732171709169286,0.00037736529698403654,3.7507871259901253
136,05,-3.125298669270236e-05,-34.3688931694441,36.06377147361027,0.00042185220914118,5.1684694324001175
137,06,-3.068480971400681e-05,-23.63770078192817,52.16888050745726,0.0008391077614164817,7.454946297454835
139,08,-2.897321149455781e-05,-28.290339532667595,47.590817581110095,0.0010727420896216627,9.989635868913387
140,09,-2.7407515947157255e-05,-3.6402964202880854,48.108384553693405,0.0008673468175783354,12.827943298954434
141,10,-1.8407037761653066e-05,10.48773665069252,49.92561818830045,0.0007825079715910818,8.42830417339776
142,11,-1.0645134954231454e-05,8.876481322224937,54.38112868225972,0.0004970781178460824,5.109709851434498
143,12,-1.0178729378000547e-05,19.264495642221096,49.02194799312469,0.0004455819003796224,5.829736719623688
144,01,-9.804670876438911e-06,24.167181801416536,38.86062395377826,0.00029198987653266507,8.86982310034639
145,02,-6.996622216688376e-06,0.507544446309408,46.996895068120395,0.000305701507385693,2.419369213149661
146,03,-1.2629808311264428e-05,-0.5304674036169569,53.76618897918476,0.0005727407951866191,5.395416858201385
148,05,-2.5811937759284265e-05,-33.066711107479634,47.67298183366304,0.0005622225995608382,0.8872901309023614
149,06,-2.987989489524302e-05,-20.686577268473304,57.62339900992447,0.0007455840776351881,14.718036211374072
150,07,-3.606362330103894e-05,-12.26554677852508,46.37869990175771,0.0011091873102282322,6.619193799377769
151,08,-2.9805839779475068e-05,-22.79464663072811,38.70661156831249,0.0010097339748723264,11.01385874016054
152,09,-2.1833397036001162e-05,-8.548686426798504,39.4321560544822,0.0008007140552823532,9.955680732430352
153,10,-2.004618059737534e-05,2.17344532234438,45.307421456006274,0.0006820325499599374,4.971583007299772
154,11,-1.4646135411648073e-05,14.444811823866104,60.08639300202131,0.0006339337644810405,11.738773440445796
155,12,-7.654158530845394e-06,17.942148733159545,42.031411531264894,0.00046165224257053707,8.257994727001396
156,01,-5.988280283046514e-06,9.900324605634134,41.55076964045469,0.000437638549289248,3.217538565153716
158,03,-1.6743815379482177e-05,3.675611719931326,56.535387553599556,0.0004879701252311531,12.80877443896058
159,04,-2.3724830210206465e-05,-12.979907084147134,60.15185276207658,0.000579528459085648,11.795587993537051
160,05,-3.502280750303383e-05,-18.415903687507882,37.98684394011575,0.0005439886107167655,3.870598782180457
162,07,-3.3542465003026134e-05,-26.574038988010855,46.61348771423679,0.0011160113274397768,10.104954804943455
163,08,-3.290884278264643e-05,-13.404264240552024,52.83446418771308,0.0012228114123283905,17.78341034901527
165,10,-1.9484351597922247e-05,1.9587082073252686,58.379234332862715,0.0005589232049004094,6.554792054104549
166,11,-1.321692710625939e-05,23.694389510769323,50.96693710040848,0.0005697992317844588,20.914857090568542
167,12,-8.425528942156701e-06,11.411874493342573,45.69198678764476,0.00046205227275860006,8.596278399949433
168,01,-9.715480358609446e-06,34.39173987899288,57.42208674485646,0.0005887621752377449,24.59790798663068
169,02,-8.449411843078754e-06,-1.1622854381742926,41.2482318814184,0.00038359931115603885,2.4115948096456985
170,03,-1.4966802825774622e-05,-6.011914413616221,42.24266758934657,0.0004124762266675568,6.541541600606773
171,04,-2.191761210872048e-05,-4.539731902737087,59.59964808656376,0.000576000432182122,3.7300693186442064
172,05,-3.0932743489659034e-05,-26.541132331437964,51.168041845343446,0.0007194121543284234,3.497821047116352
174,07,-3.3366269429406925e-05,-23.52127023184171,53.23872095220833,0.0009773544866860003,13.991837543220932
175,08,-3.234485571499712e-05,-11.285276480397874,49.79429166342623,0.0010167660779612973,14.445863279670796
177,10,-1.798888249350155e-05,2.3637267239478326,43.9463890340828,0.000542134024022548,3.003415204591649
178,11,-1.1587640056374466e-05,-1.8295716874864363,52.225245416957804,0.00047988380124447253,2.3298814604229396
179,12,-9.250304196792702e-06,31.236705364924607,64.63241229699248,0.0004956924168822877,20.999137792648806
180,01,-8.814763398506955e-06,28.086010490499522,59.814965074129006,0.0004701822597394422,17.509481018681676
181,02,-9.681430163471391e-06,-2.9269207930791947,54.97462990093799,0.0004138276064931533,6.761308108556839
182,03,-1.5868986940443404e-05,12.424105568506382,56.25959003628518,0.0005810495797577411,25.385559077929432
183,04,-2.4481364455176743e-05,-15.54007357143826,53.21672202842236,0.00040480200442157807,5.804787655745612
184,05,-2.8615912740195944e-05,-19.306992470361852,50.8592781971834,0.0006858745914348111,4.769940718599545
185,06,-3.390126228795352e-05,-22.424498955281575,49.86442946763436,0.0010699702445989207,12.548458471997579
186,07,-3.466171150601792e-05,-32.442688338413035,36.16844127948567,0.0009186411803072188,4.388184303857946
187,08,-3.527003988845888e-05,-15.806742182249662,41.714041907468136,0.0008680270261172562,12.279929775791784
188,09,-2.649383951805552e-05,-2.2674784339057075,50.77799905458556,0.0008433525541978978,9.422944353548688
189,10,-1.8016295581522476e-05,4.47270425086893,52.33998963107474,0.0007590626369145407,9.331117238485684
190,11,-8.92097842036795e-06,12.752254605102538,55.27824593100681,0.0008178240753429337,10.65475141023
193,02,-1.271823695051786e-05,20.178666164579848,60.9734689490412,0.00048809193327531924,20.19777915863764
194,03,-2.219248033328259e-05,-0.5256330294045062,56.57506640008187,0.00037265990637394303,14.015041863861907
195,04,-2.3056703787511248e-05,-15.611610607231992,48.9374839578549,0.0005232466899471546,8.932633039940727
196,05,-3.3250014936618425e-05,-29.631465932538433,52.844916530618114,0.0006214292339710306,9.018692946013585
198,07,-3.591561413959817e-05,-25.92438248894804,39.340810654867084,0.001035028367159925,7.295851527121759
199,08,-3.331847033315239e-05,-31.29434137422295,33.68999910253863,0.0008271361476220967,0.6543888631225918
201,10,-1.4566836962311297e-05,5.514771194293934,41.310020164710224,0.0008753650264261328,12.37252014750819
203,12,-8.991161045966975e-06,-5.598886509064706,48.51484771922968,0.00039905608716880105,2.4333651795746185
204,01,-7.460320452180465e-06,-0.4728464959257379,45.67560021059616,0.00044037663110958085,1.658294647544943
205,02,-7.544903639281147e-06,5.38362545916678,55.18347650017959,0.00031412921131322426,4.37647370480943
206,03,-1.2827322511164368e-05,-10.990242480862525,51.72073062135199,0.0004322530456430366,1.0527366366232593
207,04,-2.0502408365953464e-05,-21.604367342122394,58.54018084150156,0.0005573882549563778,4.561729153993395
208,05,-2.4253428110207234e-05,-26.022296560964275,51.92535755428705,0.0006685273422467372,9.13497221109944
209,06,-2.8253365109311642e-05,-38.732165323215064,41.61192797080808,0.0007725716853643563,9.433004859309726
211,08,-2.9903093116464793e-05,-15.358725825155936,42.33743624172287,0.0008052989171323801,2.895004055515413
213,10,-1.7171301486478214e-05,8.106230379494288,51.02844809201841,0.0008193838488076182,10.03043698339565
215,12,-8.836182103413613e-06,1.1414017176474303,51.832999992789766,0.000456995769084828,4.368369198132585
216,01,-3.583592048936e-06,-1.2817189340899076,35.36421269791357,0.0002965270524839061,-1.286656943434028
217,02,-9.97768289436776e-06,28.48145621345157,61.04910012837534,0.0005305327026612487,22.079497913224362
218,03,-1.2413017713795421e-05,-3.0697627356744577,49.8996438915832,0.0005206532129615308,12.954594367386195
219,04,-2.201332183204714e-05,-17.60772253417969,50.15108422283994,0.0005176294510015927,7.54457913983663
221,06,-3.476727682935032e-05,-20.254541469319665,56.16686724849277,0.0008864397704303581,3.493047113927205
222,07,-3.376502295814329e-05,-20.43258258581674,48.29218798171063,0.0008547632643424363,6.435511002550844
223,08,-3.064838395117496e-05,-15.397676236060358,39.11490551742816,0.0010386910332973625,4.405646029728714
224,09,-2.7053925191669103e-05,-10.968042353990342,40.873450344501606,0.0009289264848881631,12.051192799843681
226,11,-1.1372840429430654e-05,5.54297788119846,52.451002673839106,0.000528491018474924,4.724241298357645
227,12,-9.893875752236308e-06,16.98351939342868,60.12797338394067,0.0005512983522442909,7.438668075274396
228,01,-1.1099072907757458e-05,24.386054642872143,54.87726956107148,0.00045592296519506595,9.809003644122871
229,02,-7.893391973560764e-06,12.879144769577753,54.623768248409036,0.000624683462594898,14.813645704178581
233,06,-3.4082233544055876e-05,-13.138249787733287,60.09514157660935,0.001018815234679136,13.012940218522813
235,08,-3.4686337675251e-05,-19.754633603331865,40.27667498864153,0.0009149996268527415,14.429789518274287
236,09,-2.4247977624205914e-05,0.3736279635959201,55.41774919654528,0.0010404470592029612,3.919208845329285
237,10,-2.3367591303340108e-05,14.50471792602539,57.49670259841796,0.0007692835288216944,15.000559230353243
238,11,-1.186565926222506e-05,4.6568576497395835,50.09492808050447,0.0004236663616776847,7.878285733710395
239,12,-8.802920268002493e-06,22.454611907630838,51.308709990082264,0.0005018636649010024,12.782658350072886
240,01,-9.430198710966792e-06,24.63400003675235,61.44896206574927,0.0005411838983149154,16.481189683155343
241,02,-1.079772392194216e-05,13.779260249546594,59.85849182345754,0.0004247924906180526,13.373481011186328
242,03,-1.3397230129969535e-05,-0.9194605676794566,60.6708199271861,0.000520822167453769,9.409900608575471
243,04,-2.54553507465769e-05,-17.42901027967665,53.24983413987689,0.00045097119342235603,5.066782274542914
246,07,-3.775679561435789e-05,-20.12216363230059,34.70881050790896,0.0008227019134094047,6.7905215421697145
247,08,-3.318467006672979e-05,-13.657699137697938,45.50563225292391,0.0009116657846986517,8.883778229928788
248,09,-2.59650643648355e-05,-3.5717024329291456,50.26974016195536,0.0010456855732800857,5.929397126367357
249,10,-2.1588807777500546e-05,5.981483147405809,48.24640764357326,0.0006945507025795002,9.68599304804238
250,11,-1.3179962080519347e-05,12.654008286878799,52.50058610761298,0.0005313356323464177,4.796225587866042
251,12,-1.3700721242369786e-05,27.986750325848984,63.54783165261822,0.0004460608781439875,19.86696872741945
252,01,-6.553396535759588e-06,18.42038040095504,45.80448549491872,0.0004392718665100694,10.353726586782804
254,03,-1.4517082142339604e-05,-0.5979741453765541,58.83941007500695,0.0004991599991315802,9.49542429823516
255,04,-2.355722367422762e-05,-12.813957029554578,60.681698268123455,0.0005945271223715785,4.805695806566875
256,05,-3.550879427684679e-05,-19.147158501081563,47.704144963514416,0.0006344104929724587,6.9489958812139365
257,06,-3.750390542944741e-05,-27.016546727159287,42.780413097916714,0.0008396627575370277,14.330717013740538
260,09,-2.4486756719630248e-05,-2.020394458007812,56.817002186003,0.0011746618843225302,7.933719080649483
262,11,-1.5146696185204038e-05,20.892512133110895,68.07071139411661,0.0005471246481323154,12.342221737946403
263,12,-1.1904006665214989e-05,20.81303864280127,63.79751548051194,0.0005704053421768659,12.820332980145691
264,01,-6.723928980547147e-06,14.384707934964087,53.25762820807451,0.00033838884669713326,6.1000643886237995
265,02,-9.421481274265325e-06,7.153048214503697,61.79020408172125,0.00045849606639379885,11.07230871765954
266,03,-1.3063552253355424e-05,-6.242824222359606,58.59238742218351,0.00043964260734938635,13.09184503670149
267,04,-2.4765318735565716e-05,-15.737299090576174,60.65160554169682,0.0004324344195720945,10.400624713431462
268,05,-3.372209000100225e-05,-25.790908090242777,45.58359570831253,0.0006874419770607463,7.128588644150765
270,07,-3.6646507612448495e-05,-24.41304970722813,43.035889669943884,0.0009577895311687377,8.167003860658214
271,08,-3.349079792080317e-05,-13.273838911159066,49.470468634774605,0.0011785009511229004,10.676284386645083
272,09,-2.8629883362433853e-05,-3.361749937269423,60.89090815499625,0.0008204311439514236,7.402657788870068
276,01,-6.60295483731882e-06,23.604068570044735,51.65779350411636,0.0005113839650168305,13.556759391107867
277,02,-1.6342577849974034e-05,27.257544948032923,61.67323920420096,0.0005129149039266849,20.7849390369824
278,03,-1.718439095667989e-05,-2.8514695644583754,52.573686629964456,0.0004819596547454955,12.162814038861184
279,04,-2.4829810814864887e-05,-14.182246478949653,49.20558492463959,0.0004709443206453266,2.687068967501322
280,05,-3.0134792006426703e-05,-17.31557953963741,52.31226475243542,0.0007120376103461025,4.80779668205015
281,06,-3.5836119472898846e-05,-20.466573669433593,50.7506326838851,0.0009486301975226323,14.10018485385047
283,08,-3.0240783373966385e-05,-12.41071590333344,52.640142950275894,0.001163815572202473,0.3693177606316022
284,09,-2.726855740998468e-05,-6.606480073716904,41.46046437310777,0.0007335374628951386,-0.6506538895077175
285,10,-2.2813934475604865e-05,5.003235001430717,55.25826176021304,0.000718885400139463,15.801558265091272
286,11,-9.433203981300014e-06,10.082439758300783,57.335292302331666,0.0005791067180039236,8.362891557502746
288,01,-7.996820467572737e-06,16.024269751435966,52.92226850532075,0.00041192595895207524,7.2308413329791
289,02,-9.213011075579354e-06,1.6289639434814458,40.65915042115535,0.0002735949758984874,-2.7782855909211293
290,03,-1.4304734281419465e-05,-4.024482163624097,45.80751552796749,0.0004401956440712298,5.931675549784015
291,04,-2.383696288773839e-05,-17.2942943037245,47.44735419490735,0.0004770017007668381,1.776840329636468
292,05,-3.0977665722578726e-05,-19.48317038226384,57.695412786129985,0.0007096738202905913,13.447643165608888
293,06,-3.491794925367785e-05,-29.63445593295627,48.58540389312637,0.0011471253787109367,15.360014124997457
294,07,-3.637924248004731e-05,-25.786057973554062,44.12265574810709,0.000985359612786695,7.717995313931539
295,08,-3.1032737283929096e-05,-31.771135562691633,39.36124998163152,0.001063466894169325,10.79600291262391
296,09,-2.437035215904568e-05,-12.497950702243381,40.21523504180775,0.0008103102327222991,8.71134063267178
297,10,-2.1305207502659715e-05,-2.352458050143333,49.86598729915773,0.0005624345080602805,5.868036298526231
298,11,-8.746191556262298e-06,13.336127873399521,55.471923015075255,0.0006547417485429125,9.657236481560602
299,12,-8.986315398414586e-06,16.75842543636855,56.42778465677845,0.0005586620659873345,8.24986906863797
300,01,-8.992702947169514e-06,20.66453995308825,64.87525535803712,0.0004630176850634722,12.400445861242154
301,02,-1.1818901434843997e-05,12.780648606925178,58.06078212638148,0.000495099684988787,8.718364602428743
302,03,-1.5225630396960167e-05,1.0669384965794064,50.376974003080406,0.00036018773000070863,5.864473087290283
303,04,-2.4217375733618005e-05,-11.611916856553819,59.49211039767795,0.0005477365501182944,3.0342327328787904
304,05,-2.847669872224737e-05,-31.81054322043798,50.857990436966695,0.0006152930506795131,3.692849372720206
305,06,-3.421590459786078e-05,-30.121984181382924,54.56608841220009,0.0008944627820598017,13.141829840681288
306,07,-3.5823426863228845e-05,-21.040274605699764,48.61712288511441,0.0009030186964724067,11.099155380125966
307,08,-3.442271008691844e-05,-10.630728795861687,53.4802156332962,0.0011410420949086592,7.505057596555321
308,09,-3.09724094837697e-05,1.3779368174235027,41.60773183429904,0.0008935518929530012,12.613644289016724
309,10,-1.9737982986943505e-05,10.8786054316695,45.96995730125903,0.0006333934098819987,11.938783076604208
310,11,-1.219442167142309e-05,8.63346869269477,52.650442458646836,0.0006341721947358944,7.877422987598844
311,12,-6.509792311736683e-06,12.651209838210898,41.13814304297201,0.0003987152580916455,9.412742538349605
312,01,-1.0532949036563073e-05,27.835473567839585,50.62756816835045,0.0004537746557087837,13.787942452297413
314,03,-1.2645556585016247e-05,2.2825399281491516,62.992716266741034,0.0005048640071809572,6.881408927343225
318,07,-3.409394384040644e-05,-23.561669685609886,47.80977541725482,0.0009847484367624458,6.903388320861324
319,08,-3.320200081173924e-05,-14.21000237282374,41.28222914207624,0.0008214074471167111,7.691539144146827
320,09,-2.545146969718593e-05,-6.704652192857532,39.75358392157654,0.0009221086927508522,6.048352263323466
321,10,-1.7187334372416657e-05,10.538457600583316,41.694871458662455,0.0007750956863858269,6.321603889998569
322,11,-1.4535249143672345e-05,9.326381112670902,61.63253474075529,0.0005952350228117148,8.41573143863678
323,12,-9.12172876785682e-06,14.485518746324761,56.37181309181387,0.0004220962651623558,6.250331046853014
324,01,-6.5253165958961526e-06,7.280853728591756,43.42763289413273,0.00037462094703483867,-1.198527814270348
325,02,-8.8568046297561e-06,4.634872235616048,55.29220876641359,0.0003650888354684262,2.863534123965672
326,03,-1.3873502668170125e-05,-4.782673361173239,59.930227692120816,0.00041051977616280897,8.711972299124605
327,04,-2.37631702343909e-05,-18.782449027506512,53.65862876264652,0.00045216028320109117,13.231339445326062
328,05,-3.370682173148433e-05,-13.439136345319852,55.415879218805216,0.0006535041197075036,11.327168507647768
329,06,-3.4785863751151034e-05,-27.11431088460287,44.96967633606062,0.0008772879220370063,6.44561336379581
330,07,-3.3670624993676266e-05,-35.11209074615151,34.7803111832411,0.0009552916027034605,5.194669483061761
331,08,-3.203818718891423e-05,-14.970106861073484,56.166526000266416,0.0009000416037593156,5.139944788245744
333,10,-2.0357669840078775e-05,8.929626497002058,49.91160704086961,0.0008570413862924212,11.764139995021203
334,11,-1.6638314112929544e-05,21.698549422539603,51.20864173750348,0.0006521134779476141,16.657310976600645
335,12,-1.1844671387852061e-05,21.158474252352146,51.61357204472506,0.0005773151541380593,13.276590780688874
336,01,-1.3167410284109127e-05,32.71415653975292,54.798027210791915,0.0005230013527154189,20.381366841223937
337,02,-9.635896793779033e-06,12.227102448962983,62.05461917357218,0.0005590188341237168,11.984527422791432
338,03,-1.969343553138324e-05,2.858439688077537,50.951221448258686,0.0004028064890359467,3.589432570611277
339,04,-2.5420359923575438e-05,-23.728481532796227,35.425640993569964,0.0005033413915325177,3.3506547569486838
341,06,-3.458860908376663e-05,-19.802041976589628,51.81401281598541,0.0009322974188374144,5.424472069888645
342,07,-4.0491175616739144e-05,-14.380545316962786,51.51913973191349,0.0009613429224455643,13.94707431110259
343,08,-3.430768915528969e-05,-11.902402343421853,46.669440629773256,0.0010274620080804539,6.611389506945046
344,09,-2.677926907070085e-05,-2.246240928141275,48.58724766878287,0.0008591688969658409,8.22912563188341
345,10,-1.4836711174446523e-05,-1.5530790907336818,46.4751422240952,0.0008285501714110792,4.005545213678831
346,11,-1.4172945336880124e-05,15.984315191311307,55.0159122577058,0.0006465871534172897,10.173234992345176
347,12,-9.103623443880553e-06,18.67049515623687,44.72693699303237,0.0003995294160866323,6.526885977427164
348,01,-9.98381483742544e-06,30.50790186531313,59.32570013750177,0.0005276380488101,20.154622732100943
352,05,-3.326288808405293e-05,-18.37616691179173,46.32872357566895,0.0006870887521260839,0.6533463385182041
354,07,-3.577182100015043e-05,-18.878891244211506,53.425692884929724,0.0011261872946572934,7.46280018252711
355,08,-3.3834556450724496e-05,-9.036356891591062,49.02626591384924,0.001041277370647549,13.036809177316645
357,10,-1.8222273044254205e-05,6.518695762716314,54.30898137165141,0.0008543528111196123,13.949120030803067
358,11,-1.2143508331428165e-05,12.723418456013999,55.05112889809742,0.0005676329277205644,9.143233898650275
359,12,-6.623100362498576e-06,8.910789440196046,51.189781416840454,0.00043185676473623153,3.3564824344881106
360,01,-6.219402897665034e-06,13.638463789416898,56.756673166043,0.0004136181822207933,4.487606855351436
361,02,-6.55127283612057e-06,7.2258432279314295,62.426701213981424,0.00047579284143406164,6.029134575253441
362,03,-1.4006747319585248e-05,0.15545269151913163,60.10794240493287,0.0004989911271048672,9.182660163920414
363,04,-2.2896213735516033e-05,-13.763160278998479,44.90089633327524,0.0004889661802240576,-0.685411971897549
364,05,-3.152253704363203e-05,-24.89160391596312,50.72287625494953,0.0007151075125502661,12.152716374838224
365,06,-3.4585202314802804e-05,-32.20444840494791,47.13420631794532,0.0007885755440597576,8.964238966602748
366,07,-3.995988693131167e-05,-23.939954596078525,46.67216465320125,0.0009029157017727434,12.934066957371208
367,08,-3.326769469126164e-05,-18.63527480389995,42.41847231385144,0.0010581389043553269,12.439483702608335
368,09,-2.396435872586961e-05,-8.675344586181641,43.626415080409586,0.0009490466401233954,5.422410661633809
369,10,-1.8213049179844e-05,4.716025361748153,49.256211021474606,0.0008116932342555208,10.755346892162034
370,11,-1.3997967538165946e-05,28.005924584282763,63.3120259418408,0.0006304514712387844,16.328244664086235
372,01,-6.091251291421628e-06,2.9262350808420488,60.36061479552843,0.0003629201125318107,4.086005965673795
373,02,-7.65345504045659e-06,5.717629487900508,61.53230691539674,0.0003673177904023817,8.026179726691472
374,03,-1.4227020407356234e-05,-0.1344084672825314,56.345688745778084,0.0004143901391054961,6.929926506247573
375,04,-2.4690822054900404e-05,-20.66956467929416,50.227940069592,0.0004912910699575554,6.223680580245124
377,06,-3.182083758476639e-05,-35.711798379855686,43.71565713060168,0.0008911056623261983,5.184164862230089
378,07,-3.4407490462771055e-05,-31.11366353779454,49.13440625845617,0.0012401764772639779,10.114219836901592
379,08,-3.27152816781925e-05,-15.088779016966459,50.057286181364006,0.0010051635737900273,11.199890485086746
380,09,-2.3803562745282155e-05,-1.7829848341200085,47.799041656389505,0.0008983746668693987,7.507118406274583
381,10,-1.8914465963579488e-05,8.677334267236855,54.52403665949838,0.000821376938233815,6.946783918237173
382,11,-1.1904203317903414e-05,4.708053307088217,64.34552551558414,0.000539917925373298,11.954520990626015
383,12,-7.738160395268594e-06,4.967533013128466,56.59717789244652,0.00034308914540316133,9.098118736759309
385,02,-7.274441715534998e-06,7.353929252261208,64.81677477946593,0.0005457368057977929,12.228949002470287
387,04,-2.5035789431644346e-05,-14.869033695136176,49.48712501599656,0.0005911379486306348,3.5041900164074367
388,05,-3.0008848766624646e-05,-32.62149781881353,48.67582858574712,0.0006954327806093939,12.94653068993681
389,06,-3.4230032604055946e-05,-25.01744469502767,49.43961729888122,0.000881464317699061,9.191161323695713
390,07,-3.7348723895911946e-05,-18.427609645064162,51.34294977803511,0.0009686399827052652,5.025835220500987
391,08,-3.274760770019843e-05,-10.64563058373236,50.85391145080519,0.0011464830641275342,14.01876132214454
392,09,-2.5484862159343414e-05,2.648160398695204,48.54894579696125,0.0010463940876720393,15.945109005716112
393,10,-1.916051529891168e-05,8.726722329416583,41.10612051369683,0.0007127288467344178,11.441918302064302
394,11,-8.12447487300637e-06,7.208228931681314,45.10324230610001,0.0006513960211994212,5.92565191201104
396,01,-9.557997748420493e-06,23.492998173539362,55.985124487241116,0.00043240021513436713,15.473656117552068
397,02,-6.941694202459045e-06,2.77444112036694,54.92825397600388,0.0004849237747458461,2.178728864450564
398,03,-1.1845709033173812e-05,-9.130659757880753,42.53471919810516,0.00044616643216331627,4.415157397813695
399,04,-2.412122515035865e-05,-15.116672309705946,65.52592149374486,0.0005342435015494618,9.397371100213794
400,05,-3.2719707248821014e-05,-19.41600187732328,54.71462800888861,0.0008146372657843473,6.590203753809776
401,06,-3.633841799156573e-05,-15.284035491265191,54.862410076340026,0.0009098009567069676,15.388559870190088
402,07,-3.9630504535585143e-05,-18.105863085346844,55.33667580591222,0.0010251161839649637,9.643338416766094
403,08,-3.664081436780238e-05,-14.530181596981583,48.63167088847007,0.0010329766651933964,11.868504572201799
404,09,-2.780254297756781e-05,-4.337274759928387,47.643611919113,0.0009458465725743282,13.954834382735358
405,10,-1.749340033099435e-05,6.576196681525118,62.883388684188155,0.0009416702161500776,14.909538201732023
406,11,-9.782895505729057e-06,13.286790387301977,48.36725960095062,0.0004847364594485018,12.563796591271297
407,12,-8.270612005098982e-06,23.135962751162953,68.44660146777348,0.0005064767144187343,14.61453167242645
408,01,-7.079607454118081e-06,9.77005108642578,59.36599973937003,0.000497766507189808,11.252236509794832
409,02,-9.82560560788399e-06,1.2790957768758144,54.799641565576906,0.0003367882807537607,-1.159094538597833
410,03,-1.6003138249269338e-05,-14.11737674147083,62.83003596656937,0.0004201141621528276,4.0497559374942576
412,05,-2.7662325821888435e-05,-23.158452428017892,56.92952051083376,0.0006636143321345607,2.4006520103946807
413,06,-3.319209287441886e-05,-26.815010833062065,45.349666944320994,0.0008767861766169669,8.969547468270196
414,07,-3.405638901301333e-05,-27.630988150319745,40.32137145659744,0.0009992564759155084,6.063395621740689
415,08,-3.2683108437937644e-05,-17.84199171037572,39.46305893081491,0.0008798842714115641,9.443083260218303
416,09,-2.475842662511746e-05,-8.054260448540582,49.65095689521101,0.0009952416975374742,9.695096008894179
417,10,-1.765674730958508e-05,13.677036990258001,51.31546706972713,0.0007650325017121314,9.855143433540098
418,11,-1.2026654228591521e-05,13.685960133870443,60.59634180396663,0.0006722915904273629,7.8996081568612
419,12,-9.44601224512954e-06,28.97793200421077,55.46996279250422,0.0005743988471772425,17.02456877497191
421,02,-1.1990748406116751e-05,26.598223410470148,61.15281964255657,0.000413683501669097,13.365070623874661
423,04,-2.3883861623916246e-05,-16.521862002224392,58.86005653639768,0.0007145584834816368,4.371208240678578
424,05,-3.2321809314922687e-05,-17.350711201329386,63.11191008513332,0.0007860145196551182,4.460978497023224
425,06,-3.645346474101341e-05,-28.120134918891054,43.231891095406475,0.0007369192126624208,8.551404417122734
426,07,-3.570791800838603e-05,-18.498887496784167,52.862582088247414,0.0012707728695600497,2.4712541101312127
428,09,-2.0748739615697153e-05,-9.244409510294595,35.08465283191469,0.0007514128688763474,4.304754424497816
431,12,-1.0581146033268115e-05,22.95546643394552,54.273882943514856,0.00047802787376777174,14.305220015987274
432,01,-9.2527426375611e-06,26.340960131573418,62.63006211892765,0.000489844752344597,18.644701262320243
435,04,-2.4346638547669703e-05,-22.934988667466907,50.17846367060873,0.0005260060907692656,10.873251885689628
436,05,-3.070366395367009e-05,-25.76910455847299,53.73915812349191,0.0007177736570713329,16.856304020481723
437,06,-3.477750818122634e-05,-31.860220404391814,46.7203716229452,0.0009790266007457542,14.235752619510228
438,07,-3.7615658574522775e-05,-25.170489753641114,45.05531850020347,0.0010782962788556474,17.498685590497907
439,08,-3.326061218056918e-05,-12.586229408838417,52.3345120203854,0.0013657396460582901,9.09200456961765
440,09,-2.5603061031688413e-05,-1.6679924726698132,46.654843129608366,0.0007566028229298049,4.154875349871318
441,10,-1.3186316454061119e-05,-1.463842040031187,51.45971762442205,0.000853078227212879,-0.8720540958937775
442,11,-1.4898132296588707e-05,27.46974549831814,55.57987919455502,0.0007983321246238999,19.895228572103715
443,12,-8.385574634596725e-06,33.275967709449034,59.292129598577816,0.0007795188684168917,20.310897958140217
444,01,-9.004527324929857e-06,20.359526514525058,60.00615774854665,0.000488436789451965,14.172474664052327
445,02,-1.2519085415486441e-05,14.879537966322628,54.698993667597065,0.000396557157183862,15.577092767211214
446,03,-1.4810545610421827e-05,-5.396197126162949,59.004922374092125,0.00045848496732475713,3.1354650305676195
447,04,-2.7581765115751797e-05,-20.820068422105575,57.557788026644126,0.0004367676396880408,10.033905906762017
448,05,-3.16294027814815e-05,-19.310568396455505,50.32535560724812,0.0007176550833915553,2.073139207963021
450,07,-3.758493633006676e-05,-22.269790681900524,47.74635748879372,0.0010440241232438279,14.40303122233319
452,09,-2.4645985519115736e-05,-7.889081433783638,37.34792189491059,0.0009151321535124882,7.136507175445558
454,11,-1.1750765303218536e-05,10.89123139716254,54.5964946256227,0.0005619674263660951,10.592714350276527
455,12,-4.447676278540448e-06,15.633635981405934,42.93341399640295,0.000560933945176403,10.629026270692066
457,02,-8.18821650381367e-06,12.903916228158135,62.959067062718525,0.0005283647472425172,8.4660046029545
458,03,-1.5800369091061108e-05,2.527072602630943,59.88884960889175,0.0006005471790666234,12.592574200394331
460,05,-2.9667726341906155e-05,-25.198657173730993,56.839670298081565,0.0009037413714048589,3.779986991472142
461,06,-3.566179110415154e-05,-31.36642959594727,52.944568701901716,0.0011968786994141958,13.948579157532585
462,07,-3.888270218750779e-05,-23.176640851420746,56.14024401203919,0.0012087215603821659,13.697072580809232
464,09,-2.5415033401845397e-05,-5.530321179199219,52.86381167994076,0.0008053615700507684,8.872825825288562
465,10,-2.0550294828412475e-05,15.281469091599986,50.30405073937036,0.000977998422354175,16.963595434599025
467,12,-7.748080553331723e-06,20.40142875687794,63.311030514205655,0.0004944631197981608,11.00165480297868
468,01,-8.493993727101315e-06,23.796599253992884,55.116003269850566,0.0004060688798143667,17.663954543821273
469,02,-1.1806723732206594e-05,-2.6082788761683875,46.30087924139698,0.0002829947456795624,2.6303881119546424
470,03,-1.3339704251535219e-05,-6.768148279333628,63.03257818707726,0.00046114679775602243,5.418887780302315
471,04,-2.4140652476206825e-05,-8.481860700141059,60.03202422682047,0.0007254045517381757,9.565616241603427
472,05,-3.631899526441482e-05,-17.44638056798135,47.40056218499266,0.0007784020966188845,-1.2031118744265645
473,06,-3.447691067930363e-05,-33.33076165534125,39.74884000571834,0.0009423105013197868,5.857450155003866
474,07,-3.4126774513620195e-05,-44.31138712696363,36.16823902212164,0.0009376750856292581,3.485621720426826
475,08,-3.324744642680256e-05,-25.59706884437479,43.61733073811633,0.0010718811275108415,11.77572594638537
476,09,-2.7110998255941223e-05,-4.088550005425346,48.59134079140956,0.0010813803784312972,14.669336867396035
477,10,-1.717439320385384e-05,2.0582064438686585,44.893768001867876,0.0008625090847966448,9.415437937746768
478,11,-1.049799736220949e-05,11.533768935139973,58.11769115721252,0.0007007089032915043,2.182743043751187
479,12,-7.425197422547768e-06,21.47761040308142,53.53903508252609,0.0005544804356621699,13.274201738193474
480,01,-8.170035396257738e-06,18.813249751593478,61.34680531404607,0.0004562786708415723,7.291034113053352
481,02,-8.232899953890454e-06,13.675333238874163,51.283400613031226,0.0004878204055308429,10.586008830433798
482,03,-1.7898125718357898e-05,7.876527682396675,54.192069970153995,0.0005073455370986293,15.248105977909537
484,05,-2.8741963674400066e-05,-37.081440074305384,54.09692304540707,0.0006720132131989082,7.031841904855544
485,06,-3.9525050331051005e-05,-23.208365014648436,47.86380608810849,0.0009900846631499234,8.609806874932184
486,07,-3.625940142692049e-05,-31.74150496025496,48.734570516079984,0.001190152164367206,9.829136697256438
487,08,-3.404563471354698e-05,-17.337182702177312,41.57153246440298,0.0009153493840614355,12.387275987091884
488,09,-2.6543087166161665e-05,-4.24653964674208,45.73786681658825,0.0009920191406140525,13.203323169390362
489,10,-1.8569231195137014e-05,10.235854191605762,54.45598049366731,0.0009659558784721729,17.260129265016122
490,11,-1.0039879183467646e-05,10.335369747924807,64.20363267016013,0.0005838539287481886,4.349684637090895
491,12,-8.260583359534854e-06,25.078029959073632,56.60606037604423,0.0006186688043578876,14.065375561703918
493,02,-1.5386156723984276e-05,31.748662168305497,64.97568837541958,0.0006172183049920366,24.30691208471101
495,04,-2.7043378228700023e-05,-24.0670989525689,35.17819720014996,0.00044264087076846477,5.183640297359891
497,06,-3.546342912159163e-05,-30.903872137790252,54.092656515480414,0.0009531023765690003,3.432671832127041
498,07,-3.552329937512147e-05,-24.55973527871409,49.31133174363516,0.0011676926252908862,16.479953436000375
499,08,-3.48960954878191e-05,-17.491402352609946,46.845165995435046,0.0011642942770002831,8.51712136036863
500,09,-2.4679065476549213e-05,-6.537764871215822,41.4254565234277,0.0009814041400650556,5.957221874258255
502,11,-1.0186800306089735e-05,15.631692754109702,47.969248177954896,0.0007050563983345021,12.617822023794385
503,12,-6.893300624729055e-06,15.732371215492165,60.65007041392917,0.0004749457487080894,7.658956028005128
504,01,-7.860778656987515e-06,14.34612370152627,66.80461903254064,0.0004323260738559914,10.133833827295609
505,02,-9.005972841740524e-06,9.622026147751583,54.51137783175566,0.000539877978493261,11.546674844446638
507,04,-2.588563685021654e-05,-27.98602328389486,47.86236142485672,0.0003414452638194754,6.313839817237854
508,05,-3.230829694098981e-05,-22.4746828918457,60.26473778712485,0.0005485733494364279,9.505540847839844
509,06,-3.7502937650666964e-05,-26.38411481492784,47.88007799596918,0.0010744130859948195,4.540895039600795
510,07,-3.6336240956178925e-05,-19.074829963273896,48.14752719921964,0.001075812178065009,4.705716874132874
511,08,-3.444879628501263e-05,-12.903870650096605,45.419211714576655,0.000943864032105035,7.435324650220974
512,09,-2.3354238802332672e-05,-7.743464881388346,41.71682162190013,0.0009716396207307595,5.674252790345087
514,11,-1.0072340758698473e-05,9.36498726196289,49.88987413275507,0.000526706469721909,6.842058276134069
